#377718.18039669,-2592.9140625,174.8800506591797,-31953.96484375,15809.4560546875,-11546.62109375,-3931.492919921875,15038.8798828125,-4336.55126953125
377718.184310715,-2594.3447265625,173.7401123046875,-31950.90234375,15810.5283203125,-11549.19140625,-3935.292724609375,15034.5205078125,-4343.033203125
377718.187339681,-2601.20654296875,172.9801483154297,-31945.091796875,15807.712890625,-11555.3828125,-3940.724365234375,15029.7373046875,-4349.78369140625
377718.190484977,-2600.446533203125,176.064697265625,-31937.982421875,15813.724609375,-11550.5322265625,-3939.0703125,15028.2626953125,-4349.56005859375
377718.19443948,-2599.664306640625,171.1249542236328,-31940.46484375,15817.189453125,-11544.564453125,-3937.706787109375,15025.021484375,-4351.638671875
377718.199298371,-2600.647705078125,169.3815155029297,-31937.759765625,15818.59765625,-11542.8212890625,-3935.493896484375,15025.1328125,-4351.57177734375
377718.20337358,-2602.3017578125,177.763427734375,-31929.490234375,15823.537109375,-11542.1953125,-3935.58349609375,15022.6298828125,-4357.62890625
377718.207382055,-2599.84326171875,168.64390563964844,-31918.1796875,15826.0185546875,-11539.84765625,-3933.392822265625,15025.46875,-4360.40087890625
377718.210436548,-2594.858642578125,172.1307830810547,-31906.533203125,15832.6796875,-11535.1767578125,-3931.917724609375,15028.28515625,-4356.95849609375
377718.214408192,-2593.271728515625,176.66818237304688,-31907.47265625,15835.919921875,-11532.62890625,-3931.671875,15028.1728515625,-4349.33642578125
377718.218436723,-2594.12109375,176.0870361328125,-31912.546875,15833.88671875,-11534.1484375,-3934.15283203125,15026.1162109375,-4349.0908203125
377718.222527614,-2592.42236328125,180.89266967773438,-31912.009765625,15836.2783203125,-11534.9306640625,-3935.15869140625,15025.669921875,-4352.4658203125
377718.226537913,-2600.156005859375,183.12783813476562,-31913.5078125,15835.1826171875,-11531.3544921875,-3926.28515625,15036.197265625,-4349.13525390625
377718.231415401,-2598.882080078125,181.00442504882812,-31923.07421875,15829.05859375,-11531.421875,-3923.602783203125,15045.451171875,-4339.01025390625
377718.235449403,-2599.23974609375,173.47189331054688,-31939.01171875,15820.5205078125,-11535.154296875,-3927.000244140625,15044.8251953125,-4335.72412109375
377718.238526141,-2603.12890625,171.79550170898438,-31945.626953125,15820.408203125,-11536.5400390625,-3928.900146484375,15042.03125,-4339.8818359375
377718.242444907,-2611.488525390625,165.6040802001953,-31950.947265625,15813.1435546875,-11546.888671875,-3935.73974609375,15034.431640625,-4349.20263671875
377718.247520412,-2601.050048828125,172.57781982421875,-31941.89453125,15818.44140625,-11539.333984375,-3924.631103515625,15044.490234375,-4343.21240234375
377718.252416134,-2608.82861328125,169.11329650878906,-31943.123046875,15816.5859375,-11538.5068359375,-3924.38525390625,15047.6640625,-4340.52978515625
377718.256494626,-2604.40283203125,168.5768585205078,-31945.44921875,15816.83203125,-11538.328125,-3928.408447265625,15043.5283203125,-4339.2783203125
377718.260522429,-2602.368896484375,164.7770538330078,-31947.7734375,15810.9091796875,-11543.603515625,-3935.0693359375,15035.1025390625,-4344.19580078125
377718.263597708,-2599.306640625,170.02972412109375,-31939.501953125,15816.51953125,-11544.3857421875,-3937.304443359375,15032.0400390625,-4350.4541015625
377718.267412907,-2600.357177734375,172.0413818359375,-31930.673828125,15824.0517578125,-11537.5458984375,-3932.409423828125,15033.0908203125,-4354.8125
377718.27050569,-2605.073486328125,168.77801513671875,-31929.265625,15822.5986328125,-11533.8349609375,-3928.4755859375,15038.3427734375,-4348.17431640625
377718.274495567,-2606.83935546875,165.3582000732422,-31934.541015625,15819.1787109375,-11536.673828125,-3934.97998046875,15034.6552734375,-4348.107421875
377718.278604691,-2607.912109375,162.60894775390625,-31938.4296875,15816.51953125,-11541.2333984375,-3940.74658203125,15031.0341796875,-4350.6552734375
377718.282650363,-2613.61181640625,157.7139129638672,-31940.576171875,15810.6181640625,-11548.453125,-3947.094482421875,15027.279296875,-4355.37158203125
377718.287434495,-2608.4931640625,164.30767822265625,-31934.40625,15813.3671875,-11547.447265625,-3943.518310546875,15028.888671875,-4356.466796875
377718.291521375,-2609.1416015625,163.68182373046875,-31935.994140625,15812.0263671875,-11549.3701171875,-3945.999267578125,15024.9541015625,-4360.0205078125
377718.294462455,-2610.281494140625,163.570068359375,-31940.150390625,15812.16015625,-11551.76171875,-3951.698974609375,15019.34375,-4362.30078125
377718.298530736,-2607.688720703125,171.7508087158203,-31934.49609375,15820.36328125,-11545.033203125,-3948.502685546875,15021.154296875,-4359.640625
377718.302950561,-2601.83251953125,176.75759887695312,-31928.037109375,15826.1748046875,-11539.646484375,-3944.188720703125,15021.35546875,-4359.77490234375
377718.3070327,-2595.864501953125,185.20655822753906,-31915.966796875,15835.0712890625,-11531.01953125,-3933.37060546875,15031.0791015625,-4352.19775390625
377718.311012366,-2604.045166015625,180.9373779296875,-31922.537109375,15828.2314453125,-11537.43359375,-3938.98095703125,15027.1669921875,-4357.74072265625
377718.314943165,-2609.00732421875,189.4980926513672,-31926.13671875,15833.7744140625,-11530.7734375,-3934.37646484375,15030.720703125,-4357.33837890625
377718.319978192,-2602.055908203125,186.72647094726562,-31917.666015625,15843.3408203125,-11520.2236328125,-3923.4912109375,15043.1484375,-4347.458984375
377718.322687705,-2597.250244140625,186.5923614501953,-31907.0703125,15846.8955078125,-11513.2939453125,-3909.18603515625,15057.677734375,-4341.20068359375
377718.327738778,-2595.462158203125,191.1968231201172,-31901.505859375,15852.4384765625,-11508.041015625,-3898.211181640625,15066.2607421875,-4342.36279296875
377718.331660825,-2598.81494140625,186.458251953125,-31911.16015625,15845.017578125,-11515.1044921875,-3903.17333984375,15061.052734375,-4344.0390625
377718.335507386,-2598.703125,183.66429138183594,-31918.873046875,15840.14453125,-11516.84765625,-3904.425048828125,15060.1357421875,-4337.6689453125
377718.338638825,-2591.70703125,182.45729064941406,-31920.32421875,15834.04296875,-11519.396484375,-3906.324951171875,15060.29296875,-4332.72900390625
377718.342732633,-2597.33984375,175.59530639648438,-31924.125,15825.884765625,-11524.7158203125,-3913.008056640625,15051.4189453125,-4342.76513671875
377718.347500355,-2600.781982421875,170.8567352294922,-31927.27734375,15818.5087890625,-11535.802734375,-3925.4580078125,15039.259765625,-4352.4208984375
377718.3506245,-2604.00048828125,166.7440185546875,-31932.640625,15811.6015625,-11544.5419921875,-3932.94580078125,15033.984375,-4353.15869140625
377718.354623494,-2604.782958984375,163.570068359375,-31941.40234375,15808.025390625,-11551.5830078125,-3944.613525390625,15022.96484375,-4358.18798828125
377718.359546202,-2604.82763671875,164.46414184570312,-31942.966796875,15810.9755859375,-11550.0625,-3946.692138671875,15020.6181640625,-4360.0654296875
377718.362675817,-2603.866455078125,163.74888610839844,-31939.099609375,15810.8642578125,-11553.638671875,-3948.726318359375,15020.439453125,-4359.95361328125
377718.366646366,-2609.879150390625,158.67503356933594,-31939.994140625,15806.4609375,-11559.875,-3954.291748046875,15015.701171875,-4362.39013671875
377718.37068985,-2613.61181640625,159.01031494140625,-31942.564453125,15806.2822265625,-11561.23828125,-3955.789306640625,15013.7333984375,-4363.39599609375
377718.375605993,-2610.326171875,161.1113739013672,-31945.068359375,15810.037109375,-11558.220703125,-3955.923583984375,15013.9130859375,-4360.40087890625
377718.378641159,-2612.181396484375,164.03945922851562,-31942.318359375,15814.7978515625,-11554.7568359375,-3953.57666015625,15015.1416015625,-4362.30078125
377718.382633223,-2622.463134765625,157.75860595703125,-31941.134765625,15807.779296875,-11560.03125,-3954.828369140625,15017.109375,-4362.6357421875
377718.387673355,-2618.283447265625,156.64102172851562,-31936.328125,15807.9140625,-11561.08203125,-3953.73291015625,15023.658203125,-4361.38427734375
377718.391680372,-2613.477783203125,165.6934814453125,-31930.853515625,15821.6376953125,-11549.5263671875,-3945.105224609375,15030.5869140625,-4362.6357421875
377718.395643627,-2615.5341796875,166.29698181152344,-31933.9140625,15825.236328125,-11544.4296875,-3942.736083984375,15029.24609375,-4363.26171875
377718.39870432,-2607.062744140625,177.0481719970703,-31924.080078125,15839.5634765625,-11529.6328125,-3928.408447265625,15038.65625,-4356.4443359375
377718.40362411,-2598.479736328125,189.16281127929688,-31912.255859375,15852.5048828125,-11517.09375,-3913.455078125,15047.57421875,-4351.97412109375
377718.40766577,-2600.156005859375,190.6827392578125,-31909.39453125,15851.1416015625,-11514.9482421875,-3907.844970703125,15050.6591796875,-4350.8564453125
377718.410664104,-2599.195068359375,190.79449462890625,-31909.796875,15851.72265625,-11511.2158203125,-3903.620361328125,15052.693359375,-4350.00732421875
377718.414664556,-2598.658447265625,186.14532470703125,-31915.474609375,15849.2646484375,-11508.533203125,-3900.737060546875,15055.8671875,-4345.55908203125
377718.418759823,-2607.19677734375,170.16383361816406,-31931.388671875,15829.3935546875,-11525.498046875,-3916.517333984375,15044.892578125,-4353.0244140625
377718.422751523,-2610.951904296875,163.19007873535156,-31935.814453125,15820.4306640625,-11533.544921875,-3921.702880859375,15041.583984375,-4357.271484375
377718.426796465,-2610.862548828125,160.86550903320312,-31932.9765625,15816.33984375,-11536.00390625,-3920.98779296875,15046.2783203125,-4353.091796875
377718.431618523,-2613.43310546875,155.56814575195312,-31939.234375,15809.791015625,-11541.748046875,-3927.17919921875,15043.0595703125,-4351.92919921875
377718.43469125,-2619.669189453125,147.677978515625,-31950.3203125,15801.6552734375,-11550.30859375,-3937.8408203125,15034.140625,-4353.31494140625
377718.437862803,-2619.80322265625,145.3533935546875,-31952.064453125,15797.0732421875,-11558.0419921875,-3945.462890625,15030.720703125,-4352.48828125
377718.442648029,-2619.937255859375,147.36505126953125,-31950.74609375,15796.7822265625,-11563.98828125,-3953.330810546875,15023.7919921875,-4359.12646484375
377718.446737097,-2622.01611328125,156.52926635742188,-31949.0703125,15796.6259765625,-11568.7490234375,-3956.95166015625,15021.400390625,-4360.17724609375
377718.450799178,-2622.172607421875,150.18136596679688,-31949.0703125,15795.59765625,-11570.1796875,-3958.896240234375,15018.8525390625,-4361.80859375
377718.454855425,-2623.4912109375,143.22998046875,-31954.76953125,15793.8994140625,-11571.744140625,-3963.94775390625,15014.1357421875,-4361.451171875
377718.459688424,-2626.151123046875,140.32424926757812,-31959.373046875,15792.0888671875,-11575.5888671875,-3968.596923828125,15011.3193359375,-4361.8310546875
377718.462787771,-2623.8935546875,140.1901397705078,-31957.115234375,15793.1611328125,-11574.203125,-3965.914794921875,15011.4990234375,-4365.2958984375
377718.465863051,-2621.837158203125,148.57205200195312,-31949.94140625,15799.4423828125,-11572.9287109375,-3964.998291015625,15010.068359375,-4373.14111328125
377718.470711001,-2621.837158203125,153.4000244140625,-31945.158203125,15806.169921875,-11568.8828125,-3963.232421875,15007.765625,-4376.60546875
377718.474766518,-2618.775146484375,158.071533203125,-31945.693359375,15811.646484375,-11561.3056640625,-3957.085693359375,15010.4033203125,-4374.236328125
377718.478841364,-2611.980224609375,169.49327087402344,-31937.111328125,15823.6044921875,-11549.4150390625,-3947.2509765625,15015.521484375,-4371.12939453125
377718.482869895,-2606.5263671875,182.18907165527344,-31921.5546875,15838.2451171875,-11536.115234375,-3933.593994140625,15025.6474609375,-4367.2177734375
377718.486924319,-2604.872314453125,188.80519104003906,-31911.517578125,15846.134765625,-11527.7333984375,-3922.75341796875,15035.1025390625,-4360.53466796875
377718.490875176,-2607.554443359375,187.28526306152344,-31911.4296875,15848.75,-11522.16796875,-3916.830322265625,15039.86328125,-4361.31689453125
377718.494293247,-2609.20849609375,183.26194763183594,-31914.8046875,15851.8125,-11512.51171875,-3908.068359375,15045.2275390625,-4356.623046875
377718.499928888,-2608.5380859375,180.33387756347656,-31915.720703125,15851.857421875,-11506.2529296875,-3901.876953125,15048.8935546875,-4353.44921875
377718.503043917,-2616.62939453125,170.38734436035156,-31920.03515625,15840.591796875,-11514.2998046875,-3907.75537109375,15045.4287109375,-4358.38916015625
377718.506767948,-2621.680908203125,162.0054473876953,-31926.806640625,15831.47265625,-11524.8056640625,-3916.15966796875,15039.2822265625,-4363.216796875
377718.510717711,-2626.19580078125,150.0025634765625,-31940.888671875,15813.501953125,-11542.150390625,-3930.35302734375,15030.1845703125,-4368.31298828125
377718.51477104,-2629.772216796875,142.02297973632812,-31955.796875,15798.7490234375,-11554.845703125,-3942.244140625,15022.697265625,-4368.51416015625
377718.518792279,-2629.369873046875,136.5244598388672,-31965.095703125,15787.751953125,-11569.642578125,-3958.046875,15010.671875,-4376.76220703125
377718.521856982,-2626.9111328125,136.07742309570312,-31963.486328125,15780.64453125,-11577.0634765625,-3962.4501953125,15010.671875,-4376.8291015625
377718.526827827,-2623.916015625,143.85581970214844,-31958.255859375,15786.3662109375,-11574.3818359375,-3959.34326171875,15015.611328125,-4374.638671875
377718.530883345,-2622.61962890625,149.6672821044922,-31958.501953125,15788.04296875,-11576.68359375,-3961.489013671875,15015.0751953125,-4372.626953125
377718.534883067,-2624.98876953125,146.9180145263672,-31968.671875,15781.8291015625,-11582.830078125,-3969.33447265625,15005.642578125,-4376.44921875
377718.538808033,-2613.075439453125,156.52926635742188,-31962.63671875,15791.1279296875,-11578.3154296875,-3969.267578125,15005.3076171875,-4377.2763671875
377718.542944872,-2614.99755859375,158.9208984375,-31954.76953125,15797.5205078125,-11574.2470703125,-3967.74755859375,15004.48046875,-4382.93115234375
377718.54686692,-2615.19873046875,165.64877319335938,-31940.576171875,15809.142578125,-11564.94921875,-3958.918701171875,15013.6220703125,-4379.17626953125
377718.549941105,-2617.18798828125,170.11912536621094,-31934.31640625,15817.8603515625,-11557.6171875,-3955.34228515625,15016.4384765625,-4375.80078125
377718.554855061,-2625.81591796875,161.08901977539062,-31942.029296875,15814.0830078125,-11559.8974609375,-3961.422119140625,15007.5869140625,-4377.41015625
377718.558862077,-2628.296875,159.2114715576172,-31936.1953125,15823.4482421875,-11545.5703125,-3948.97216796875,15011.677734375,-4376.53857421875
377718.56285013,-2630.979248046875,155.3893280029297,-31929.734375,15826.6669921875,-11541.3681640625,-3944.032470703125,15011.5654296875,-4376.6279296875
377718.566938833,-2634.287109375,153.64588928222656,-31923.611328125,15828.5888671875,-11538.57421875,-3940.54541015625,15011.275390625,-4377.99169921875
377718.570943297,-2632.677978515625,157.95977783203125,-31917.6875,15835.00390625,-11530.37109375,-3932.74462890625,15021.1103515625,-4370.79443359375
377718.57396424,-2635.18115234375,155.97047424316406,-31922.896484375,15835.205078125,-11527.5546875,-3928.98974609375,15024.6865234375,-4364.423828125
377718.5780059,-2626.777099609375,162.8548126220703,-31920.2578125,15841.75390625,-11522.5703125,-3922.37353515625,15031.3466796875,-4358.8134765625
377718.583855239,-2625.659423828125,165.6934814453125,-31918.08984375,15843.9892578125,-11523.5986328125,-3921.434814453125,15033.7158203125,-4360.087890625
377718.587988067,-2620.540771484375,171.1249542236328,-31913.8203125,15845.419921875,-11523.083984375,-3917.4560546875,15040.82421875,-4354.09765625
377718.590968167,-2614.1259765625,173.963623046875,-31916.7265625,15840.390625,-11526.056640625,-3918.97607421875,15042.8583984375,-4347.458984375
377718.596021428,-2621.23388671875,162.5865936279297,-31935.76953125,15820.8779296875,-11540.7197265625,-3933.504638671875,15033.42578125,-4355.6171875
377718.599946028,-2621.457275390625,157.11041259765625,-31944.287109375,15810.1484375,-11548.587890625,-3939.316162109375,15029.9609375,-4358.478515625
377718.603019849,-2615.556396484375,158.85385131835938,-31939.7265625,15810.1259765625,-11548.900390625,-3935.58349609375,15034.185546875,-4355.99755859375
377718.605997031,-2617.81396484375,157.6468505859375,-31939.615234375,15805.6787109375,-11557.05859375,-3941.126708984375,15028.1279296875,-4365.56396484375
377718.610013894,-2616.875244140625,160.44082641601562,-31939.189453125,15806.9521484375,-11558.19921875,-3944.8818359375,15029.111328125,-4367.888671875
377718.61496614,-2619.378662109375,159.16677856445312,-31944.845703125,15804.248046875,-11561.931640625,-3949.687255859375,15026.6533203125,-4367.28515625
377718.618938877,-2620.02685546875,159.8820343017578,-31942.51953125,15806.169921875,-11557.796875,-3945.596923828125,15029.71484375,-4365.4970703125
377718.623049095,-2615.6904296875,162.67599487304688,-31935.45703125,15809.947265625,-11555.986328125,-3944.211181640625,15031.3916015625,-4363.4404296875
377718.627015998,-2617.724609375,164.7770538330078,-31929.400390625,15811.5126953125,-11557.1708984375,-3944.792236328125,15032.1962890625,-4363.865234375
377718.630063927,-2618.842041015625,167.0345916748047,-31926.6953125,15815.021484375,-11558.1318359375,-3950.715576171875,15024.3955078125,-4374.0126953125
377718.634033746,-2610.147216796875,170.0520782470703,-31926.583984375,15821.8837890625,-11549.6376953125,-3945.462890625,15025.9375,-4373.94580078125
377718.638135577,-2604.559326171875,182.68080139160156,-31915.943359375,15840.189453125,-11533.65625,-3936.231689453125,15031.0791015625,-4367.35205078125
377718.642950342,-2609.43212890625,183.7760467529297,-31912.033203125,15845.8896484375,-11531.7568359375,-3938.064453125,15028.5087890625,-4367.95556640625
377718.647001848,-2620.049072265625,171.59434509277344,-31917.552734375,15837.26171875,-11539.333984375,-3943.8759765625,15024.708984375,-4369.34130859375
377718.651032568,-2629.034423828125,157.49038696289062,-31930.048828125,15826.3759765625,-11547.0009765625,-3948.97216796875,15021.84765625,-4366.99462890625
377718.655097932,-2640.21044921875,142.55943298339844,-31944.2421875,15816.943359375,-11553.236328125,-3953.0625,15021.6689453125,-4361.8759765625
377718.658127263,-2636.745849609375,145.50985717773438,-31940.576171875,15825.884765625,-11540.4736328125,-3941.707763671875,15032.5087890625,-4354.5
377718.662126986,-2633.3037109375,152.4165496826172,-31935.5234375,15834.9140625,-11532.94140625,-3933.68359375,15037.91796875,-4354.54443359375
377718.666173751,-2633.370849609375,152.0589141845703,-31934.697265625,15831.7626953125,-11538.4619140625,-3936.74560546875,15035.1025390625,-4359.2158203125
377718.670172015,-2639.048095703125,143.47584533691406,-31945.91796875,15816.7421875,-11550.6884765625,-3945.798095703125,15026.7646484375,-4366.6142578125
377718.675055338,-2636.9248046875,143.07351684570312,-31954.8359375,15811.4228515625,-11553.326171875,-3949.083740234375,15021.3330078125,-4365.8994140625
377718.679091893,-2633.28125,143.72171020507812,-31955.037109375,15808.919921875,-11550.509765625,-3943.697021484375,15023.92578125,-4362.97119140625
377718.683149234,-2629.5263671875,143.7887725830078,-31950.298828125,15805.1201171875,-11555.1142578125,-3945.619384765625,15025.826171875,-4363.93212890625
377718.686211385,-2625.748779296875,149.55552673339844,-31941.0234375,15806.505859375,-11552.521484375,-3940.701904296875,15032.6435546875,-4361.38427734375
377718.690173912,-2619.669189453125,156.30575561523438,-31933.958984375,15809.43359375,-11550.0185546875,-3938.109130859375,15034.87890625,-4360.75830078125
377718.6942287,-2606.749755859375,171.2814178466797,-31927.03125,15821.927734375,-11540.451171875,-3932.610595703125,15039.7958984375,-4352.35400390625
377718.698272913,-2609.3203125,173.13661193847656,-31929.154296875,15821.123046875,-11542.8212890625,-3936.432861328125,15035.8173828125,-4358.5009765625
377718.704181329,-2606.280517578125,177.58460998535156,-31922.626953125,15821.8837890625,-11543.15625,-3935.337646484375,15038.72265625,-4359.283203125
377718.70735434,-2605.073486328125,187.3970184326172,-31914.849609375,15829.908203125,-11540.49609375,-3931.940185546875,15040.265625,-4359.8642578125
377718.711308115,-2596.669189453125,193.5214080810547,-31914.201171875,15834.2890625,-11541.2119140625,-3933.57177734375,15037.158203125,-4361.56298828125
377718.715378584,-2599.865478515625,189.5651397705078,-31922.314453125,15829.7509765625,-11542.91015625,-3936.231689453125,15034.1181640625,-4361.451171875
377718.718438182,-2600.60302734375,190.86154174804688,-31920.19140625,15831.4052734375,-11542.0830078125,-3938.2431640625,15032.9560546875,-4363.95458984375
377718.722425506,-2605.54296875,191.08506774902344,-31916.927734375,15837.91015625,-11542.9326171875,-3947.16162109375,15021.7802734375,-4378.39404296875
377718.726421947,-2610.23681640625,188.51461791992188,-31915.2734375,15838.736328125,-11543.6923828125,-3949.240234375,15019.27734375,-4386.3955078125
377718.731042706,-2613.61181640625,186.1006317138672,-31914.22265625,15839.630859375,-11538.373046875,-3941.730224609375,15025.2451171875,-4383.2216796875
377718.73526415,-2624.966552734375,174.54476928710938,-31923.677734375,15834.7138671875,-11538.88671875,-3938.198486328125,15028.083984375,-4377.29833984375
377718.739335348,-2629.6826171875,161.06666564941406,-31932.619140625,15828.052734375,-11543.5361328125,-3940.76904296875,15025.111328125,-4375.287109375
377718.74220167,-2628.743896484375,155.8140106201172,-31932.796875,15829.86328125,-11542.59765625,-3939.807861328125,15026.5634765625,-4373.54345703125
377718.746225097,-2629.861572265625,153.62353515625,-31932.3046875,15830.0419921875,-11542.3515625,-3939.8525390625,15028.4638671875,-4366.39111328125
377718.75021935,-2633.52734375,147.1862335205078,-31941.603515625,15821.525390625,-11549.5712890625,-3947.2509765625,15024.41796875,-4364.6474609375
377718.75447252,-2639.539794921875,140.9053955078125,-31957.67578125,15811.7802734375,-11558.400390625,-3958.784423828125,15014.248046875,-4367.4638671875
377718.759170954,-2634.175537109375,150.04725646972656,-31959.57421875,15808.8525390625,-11556.4775390625,-3957.309326171875,15012.0576171875,-4364.93798828125
377718.763198027,-2637.4833984375,142.4700164794922,-31957.474609375,15801.6552734375,-11559.9873046875,-3954.023681640625,15015.052734375,-4369.4755859375
377718.767205408,-2637.751708984375,133.3505096435547,-31950.74609375,15799.509765625,-11559.2490234375,-3949.799072265625,15020.55078125,-4372.26953125
377718.771240869,-2631.40380859375,143.63230895996094,-31944.7109375,15807.51171875,-11551.9853515625,-3941.104248046875,15028.1728515625,-4367.642578125
377718.774592205,-2625.547607421875,149.8907928466797,-31944.689453125,15810.0146484375,-11550.1298828125,-3938.824462890625,15031.369140625,-4365.4296875
377718.778263723,-2616.763427734375,162.25131225585938,-31937.4921875,15816.943359375,-11546.3525390625,-3935.4716796875,15035.99609375,-4362.4345703125
377718.782295172,-2608.42626953125,173.62835693359375,-31928.439453125,15820.609375,-11547.58203125,-3934.599853515625,15040.869140625,-4362.2333984375
377718.787261641,-2598.948974609375,190.07923889160156,-31915.5859375,15831.025390625,-11542.5302734375,-3930.040283203125,15047.8203125,-4361.4736328125
377718.791207027,-2594.791748046875,204.56317138671875,-31905.974609375,15843.900390625,-11531.421875,-3921.18896484375,15053.318359375,-4361.54052734375
377718.795342773,-2588.9130859375,217.57188415527344,-31898.64453125,15857.958984375,-11519.10546875,-3913.522216796875,15056.4033203125,-4355.75146484375
377718.799235647,-2584.263916015625,229.41830444335938,-31887.669921875,15870.498046875,-11506.923828125,-3901.2958984375,15063.98046875,-4348.4423828125
377718.803583267,-2581.156982421875,231.78758239746094,-31875.890625,15879.3046875,-11496.9775390625,-3891.19287109375,15068.0712890625,-4346.94482421875
377718.80669866,-2580.665283203125,231.98875427246094,-31866.970703125,15885.2060546875,-11492.283203125,-3890.0751953125,15065.701171875,-4349.31396484375
377718.810556161,-2590.991943359375,218.60006713867188,-31873.966796875,15874.0078125,-11501.2685546875,-3899.328857421875,15055.62109375,-4354.6337890625
377718.814655074,-2595.395263671875,207.647705078125,-31879.779296875,15870.833984375,-11497.759765625,-3895.529052734375,15059.6220703125,-4347.12353515625
377718.819283857,-2599.44091796875,199.71282958984375,-31884.40625,15868.12890625,-11493.53515625,-3891.215087890625,15064.583984375,-4342.0498046875
377718.823428719,-2605.252197265625,187.32997131347656,-31889.390625,15861.5126953125,-11500.486328125,-3896.8701171875,15061.767578125,-4340.8876953125
377718.8274299,-2611.354248046875,178.34457397460938,-31896.744140625,15857.69140625,-11512.0205078125,-3911.130615234375,15049.8994140625,-4349.35888671875
377718.830656883,-2615.60107421875,175.26002502441406,-31904.03125,15856.1484375,-11520.9609375,-3924.899169921875,15038.2314453125,-4356.220703125
377718.834431603,-2621.837158203125,167.14634704589844,-31920.615234375,15845.8896484375,-11532.091796875,-3939.316162109375,15026.0048828125,-4360.73583984375
377718.838328124,-2630.6884765625,171.9072723388672,-31932.775390625,15835.49609375,-11538.4619140625,-3945.35107421875,15022.7861328125,-4361.4287109375
377718.842584211,-2636.20947265625,150.60604858398438,-31942.408203125,15817.837890625,-11550.1298828125,-3952.95068359375,15015.857421875,-4369.76611328125
377718.847465347,-2633.974365234375,137.88790893554688,-31944.263671875,15805.6337890625,-11555.5390625,-3952.101318359375,15018.1591796875,-4366.99462890625
377718.851643029,-2629.861572265625,144.81695556640625,-31939.615234375,15808.3603515625,-11550.1298828125,-3945.328857421875,15025.1328125,-4363.14990234375
377718.854425842,-2616.048095703125,163.4359588623047,-31929.7578125,15824.1630859375,-11532.046875,-3925.56982421875,15041.8076171875,-4350.92333984375
377718.858411342,-2614.61767578125,166.6769561767578,-31929.064453125,15821.4140625,-11531.578125,-3920.428955078125,15048.669921875,-4347.81640625
377718.862440968,-2607.554443359375,180.0209503173828,-31917.822265625,15828.4326171875,-11527.95703125,-3914.729248046875,15054.66015625,-4343.52490234375
377718.866646366,-2604.40283203125,190.3921661376953,-31912.12109375,15832.6572265625,-11530.169921875,-3916.807861328125,15051.84375,-4352.80126953125
377718.872682782,-2597.42919921875,205.8148651123047,-31905.484375,15841.3740234375,-11526.8837890625,-3915.064453125,15054.369140625,-4356.35498046875
377718.875669082,-2590.768310546875,219.2259063720703,-31896.564453125,15856.8193359375,-11512.4228515625,-3903.531005859375,15067.7353515625,-4345.24609375
377718.879397124,-2593.62939453125,219.06944274902344,-31892.7421875,15861.46875,-11506.521484375,-3900.535888671875,15070.529296875,-4344.642578125
377718.883523388,-2583.5263671875,230.06651306152344,-31873.36328125,15879.55078125,-11489.1767578125,-3887.9072265625,15075.513671875,-4343.36865234375
377718.886602314,-2578.765380859375,234.0451202392578,-31857.875,15887.75390625,-11477.419921875,-3875.6806640625,15079.626953125,-4344.57568359375
377718.890523632,-2581.42529296875,228.6136474609375,-31855.638671875,15885.8095703125,-11474.5810546875,-3873.825439453125,15078.2412109375,-4346.654296875
377718.894396084,-2574.697509765625,229.95474243164062,-31853.11328125,15890.4814453125,-11468.0986328125,-3870.226806640625,15082.443359375,-4337.17724609375
377718.900663338,-2581.894775390625,218.28713989257812,-31864.916015625,15880.4228515625,-11476.9052734375,-3876.328857421875,15079.1572265625,-4334.38330078125
377718.904456656,-2584.062744140625,214.4202880859375,-31870.078125,15878.6123046875,-11483.9912109375,-3881.4697265625,15073.9267578125,-4334.0478515625
377718.907463742,-2585.314453125,214.3532257080078,-31872.603515625,15879.640625,-11491.568359375,-3888.845947265625,15068.6298828125,-4339.501953125
377718.911861687,-2588.779052734375,208.31825256347656,-31883.466796875,15871.1240234375,-11506.1865234375,-3905.207275390625,15057.38671875,-4347.8388671875
377718.914879712,-2590.656494140625,203.60203552246094,-31895.984375,15864.150390625,-11511.9755859375,-3911.443603515625,15051.5751953125,-4345.93896484375
377718.918871777,-2598.390380859375,194.97427368164062,-31911.80859375,15850.716796875,-11522.927734375,-3921.099365234375,15042.0537109375,-4353.00244140625
377718.922819717,-2607.085205078125,184.4689483642578,-31922.783203125,15837.2392578125,-11534.70703125,-3929.14599609375,15036.95703125,-4359.0146484375
377718.926552135,-2620.42919921875,170.38734436035156,-31933.84765625,15821.97265625,-11545.771484375,-3935.35986328125,15029.0224609375,-4365.0947265625
377718.931391697,-2627.559326171875,158.54092407226562,-31944.5546875,15808.8974609375,-11553.1474609375,-3938.600830078125,15023.322265625,-4368.4921875
377718.936517163,-2623.267822265625,159.99378967285156,-31945.470703125,15813.2109375,-11544.1396484375,-3928.8779296875,15029.3349609375,-4363.6416015625
377718.939504921,-2621.971435546875,163.12303161621094,-31940.173828125,15822.0849609375,-11534.2373046875,-3922.19482421875,15033.6494140625,-4360.78076171875
377718.942498878,-2619.177490234375,166.38638305664062,-31931.61328125,15825.4375,-11530.7509765625,-3920.18310546875,15037.962890625,-4359.79736328125
377718.946553666,-2619.22216796875,171.30377197265625,-31926.3828125,15825.59375,-11533.9921875,-3923.78173828125,15036.755859375,-4364.75927734375
377718.95052458,-2621.546630859375,172.95779418945312,-31924.638671875,15825.4150390625,-11535.2431640625,-3927.313232421875,15032.8447265625,-4370.458984375
377718.954791243,-2617.18798828125,174.20950317382812,-31920.212890625,15830.4892578125,-11524.693359375,-3919.736083984375,15040.01953125,-4363.6416015625
377718.958836185,-2609.3203125,181.6749725341797,-31913.529296875,15839.3623046875,-11517.787109375,-3916.919677734375,15039.7734375,-4365.54150390625
377718.963737377,-2599.686767578125,192.29205322265625,-31896.36328125,15852.259765625,-11503.6826171875,-3903.531005859375,15051.44140625,-4356.8916015625
377718.967744758,-2600.9384765625,190.16864013671875,-31892.654296875,15848.5263671875,-11507.0361328125,-3906.99560546875,15051.486328125,-4359.57373046875
377718.970847023,-2603.82177734375,193.0967254638672,-31887.7578125,15855.232421875,-11504.197265625,-3908.627197265625,15050.078125,-4361.65234375
377718.974584547,-2601.765380859375,201.52333068847656,-31881.232421875,15868.1962890625,-11493.84765625,-3904.76025390625,15052.5810546875,-4355.95263671875
377718.978530298,-2598.658447265625,206.91009521484375,-31875.845703125,15876.0419921875,-11487.03125,-3898.054931640625,15057.140625,-4350.8115234375
377718.982622283,-2596.1328125,211.8721923828125,-31868.580078125,15882.2109375,-11482.001953125,-3887.97412109375,15068.96484375,-4343.36865234375
377718.986576787,-2599.887939453125,212.5203857421875,-31869.5859375,15883.0380859375,-11479.5205078125,-3881.760498046875,15077.927734375,-4337.78076171875
377718.991463392,-2602.83837890625,206.21719360351562,-31881.634765625,15875.9970703125,-11483.5888671875,-3884.4873046875,15078.7548828125,-4337.0205078125
377718.995587468,-2602.23486328125,205.6136932373047,-31897.1015625,15866.6318359375,-11489.958984375,-3888.19775390625,15080.140625,-4330.0244140625
377718.998641596,-2605.162841796875,201.9256591796875,-31912.61328125,15853.82421875,-11504.3759765625,-3900.06640625,15071.8486328125,-4333.98095703125
377719.002560727,-2605.855712890625,187.35232543945312,-31915.609375,15844.6826171875,-11512.7578125,-3905.56494140625,15065.9921875,-4334.91943359375
377719.006551697,-2605.296875,188.9169464111328,-31913.865234375,15843.5419921875,-11514.2998046875,-3904.223876953125,15066.1484375,-4336.6630859375
377719.01075673,-2602.32421875,189.94512939453125,-31915.251953125,15842.71484375,-11519.6640625,-3910.705810546875,15060.203125,-4341.75927734375
377719.014786721,-2601.854736328125,187.03939819335938,-31921.95703125,15837.529296875,-11523.6875,-3916.316162109375,15053.251953125,-4343.54736328125
377719.019615343,-2601.877197265625,186.72647094726562,-31923.052734375,15835.205078125,-11523.7998046875,-3916.517333984375,15051.150390625,-4343.97216796875
377719.023642052,-2602.01123046875,186.3911895751953,-31920.861328125,15834.9814453125,-11527.9794921875,-3921.926513671875,15045.2275390625,-4350.6328125
377719.026620693,-2605.40869140625,187.0170440673828,-31917.1953125,15837.5078125,-11529.923828125,-3926.55322265625,15039.103515625,-4359.0146484375
377719.030645943,-2611.22021484375,183.03843688964844,-31919.744140625,15831.7177734375,-11537.166015625,-3934.711669921875,15032.017578125,-4364.20068359375
377719.034613575,-2614.550537109375,175.41648864746094,-31928.6171875,15822.93359375,-11543.916015625,-3943.56298828125,15024.619140625,-4368.4921875
377719.0386494,-2614.5283203125,169.0909423828125,-31928.103515625,15821.5927734375,-11537.03125,-3934.95751953125,15034.2978515625,-4360.73583984375
377719.042714399,-2615.087158203125,170.7002716064453,-31922.60546875,15824.87890625,-11534.595703125,-3932.8564453125,15034.6552734375,-4365.16162109375
377719.046636812,-2618.976318359375,171.6390380859375,-31919.005859375,15829.4833984375,-11530.7509765625,-3929.414306640625,15034.3193359375,-4369.005859375
377719.051560249,-2618.59619140625,175.03651428222656,-31915.498046875,15835.6748046875,-11524.224609375,-3925.0556640625,15036.6669921875,-4366.8154296875
377719.054557853,-2618.976318359375,174.43301391601562,-31918.291015625,15836.412109375,-11521.876953125,-3926.57568359375,15032.77734375,-4369.6767578125
377719.058616653,-2621.882080078125,175.3494415283203,-31915.7421875,15842.15625,-11514.814453125,-3921.032470703125,15034.6552734375,-4365.8544921875
377719.06267764,-2615.80224609375,175.70706176757812,-31909.998046875,15844.2578125,-11514.9931640625,-3922.6865234375,15032.2861328125,-4365.4970703125
377719.066581819,-2620.384521484375,172.37664794921875,-31909.10546875,15841.6650390625,-11517.451171875,-3923.4912109375,15030.654296875,-4368.291015625
377719.070740904,-2617.746826171875,176.64584350585938,-31907.583984375,15847.5654296875,-11506.6552734375,-3908.6943359375,15042.9033203125,-4365.18408203125
377719.074684832,-2613.81298828125,186.05592346191406,-31910.826171875,15858.6298828125,-11498.0498046875,-3901.407470703125,15051.44140625,-4355.86328125
377719.079610457,-2616.1376953125,184.11131286621094,-31920.212890625,15857.1318359375,-11500.7099609375,-3903.821533203125,15053.966796875,-4349.15771484375
377719.082684642,-2620.071533203125,172.91310119628906,-31931.544921875,15841.6650390625,-11515.171875,-3912.2705078125,15054.32421875,-4347.36962890625
377719.086663579,-2619.53515625,171.61669921875,-31931.724609375,15837.015625,-11519.9326171875,-3911.823486328125,15058.99609375,-4343.32373046875
377719.090680441,-2618.484619140625,174.3883056640625,-31930.115234375,15835.205078125,-11521.7431640625,-3910.750732421875,15061.521484375,-4340.52978515625
377719.095777097,-2613.947021484375,177.2716827392578,-31929.9140625,15834.1767578125,-11519.2177734375,-3907.733154296875,15065.8359375,-4331.4775390625
377719.099724307,-2612.650634765625,176.1540985107422,-31931.076171875,15830.220703125,-11523.1962890625,-3913.38818359375,15061.5439453125,-4332.6845703125
377719.102793752,-2612.650634765625,178.56808471679688,-31926.47265625,15831.2265625,-11525.3642578125,-3915.824462890625,15057.990234375,-4337.19970703125
377719.107603411,-2610.348388671875,183.1501922607422,-31918.3359375,15835.00390625,-11523.486328125,-3912.35986328125,15062.4833984375,-4337.892578125
377719.110724275,-2609.43212890625,183.12783813476562,-31917.083984375,15832.388671875,-11526.59375,-3913.99169921875,15060.515625,-4339.94873046875
377719.114699564,-2606.41455078125,184.22308349609375,-31917.576171875,15830.9140625,-11526.2578125,-3916.249267578125,15058.75,-4337.73583984375
377719.118751071,-2601.787841796875,188.17933654785156,-31912.166015625,15833.595703125,-11526.3701171875,-3919.311279296875,15055.6884765625,-4339.79248046875
377719.122790908,-2594.12109375,200.69631958007812,-31896.833984375,15848.3037109375,-11515.328125,-3913.455078125,15058.884765625,-4343.36865234375
377719.126812875,-2590.969482421875,209.72642517089844,-31886.10546875,15854.583984375,-11514.1884765625,-3915.66796875,15055.7998046875,-4349.2919921875
377719.130848701,-2595.953857421875,209.79347229003906,-31885.9921875,15855.1201171875,-11515.8642578125,-3920.540771484375,15046.1884765625,-4358.4111328125
377719.135768126,-2594.5234375,206.79833984375,-31890.44140625,15859.1884765625,-11510.7236328125,-3921.546630859375,15036.9345703125,-4359.8642578125
377719.138786882,-2599.21728515625,195.37660217285156,-31896.587890625,15853.4892578125,-11511.4609375,-3921.814697265625,15031.2353515625,-4359.6181640625
377719.142728257,-2606.280517578125,187.3076171875,-31894.44140625,15853.5107421875,-11506.3203125,-3917.143310546875,15030.51953125,-4361.18310546875
377719.146738555,-2613.164794921875,182.90432739257812,-31893.458984375,15856.283203125,-11503.5263671875,-3915.399658203125,15028.75390625,-4362.77001953125
377719.150785685,-2613.276611328125,185.76535034179688,-31892.609375,15863.904296875,-11500.8662109375,-3915.399658203125,15030.7880859375,-4355.70703125
377719.154835368,-2621.3232421875,176.89170837402344,-31903.962890625,15860.1943359375,-11499.7939453125,-3913.58935546875,15034.2978515625,-4353.6279296875
377719.158900003,-2622.351318359375,173.80715942382812,-31909.55078125,15857.1318359375,-11495.6806640625,-3903.307373046875,15046.099609375,-4345.38037109375
377719.162890244,-2616.80810546875,171.9296112060547,-31913.171875,15848.8623046875,-11504.912109375,-3908.448486328125,15046.5458984375,-4344.32958984375
377719.167769556,-2618.81982421875,171.57199096679688,-31916.458984375,15844.2578125,-11509.7177734375,-3908.247314453125,15050.8603515625,-4342.98876953125
377719.170847023,-2618.81982421875,170.11912536621094,-31922.939453125,15836.6357421875,-11515.841796875,-3909.029541015625,15053.8330078125,-4338.33935546875
377719.17585944,-2613.880126953125,171.34848022460938,-31927.478515625,15834.1767578125,-11515.1494140625,-3907.844970703125,15057.1181640625,-4331.0302734375
#377733.191511893,-2770.163330078125,18.82016944885254,-32093.796875,15596.8681640625,-11624.6279296875,-4121.7509765625,14830.181640625,-4433.423828125
377733.195517451,-2764.776611328125,27.671459197998047,-32080.072265625,15605.5185546875,-11618.66015625,-4117.3701171875,14832.662109375,-4433.53564453125
377733.198545687,-2762.74267578125,31.82888412475586,-32072.763671875,15608.55859375,-11618.75,-4115.984375,14833.7353515625,-4434.29541015625
377733.203564669,-2760.686279296875,33.39350509643555,-32071.244140625,15609.720703125,-11616.3583984375,-4111.7373046875,14838.33984375,-4432.52978515625
377733.208476801,-2760.55224609375,31.270090103149414,-32071.66796875,15608.0224609375,-11615.6201171875,-4109.43505859375,14840.41796875,-4429.802734375
377733.211422986,-2757.35595703125,40.7025260925293,-32057.85546875,15620.181640625,-11602.611328125,-4092.358642578125,14855.8408203125,-4421.3984375
377733.216497762,-2758.96533203125,48.65974807739258,-32046.90234375,15628.3623046875,-11596.7333984375,-4084.08837890625,14865.2734375,-4417.7998046875
377733.219633577,-2754.673583984375,52.660709381103516,-32041.650390625,15633.5478515625,-11593.5595703125,-4083.373046875,14863.552734375,-4423.8125
377733.222481666,-2754.8525390625,56.885189056396484,-32040.779296875,15638.15234375,-11592.3525390625,-4084.91552734375,14859.640625,-4426.2041015625
377733.226483577,-2752.4609375,63.05427169799805,-32033.3359375,15651.0712890625,-11579.791015625,-4080.556884765625,14856.3330078125,-4428.52880859375
377733.230744769,-2747.297607421875,66.0717544555664,-32022.830078125,15659.4306640625,-11565.8427734375,-4070.90087890625,14858.6796875,-4428.35009765625
377733.234828002,-2747.118896484375,68.75396728515625,-32014.873046875,15663.3427734375,-11562.490234375,-4068.21875,14857.7412109375,-4430.048828125
377733.238582665,-2748.77294921875,66.67525482177734,-32015.052734375,15660.59375,-11567.9443359375,-4075.147705078125,14849.470703125,-4439.212890625
377733.243724176,-2745.285888671875,62.89780807495117,-32026.18359375,15650.9599609375,-11576.68359375,-4084.848388671875,14845.3583984375,-4439.48095703125
377733.246612014,-2747.6328125,56.23698806762695,-32041.068359375,15638.419921875,-11588.015625,-4096.9404296875,14842.7431640625,-4436.6201171875
377733.250545002,-2740.033203125,57.17576217651367,-32047.216796875,15633.279296875,-11596.2412109375,-4104.8310546875,14839.7255859375,-4430.205078125
377733.254621306,-2742.380126953125,51.05138397216797,-32060.24609375,15620.248046875,-11611.7763671875,-4117.0126953125,14828.884765625,-4435.2119140625
377733.258884322,-2746.895263671875,44.83760070800781,-32073.27734375,15608.7822265625,-11620.91796875,-4119.7392578125,14825.3984375,-4437.96142578125
377733.262898632,-2747.789306640625,42.736534118652344,-32085.7734375,15604.2890625,-11624.2255859375,-4120.85693359375,14825.3759765625,-4435.837890625
377733.266755038,-2748.4599609375,42.13303756713867,-32093.373046875,15605.2724609375,-11624.896484375,-4124.05322265625,14822.6259765625,-4437.7822265625
377733.270809097,-2746.56005859375,46.20105743408203,-32088.455078125,15611.978515625,-11620.0458984375,-4122.62255859375,14821.9111328125,-4439.30224609375
377733.275894814,-2750.292724609375,38.69086837768555,-32087.986328125,15602.3447265625,-11627.064453125,-4124.8134765625,14822.5146484375,-4441.4033203125
377733.279791699,-2751.321044921875,40.188438415527344,-32080.85546875,15606.4345703125,-11619.9794921875,-4115.44775390625,14829.4658203125,-4440.21875
377733.283824972,-2750.248046875,48.01154708862305,-32078.330078125,15618.68359375,-11613.83203125,-4112.29638671875,14830.8076171875,-4436.75439453125
377733.289850812,-2747.320068359375,48.9279670715332,-32077.904296875,15617.6328125,-11613.67578125,-4109.6142578125,14839.14453125,-4426.2041015625
377733.292982616,-2751.879638671875,44.323509216308594,-32078.462890625,15611.6875,-11619.6884765625,-4113.83837890625,14838.1162109375,-4426.4501953125
377733.296937119,-2753.980712890625,47.877437591552734,-32069.544921875,15615.107421875,-11620.470703125,-4113.63720703125,14837.37890625,-4428.2607421875
377733.30091642,-2746.291748046875,62.54018020629883,-32052.9375,15629.9716796875,-11609.7421875,-4104.87548828125,14843.2568359375,-4425.4443359375
377733.303930435,-2741.53076171875,66.11646270751953,-32048.4453125,15638.0849609375,-11600.4208984375,-4097.9462890625,14848.7333984375,-4422.7841796875
377733.307015925,-2739.809814453125,66.60820007324219,-32045.29296875,15641.3935546875,-11595.5712890625,-4094.526611328125,14848.197265625,-4422.203125
377733.314986561,-2739.67578125,69.13394927978516,-32034.54296875,15650.2666015625,-11586.18359375,-4087.351806640625,14846.900390625,-4425.8466796875
377733.318057829,-2743.0732421875,65.84823608398438,-32025.69140625,15652.748046875,-11581.220703125,-4083.060302734375,14849.671875,-4426.76318359375
377733.321090077,-2744.615478515625,62.67428970336914,-32021.154296875,15655.2958984375,-11576.2138671875,-4082.255615234375,14849.6943359375,-4426.427734375
377733.324796968,-2748.996337890625,60.170894622802734,-32029.06640625,15652.6806640625,-11577.6005859375,-4088.335205078125,14842.228515625,-4429.6240234375
377733.327911997,-2760.619140625,47.11747741699219,-32047.015625,15638.912109375,-11588.7314453125,-4102.48388671875,14829.0859375,-4436.642578125
377733.330768838,-2748.83984375,53.73359298706055,-32038.85546875,15644.611328125,-11579.65625,-4092.984375,14839.501953125,-4427.70166015625
377733.333992903,-2746.26953125,53.26420593261719,-32036.21875,15639.1806640625,-11584.1494140625,-4092.336181640625,14844.1513671875,-4424.4384765625
377733.338630073,-2751.14208984375,45.10581970214844,-32046.5234375,15624.9423828125,-11597.224609375,-4098.7958984375,14840.619140625,-4425.6005859375
377733.34373621,-2747.677490234375,46.78219985961914,-32056.46875,15622.4833984375,-11602.7685546875,-4105.25537109375,14838.5185546875,-4421.71142578125
377733.347854087,-2745.0625,45.396392822265625,-32065.119140625,15618.7060546875,-11605.62890625,-4103.66845703125,14839.748046875,-4416.36962890625
377733.350738278,-2748.392822265625,43.474143981933594,-32069.701171875,15617.4541015625,-11609.0263671875,-4103.64599609375,14838.2724609375,-4419.029296875
377733.354727061,-2746.42578125,47.67626953125,-32070.015625,15618.21484375,-11613.51953125,-4108.63037109375,14837.2890625,-4423.90185546875
377733.359882065,-2755.277099609375,39.18260955810547,-32079.267578125,15606.501953125,-11624.7177734375,-4118.353515625,14829.6220703125,-4434.0498046875
377733.363733001,-2761.93798828125,33.10293197631836,-32087.8515625,15602.3896484375,-11622.28125,-4114.375,14830.583984375,-4435.0556640625
377733.367725795,-2758.518310546875,34.66755676269531,-32089.83984375,15604.6689453125,-11619.1748046875,-4111.31298828125,14835.6572265625,-4430.607421875
377733.371989176,-2761.53564453125,30.644241333007812,-32091.271484375,15600.51171875,-11625.0078125,-4116.25244140625,14832.21484375,-4432.35107421875
377733.376023907,-2761.423828125,33.34880447387695,-32084.587890625,15603.5517578125,-11627.265625,-4116.11865234375,14835.970703125,-4429.33349609375
377733.380717966,-2756.2607421875,41.19426345825195,-32076.36328125,15610.279296875,-11625.208984375,-4113.1904296875,14840.7314453125,-4425.376953125
377733.385010885,-2760.798095703125,41.373077392578125,-32077.748046875,15611.083984375,-11623.935546875,-4113.212890625,14839.189453125,-4421.91259765625
377733.387744467,-2758.13818359375,41.86481857299805,-32075.625,15614.392578125,-11618.75,-4108.8095703125,14842.8544921875,-4416.3916015625
377733.391068087,-2753.66796875,42.155391693115234,-32068.919921875,15617.9013671875,-11614.435546875,-4105.3447265625,14843.1455078125,-4419.31982421875
377733.394035059,-2748.191650390625,51.766639709472656,-32055.375,15632.0947265625,-11604.3994140625,-4097.767578125,14843.7041015625,-4423.49951171875
377733.398679887,-2754.6513671875,50.11260986328125,-32053.67578125,15633.6142578125,-11603.818359375,-4096.6279296875,14842.2509765625,-4426.181640625
377733.402802504,-2759.14404296875,45.79872512817383,-32056.89453125,15632.318359375,-11600.4208984375,-4093.7890625,14843.435546875,-4425.4443359375
377733.406716529,-2759.412353515625,44.23410415649414,-32055.330078125,15634.77734375,-11594.185546875,-4089.89990234375,14849.158203125,-4419.431640625
377733.412700068,-2754.56201171875,48.97267150878906,-32047.751953125,15639.91796875,-11592.486328125,-4091.822021484375,14849.2919921875,-4416.7939453125
377733.41615023,-2754.96435546875,51.02903366088867,-32042.275390625,15637.81640625,-11598.7451171875,-4099.71240234375,14843.2568359375,-4422.8740234375
377733.419160597,-2757.0205078125,52.88422775268555,-32039.21484375,15639.26953125,-11597.3369140625,-4100.986328125,14839.0322265625,-4426.96435546875
377733.421723512,-2745.822509765625,56.01347351074219,-32042.142578125,15640.208984375,-11593.5595703125,-4099.01953125,14841.3125,-4422.09130859375
377733.42709659,-2744.72705078125,51.56547546386719,-32052.69140625,15630.708984375,-11601.60546875,-4105.814453125,14839.79296875,-4420.37060546875
377733.430781601,-2742.782470703125,52.03486251831055,-32052.9375,15628.7197265625,-11604.0419921875,-4107.1328125,14841.8037109375,-4417.48681640625
377733.434992469,-2746.13525390625,51.207847595214844,-32054.79296875,15623.0419921875,-11610.345703125,-4108.4072265625,14843.123046875,-4415.89990234375
377733.440758663,-2746.179931640625,51.811344146728516,-32056.447265625,15620.583984375,-11614.4580078125,-4108.85400390625,14843.927734375,-4413.08349609375
377733.444797771,-2747.275146484375,49.91144561767578,-32065.07421875,15620.13671875,-11615.44140625,-4111.40234375,14839.859375,-4415.2744140625
377733.447844605,-2750.33740234375,45.28463363647461,-32074.216796875,15615.62109375,-11613.4296875,-4107.22265625,14842.8994140625,-4411.384765625
377733.450818871,-2750.583251953125,46.87160873413086,-32075.333984375,15616.068359375,-11616.3583984375,-4109.5693359375,14838.451171875,-4417.08447265625
377733.455763094,-2752.12548828125,46.06694412231445,-32072.607421875,15613.3642578125,-11621.0966796875,-4110.70947265625,14838.943359375,-4420.03515625
377733.458803,-2753.4443359375,43.02710723876953,-32072.47265625,15609.609375,-11625.5673828125,-4114.419921875,14836.328125,-4424.57275390625
377733.464138881,-2757.0205078125,43.67530822753906,-32075.646484375,15613.095703125,-11624.1142578125,-4118.6220703125,14831.7236328125,-4425.578125
377733.468755629,-2752.907958984375,47.05042266845703,-32071.826171875,15618.9296875,-11614.279296875,-4107.9375,14840.1728515625,-4416.12353515625
377733.472014338,-2757.55712890625,41.596595764160156,-32070.55078125,15615.2197265625,-11615.0615234375,-4105.009765625,14842.6533203125,-4417.77783203125
377733.474897071,-2749.64453125,52.504249572753906,-32056.783203125,15626.8642578125,-11608.8701171875,-4098.90771484375,14848.912109375,-4419.029296875
377733.477904156,-2748.415283203125,60.50617218017578,-32045.271484375,15637.1689453125,-11596.5322265625,-4084.222412109375,14863.91015625,-4412.2568359375
377733.482873907,-2759.94873046875,50.894920349121094,-32055.552734375,15628.2060546875,-11601.7626953125,-4090.27978515625,14857.115234375,-4417.3974609375
377733.48706253,-2755.74658203125,49.620872497558594,-32059.21875,15628.4072265625,-11600.98046875,-4091.1962890625,14854.0751953125,-4418.15771484375
377733.490903256,-2756.774658203125,46.60338592529297,-32056.916015625,15630.6640625,-11600.3544921875,-4093.9677734375,14849.7841796875,-4423.65625
377733.495228995,-2757.378173828125,46.78219985961914,-32049.607421875,15631.6923828125,-11600.3095703125,-4094.50439453125,14848.4423828125,-4424.3935546875
377733.497999409,-2752.4384765625,48.257415771484375,-32040.7109375,15634.888671875,-11590.51953125,-4082.970703125,14855.1708984375,-4416.57080078125
377733.502144271,-2752.2373046875,47.318641662597656,-32042.544921875,15635.1123046875,-11589.7373046875,-4083.820068359375,14853.0244140625,-4412.97216796875
377733.505938319,-2749.577392578125,54.068870544433594,-32038.96875,15645.1259765625,-11583.076171875,-4082.68017578125,14850.8115234375,-4409.2392578125
377733.511147659,-2747.610595703125,54.56060791015625,-32036.46484375,15642.5556640625,-11586.65234375,-4085.69775390625,14848.5546875,-4408.9931640625
377733.515195883,-2739.072265625,60.10383987426758,-32032.486328125,15644.2763671875,-11587.994140625,-4087.262451171875,14848.2412109375,-4410.15576171875
377733.518931948,-2742.425048828125,64.28361511230469,-32033.1796875,15647.5400390625,-11588.5078125,-4089.09521484375,14845.603515625,-4416.056640625
377733.523221585,-2741.307373046875,67.05523681640625,-32039.794921875,15647.5400390625,-11589.6923828125,-4091.26318359375,14848.017578125,-4413.4638671875
377733.527072522,-2741.597900390625,63.61306381225586,-32052.78125,15639.001953125,-11598.0966796875,-4099.220703125,14846.296875,-4412.52490234375
377733.532071446,-2746.604736328125,57.08635711669922,-32060.73828125,15627.3564453125,-11606.568359375,-4103.46728515625,14843.7490234375,-4414.55908203125
377733.535932229,-2748.83984375,54.717071533203125,-32061.251953125,15624.5849609375,-11610.099609375,-4102.46142578125,14847.3251953125,-4413.32958984375
377733.538970312,-2750.13623046875,54.78412628173828,-32062.68359375,15626.2158203125,-11611.4404296875,-4102.8193359375,14845.40234375,-4418.29150390625
377733.545988425,-2758.518310546875,47.69862365722656,-32072.607421875,15619.2197265625,-11617.8330078125,-4108.6083984375,14838.384765625,-4422.6728515625
377733.549254792,-2761.177978515625,42.334205627441406,-32078.93359375,15612.7158203125,-11623.5107421875,-4114.5986328125,14832.1484375,-4424.68408203125
377733.552869057,-2759.591064453125,43.98823165893555,-32073.27734375,15614.75,-11621.119140625,-4111.91650390625,14833.0419921875,-4424.259765625
377733.555990285,-2762.31787109375,45.03876495361328,-32066.169921875,15616.3369140625,-11621.7451171875,-4112.02783203125,14832.796875,-4427.1875
377733.559322658,-2767.168212890625,45.597557067871094,-32062.056640625,15620.5390625,-11616.5595703125,-4104.16015625,14837.9599609375,-4427.791015625
377733.562077026,-2769.42578125,41.30602264404297,-32066.103515625,15618.7060546875,-11612.9833984375,-4099.28759765625,14844.53125,-4418.89501953125
377733.566305398,-2768.084716796875,39.0037956237793,-32071.466796875,15618.974609375,-11610.6357421875,-4100.04736328125,14846.341796875,-4413.95556640625
377733.571248162,-2764.2177734375,44.34585952758789,-32071.37890625,15624.3837890625,-11606.0537109375,-4096.76171875,14847.3701171875,-4415.1845703125
377733.575110039,-2754.807861328125,51.74428939819336,-32061.85546875,15632.609375,-11595.59375,-4082.747314453125,14858.166015625,-4411.2734375
377733.579045945,-2763.72607421875,38.40029525756836,-32065.791015625,15620.2705078125,-11605.8974609375,-4089.005859375,14855.0810546875,-4417.73291015625
377733.582092779,-2767.66015625,30.71129608154297,-32071.4453125,15613.990234375,-11611.306640625,-4096.158203125,14847.50390625,-4422.56103515625
377733.586263898,-2764.93310546875,37.707393646240234,-32065.275390625,15628.3623046875,-11599.326171875,-4091.66552734375,14846.3193359375,-4420.2138671875
377733.590338379,-2754.427734375,51.99015808105469,-32047.193359375,15645.013671875,-11583.8359375,-4078.925048828125,14857.2939453125,-4408.97119140625
377733.594337372,-2746.56005859375,61.288482666015625,-32033.626953125,15653.619140625,-11577.8017578125,-4073.471435546875,14862.859375,-4403.15966796875
377733.598979647,-2742.603759765625,68.03871154785156,-32027.189453125,15657.93359375,-11574.9853515625,-4072.30908203125,14864.55859375,-4399.4716796875
377733.603046834,-2745.621337890625,65.37885284423828,-32037.0234375,15651.33984375,-11583.4560546875,-4083.5966796875,14854.65625,-4404.8359375
377733.607019207,-2741.106201171875,64.95417022705078,-32045.00390625,15646.66796875,-11588.798828125,-4089.966796875,14847.66015625,-4409.37353515625
377733.611171727,-2741.888427734375,64.26126861572266,-32048.265625,15641.2138671875,-11594.6767578125,-4094.660888671875,14842.9443359375,-4411.8095703125
377733.615000054,-2745.0400390625,62.00373840332031,-32047.931640625,15635.0673828125,-11600.2646484375,-4097.65576171875,14843.3916015625,-4413.642578125
377733.620189337,-2743.385986328125,69.37981414794922,-32042.41015625,15642.9130859375,-11593.0,-4088.826904296875,14851.1025390625,-4410.51318359375
377733.624027146,-2748.03515625,67.99400329589844,-32048.869140625,15639.26953125,-11596.2412109375,-4092.224365234375,14846.6767578125,-4412.54736328125
377733.628327358,-2742.8720703125,64.99887084960938,-32055.77734375,15633.1005859375,-11601.806640625,-4099.13134765625,14838.048828125,-4415.6318359375
377733.631201703,-2745.107177734375,58.807437896728516,-32060.470703125,15626.7529296875,-11610.4345703125,-4106.08251953125,14831.7236328125,-4420.0126953125
377733.636326075,-2739.630859375,65.9376449584961,-32054.681640625,15630.59765625,-11608.4228515625,-4098.3935546875,14840.10546875,-4416.68212890625
377733.640071256,-2747.74462890625,60.93085479736328,-32055.84375,15627.6689453125,-11611.3291015625,-4098.50537109375,14838.943359375,-4419.7890625
377733.643289122,-2759.54638671875,50.71610641479492,-32066.125,15624.0478515625,-11616.2236328125,-4106.9990234375,14830.6064453125,-4423.41015625
377733.646352003,-2766.31884765625,39.674346923828125,-32077.279296875,15617.431640625,-11620.828125,-4111.49169921875,14827.23046875,-4422.35986328125
377733.650400592,-2770.699951171875,31.895938873291016,-32078.798828125,15613.1630859375,-11622.2138671875,-4110.7314453125,14827.521484375,-4423.49951171875
377733.655059277,-2767.34716796875,38.19913101196289,-32067.689453125,15621.8798828125,-11613.83203125,-4104.8310546875,14834.1376953125,-4422.6728515625
377733.659079057,-2766.385986328125,39.29436492919922,-32063.17578125,15623.6904296875,-11613.162109375,-4104.763671875,14832.6396484375,-4427.12060546875
377733.663204227,-2763.614501953125,41.887168884277344,-32059.80078125,15629.9716796875,-11605.4951171875,-4098.84033203125,14836.9541015625,-4424.14794921875
377733.666391096,-2759.74755859375,47.00571823120117,-32056.828125,15639.1357421875,-11596.7783203125,-4094.727783203125,14840.2841796875,-4421.75634765625
377733.670121691,-2762.76513671875,44.41291809082031,-32056.58203125,15639.1357421875,-11596.95703125,-4093.587890625,14842.2958984375,-4422.9853515625
377733.674099168,-2761.826171875,46.715145111083984,-32054.435546875,15639.560546875,-11597.2470703125,-4089.251708984375,14847.392578125,-4423.92431640625
377733.678143746,-2764.284912109375,50.38083267211914,-32050.970703125,15643.337890625,-11591.4580078125,-4082.523681640625,14853.1591796875,-4420.638671875
377733.682158056,-2761.200439453125,55.365272521972656,-32051.640625,15646.5341796875,-11584.5517578125,-4079.349853515625,14855.8408203125,-4413.798828125
377733.686956775,-2763.100341796875,49.5985221862793,-32061.498046875,15637.212890625,-11589.4912109375,-4085.027099609375,14853.5390625,-4410.6474609375
377733.691216874,-2758.92041015625,51.207847595214844,-32059.197265625,15634.4638671875,-11593.4921875,-4090.346923828125,14849.1806640625,-4410.31201171875
377733.695281873,-2757.869873046875,54.94058609008789,-32051.88671875,15634.6201171875,-11598.5888671875,-4095.443115234375,14846.005859375,-4413.6201171875
377733.699449345,-2756.908935546875,55.946414947509766,-32048.265625,15635.134765625,-11601.404296875,-4096.87353515625,14846.810546875,-4412.92724609375
377733.703283871,-2759.45703125,49.77733612060547,-32057.36328125,15628.5634765625,-11610.658203125,-4108.04931640625,14837.3564453125,-4419.56591796875
377733.708253257,-2759.6357421875,45.396392822265625,-32059.93359375,15624.1826171875,-11611.0830078125,-4110.0166015625,14832.013671875,-4421.73388671875
377733.712353994,-2755.32177734375,47.2515869140625,-32052.982421875,15626.7978515625,-11605.71875,-4102.28271484375,14838.65234375,-4416.16845703125
377733.7162228,-2756.4619140625,48.0786018371582,-32049.25,15626.1044921875,-11609.65234375,-4104.29443359375,14839.4345703125,-4416.72705078125
377733.720275035,-2759.680419921875,46.670440673828125,-32050.568359375,15621.701171875,-11615.5087890625,-4107.625,14836.7080078125,-4418.873046875
377733.72447241,-2751.94677734375,54.00181579589844,-32051.10546875,15627.69140625,-11611.8203125,-4106.86474609375,14833.4443359375,-4420.03515625
377733.72813627,-2753.66796875,53.73359298706055,-32055.28515625,15631.22265625,-11610.0771484375,-4105.83642578125,14834.205078125,-4417.822265625
377733.731351583,-2754.316162109375,51.61017608642578,-32054.837890625,15629.3232421875,-11610.6806640625,-4103.9814453125,14837.2666015625,-4415.8330078125
377733.734193837,-2759.54638671875,47.29629135131836,-32055.888671875,15626.171875,-11616.6259765625,-4108.1611328125,14834.5849609375,-4420.77294921875
377733.738232945,-2756.774658203125,47.452754974365234,-32056.8046875,15627.69140625,-11618.1015625,-4109.63623046875,14835.0986328125,-4423.052734375
377733.742483927,-2764.75439453125,41.171913146972656,-32068.673828125,15621.58984375,-11622.03515625,-4113.10107421875,14831.5673828125,-4424.08056640625
377733.747291763,-2768.800048828125,34.89107131958008,-32076.7421875,15618.5947265625,-11620.0908203125,-4112.22900390625,14831.4775390625,-4422.29248046875
377733.751282004,-2772.689208984375,28.610233306884766,-32075.9609375,15615.62109375,-11621.8115234375,-4112.69873046875,14831.701171875,-4420.88427734375
377733.754503517,-2767.570556640625,38.69086837768555,-32060.380859375,15628.4736328125,-11611.91015625,-4105.23291015625,14836.0595703125,-4419.76708984375
377733.758483183,-2764.709716796875,47.67626953125,-32048.958984375,15638.15234375,-11601.494140625,-4097.3427734375,14843.369140625,-4418.89501953125
377733.762500045,-2767.4140625,45.910484313964844,-32054.099609375,15635.6708984375,-11602.1201171875,-4098.169921875,14843.97265625,-4418.1796875
377733.766566503,-2765.112060546875,44.882301330566406,-32059.375,15631.6923828125,-11602.1875,-4096.2255859375,14847.81640625,-4413.32958984375
377733.770369668,-2757.110107421875,51.99015808105469,-32053.51953125,15637.458984375,-11593.447265625,-4085.742431640625,14857.673828125,-4407.69677734375
377733.775505344,-2755.903076171875,56.05817413330078,-32049.7421875,15638.4873046875,-11592.486328125,-4081.361572265625,14862.814453125,-4406.2666015625
377733.779314343,-2749.845703125,65.73648071289062,-32044.220703125,15642.041015625,-11593.0,-4080.19921875,14865.0947265625,-4404.8583984375
377733.783401587,-2747.431640625,65.15533447265625,-32050.568359375,15636.341796875,-11598.9912109375,-4087.3740234375,14860.7587890625,-4405.12646484375
377733.787341139,-2745.487060546875,63.680118560791016,-32055.3515625,15630.5302734375,-11601.2255859375,-4088.9833984375,14859.9541015625,-4403.13720703125
377733.79148819,-2746.671875,60.68498611450195,-32056.42578125,15624.5625,-11609.9208984375,-4096.5830078125,14853.583984375,-4409.88720703125
377733.79641345,-2740.234375,66.63054656982422,-32045.5625,15630.015625,-11608.1328125,-4091.71044921875,14858.8583984375,-4407.51806640625
377733.800537891,-2742.693115234375,67.61402893066406,-32040.80078125,15631.6923828125,-11606.03125,-4087.821044921875,14861.697265625,-4408.0771484375
377733.804400862,-2746.090576171875,65.66942596435547,-32043.841796875,15628.7421875,-11608.3115234375,-4093.2080078125,14854.2314453125,-4409.26171875
377733.808346248,-2740.077880859375,69.37981414794922,-32042.767578125,15633.123046875,-11606.03125,-4093.587890625,14850.8115234375,-4406.28857421875
377733.81151379,-2737.17236328125,72.82198333740234,-32036.509765625,15639.158203125,-11601.494140625,-4091.88916015625,14852.578125,-4404.97021484375
377733.815532475,-2737.418212890625,70.74327087402344,-32034.654296875,15639.0234375,-11604.0419921875,-4093.923095703125,14851.8623046875,-4408.4794921875
377733.818506376,-2751.991455078125,60.6179313659668,-32041.6953125,15632.0947265625,-11611.3291015625,-4098.974609375,14847.2578125,-4410.51318359375
377733.825490575,-2752.75146484375,56.9745979309082,-32048.982421875,15630.552734375,-11612.021484375,-4101.1650390625,14847.1015625,-4406.400390625
377733.828636965,-2754.897216796875,55.43232727050781,-32057.474609375,15630.7314453125,-11610.7255859375,-4100.65087890625,14847.8837890625,-4405.70751953125
377733.831603937,-2764.776611328125,44.502323150634766,-32068.248046875,15621.6123046875,-11618.81640625,-4108.04931640625,14841.0888671875,-4409.55224609375
377733.835472377,-2764.95556640625,45.5528564453125,-32065.052734375,15626.1044921875,-11614.16796875,-4102.03662109375,14845.201171875,-4406.78076171875
377733.838528694,-2766.609619140625,42.82594299316406,-32068.517578125,15623.109375,-11618.1015625,-4103.7802734375,14843.078125,-4412.50244140625
377733.842452565,-2763.614501953125,41.216617584228516,-32076.162109375,15621.3662109375,-11619.0400390625,-4106.10498046875,14839.189453125,-4414.69287109375
377733.846478179,-2773.761962890625,36.32158660888672,-32082.599609375,15622.998046875,-11611.1943359375,-4099.9580078125,14837.2216796875,-4418.2021484375
377733.852567838,-2767.011962890625,45.23992919921875,-32070.55078125,15636.4306640625,-11597.6044921875,-4089.050537109375,14844.1064453125,-4414.55908203125
377733.85551767,-2768.889404296875,44.83760070800781,-32066.974609375,15637.6826171875,-11600.1533203125,-4093.3642578125,14837.490234375,-4423.94677734375
377733.860483773,-2763.0556640625,49.889095306396484,-32056.73828125,15639.1357421875,-11595.7275390625,-4085.518798828125,14845.447265625,-4416.9951171875
377733.863559417,-2761.490966796875,51.49842071533203,-32056.46875,15639.314453125,-11591.4130859375,-4083.5966796875,14848.9794921875,-4412.48046875
377733.867512462,-2757.4453125,56.66167068481445,-32055.865234375,15643.2255859375,-11586.25,-4083.037841796875,14851.03515625,-4413.30712890625
377733.871481553,-2753.35498046875,60.10383987426758,-32049.630859375,15642.9580078125,-11583.5234375,-4078.1875,14857.31640625,-4409.26171875
377733.87582589,-2756.95361328125,55.342918395996094,-32048.466796875,15636.0732421875,-11590.02734375,-4079.327392578125,14859.08203125,-4410.826171875
377733.879637807,-2750.203369140625,65.55766296386719,-32043.259765625,15641.37109375,-11592.642578125,-4081.339111328125,14860.0205078125,-4412.90478515625
377733.884425222,-2749.286865234375,65.73648071289062,-32048.423828125,15636.654296875,-11598.4541015625,-4087.150634765625,14857.8076171875,-4413.17333984375
377733.888683132,-2742.313232421875,68.41869354248047,-32047.775390625,15635.1796875,-11600.6220703125,-4088.87158203125,14858.27734375,-4406.802734375
377733.892708747,-2738.0439453125,70.92208862304688,-32046.634765625,15632.8994140625,-11608.0205078125,-4096.7841796875,14853.3828125,-4406.244140625
377733.895693223,-2740.234375,72.10672760009766,-32042.923828125,15633.4130859375,-11607.529296875,-4094.146728515625,14855.2373046875,-4410.267578125
377733.89939355,-2740.077880859375,77.3370361328125,-32037.447265625,15637.7275390625,-11605.3837890625,-4090.90576171875,14858.232421875,-4412.68115234375
377733.902452419,-2734.825439453125,81.67327117919922,-32037.158203125,15641.2587890625,-11605.0927734375,-4090.816162109375,14860.3564453125,-4407.40625
377733.906451048,-2738.625244140625,76.97940826416016,-32043.595703125,15637.81640625,-11608.19921875,-4093.47607421875,14858.5009765625,-4406.84765625
377733.910530998,-2743.94482421875,72.77728271484375,-32044.734375,15636.7890625,-11608.9375,-4091.732666015625,14859.5517578125,-4407.33935546875
377733.914541661,-2746.35888671875,75.8171157836914,-32040.734375,15641.0576171875,-11604.1318359375,-4083.127197265625,14868.2685546875,-4402.89111328125
377733.919460358,-2753.220947265625,73.313720703125,-32044.33203125,15640.1416015625,-11607.931640625,-4086.6142578125,14865.228515625,-4405.0595703125
377733.922497347,-2749.421142578125,71.95026397705078,-32046.74609375,15642.8232421875,-11602.58984375,-4083.060302734375,14867.396484375,-4396.94580078125
377733.926409548,-2751.700927734375,67.18934631347656,-32049.943359375,15644.90234375,-11593.7158203125,-4074.834716796875,14871.6884765625,-4388.2509765625
377733.930403801,-2754.271240234375,63.210731506347656,-32047.751953125,15648.5234375,-11586.7421875,-4069.89501953125,14872.91796875,-4388.6533203125
377733.934449837,-2765.15673828125,54.493553161621094,-32048.646484375,15645.0361328125,-11589.5810546875,-4075.661865234375,14864.3349609375,-4397.4150390625
377733.938455759,-2773.493896484375,43.31768035888672,-32053.609375,15632.67578125,-11600.48828125,-4087.48583984375,14849.8056640625,-4408.412109375
377733.942454023,-2770.52099609375,45.396392822265625,-32052.87109375,15640.5888671875,-11594.20703125,-4089.89990234375,14840.060546875,-4418.09033203125
377733.946581746,-2770.588134765625,40.23313903808594,-32058.19140625,15637.50390625,-11593.939453125,-4096.27001953125,14830.337890625,-4428.2607421875
377733.950498324,-2765.71533203125,41.61894989013672,-32054.771484375,15634.9560546875,-11593.984375,-4097.05224609375,14832.908203125,-4425.8466796875
377733.956577407,-2765.871826171875,45.46344757080078,-32049.294921875,15634.0615234375,-11598.4990234375,-4099.935546875,14833.9814453125,-4424.48291015625
377733.96047648,-2756.216064453125,57.8463134765625,-32036.599609375,15642.3994140625,-11592.1962890625,-4093.07373046875,14840.7314453125,-4418.873046875
377733.963650585,-2754.94189453125,58.27099609375,-32036.62109375,15640.8115234375,-11587.14453125,-4085.429443359375,14849.470703125,-4415.005859375
377733.967596337,-2753.287841796875,57.17576217651367,-32043.482421875,15636.7890625,-11591.771484375,-4088.849365234375,14851.1923828125,-4413.10595703125
377733.972567181,-2744.816650390625,65.87059020996094,-32035.236328125,15645.55078125,-11582.875,-4077.159423828125,14865.83203125,-4402.82421875
377733.976585502,-2746.001220703125,64.90946960449219,-32035.01171875,15639.8505859375,-11590.564453125,-4078.366455078125,14869.5654296875,-4401.259765625
377733.979599881,-2748.593994140625,63.79187774658203,-32037.291015625,15634.12890625,-11599.8173828125,-4082.747314453125,14869.8779296875,-4400.1865234375
377733.982674796,-2749.35400390625,65.31179809570312,-32041.337890625,15632.7880859375,-11601.0693359375,-4083.753173828125,14872.6044921875,-4394.57666015625
377733.986527556,-2749.398681640625,65.95999908447266,-32042.947265625,15636.5654296875,-11597.068359375,-4080.9814453125,14877.90234375,-4388.8095703125
377733.990580886,-2750.583251953125,63.00956726074219,-32042.8125,15634.8662109375,-11600.2646484375,-4082.970703125,14875.5556640625,-4393.458984375
377733.994576597,-2752.6396484375,63.098976135253906,-32039.19140625,15631.6474609375,-11606.5234375,-4087.463623046875,14869.7666015625,-4402.220703125
377733.998672229,-2750.8291015625,67.77049255371094,-32032.53125,15635.2236328125,-11605.4052734375,-4085.250732421875,14870.951171875,-4403.51708984375
377734.003520543,-2747.118896484375,72.9337387084961,-32032.0390625,15641.8173828125,-11599.638671875,-4081.1826171875,14870.7939453125,-4402.421875
377734.007718648,-2742.447265625,78.1417007446289,-32031.30078125,15646.51171875,-11594.8330078125,-4077.51708984375,14873.1416015625,-4396.431640625
377734.010644776,-2747.118896484375,73.44783020019531,-32031.771484375,15645.05859375,-11594.54296875,-4075.88525390625,14875.1083984375,-4394.017578125
377734.014560989,-2743.4755859375,73.60429382324219,-32029.111328125,15646.064453125,-11594.609375,-4075.70654296875,14874.884765625,-4396.18603515625
377734.01864641,-2742.290771484375,74.74423217773438,-32028.529296875,15648.322265625,-11593.7158203125,-4077.51708984375,14872.1357421875,-4397.12451171875
377734.022894474,-2750.0244140625,69.20100402832031,-32036.12890625,15645.5283203125,-11591.435546875,-4078.4111328125,14866.8828125,-4397.4599609375
377734.026949992,-2761.803955078125,56.460506439208984,-32050.63671875,15637.458984375,-11596.912109375,-4088.603515625,14850.767578125,-4409.10498046875
377734.030944974,-2764.2626953125,55.186458587646484,-32051.439453125,15644.1650390625,-11592.2626953125,-4087.731689453125,14843.7265625,-4417.0625
377734.036891681,-2766.497802734375,51.74428939819336,-32049.5625,15645.5732421875,-11590.1171875,-4082.948486328125,14843.033203125,-4418.73876953125
377734.04072329,-2773.493896484375,45.776371002197266,-32050.63671875,15643.8291015625,-11590.6083984375,-4085.943603515625,14838.3173828125,-4421.6220703125
377734.044672688,-2777.8525390625,40.65782165527344,-32053.25,15640.5888671875,-11590.7431640625,-4088.625732421875,14836.23828125,-4420.99609375
377734.048914918,-2769.090576171875,49.5985221862793,-32045.607421875,15650.7138671875,-11580.1484375,-4081.07080078125,14844.0166015625,-4412.14501953125
377734.053697956,-2760.015869140625,57.51103973388672,-32037.6484375,15654.1337890625,-11578.9189453125,-4079.70751953125,14849.828125,-4405.10400390625
377734.057786294,-2768.93408203125,50.98432922363281,-32040.533203125,15641.5498046875,-11591.927734375,-4089.005859375,14844.93359375,-4411.5859375
377734.06070987,-2768.2412109375,50.961978912353516,-32040.7109375,15634.44140625,-11598.923828125,-4090.458740234375,14846.2744140625,-4411.72021484375
377734.065742709,-2762.94384765625,55.566436767578125,-32043.482421875,15631.669921875,-11602.58984375,-4092.023193359375,14850.1865234375,-4405.23828125
377734.070029793,-2757.400634765625,60.99790954589844,-32044.154296875,15637.4140625,-11593.447265625,-4084.244873046875,14858.4111328125,-4402.4443359375
377734.074679362,-2749.53271484375,65.80353546142578,-32040.421875,15638.5322265625,-11594.005859375,-4082.412109375,14862.8818359375,-4398.197265625
377734.078682731,-2749.2421875,65.73648071289062,-32037.962890625,15634.173828125,-11601.203125,-4086.055419921875,14864.7373046875,-4396.833984375
377734.082731685,-2749.577392578125,68.32928466796875,-32033.46875,15635.291015625,-11603.55078125,-4086.8154296875,14869.0283203125,-4396.34228515625
377734.086743442,-2750.717529296875,70.89973449707031,-32032.486328125,15639.359375,-11597.8955078125,-4080.802734375,14873.7451171875,-4392.69873046875
377734.091008281,-2753.869140625,66.89877319335938,-32039.458984375,15636.1181640625,-11600.48828125,-4082.434326171875,14869.0732421875,-4395.96240234375
377734.095802624,-2752.505615234375,65.91529083251953,-32038.119140625,15635.939453125,-11602.0751953125,-4083.462646484375,14866.927734375,-4399.8740234375
377734.099746552,-2748.72802734375,75.6383056640625,-32026.09375,15646.6455078125,-11595.5712890625,-4077.49462890625,14873.587890625,-4398.0185546875
377734.103718925,-2748.392822265625,80.33216857910156,-32020.37109375,15650.7587890625,-11593.4248046875,-4075.21484375,14877.2314453125,-4396.96826171875
377734.107882385,-2747.990478515625,81.69562530517578,-32022.048828125,15653.41796875,-11587.345703125,-4070.27490234375,14881.76953125,-4393.50341796875
377734.111683362,-2749.912841796875,76.8676528930664,-32030.876953125,15650.177734375,-11587.390625,-4072.80078125,14878.3271484375,-4395.470703125
377734.114800214,-2742.715576171875,82.8802719116211,-32024.953125,15661.30859375,-11577.2646484375,-4066.139892578125,14880.0927734375,-4389.18994140625
377734.118045066,-2748.079833984375,76.44296264648438,-32025.892578125,15657.486328125,-11580.998046875,-4071.68310546875,14869.654296875,-4396.29736328125
377734.120802716,-2760.12744140625,65.11063385009766,-32031.859375,15649.8642578125,-11588.798828125,-4082.568359375,14852.935546875,-4409.57470703125
377734.124781652,-2762.92138671875,61.64611053466797,-32035.236328125,15651.1162109375,-11586.4736328125,-4084.736572265625,14847.0791015625,-4411.94384765625
377734.127808065,-2767.056640625,57.46633529663086,-32041.91796875,15651.00390625,-11584.931640625,-4085.719970703125,14842.0498046875,-4414.0673828125
377734.1318727,-2764.396728515625,56.259342193603516,-32040.689453125,15649.328125,-11583.43359375,-4079.930908203125,14847.794921875,-4406.8701171875
377734.135813346,-2768.33056640625,53.42066955566406,-32038.23046875,15646.556640625,-11581.7353515625,-4076.444091796875,14851.37109375,-4405.88623046875
377734.140086208,-2764.195556640625,60.439117431640625,-32030.564453125,15654.625,-11575.4091796875,-4068.5986328125,14859.3056640625,-4401.4833984375
377734.144807252,-2760.999267578125,67.36815643310547,-32029.8046875,15657.3525390625,-11575.2080078125,-4066.7880859375,14865.51953125,-4390.37451171875
377734.147867944,-2763.32373046875,60.41676712036133,-32037.1796875,15648.6572265625,-11576.83984375,-4064.374267578125,14872.7392578125,-4384.00390625
377734.150899098,-2757.892333984375,58.382755279541016,-32038.251953125,15646.4443359375,-11579.0302734375,-4064.262451171875,14875.33203125,-4384.205078125
377734.154948781,-2755.43359375,65.06592559814453,-32029.87109375,15650.2666015625,-11576.728515625,-4061.177978515625,14877.25390625,-4387.2900390625
377734.159060458,-2752.416259765625,71.10089874267578,-32024.595703125,15651.697265625,-11575.923828125,-4057.869873046875,14883.736328125,-4387.58056640625
377734.162910666,-2757.892333984375,65.80353546142578,-32034.341796875,15642.64453125,-11585.4228515625,-4067.168212890625,14878.6171875,-4389.72607421875
377734.166867357,-2756.12646484375,65.35649871826172,-32037.91796875,15639.068359375,-11589.916015625,-4072.80078125,14877.1865234375,-4386.2841796875
377734.17087875,-2753.53369140625,63.769527435302734,-32038.72265625,15634.12890625,-11598.6552734375,-4080.31103515625,14873.8564453125,-4387.021484375
377734.17418596,-2752.37158203125,67.45756530761719,-32035.48046875,15637.90625,-11605.0927734375,-4088.715087890625,14866.0556640625,-4395.671875
377734.178024498,-2754.6513671875,68.016357421875,-32033.201171875,15637.59375,-11609.00390625,-4092.738525390625,14861.541015625,-4401.1923828125
377734.182034432,-2752.2373046875,73.91722106933594,-32031.81640625,15644.41015625,-11603.9755859375,-4091.86669921875,14861.9208984375,-4400.2763671875
377734.186793767,-2743.810791015625,79.52750396728516,-32026.00390625,15654.3798828125,-11592.1962890625,-4083.239013671875,14867.5087890625,-4395.224609375
