#377723.187306495,-2615.645751953125,130.06480407714844,-31975.712890625,15763.92578125,-11477.7099609375,-3949.240234375,14983.0,-4362.0771484375
377723.19032598,-2619.177490234375,129.41659545898438,-31976.091796875,15762.7626953125,-11476.6591796875,-3944.993408203125,14984.9892578125,-4363.10498046875
377723.194349042,-2628.878173828125,120.74412536621094,-31985.48046875,15751.36328125,-11485.376953125,-3953.0400390625,14979.6025390625,-4365.8994140625
377723.198574497,-2624.072509765625,124.94625091552734,-31987.669921875,15754.7392578125,-11483.677734375,-3955.901123046875,14975.19921875,-4365.02734375
377723.20260704,-2616.472900390625,133.1940460205078,-31983.8046875,15760.908203125,-11483.6337890625,-3960.885498046875,14965.8115234375,-4371.30810546875
377723.206472199,-2611.779052734375,135.20570373535156,-31977.0546875,15761.0869140625,-11483.4326171875,-3959.16455078125,14966.03515625,-4374.77294921875
377723.211440126,-2613.63427734375,133.6187286376953,-31976.16015625,15760.349609375,-11487.03125,-3963.187744140625,14962.5703125,-4381.14306640625
377723.215514242,-2618.149169921875,131.51766967773438,-31980.673828125,15760.2373046875,-11488.259765625,-3968.015869140625,14957.2734375,-4384.89794921875
377723.218613589,-2621.30078125,127.91903686523438,-31987.669921875,15757.353515625,-11489.04296875,-3968.686279296875,14954.501953125,-4382.77490234375
377723.222517768,-2618.149169921875,126.35440826416016,-31990.822265625,15752.97265625,-11494.09375,-3970.54150390625,14951.349609375,-4384.98779296875
377723.226553229,-2617.41162109375,128.72369384765625,-31986.173828125,15755.5439453125,-11494.9208984375,-3970.675537109375,14950.5009765625,-4387.625
377723.230653237,-2613.947021484375,134.2445831298828,-31977.76953125,15760.3935546875,-11491.9033203125,-3965.601806640625,14956.3564453125,-4381.99267578125
377723.236512787,-2618.931640625,128.34371948242188,-31983.1328125,15754.42578125,-11496.708984375,-3968.306396484375,14956.111328125,-4383.73583984375
377723.242527687,-2623.111328125,122.28639221191406,-31988.6328125,15750.55859375,-11497.1787109375,-3969.490966796875,14959.7099609375,-4380.58447265625
377723.245894339,-2622.776123046875,120.49825286865234,-31987.044921875,15752.4814453125,-11492.1943359375,-3965.221923828125,14965.7001953125,-4375.93505859375
377723.248663659,-2624.78759765625,117.05608367919922,-31984.36328125,15750.7822265625,-11495.837890625,-3969.714599609375,14962.4365234375,-4380.673828125
377723.25264843,-2621.43505859375,122.66637420654297,-31976.830078125,15755.677734375,-11496.240234375,-3970.2509765625,14962.7490234375,-4382.2158203125
377723.255689066,-2625.32421875,119.44772338867188,-31983.490234375,15750.8271484375,-11499.4580078125,-3973.15673828125,14956.1337890625,-4388.49658203125
377723.258460938,-2625.21240234375,117.81604766845703,-31990.443359375,15749.2177734375,-11497.1787109375,-3970.0498046875,14954.6806640625,-4386.015625
377723.262416171,-2625.59228515625,120.140625,-31991.4921875,15749.4638671875,-11499.8388671875,-3974.072998046875,14951.953125,-4382.95361328125
377723.267647756,-2626.01708984375,121.72760009765625,-31989.861328125,15748.279296875,-11504.9794921875,-3977.403564453125,14948.8466796875,-4389.078125
377723.271496504,-2630.375732421875,119.98416137695312,-31988.453125,15747.072265625,-11506.6337890625,-3976.285888671875,14948.1318359375,-4394.4873046875
377723.275769002,-2639.919921875,112.3398666381836,-31996.611328125,15740.2099609375,-11510.791015625,-3978.029296875,14947.5498046875,-4394.33056640625
377723.278715552,-2634.667236328125,106.86369323730469,-32005.3515625,15735.9189453125,-11511.3046875,-3978.0517578125,14947.572265625,-4395.35888671875
377723.285595819,-2635.40478515625,106.52841186523438,-32005.396484375,15737.572265625,-11505.806640625,-3970.519287109375,14953.7421875,-4391.89404296875
377723.290466014,-2634.779052734375,110.05998992919922,-32000.142578125,15741.5068359375,-11504.599609375,-3970.608642578125,14957.51953125,-4389.6142578125
377723.293564632,-2635.98583984375,109.61295318603516,-31997.70703125,15740.0537109375,-11506.119140625,-3970.474365234375,14961.095703125,-4385.72509765625
377723.297551227,-2634.957763671875,111.4905014038086,-31998.04296875,15739.986328125,-11504.8896484375,-3970.787353515625,14963.509765625,-4380.62890625
377723.300637446,-2628.274658203125,115.24559783935547,-31998.802734375,15743.2275390625,-11503.1689453125,-3974.296630859375,14958.9716796875,-4380.830078125
377723.303626663,-2625.368896484375,114.17271423339844,-31999.740234375,15741.796875,-11505.404296875,-3978.901123046875,14954.7919921875,-4385.94873046875
377723.306705589,-2622.6865234375,117.32431030273438,-31995.76171875,15743.1826171875,-11506.9912109375,-3980.286865234375,14951.6630859375,-4388.56396484375
377723.31152473,-2617.568115234375,125.54975128173828,-31988.408203125,15749.0390625,-11504.7333984375,-3977.42578125,14952.333984375,-4387.93798828125
377723.314525251,-2617.322265625,128.20960998535156,-31987.15625,15751.140625,-11500.3974609375,-3972.016845703125,14959.732421875,-4379.98095703125
377723.318454228,-2617.63525390625,127.7625732421875,-31988.318359375,15754.8056640625,-11495.2119140625,-3968.686279296875,14963.2861328125,-4376.2705078125
377723.322557153,-2622.1279296875,121.7946548461914,-31989.392578125,15754.2021484375,-11492.171875,-3966.54052734375,14964.671875,-4376.78466796875
377723.327623177,-2626.53125,118.15132141113281,-31987.26953125,15752.4814453125,-11497.0,-3969.312255859375,14961.140625,-4377.74560546875
377723.33063792,-2624.564208984375,121.7946548461914,-31979.625,15757.0634765625,-11495.390625,-3966.182861328125,14964.58203125,-4379.220703125
377723.334681768,-2630.4873046875,116.60905456542969,-31985.7265625,15751.341796875,-11502.23046875,-3973.178955078125,14956.625,-4384.96533203125
377723.338493321,-2632.856689453125,111.55755615234375,-31992.8125,15746.7587890625,-11503.056640625,-3973.514404296875,14953.294921875,-4386.90966796875
377723.342745761,-2638.042236328125,106.95309448242188,-31997.326171875,15742.1103515625,-11505.158203125,-3974.72119140625,14953.3837890625,-4385.59130859375
377723.34666088,-2634.39892578125,105.96961975097656,-31995.203125,15740.1650390625,-11506.9912109375,-3973.804931640625,14956.6474609375,-4383.8701171875
377723.350734996,-2631.448486328125,103.7791519165039,-31998.6015625,15736.65625,-11512.466796875,-3977.783447265625,14954.009765625,-4388.56396484375
377723.355906775,-2635.02490234375,102.05806732177734,-32006.71484375,15732.7890625,-11516.1552734375,-3980.577392578125,14952.4453125,-4390.6875
377723.360039603,-2635.158935546875,100.2252197265625,-32014.224609375,15729.81640625,-11515.5517578125,-3981.15869140625,14953.2724609375,-4386.4404296875
377723.363160101,-2638.109375,98.19121551513672,-32020.572265625,15727.0,-11519.552734375,-3987.484130859375,14944.443359375,-4391.17919921875
377723.366788953,-2634.443603515625,101.56632995605469,-32016.21484375,15730.353515625,-11516.9150390625,-3982.767822265625,14946.25390625,-4393.30224609375
377723.370626761,-2637.528076171875,98.61589813232422,-32018.337890625,15722.6865234375,-11524.984375,-3989.048828125,14940.7109375,-4400.5888671875
377723.374934632,-2638.243408203125,103.17565155029297,-32016.236328125,15729.1015625,-11519.2177734375,-3983.93017578125,14942.833984375,-4395.29150390625
377723.378697683,-2633.169677734375,107.73540496826172,-32014.11328125,15737.70703125,-11509.181640625,-3978.677490234375,14945.158203125,-4389.94970703125
377723.383835912,-2629.749755859375,109.85882568359375,-32006.333984375,15742.958984375,-11499.9052734375,-3968.887451171875,14955.015625,-4384.8759765625
377723.386649721,-2627.469970703125,113.36804962158203,-31993.4375,15748.9501953125,-11494.0712890625,-3960.86328125,14962.4365234375,-4383.75830078125
377723.390643609,-2629.9287109375,112.96571350097656,-31989.50390625,15748.6591796875,-11496.3740234375,-3962.76318359375,14961.6767578125,-4389.34619140625
377723.39466813,-2630.375732421875,112.94336700439453,-31990.822265625,15748.32421875,-11495.7705078125,-3962.96435546875,14964.58203125,-4385.90380859375
377723.398596012,-2629.481689453125,112.96571350097656,-31994.265625,15747.4521484375,-11494.787109375,-3964.55126953125,14964.783203125,-4380.0703125
377723.402782082,-2629.347412109375,111.0658187866211,-31997.439453125,15742.8251953125,-11499.369140625,-3967.188720703125,14963.8447265625,-4379.8916015625
377723.408930453,-2625.01123046875,117.36901092529297,-31990.755859375,15748.8154296875,-11498.876953125,-3968.485107421875,14960.6484375,-4383.84765625
377723.415773524,-2622.038330078125,119.98416137695312,-31987.068359375,15750.5146484375,-11502.140625,-3973.0673828125,14956.423828125,-4388.2509765625
377723.419760483,-2624.765380859375,120.5653076171875,-31987.40234375,15750.849609375,-11502.7216796875,-3974.05078125,14955.6865234375,-4389.234375
377723.42316032,-2621.837158203125,120.87823486328125,-31989.7265625,15750.6708984375,-11502.4091796875,-3975.391845703125,14953.49609375,-4389.18994140625
377723.426964944,-2630.733154296875,112.295166015625,-31997.572265625,15741.193359375,-11513.96484375,-3988.802978515625,14940.419921875,-4398.17529296875
377723.42979881,-2632.72265625,110.28350830078125,-31995.560546875,15739.8525390625,-11516.7587890625,-3989.54052734375,14938.3193359375,-4402.89111328125
377723.432842363,-2631.515625,110.28350830078125,-31990.912109375,15742.087890625,-11509.3603515625,-3977.42578125,14947.3271484375,-4397.638671875
377723.436910279,-2639.919921875,99.01822662353516,-32003.16015625,15732.923828125,-11514.412109375,-3981.4267578125,14946.701171875,-4394.4873046875
377723.440088396,-2646.044189453125,85.69658660888672,-32018.13671875,15719.6240234375,-11522.3017578125,-3989.25,14942.0517578125,-4393.70458984375
377723.442975504,-2643.18310546875,85.16014862060547,-32017.30859375,15718.595703125,-11520.2451171875,-3987.305419921875,14943.83984375,-4390.59765625
377723.448001779,-2641.79736328125,89.36227416992188,-32010.73828125,15722.8876953125,-11518.703125,-3986.52294921875,14945.2255859375,-4393.4365234375
377723.450865549,-2636.298828125,98.81706237792969,-32003.18359375,15729.50390625,-11517.0048828125,-3985.181884765625,14945.6953125,-4396.52099609375
377723.45479416,-2626.6875,109.9705810546875,-31996.90234375,15735.9853515625,-11513.2490234375,-3982.455078125,14949.986328125,-4390.2626953125
377723.459018157,-2623.4912109375,112.69749450683594,-32001.349609375,15736.3212890625,-11513.0703125,-3984.310302734375,14947.70703125,-4390.30712890625
377723.46289462,-2618.9091796875,118.59835815429688,-31998.109375,15743.7197265625,-11502.8115234375,-3972.218017578125,14956.46875,-4385.56884765625
377723.466920964,-2622.351318359375,121.34761810302734,-31993.59375,15747.4296875,-11500.12890625,-3970.83203125,14957.318359375,-4386.95458984375
377723.47201288,-2628.274658203125,121.50408172607422,-31992.1640625,15747.0048828125,-11500.8662109375,-3971.592041015625,14955.8427734375,-4392.54248046875
377723.475066643,-2622.99951171875,121.68289947509766,-31994.197265625,15744.8369140625,-11500.6650390625,-3972.218017578125,14957.5419921875,-4391.4697265625
377723.480158924,-2625.1005859375,118.30778503417969,-32004.79296875,15738.98046875,-11505.560546875,-3979.817626953125,14951.283203125,-4393.458984375
377723.483039103,-2626.352294921875,118.03956604003906,-32004.859375,15740.6123046875,-11503.2138671875,-3978.208251953125,14950.388671875,-4390.95556640625
377723.48686743,-2624.40771484375,119.51477813720703,-31997.416015625,15744.76953125,-11500.28515625,-3972.821533203125,14952.5126953125,-4390.6650390625
377723.491130446,-2634.868408203125,110.99876403808594,-32000.6796875,15737.1259765625,-11509.6064453125,-3979.214111328125,14946.4326171875,-4399.8515625
377723.495819399,-2639.8974609375,105.67904663085938,-32005.283203125,15732.8115234375,-11513.763671875,-3984.868896484375,14942.3203125,-4402.10888671875
377723.498856753,-2640.232666015625,105.63434600830078,-32008.435546875,15737.169921875,-11513.8974609375,-3990.255859375,14934.876953125,-4406.2216796875
377723.501875143,-2630.2861328125,114.64209747314453,-31996.5,15750.9609375,-11502.9228515625,-3979.83984375,14941.4482421875,-4402.75732421875
377723.507812368,-2633.39306640625,113.5692138671875,-31991.91796875,15749.9111328125,-11507.080078125,-3982.991455078125,14938.3193359375,-4409.35107421875
377723.511957595,-2640.433837890625,114.0385971069336,-31991.3359375,15746.1337890625,-11512.5341796875,-3986.8583984375,14934.2958984375,-4414.93896484375
377723.515690743,-2648.167724609375,112.56338500976562,-32004.0546875,15733.794921875,-11525.3642578125,-3999.55419921875,14924.8408203125,-4419.92333984375
377723.518735025,-2647.8994140625,97.4312515258789,-32011.921875,15730.375,-11529.72265625,-4008.360595703125,14920.0576171875,-4415.94482421875
377723.522774133,-2640.053955078125,99.17469024658203,-32007.564453125,15736.2763671875,-11522.5703125,-4001.766845703125,14930.361328125,-4406.8701171875
377723.52673593,-2645.0830078125,90.36810302734375,-32011.431640625,15727.1787109375,-11527.1748046875,-4000.381103515625,14930.697265625,-4411.54150390625
377723.529967288,-2656.77294921875,85.92010498046875,-32013.017578125,15719.736328125,-11532.896484375,-4000.269287109375,14931.8818359375,-4417.7998046875
377723.534878327,-2662.115234375,92.49151611328125,-32011.744140625,15723.8486328125,-11524.24609375,-3991.976806640625,14938.5869140625,-4415.29638671875
377723.538906859,-2636.969482421875,100.96282958984375,-32007.654296875,15730.62109375,-11514.8583984375,-3984.220703125,14945.9189453125,-4402.71240234375
377723.543960119,-2633.81787109375,100.82872009277344,-32009.150390625,15731.314453125,-11514.9033203125,-3985.74072265625,14944.3984375,-4394.53173828125
377723.547847158,-2632.521484375,106.30489349365234,-32001.6640625,15739.4052734375,-11507.9296875,-3979.2587890625,14948.1982421875,-4396.09619140625
377723.550893628,-2633.840087890625,106.3719482421875,-32001.349609375,15737.70703125,-11511.4833984375,-3981.002197265625,14945.6279296875,-4400.76806640625
377723.554835733,-2639.4951171875,108.60712432861328,-32005.6640625,15734.041015625,-11514.322265625,-3982.902099609375,14944.4658203125,-4398.6669921875
377723.55794128,-2638.9140625,110.7752456665039,-32009.576171875,15734.33203125,-11512.712890625,-3981.15869140625,14945.0693359375,-4393.5927734375
377723.561979293,-2637.952880859375,99.86759185791016,-32011.810546875,15729.1240234375,-11516.4453125,-3985.092529296875,14941.2919921875,-4398.197265625
377723.566851312,-2636.365966796875,101.65573120117188,-32007.49609375,15732.3203125,-11516.2001953125,-3984.712646484375,14939.8837890625,-4402.220703125
377723.571952344,-2641.126708984375,102.75096893310547,-32007.138671875,15733.83984375,-11519.396484375,-3988.0205078125,14934.228515625,-4410.93798828125
377723.575018142,-2646.334716796875,99.30879974365234,-32013.93359375,15726.8212890625,-11526.3701171875,-3993.988525390625,14930.3173828125,-4413.37451171875
377723.579009842,-2644.5244140625,96.73834991455078,-32016.83984375,15725.279296875,-11525.251953125,-3992.423828125,14933.021484375,-4406.4453125
377723.582945383,-2640.344482421875,101.81219482421875,-32009.0390625,15734.533203125,-11516.37890625,-3983.55029296875,14938.2744140625,-4402.75732421875
377723.586010451,-2641.99853515625,102.10276794433594,-32003.271484375,15738.01953125,-11515.5966796875,-3984.310302734375,14943.5048828125,-4406.10986328125
377723.590005068,-2640.746826171875,106.86369323730469,-31995.29296875,15744.14453125,-11510.947265625,-3979.705810546875,14945.8291015625,-4403.2265625
377723.594950021,-2636.365966796875,110.14939880371094,-31991.224609375,15748.9501953125,-11503.2802734375,-3971.390869140625,14951.2158203125,-4398.4658203125
377723.59894865,-2633.348388671875,113.8150863647461,-31993.75,15752.771484375,-11499.7265625,-3971.14501953125,14953.7861328125,-4393.3916015625
377723.602957125,-2629.8837890625,113.83743286132812,-31994.98046875,15751.609375,-11500.4423828125,-3971.994384765625,14956.669921875,-4390.8662109375
377723.607001338,-2635.80712890625,107.40013122558594,-31997.349609375,15746.0888671875,-11504.912109375,-3973.33544921875,14956.06640625,-4396.31982421875
377723.610080628,-2639.78564453125,103.26506042480469,-31997.7734375,15740.3447265625,-11511.349609375,-3977.314208984375,14955.6865234375,-4394.71044921875
377723.614061753,-2639.22705078125,105.32141876220703,-31998.4453125,15740.4560546875,-11509.9638671875,-3974.072998046875,14961.1181640625,-4386.3955078125
377723.619998614,-2638.8916015625,104.24853515625,-32007.18359375,15734.599609375,-11514.1884765625,-3977.269287109375,14960.4248046875,-4382.70751953125
377723.623004605,-2641.953857421875,99.44290924072266,-32014.984375,15727.7607421875,-11519.955078125,-3982.902099609375,14954.8369140625,-4388.49658203125
377723.627002869,-2637.550537109375,119.31361389160156,-32003.5625,15744.658203125,-11505.314453125,-3970.273193359375,14965.7001953125,-4384.96533203125
377723.631040518,-2636.857666015625,119.49242401123047,-32001.619140625,15748.3017578125,-11506.1640625,-3970.496826171875,14964.3369140625,-4387.4462890625
377723.636906997,-2637.61767578125,105.4778823852539,-32008.501953125,15739.517578125,-11510.8134765625,-3970.2509765625,14963.4423828125,-4387.13330078125
377723.640019473,-2635.762451171875,105.67904663085938,-32011.744140625,15736.1865234375,-11509.78515625,-3966.56298828125,14966.392578125,-4382.10400390625
377723.643301157,-2634.01904296875,106.79663848876953,-32010.40234375,15739.0478515625,-11508.0634765625,-3966.25,14965.2529296875,-4383.71337890625
377723.646446453,-2633.19189453125,110.8199462890625,-32005.328125,15746.37890625,-11504.1298828125,-3961.73486328125,14965.4091796875,-4387.89306640625
377723.651323212,-2630.152099609375,114.57504272460938,-31997.908203125,15749.798828125,-11500.3525390625,-3959.008056640625,14967.689453125,-4389.4580078125
377723.655304701,-2632.454345703125,112.60808563232422,-31999.048828125,15748.994140625,-11502.6767578125,-3964.037109375,14964.2470703125,-4395.0009765625
377723.659420025,-2634.1083984375,108.0259780883789,-32004.12109375,15745.3515625,-11503.705078125,-3966.33935546875,14964.626953125,-4393.01171875
377723.66327242,-2637.01416015625,105.65669250488281,-32005.59765625,15743.1826171875,-11506.8349609375,-3970.921630859375,14961.9892578125,-4391.15673828125
377723.666335301,-2637.774169921875,104.80732727050781,-32001.8203125,15741.8193359375,-11509.0693359375,-3970.496826171875,14963.173828125,-4388.0498046875
377723.670233645,-2638.556396484375,99.66642761230469,-32003.80859375,15734.935546875,-11517.25,-3977.314208984375,14954.9482421875,-4398.13037109375
377723.674285151,-2635.9189453125,104.78498077392578,-32000.6796875,15739.7412109375,-11510.544921875,-3971.592041015625,14956.7373046875,-4398.73388671875
377723.678402298,-2633.9072265625,103.93560791015625,-32007.98828125,15736.7236328125,-11513.1376953125,-3976.12939453125,14953.5625,-4399.73974609375
377723.683191536,-2635.62841796875,102.01335906982422,-32011.744140625,15734.1533203125,-11512.8466796875,-3975.190673828125,14955.8427734375,-4397.8623046875
377723.687238666,-2628.58740234375,107.57894897460938,-32003.943359375,15737.8408203125,-11509.78515625,-3970.094482421875,14962.212890625,-4392.96728515625
377723.691240577,-2631.78369140625,105.92491912841797,-32002.177734375,15737.70703125,-11513.1826171875,-3970.809814453125,14960.9833984375,-4392.72119140625
377723.694082831,-2641.19384765625,95.62076568603516,-32010.6484375,15728.9453125,-11520.40234375,-3978.096435546875,14954.45703125,-4395.29150390625
377723.699539054,-2643.026611328125,91.7092056274414,-32015.87890625,15726.84375,-11518.994140625,-3977.291748046875,14957.1396484375,-4391.0
377723.704493124,-2642.333740234375,90.63632202148438,-32014.60546875,15725.32421875,-11519.6201171875,-3978.8564453125,14957.0947265625,-4389.681640625
377723.707541417,-2642.847900390625,89.1611099243164,-32009.75390625,15721.30078125,-11522.5029296875,-3980.309326171875,14956.06640625,-4390.32958984375
377723.710613414,-2639.450439453125,101.20870208740234,-31994.443359375,15739.2041015625,-11505.26953125,-3965.646484375,14968.3154296875,-4382.595703125
377723.716510161,-2644.859619140625,98.30297088623047,-32000.34375,15738.2431640625,-11509.583984375,-3973.2685546875,14959.6650390625,-4386.6640625
377723.732263264,-2636.634033203125,104.47205352783203,-32002.490234375,15741.841796875,-11510.6787109375,-3980.376220703125,14953.048828125,-4383.10986328125
377723.736196251,-2630.643798828125,108.71888732910156,-31999.091796875,15747.3408203125,-11505.0908203125,-3978.431640625,14951.2158203125,-4382.95361328125
377723.739402448,-2629.61572265625,113.39039611816406,-31990.93359375,15751.744140625,-11498.564453125,-3968.462890625,14954.166015625,-4386.55224609375
377723.742265123,-2629.8837890625,116.51964569091797,-31986.822265625,15752.3251953125,-11499.8603515625,-3967.479248046875,14957.0947265625,-4386.1943359375
377723.746187171,-2634.01904296875,112.00459289550781,-31993.572265625,15746.982421875,-11504.4873046875,-3972.106201171875,14954.5458984375,-4387.93798828125
377723.749203009,-2638.042236328125,103.91326141357422,-32004.2109375,15739.830078125,-11510.1650390625,-3979.75048828125,14949.986328125,-4387.6923828125
377723.752348305,-2639.852783203125,101.34281158447266,-32005.126953125,15737.103515625,-11511.998046875,-3980.2197265625,14953.96484375,-4382.0595703125
377723.755276257,-2637.8857421875,103.60033416748047,-31999.517578125,15737.416015625,-11513.205078125,-3977.269287109375,14958.4580078125,-4380.0927734375
377723.758307411,-2638.176513671875,105.23200988769531,-31994.599609375,15741.3720703125,-11508.6005859375,-3972.12841796875,14960.6259765625,-4380.8525390625
377723.762285253,-2643.049072265625,99.26409912109375,-32000.701171875,15734.041015625,-11513.9423828125,-3976.12939453125,14954.3896484375,-4385.94873046875
377723.765266812,-2643.20556640625,96.73834991455078,-32006.736328125,15728.1181640625,-11516.9599609375,-3977.269287109375,14952.53515625,-4386.6416015625
377723.768347561,-2639.674072265625,99.35350036621094,-32003.541015625,15729.8388671875,-11515.6630859375,-3976.375244140625,14953.9873046875,-4387.31201171875
377723.772152184,-2637.863525390625,104.02501678466797,-31995.91796875,15737.5947265625,-11513.763671875,-3977.515380859375,14953.16015625,-4389.8828125
377723.775553845,-2637.729248046875,106.70722961425781,-31991.873046875,15740.388671875,-11516.1552734375,-3980.6669921875,14950.8359375,-4392.56494140625
377723.778456999,-2639.18212890625,106.7519302368164,-31993.03515625,15740.388671875,-11514.7470703125,-3980.2646484375,14949.8076171875,-4388.98876953125
377723.781546865,-2634.935302734375,109.72471618652344,-31992.96875,15743.763671875,-11507.9296875,-3975.12353515625,14954.2783203125,-4379.15380859375
377723.785566645,-2642.40087890625,101.52162170410156,-31996.521484375,15737.953125,-11509.181640625,-3974.453125,14957.072265625,-4376.2255859375
377723.78835821,-2642.356201171875,100.31462860107422,-31996.544921875,15737.9970703125,-11512.8916015625,-3976.12939453125,14954.30078125,-4383.17724609375
377723.791589204,-2642.69140625,102.5945053100586,-31994.443359375,15741.5068359375,-11513.0927734375,-3978.029296875,14948.9365234375,-4391.96142578125
377723.795308494,-2649.955810546875,99.42056274414062,-31997.728515625,15739.6513671875,-11509.6953125,-3972.55322265625,14953.5185546875,-4392.31884765625
377723.800294655,-2659.09765625,89.0270004272461,-32011.20703125,15729.6826171875,-11516.6689453125,-3980.8232421875,14948.310546875,-4393.81640625
377723.803586549,-2651.60986328125,96.96186828613281,-32009.419921875,15738.01953125,-11513.0703125,-3982.11962890625,14943.99609375,-4395.626953125
377723.807341942,-2647.363037109375,98.79470825195312,-32004.3671875,15740.9482421875,-11511.908203125,-3979.281005859375,14947.572265625,-4394.21875
377723.81029068,-2651.38623046875,95.95603942871094,-32004.412109375,15737.1484375,-11516.9599609375,-3982.6337890625,14944.130859375,-4400.857421875
377723.814594539,-2648.79345703125,98.9958724975586,-32003.673828125,15738.4443359375,-11513.8525390625,-3978.073974609375,14947.7509765625,-4397.6611328125
377723.821374886,-2644.39013671875,102.48274993896484,-32002.69140625,15743.294921875,-11507.7734375,-3973.380126953125,14952.154296875,-4392.72119140625
377723.826340625,-2636.969482421875,106.93074798583984,-31996.701171875,15746.71484375,-11502.6767578125,-3967.97119140625,14957.6533203125,-4389.033203125
377723.829542446,-2635.3154296875,108.62947845458984,-31992.69921875,15745.6416015625,-11503.5712890625,-3965.624267578125,14958.14453125,-4392.52001953125
377723.833369678,-2639.60693359375,108.696533203125,-31992.41015625,15741.88671875,-11510.0087890625,-3970.474365234375,14954.30078125,-4398.95751953125
377723.836571499,-2636.142333984375,112.02694702148438,-31991.984375,15742.9150390625,-11511.6181640625,-3973.715576171875,14952.8251953125,-4399.8740234375
377723.839497992,-2634.577880859375,112.45162963867188,-31997.953125,15743.25,-11512.2216796875,-3977.626953125,14948.466796875,-4399.248046875
377723.84265277,-2638.355224609375,105.85786437988281,-32003.83203125,15735.7841796875,-11516.69140625,-3981.56103515625,14945.248046875,-4398.0185546875
377723.846465416,-2633.572021484375,104.51675415039062,-32000.12109375,15735.046875,-11516.7587890625,-3980.8232421875,14946.8125,-4395.98486328125
377723.850442529,-2645.306640625,92.3797607421875,-32006.333984375,15723.06640625,-11526.4150390625,-3987.372314453125,14940.7998046875,-4403.2265625
377723.854713933,-2655.0966796875,83.84139251708984,-32014.783203125,15716.0703125,-11532.337890625,-3991.798095703125,14939.0791015625,-4402.28759765625
377723.859574281,-2651.4755859375,87.82000732421875,-32016.794921875,15722.865234375,-11528.3818359375,-3990.12158203125,14943.392578125,-4393.4814453125
377723.863618494,-2649.531005859375,94.19025421142578,-32010.42578125,15731.2470703125,-11519.5078125,-3983.103271484375,14951.484375,-4385.4345703125
377723.866393648,-2650.536865234375,89.38462829589844,-32010.8046875,15725.7705078125,-11525.1181640625,-3986.34423828125,14948.310546875,-4391.31298828125
377723.871708743,-2650.223876953125,87.90940856933594,-32009.306640625,15723.8486328125,-11530.1474609375,-3992.088623046875,14941.8955078125,-4398.845703125
377723.87445837,-2650.4921875,94.41376495361328,-32001.1484375,15735.3154296875,-11518.45703125,-3981.605712890625,14947.349609375,-4397.4150390625
377723.878711905,-2646.0888671875,98.32532501220703,-32001.126953125,15737.70703125,-11513.96484375,-3977.96240234375,14949.9423828125,-4397.14697265625
377723.883379342,-2640.344482421875,103.66738891601562,-31998.779296875,15743.5185546875,-11509.29296875,-3975.794189453125,14950.8583984375,-4396.92333984375
377723.887369584,-2639.80810546875,106.3719482421875,-31994.755859375,15747.7646484375,-11509.5390625,-3976.822265625,14947.9306640625,-4400.29833984375
377723.892469887,-2648.18994140625,97.36419677734375,-31999.47265625,15737.259765625,-11517.6083984375,-3979.14697265625,14943.28125,-4405.2158203125
377723.896577188,-2650.5146484375,96.71599578857422,-32004.904296875,15735.650390625,-11521.2509765625,-3983.997314453125,14941.1572265625,-4403.38330078125
377723.899461379,-2646.71484375,96.8724594116211,-32015.587890625,15732.0068359375,-11525.1630859375,-3989.473388671875,14941.11328125,-4400.4775390625
377723.903276578,-2646.02197265625,96.22425842285156,-32016.90625,15732.6328125,-11519.7314453125,-3986.03125,14942.38671875,-4401.86328125
377723.906783629,-2648.61474609375,97.07362365722656,-32012.392578125,15735.248046875,-11520.6259765625,-3985.785400390625,14937.0673828125,-4408.8369140625
377723.911724205,-2647.6982421875,94.81610107421875,-32010.1796875,15729.01171875,-11526.794921875,-3989.6298828125,14933.4013671875,-4412.10009765625
377723.91973605,-2647.20654296875,95.91133880615234,-32011.095703125,15725.9716796875,-11529.3876953125,-3992.71435546875,14929.8701171875,-4413.4638671875
377723.924609892,-2646.759521484375,95.9783935546875,-32015.208984375,15724.8095703125,-11528.2919921875,-3991.32861328125,14933.15625,-4406.98193359375
377723.927909444,-2646.424072265625,94.79374694824219,-32017.0625,15722.7314453125,-11528.4931640625,-3990.814453125,14938.966796875,-4400.94677734375
377723.930912518,-2644.81494140625,97.96769714355469,-32009.732421875,15725.4130859375,-11526.3251953125,-3983.8408203125,14951.5068359375,-4393.36962890625
377723.934418111,-2645.664306640625,102.5498046875,-32001.796875,15731.26953125,-11519.5751953125,-3974.296630859375,14958.681640625,-4390.798828125
377723.94164591,-2641.21630859375,105.4778823852539,-32000.12109375,15734.3759765625,-11517.4296875,-3973.73779296875,14959.6201171875,-4391.4697265625
377723.944721919,-2638.19873046875,102.90743255615234,-32006.603515625,15730.15234375,-11522.9052734375,-3981.315185546875,14951.1484375,-4398.68896484375
377723.947517859,-2628.878173828125,113.72567749023438,-31998.734375,15738.712890625,-11516.6025390625,-3976.35302734375,14953.1162109375,-4395.31396484375
377723.951404169,-2630.152099609375,116.3184814453125,-31994.98046875,15740.2548828125,-11518.435546875,-3977.895263671875,14951.640625,-4400.70068359375
377723.954695699,-2626.39697265625,121.92876434326172,-31986.396484375,15744.9931640625,-11515.283203125,-3974.520263671875,14952.333984375,-4403.53955078125
377723.957772072,-2626.754638671875,123.33692932128906,-31985.14453125,15747.4296875,-11512.958984375,-3973.6484375,14949.6513671875,-4403.6513671875
377723.960831306,-2633.862548828125,116.29612731933594,-31993.59375,15742.7587890625,-11515.2607421875,-3978.185791015625,14943.5712890625,-4404.50048828125
377723.964506106,-2634.01904296875,113.9491958618164,-31995.716796875,15742.1767578125,-11513.8525390625,-3978.208251953125,14941.224609375,-4407.49560546875
377723.968519686,-2635.494140625,115.67028045654297,-31989.302734375,15749.330078125,-11509.091796875,-3974.453125,14939.3916015625,-4413.73193359375
377723.971547558,-2636.544677734375,113.39039611816406,-31985.994140625,15749.240234375,-11510.6787109375,-3974.96728515625,14938.69921875,-4415.654296875
377723.97651585,-2637.3271484375,109.21062469482422,-31988.296875,15749.0615234375,-11512.400390625,-3979.973876953125,14937.759765625,-4412.50244140625
377723.979604987,-2641.663330078125,102.1251220703125,-31995.001953125,15750.0,-11507.0361328125,-3976.800048828125,14940.0849609375,-4407.11572265625
377723.983647741,-2642.087890625,97.36419677734375,-31999.673828125,15744.94921875,-11511.6396484375,-3979.102294921875,14944.287109375,-4400.54443359375
377723.986543237,-2643.9208984375,92.8491439819336,-32000.814453125,15736.34375,-11519.2177734375,-3983.05859375,14946.0078125,-4399.29248046875
377723.993593441,-2643.853759765625,97.99005126953125,-31993.236328125,15739.6064453125,-11515.5966796875,-3976.397705078125,14953.7861328125,-4395.26953125
377723.996667991,-2639.450439453125,102.99684143066406,-31992.990234375,15739.4501953125,-11517.02734375,-3978.8564453125,14953.0263671875,-4395.33642578125
377724.000695429,-2652.727294921875,82.6343994140625,-32017.46484375,15714.9306640625,-11537.9482421875,-3999.308349609375,14934.1611328125,-4406.13232421875
377724.003540965,-2656.124755859375,71.72674560546875,-32027.859375,15701.876953125,-11548.4306640625,-4007.623046875,14926.16015625,-4409.26171875
377724.006658546,-2655.722412109375,73.67134857177734,-32025.646484375,15702.5029296875,-11550.8896484375,-4006.52783203125,14928.7744140625,-4408.36767578125
377724.010678326,-2652.0791015625,84.84722137451172,-32014.291015625,15718.193359375,-11537.0537109375,-3992.088623046875,14939.4140625,-4404.1875
377724.014508841,-2648.48046875,91.61979675292969,-32011.609375,15723.8486328125,-11530.68359375,-3985.51708984375,14944.15234375,-4400.52197265625
377724.021887615,-2646.826416015625,92.46916961669922,-32016.080078125,15723.2900390625,-11531.9130859375,-3988.512451171875,14942.1416015625,-4398.2197265625
377724.02466678,-2644.926513671875,96.49247741699219,-32014.58203125,15724.6533203125,-11531.845703125,-3987.52880859375,14941.828125,-4400.54443359375
377724.027905068,-2635.80712890625,109.61295318603516,-32002.736328125,15733.3701171875,-11524.984375,-3979.54931640625,14947.572265625,-4400.14208984375
377724.031657543,-2636.41064453125,118.26307678222656,-31992.767578125,15739.427734375,-11522.5478515625,-3976.509521484375,14950.0986328125,-4402.31005859375
377724.034632538,-2640.21044921875,120.25238800048828,-31991.470703125,15739.830078125,-11521.966796875,-3976.12939453125,14949.9423828125,-4404.12060546875
377724.038719782,-2638.154052734375,116.3631820678711,-32000.814453125,15735.9853515625,-11525.654296875,-3983.505615234375,14942.587890625,-4407.048828125
377724.042879231,-2647.20654296875,104.53910827636719,-32011.095703125,15728.3642578125,-11532.091796875,-3991.999267578125,14934.4072265625,-4413.44140625
377724.046846863,-2652.123779296875,93.6091079711914,-32013.599609375,15722.462890625,-11535.7353515625,-3995.642578125,14929.69140625,-4417.30810546875
377724.05065805,-2650.849853515625,89.5857925415039,-32010.6484375,15721.14453125,-11536.830078125,-3996.178955078125,14928.998046875,-4414.51416015625
377724.054896269,-2649.888671875,92.1338882446289,-32008.5703125,15729.056640625,-11532.494140625,-3996.782470703125,14925.623046875,-4414.7822265625
377724.059604549,-2653.956787109375,87.86470794677734,-32013.822265625,15730.6884765625,-11529.9462890625,-3998.2578125,14920.3701171875,-4419.52099609375
377724.063602449,-2656.3037109375,82.1650161743164,-32014.404296875,15728.654296875,-11528.5830078125,-3995.642578125,14920.5498046875,-4419.275390625
377724.067674377,-2652.50390625,84.7131118774414,-32006.2890625,15730.21875,-11526.1689453125,-3992.51318359375,14923.9912109375,-4418.0458984375
377724.070939285,-2652.950927734375,86.88123321533203,-32000.74609375,15729.146484375,-11528.068359375,-3993.02734375,14928.2158203125,-4416.615234375
377724.074887954,-2657.644775390625,85.67424011230469,-32005.619140625,15724.36328125,-11533.2099609375,-3996.73779296875,14923.9248046875,-4419.07421875
377724.078941648,-2657.153076171875,85.62953186035156,-32011.654296875,15719.244140625,-11537.3896484375,-4001.92333984375,14921.0634765625,-4414.5810546875
377724.082698135,-2651.229736328125,89.60814666748047,-32009.77734375,15719.7587890625,-11536.875,-4000.783447265625,14926.8525390625,-4408.12158203125
377724.087610267,-2649.9111328125,91.93272399902344,-32005.1953125,15718.3720703125,-11539.5576171875,-4000.760986328125,14933.5361328125,-4403.62890625
377724.090885387,-2651.721435546875,95.53135681152344,-32003.048828125,15721.9267578125,-11537.4560546875,-3998.95068359375,14938.2744140625,-4402.1982421875
377724.096967022,-2654.470703125,98.4817886352539,-32006.447265625,15723.6923828125,-11533.791015625,-3991.4404296875,14943.125,-4399.8291015625
377724.100656044,-2650.738037109375,100.11346435546875,-32014.001953125,15723.759765625,-11531.443359375,-3985.74072265625,14949.47265625,-4393.4140625
377724.103655472,-2648.838134765625,99.48761749267578,-32015.296875,15724.51953125,-11529.275390625,-3983.4609375,14955.1494140625,-4391.91650390625
377724.108931912,-2651.5205078125,93.96673583984375,-32017.041015625,15718.0146484375,-11536.0703125,-3988.266357421875,14952.2216796875,-4400.1865234375
377724.118682877,-2653.867431640625,93.40794372558594,-32017.130859375,15715.265625,-11541.8818359375,-3993.228515625,14947.37109375,-4407.36181640625
377724.121719866,-2655.4765625,94.12319946289062,-32020.953125,15713.8125,-11544.8994140625,-3997.475341796875,14941.0009765625,-4411.83203125
377724.125642643,-2667.032470703125,79.32633972167969,-32037.314453125,15699.0380859375,-11557.5283203125,-4010.2158203125,14928.1494140625,-4417.419921875
377724.128766788,-2669.17822265625,76.19709777832031,-32037.515625,15698.0322265625,-11559.3388671875,-4013.34521484375,14924.4609375,-4418.2021484375
377724.131791013,-2664.3056640625,84.31078338623047,-32023.166015625,15711.9794921875,-11546.330078125,-4004.0244140625,14928.3505859375,-4414.603515625
377724.134720424,-2660.237548828125,89.36227416992188,-32008.681640625,15722.060546875,-11533.4326171875,-3991.26171875,14935.7490234375,-4411.4521484375
377724.138692067,-2658.1142578125,92.60327911376953,-32004.94921875,15726.8662109375,-11529.87890625,-3992.781494140625,14929.9150390625,-4415.6767578125
377724.141770993,-2656.9072265625,88.91523742675781,-32012.548828125,15724.2958984375,-11530.4599609375,-3997.14013671875,14921.64453125,-4417.3974609375
377724.14486013,-2651.028564453125,89.205810546875,-32014.984375,15722.6640625,-11531.220703125,-3996.693115234375,14923.0302734375,-4412.8154296875
377724.148738417,-2655.99072265625,85.1824951171875,-32015.7890625,15721.099609375,-11535.6455078125,-3999.62109375,14920.080078125,-4419.09619140625
377724.151820989,-2662.20458984375,78.4322738647461,-32019.41015625,15714.6845703125,-11545.5927734375,-4010.439453125,14912.1005859375,-4427.14306640625
377724.154853602,-2672.6650390625,65.53531646728516,-32031.234375,15699.619140625,-11557.9306640625,-4021.257568359375,14905.6630859375,-4428.88623046875
377724.158831444,-2678.36474609375,52.59365463256836,-32045.00390625,15685.26953125,-11569.6875,-4033.72998046875,14898.0859375,-4430.74169921875
377724.162700979,-2677.627197265625,50.98432922363281,-32044.64453125,15685.2919921875,-11567.83203125,-4030.31005859375,14902.0869140625,-4427.67919921875
377724.166861887,-2676.30859375,57.71220397949219,-32034.69921875,15694.12109375,-11559.6962890625,-4019.8271484375,14910.06640625,-4422.8291015625
377724.171749587,-2674.40869140625,62.026092529296875,-32026.919921875,15695.2158203125,-11559.62890625,-4016.966064453125,14915.1845703125,-4420.83984375
377724.174813196,-2673.648681640625,63.43424987792969,-32026.205078125,15694.12109375,-11559.517578125,-4015.51318359375,14918.8056640625,-4417.8447265625
377724.178777546,-2669.826416015625,67.01052856445312,-32027.14453125,15694.2998046875,-11555.44921875,-4011.71337890625,14926.919921875,-4408.34521484375
377724.182800972,-2666.049072265625,70.16212463378906,-32023.166015625,15698.14453125,-11550.62109375,-4005.991455078125,14935.8603515625,-4400.56689453125
#377748.190795677,-2780.4228515625,28.05143928527832,-32061.767578125,15586.36328125,-11567.4970703125,-4180.69287109375,14803.224609375,-4439.0341796875
377748.194758933,-2778.590087890625,26.173892974853516,-32068.583984375,15583.658203125,-11567.83203125,-4183.03955078125,14802.4208984375,-4435.994140625
377748.197964765,-2781.697021484375,21.904708862304688,-32074.931640625,15577.0419921875,-11576.1025390625,-4190.9521484375,14798.12890625,-4439.212890625
377748.201941878,-2784.267333984375,18.730762481689453,-32073.390625,15570.359375,-11582.115234375,-4193.7236328125,14796.3408203125,-4444.4208984375
377748.206097681,-2780.646484375,27.269128799438477,-32061.900390625,15580.8203125,-11570.9619140625,-4180.513671875,14805.638671875,-4439.771484375
377748.210091933,-2774.186767578125,34.9581298828125,-32058.32421875,15587.8828125,-11565.865234375,-4177.29541015625,14810.35546875,-4433.71435546875
377748.214912898,-2779.998291015625,29.057268142700195,-32066.52734375,15582.048828125,-11569.9111328125,-4181.765625,14806.4208984375,-4434.96630859375
377748.218771857,-2778.6572265625,30.353668212890625,-32064.26953125,15581.9375,-11569.0390625,-4179.84326171875,14807.8740234375,-4433.89306640625
377748.223017369,-2775.885498046875,33.482913970947266,-32056.669921875,15584.75390625,-11566.8486328125,-4174.7919921875,14813.2607421875,-4431.2109375
377748.226008044,-2774.902099609375,36.388641357421875,-32051.708984375,15589.6484375,-11563.853515625,-4171.03662109375,14815.7646484375,-4430.6298828125
377748.229947596,-2782.501708984375,29.86193084716797,-32061.251953125,15582.8759765625,-11571.54296875,-4179.23974609375,14809.0361328125,-4432.41796875
377748.233988892,-2782.14404296875,30.44307518005371,-32062.75,15586.8330078125,-11566.22265625,-4176.333984375,14808.90234375,-4430.47314453125
377748.23984443,-2785.13916015625,26.777389526367188,-32064.13671875,15584.8876953125,-11565.3740234375,-4175.5068359375,14808.6123046875,-4430.89794921875
377748.242866468,-2784.960205078125,25.4362850189209,-32060.24609375,15581.4013671875,-11568.7490234375,-4176.60205078125,14810.6904296875,-4429.28857421875
377748.246907398,-2777.584228515625,35.11458969116211,-32052.2890625,15588.419921875,-11567.0947265625,-4176.177734375,14811.7861328125,-4429.31103515625
377748.250982973,-2781.94287109375,34.51109313964844,-32055.888671875,15589.4697265625,-11569.083984375,-4183.1064453125,14803.4931640625,-4436.0615234375
377748.254030902,-2779.864013671875,33.50526428222656,-32058.681640625,15591.3701171875,-11563.18359375,-4181.45263671875,14805.638671875,-4430.92041015625
377748.257981394,-2778.6123046875,34.5557975769043,-32058.34765625,15591.9287109375,-11563.138671875,-4181.7431640625,14807.8515625,-4427.07568359375
377748.262872375,-2771.772705078125,46.22340774536133,-32045.31640625,15604.6025390625,-11554.17578125,-4173.45068359375,14813.3505859375,-4425.28759765625
377748.266854959,-2767.972900390625,49.48676300048828,-32041.470703125,15605.09375,-11556.2314453125,-4174.0986328125,14812.9482421875,-4429.75830078125
377748.270048391,-2771.079833984375,42.736534118652344,-32050.546875,15595.326171875,-11561.9990234375,-4178.85986328125,14808.9248046875,-4431.0546875
377748.274965994,-2774.72314453125,34.66755676269531,-32060.91796875,15587.16796875,-11566.3125,-4182.3916015625,14805.884765625,-4429.6240234375
377748.279035734,-2776.33251953125,30.800703048706055,-32060.203125,15585.8935546875,-11559.7861328125,-4172.26611328125,14815.65234375,-4424.30419921875
377748.282040996,-2777.91943359375,28.69964027404785,-32056.8046875,15583.099609375,-11562.8251953125,-4171.55078125,14816.6357421875,-4427.232421875
377748.285909802,-2777.964111328125,31.761829376220703,-32050.591796875,15585.111328125,-11564.3681640625,-4171.84130859375,14816.0771484375,-4429.15478515625
377748.290990777,-2778.8583984375,31.471256256103516,-32052.423828125,15585.55859375,-11565.7314453125,-4177.22802734375,14812.6572265625,-4426.2490234375
377748.294990864,-2781.071044921875,26.308002471923828,-32059.732421875,15581.646484375,-11567.7880859375,-4182.3466796875,14808.90234375,-4422.1806640625
377748.298107716,-2780.489990234375,27.17972183227539,-32060.873046875,15582.9208984375,-11568.525390625,-4184.3359375,14806.5107421875,-4423.455078125
377748.302910812,-2781.384033203125,25.637451171875,-32058.525390625,15580.931640625,-11571.4755859375,-4184.4921875,14805.5947265625,-4424.4609375
377748.307042546,-2785.54150390625,23.268165588378906,-32057.251953125,15577.5791015625,-11574.6494140625,-4186.23583984375,14803.671875,-4426.271484375
377748.311059408,-2794.2138671875,15.221537590026855,-32064.91796875,15568.6162109375,-11582.6064453125,-4194.19287109375,14794.5078125,-4435.63671875
377748.314041696,-2789.475341796875,19.736589431762695,-32062.6171875,15574.3154296875,-11575.3427734375,-4186.302734375,14800.1181640625,-4428.23828125
377748.319045726,-2782.92626953125,27.939680099487305,-32055.060546875,15586.3408203125,-11566.1787109375,-4180.111328125,14803.359375,-4425.779296875
377748.32304399,-2778.567626953125,29.57135772705078,-32048.244140625,15588.330078125,-11565.9326171875,-4178.9267578125,14807.2705078125,-4423.65625
377748.326114164,-2782.479248046875,29.973690032958984,-32045.3828125,15588.9111328125,-11568.033203125,-4181.81005859375,14806.3994140625,-4426.2265625
377748.331075527,-2781.406494140625,33.0358772277832,-32045.607421875,15592.0400390625,-11567.4521484375,-4182.927734375,14803.76171875,-4425.98046875
377748.334949073,-2781.65234375,33.10293197631836,-32051.328125,15594.0302734375,-11563.18359375,-4180.7822265625,14803.2470703125,-4426.29345703125
377748.33819976,-2782.769775390625,32.72295379638672,-32054.81640625,15592.95703125,-11564.7255859375,-4183.64306640625,14801.2802734375,-4429.0205078125
377748.342099198,-2782.0322265625,33.77348709106445,-32051.9765625,15592.7783203125,-11563.294921875,-4177.9208984375,14805.818359375,-4427.47802734375
377748.346163832,-2784.870849609375,31.493608474731445,-32053.564453125,15588.3525390625,-11569.7998046875,-4182.1005859375,14801.4814453125,-4431.07666015625
377748.350190905,-2783.12744140625,33.32645034790039,-32053.67578125,15589.24609375,-11569.7099609375,-4182.88330078125,14801.056640625,-4427.97021484375
377748.354280337,-2781.80859375,33.10293197631836,-32060.044921875,15585.9833984375,-11571.9677734375,-4187.68896484375,14796.20703125,-4429.19921875
377748.359075045,-2780.802978515625,33.438209533691406,-32061.251953125,15582.5859375,-11575.0966796875,-4192.1591796875,14792.4072265625,-4430.94287109375
377748.364204887,-2777.785400390625,35.3828125,-32053.2734375,15584.7314453125,-11570.1572265625,-4183.5087890625,14800.69921875,-4429.10986328125
377748.367297306,-2775.796142578125,38.48970413208008,-32047.685546875,15588.21875,-11562.04296875,-4170.1875,14813.3056640625,-4425.51123046875
377748.37115043,-2779.23828125,36.075714111328125,-32052.9375,15585.9384765625,-11565.2841796875,-4174.45654296875,14811.3388671875,-4424.8408203125
377748.374218052,-2779.506591796875,31.538311004638672,-32058.861328125,15579.9033203125,-11566.06640625,-4173.60693359375,14813.3056640625,-4419.23046875
377748.378247313,-2774.767822265625,38.3332405090332,-32053.048828125,15589.08984375,-11557.3271484375,-4166.83447265625,14815.9658203125,-4417.50927734375
377748.38221385,-2783.172119140625,33.66172790527344,-32054.345703125,15585.71484375,-11563.9208984375,-4171.751953125,14811.2490234375,-4422.31494140625
377748.386302918,-2790.302490234375,27.358535766601562,-32054.279296875,15580.529296875,-11568.01171875,-4173.20458984375,14811.6962890625,-4421.73388671875
377748.392244884,-2794.50439453125,21.792951583862305,-32059.888671875,15574.6064453125,-11570.1796875,-4174.47900390625,14811.205078125,-4421.73388671875
377748.395310317,-2788.0224609375,28.09614372253418,-32058.81640625,15583.1220703125,-11563.943359375,-4171.55078125,14811.4501953125,-4418.8056640625
377748.399176935,-2782.657958984375,35.002830505371094,-32052.87109375,15593.3818359375,-11559.7412109375,-4171.08154296875,14809.6396484375,-4417.2412109375
377748.402346664,-2783.775634765625,32.54413986206055,-32053.138671875,15587.3916015625,-11567.67578125,-4175.66357421875,14806.443359375,-4424.34912109375
377748.406292051,-2784.781494140625,31.80653190612793,-32052.87109375,15584.0380859375,-11571.6318359375,-4175.64111328125,14806.7568359375,-4428.08154296875
377748.410276457,-2785.161376953125,32.745304107666016,-32054.525390625,15586.3408203125,-11570.8720703125,-4177.138671875,14805.1923828125,-4426.0703125
377748.414345468,-2778.903076171875,37.282711029052734,-32053.318359375,15595.974609375,-11560.3896484375,-4170.3212890625,14811.00390625,-4419.16357421875
377748.419170808,-2779.4169921875,36.27688217163086,-32053.876953125,15594.4541015625,-11563.8984375,-4175.5068359375,14806.3544921875,-4420.59375
377748.422233324,-2776.891357421875,38.91438674926758,-32047.3046875,15596.935546875,-11563.697265625,-4174.81396484375,14805.7509765625,-4422.404296875
377748.426213355,-2777.472412109375,37.41682052612305,-32045.740234375,15594.611328125,-11566.9833984375,-4177.18359375,14800.185546875,-4431.7919921875
377748.430266684,-2779.372314453125,35.494571685791016,-32048.51171875,15590.095703125,-11573.6435546875,-4184.134765625,14792.18359375,-4435.79296875
377748.434328401,-2784.088623046875,27.805570602416992,-32060.359375,15577.9365234375,-11584.1494140625,-4195.24365234375,14781.7451171875,-4439.66015625
377748.438372614,-2781.8310546875,33.907596588134766,-32053.876953125,15588.21875,-11568.7265625,-4180.08935546875,14794.798828125,-4434.83203125
377748.442398229,-2775.32666015625,46.58103561401367,-32039.52734375,15605.3623046875,-11554.48828125,-4166.05224609375,14807.2041015625,-4428.796875
377748.447238521,-2776.220703125,47.452754974365234,-32037.939453125,15602.7919921875,-11559.3388671875,-4169.87451171875,14807.1591796875,-4425.466796875
377748.450280615,-2777.897216796875,45.26228332519531,-32040.98046875,15599.2158203125,-11560.8583984375,-4171.103515625,14809.3046875,-4423.0751953125
377748.454137751,-2787.6201171875,36.343936920166016,-32051.552734375,15591.056640625,-11563.49609375,-4172.60107421875,14808.1201171875,-4421.75634765625
377748.458240311,-2784.781494140625,36.00865936279297,-32054.681640625,15588.7548828125,-11565.8203125,-4176.60205078125,14806.6005859375,-4423.2314453125
377748.462376421,-2780.981689453125,31.694772720336914,-32054.32421875,15580.3505859375,-11573.8896484375,-4181.162109375,14806.443359375,-4423.94677734375
377748.466377238,-2780.199462890625,35.8074951171875,-32046.568359375,15586.4970703125,-11564.7255859375,-4169.89697265625,14811.5625,-4424.93017578125
377748.470418898,-2781.4287109375,37.707393646240234,-32047.685546875,15592.3984375,-11564.099609375,-4173.5625,14805.3935546875,-4430.65234375
377748.475272683,-2785.31787109375,31.538311004638672,-32056.759765625,15586.4521484375,-11568.8603515625,-4180.1337890625,14803.0234375,-4426.8525390625
377748.478357079,-2783.35107421875,30.979516983032227,-32056.89453125,15583.501953125,-11570.044921875,-4181.966796875,14801.392578125,-4426.71826171875
377748.482248494,-2781.13818359375,31.58301544189453,-32051.88671875,15583.0546875,-11569.44140625,-4178.546875,14804.365234375,-4425.220703125
377748.486264627,-2782.814453125,37.014488220214844,-32045.71875,15591.548828125,-11564.8369140625,-4176.46826171875,14805.416015625,-4426.0478515625
377748.490331815,-2781.205322265625,39.96492004394531,-32047.283203125,15594.5439453125,-11566.513671875,-4179.82080078125,14800.9453125,-4429.244140625
377748.49437311,-2780.691162109375,39.204959869384766,-32051.462890625,15594.923828125,-11564.2119140625,-4177.67529296875,14802.912109375,-4424.28173828125
377748.498423158,-2779.4169921875,40.83663558959961,-32051.08203125,15595.3486328125,-11564.1669921875,-4178.41259765625,14803.158203125,-4424.68408203125
377748.504211232,-2777.13720703125,41.14956283569336,-32051.10546875,15593.1806640625,-11570.8056640625,-4184.06787109375,14797.771484375,-4430.87548828125
377748.507607787,-2774.34326171875,45.5752067565918,-32044.220703125,15599.7744140625,-11563.294921875,-4175.9091796875,14802.8671875,-4428.72998046875
377748.511483886,-2772.979736328125,46.670440673828125,-32043.998046875,15602.6572265625,-11559.8974609375,-4171.86376953125,14806.1083984375,-4423.65625
377748.514225491,-2776.868896484375,41.82011413574219,-32051.955078125,15597.025390625,-11565.26171875,-4177.5185546875,14800.8330078125,-4424.05859375
377748.518205886,-2777.696044921875,39.584938049316406,-32051.640625,15593.7392578125,-11565.8427734375,-4176.80322265625,14800.1630859375,-4424.90771484375
377748.522410555,-2776.95849609375,42.490665435791016,-32044.51171875,15598.1201171875,-11558.7802734375,-4167.572265625,14807.896484375,-4423.49951171875
377748.526315463,-2780.065185546875,40.143733978271484,-32041.986328125,15597.248046875,-11559.4501953125,-4166.85693359375,14809.259765625,-4425.3994140625
377748.531329338,-2784.289794921875,36.70156478881836,-32044.64453125,15592.263671875,-11563.6083984375,-4169.40478515625,14808.544921875,-4423.34326171875
377748.534387113,-2787.754150390625,34.5557975769043,-32051.240234375,15589.626953125,-11564.345703125,-4170.83544921875,14806.98046875,-4418.33642578125
377748.537281151,-2782.12158203125,39.31671905517578,-32047.796875,15596.3095703125,-11559.31640625,-4167.52734375,14810.623046875,-4411.49658203125
377748.542234126,-2781.093505859375,42.37890625,-32041.78515625,15599.4609375,-11556.052734375,-4163.61572265625,14814.3564453125,-4408.2333984375
377748.546263752,-2782.94873046875,40.54606628417969,-32041.248046875,15595.28125,-11561.1943359375,-4165.22509765625,14812.27734375,-4413.28466796875
377748.550318905,-2787.776611328125,34.73461151123047,-32049.5625,15585.0,-11573.8447265625,-4176.80322265625,14804.41015625,-4420.794921875
377748.554491847,-2786.100341796875,38.48970413208008,-32050.63671875,15591.6376953125,-11569.53125,-4176.24462890625,14803.76171875,-4419.49853515625
377748.559283638,-2783.8427734375,39.49553298950195,-32048.53515625,15595.9072265625,-11565.2841796875,-4172.89208984375,14805.818359375,-4417.10693359375
377748.56284466,-2781.160400390625,43.09416198730469,-32040.533203125,15600.712890625,-11559.1826171875,-4167.326171875,14809.4833984375,-4418.49267578125
377748.567717773,-2780.199462890625,46.78219985961914,-32031.189453125,15605.9658203125,-11552.3427734375,-4157.7822265625,14816.814453125,-4415.6318359375
377748.570505326,-2778.72412109375,49.21854019165039,-32030.09375,15605.18359375,-11553.326171875,-4158.00537109375,14818.6474609375,-4412.94970703125
377748.574446701,-2776.466552734375,48.59269332885742,-32034.498046875,15603.6630859375,-11553.7060546875,-4160.64306640625,14813.1494140625,-4413.91064453125
377748.578431472,-2770.14111328125,55.052345275878906,-32029.1328125,15612.783203125,-11543.8486328125,-4151.90380859375,14817.2841796875,-4410.93798828125
377748.58248079,-2769.42578125,54.672367095947266,-32026.205078125,15611.017578125,-11546.77734375,-4151.76953125,14819.408203125,-4412.2119140625
377748.586452069,-2772.2197265625,49.35265350341797,-32029.625,15605.2275390625,-11555.583984375,-4161.42529296875,14813.0595703125,-4420.77294921875
377748.590505398,-2773.0244140625,49.64322280883789,-32031.7265625,15608.6474609375,-11555.046875,-4164.21923828125,14810.2431640625,-4421.68896484375
377748.59360037,-2774.700927734375,44.61408233642578,-32039.66015625,15603.931640625,-11557.5283203125,-4168.01904296875,14807.8076171875,-4418.0009765625
377748.597546121,-2776.82421875,38.42264938354492,-32044.869140625,15597.337890625,-11560.8583984375,-4170.1201171875,14806.5556640625,-4417.35302734375
377748.602696385,-2769.8505859375,45.06111526489258,-32034.51953125,15604.490234375,-11554.7119140625,-4162.38671875,14814.04296875,-4412.94970703125
377748.606485692,-2774.298583984375,41.5071907043457,-32032.53125,15602.568359375,-11555.2255859375,-4158.85498046875,14818.9384765625,-4413.0615234375
377748.61049599,-2786.055419921875,31.717124938964844,-32042.455078125,15592.8671875,-11563.1162109375,-4166.40966796875,14811.7412109375,-4419.74462890625
377748.614513217,-2783.75341796875,31.7841796875,-32048.22265625,15591.9736328125,-11562.177734375,-4167.326171875,14810.66796875,-4417.12939453125
377748.618439641,-2783.283935546875,30.644241333007812,-32049.65234375,15590.8779296875,-11562.580078125,-4167.86279296875,14811.8974609375,-4415.31884765625
377748.621666988,-2788.178955078125,25.883319854736328,-32048.51171875,15587.7939453125,-11566.111328125,-4167.68408203125,14812.3447265625,-4415.72119140625
377748.625841389,-2793.92333984375,23.044649124145508,-32047.796875,15585.603515625,-11569.8662109375,-4168.7568359375,14811.31640625,-4416.7939453125
377748.630535812,-2792.783447265625,26.352706909179688,-32047.015625,15586.720703125,-11568.771484375,-4169.85205078125,14811.3837890625,-4415.0732421875
377748.634526054,-2793.051513671875,24.922195434570312,-32052.15625,15584.150390625,-11570.0224609375,-4173.27197265625,14805.0576171875,-4419.6552734375
377748.638624967,-2789.92236328125,26.0621337890625,-32052.357421875,15583.3232421875,-11572.0791015625,-4175.08251953125,14801.7275390625,-4423.49951171875
377748.642633442,-2787.35205078125,26.129188537597656,-32050.63671875,15577.958984375,-11578.9189453125,-4179.955078125,14799.6708984375,-4426.181640625
377748.646868378,-2780.4228515625,36.768619537353516,-32038.7890625,15591.3701171875,-11565.306640625,-4165.11328125,14811.80859375,-4421.33154296875
377748.650715304,-2786.390869140625,38.936737060546875,-32039.1015625,15597.091796875,-11561.1494140625,-4161.58203125,14814.84765625,-4421.08544921875
377748.654843756,-2785.295654296875,32.85706329345703,-32050.0546875,15589.8720703125,-11568.078125,-4169.337890625,14806.8017578125,-4422.203125
377748.658904744,-2780.378173828125,34.46638870239258,-32050.970703125,15592.9345703125,-11567.51953125,-4170.63427734375,14803.3369140625,-4422.7841796875
377748.662837002,-2776.8466796875,42.490665435791016,-32043.505859375,15599.4384765625,-11564.0771484375,-4166.1640625,14809.193359375,-4419.96826171875
377748.665750732,-2774.097412109375,52.16897201538086,-32033.828125,15609.2734375,-11551.7392578125,-4153.1328125,14817.060546875,-4418.873046875
377748.67010054,-2776.779541015625,48.39152526855469,-32037.89453125,15604.736328125,-11553.03515625,-4153.84814453125,14816.4345703125,-4420.48193359375
377748.675765355,-2777.070068359375,45.73167037963867,-32044.064453125,15600.8466796875,-11557.0810546875,-4160.86669921875,14813.171875,-4419.185546875
377748.679050321,-2774.387939453125,50.29142379760742,-32038.96875,15608.8935546875,-11549.861328125,-4154.87646484375,14817.396484375,-4414.6259765625
377748.68302087,-2767.54833984375,56.52756118774414,-32027.994140625,15615.0400390625,-11543.2236328125,-4145.3994140625,14825.599609375,-4408.36767578125
377748.686878006,-2775.281982421875,48.726802825927734,-32030.65234375,15605.4072265625,-11555.13671875,-4155.01025390625,14817.8876953125,-4414.8720703125
377748.690723472,-2782.814453125,42.3565559387207,-32035.548828125,15598.0751953125,-11561.171875,-4159.41357421875,14816.2783203125,-4414.93896484375
377748.693943891,-2783.35107421875,41.686004638671875,-32039.66015625,15597.62890625,-11559.8525390625,-4161.87255859375,14811.763671875,-4413.10595703125
377748.699975931,-2778.74658203125,44.032936096191406,-32038.07421875,15601.80859375,-11555.986328125,-4161.49267578125,14813.08203125,-4409.50732421875
377748.702836419,-2774.94677734375,44.748191833496094,-32033.291015625,15602.970703125,-11554.935546875,-4156.88818359375,14818.3125,-4408.34521484375
377748.706719446,-2772.33154296875,48.83856201171875,-32027.12109375,15607.7314453125,-11552.431640625,-4153.46826171875,14820.97265625,-4410.75927734375
377748.710807785,-2773.8291015625,46.58103561401367,-32031.0546875,15603.171875,-11554.6669921875,-4154.5185546875,14822.134765625,-4408.30029296875
377748.714983644,-2774.186767578125,44.83760070800781,-32039.50390625,15599.595703125,-11556.0087890625,-4157.89404296875,14818.513671875,-4408.70263671875
377748.71887433,-2775.72900390625,42.37890625,-32040.845703125,15600.35546875,-11555.7626953125,-4158.966796875,14816.994140625,-4410.669921875
377748.722030202,-2781.25,37.0591926574707,-32041.5390625,15594.9462890625,-11565.060546875,-4167.9296875,14807.248046875,-4420.14697265625
377748.726009868,-2774.94677734375,48.9279670715332,-32025.400390625,15610.771484375,-11550.1298828125,-4152.86474609375,14819.005859375,-4416.1904296875
377748.73091653,-2777.0478515625,51.25254821777344,-32023.947265625,15613.185546875,-11546.5087890625,-4147.74609375,14821.5537109375,-4417.0400390625
377748.736055488,-2777.584228515625,50.11260986328125,-32028.015625,15615.0625,-11544.0498046875,-4148.08154296875,14818.40234375,-4415.6767578125
377748.739041787,-2778.34423828125,48.54798889160156,-32031.01171875,15612.6484375,-11546.12890625,-4149.86962890625,14815.138671875,-4418.53759765625
377748.742988997,-2774.4326171875,54.96294021606445,-32025.556640625,15616.359375,-11548.9453125,-4152.7529296875,14813.9091796875,-4421.599609375
377748.745809371,-2772.33154296875,59.969730377197266,-32021.310546875,15619.734375,-11550.1748046875,-4152.68603515625,14815.541015625,-4420.638671875
377748.749708809,-2774.72314453125,54.717071533203125,-32026.853515625,15614.1240234375,-11552.275390625,-4154.3173828125,14814.6240234375,-4419.92333984375
377748.754013033,-2774.074951171875,50.71610641479492,-32034.876953125,15609.83203125,-11554.9130859375,-4158.45263671875,14812.232421875,-4413.44140625
377748.758931,-2772.443359375,50.09025955200195,-32035.99609375,15611.21875,-11554.2421875,-4162.60986328125,14809.662109375,-4410.51318359375
377748.762945674,-2770.811767578125,51.23019790649414,-32030.943359375,15613.990234375,-11549.5712890625,-4157.06689453125,14817.216796875,-4405.2158203125
377748.766782389,-2778.187744140625,45.821075439453125,-32033.4921875,15604.736328125,-11558.6904296875,-4164.28662109375,14812.7021484375,-4410.96044921875
377748.770769348,-2777.584228515625,43.72001266479492,-32036.77734375,15600.154296875,-11560.5234375,-4165.3818359375,14809.3271484375,-4414.76025390625
377748.774706347,-2775.281982421875,37.238006591796875,-32045.40625,15594.1416015625,-11561.529296875,-4165.1806640625,14806.935546875,-4413.15087890625
377748.777858572,-2783.35107421875,28.47612190246582,-32055.44140625,15584.396484375,-11572.6376953125,-4175.84228515625,14800.0068359375,-4418.26953125
377748.782045007,-2784.289794921875,30.241910934448242,-32052.22265625,15587.4140625,-11571.69921875,-4174.5009765625,14801.0126953125,-4419.69970703125
377748.786765687,-2786.837890625,30.353668212890625,-32049.98828125,15586.36328125,-11573.3759765625,-4172.9140625,14799.783203125,-4424.013671875
377748.790738789,-2783.41796875,35.76279067993164,-32045.673828125,15590.3193359375,-11568.16796875,-4167.61669921875,14803.4931640625,-4422.56103515625
377748.794723195,-2784.066162109375,37.84150314331055,-32048.736328125,15592.1298828125,-11567.4521484375,-4170.61181640625,14797.927734375,-4424.259765625
377748.798765949,-2779.55126953125,42.89299774169922,-32043.908203125,15596.533203125,-11563.8759765625,-4168.80126953125,14799.1572265625,-4424.34912109375
377748.801915986,-2773.806884765625,48.682098388671875,-32034.453125,15601.6513671875,-11558.7802734375,-4162.3642578125,14808.2314453125,-4418.470703125
377748.805905863,-2775.460693359375,51.543121337890625,-32030.228515625,15607.6865234375,-11557.55078125,-4162.60986328125,14808.3662109375,-4422.09130859375
377748.809924914,-2777.472412109375,50.649051666259766,-32031.48046875,15607.1728515625,-11560.1435546875,-4165.09130859375,14806.5556640625,-4418.2470703125
377748.814695918,-2774.455078125,51.2972526550293,-32035.548828125,15607.3291015625,-11556.947265625,-4163.3251953125,14806.4208984375,-4412.77099609375
377748.818806501,-2774.209228515625,49.66557693481445,-32038.4765625,15603.3505859375,-11558.109375,-4163.66064453125,14806.1982421875,-4411.83203125
377748.822835397,-2768.4423828125,57.8239631652832,-32030.4296875,15609.9443359375,-11555.94140625,-4162.140625,14807.5166015625,-4415.94482421875
377748.826853719,-2769.13525390625,59.545047760009766,-32026.8984375,15611.486328125,-11557.3046875,-4162.81103515625,14808.3212890625,-4413.396484375
377748.829809385,-2773.8291015625,58.09218215942383,-32028.3515625,15612.2685546875,-11553.638671875,-4159.23486328125,14809.70703125,-4410.6474609375
377748.833895171,-2772.8232421875,59.545047760009766,-32031.078125,15613.900390625,-11550.107421875,-4156.5751953125,14811.2490234375,-4408.0771484375
377748.83789927,-2776.51123046875,55.27586364746094,-32035.458984375,15609.36328125,-11554.8681640625,-4162.38671875,14807.046875,-4409.75341796875
377748.841962081,-2781.0263671875,48.0786018371582,-32035.212890625,15602.3447265625,-11561.4619140625,-4165.7841796875,14805.52734375,-4414.0
377748.846836652,-2777.62890625,49.64322280883789,-32027.390625,15604.84765625,-11560.814453125,-4165.42626953125,14806.1083984375,-4417.12939453125
377748.850790061,-2775.907958984375,53.085391998291016,-32022.71875,15611.1064453125,-11552.41015625,-4158.67626953125,14811.673828125,-4412.837890625
377748.854931642,-2783.999267578125,45.351688385009766,-32031.189453125,15602.0986328125,-11556.6337890625,-4161.4033203125,14809.193359375,-4409.55224609375
377748.85796863,-2782.792236328125,43.76471710205078,-32033.759765625,15599.9755859375,-11558.623046875,-4164.06298828125,14805.5498046875,-4412.8603515625
377748.861893596,-2774.25390625,48.905616760253906,-32025.087890625,15606.30078125,-11550.46484375,-4153.3564453125,14813.9091796875,-4410.31201171875
377748.865962606,-2775.773681640625,47.47510528564453,-32025.556640625,15605.2275390625,-11555.2041015625,-4157.84912109375,14810.35546875,-4414.31298828125
377748.870015936,-2777.494873046875,46.58103561401367,-32030.98828125,15601.115234375,-11559.3388671875,-4160.3525390625,14811.62890625,-4412.279296875
377748.874913116,-2779.95361328125,45.016414642333984,-32039.884765625,15597.9189453125,-11560.3671875,-4161.64892578125,14810.6015625,-4408.0546875
377748.878892053,-2790.883544921875,65.06592559814453,-32038.923828125,15603.328125,-11558.064453125,-4163.03466796875,14808.5,-4407.29443359375
377748.882905269,-2778.478271484375,63.27779006958008,-32031.32421875,15605.5634765625,-11558.2431640625,-4161.85009765625,14808.9921875,-4408.6806640625
377748.886079009,-2767.011962890625,51.92310333251953,-32027.568359375,15604.244140625,-11558.01953125,-4159.16796875,14809.6845703125,-4413.48583984375
377748.890106447,-2768.397705078125,55.67819595336914,-32027.009765625,15605.0263671875,-11556.90234375,-4159.68212890625,14808.9921875,-4416.16845703125
377748.893965771,-2767.6376953125,52.99598693847656,-32029.736328125,15605.33984375,-11556.455078125,-4161.49267578125,14807.0693359375,-4414.33544921875
377748.898005973,-2771.683349609375,47.81038284301758,-32031.658203125,15604.04296875,-11557.3271484375,-4162.47607421875,14806.845703125,-4412.2568359375
377748.902777706,-2774.097412109375,49.754981994628906,-32031.81640625,15597.3603515625,-11561.931640625,-4166.72265625,14804.6328125,-4414.6708984375
377748.90696013,-2770.968017578125,48.16801071166992,-32029.22265625,15601.9873046875,-11560.1884765625,-4167.9970703125,14803.9853515625,-4416.2578125
377748.910773141,-2777.561767578125,40.59076690673828,-32033.267578125,15598.1650390625,-11560.7470703125,-4167.9521484375,14803.9853515625,-4417.21875
377748.914128488,-2786.703857421875,31.024221420288086,-32043.05859375,15592.7109375,-11562.7587890625,-4168.3994140625,14800.1181640625,-4419.29736328125
377748.918130034,-2786.4130859375,34.533443450927734,-32038.6328125,15598.4111328125,-11559.271484375,-4165.716796875,14800.6103515625,-4420.48193359375
377748.92202145,-2780.892333984375,43.67530822753906,-32028.216796875,15605.8310546875,-11554.041015625,-4160.44189453125,14805.7060546875,-4419.09619140625
377748.925960272,-2779.95361328125,48.905616760253906,-32022.853515625,15608.759765625,-11554.041015625,-4157.759765625,14809.39453125,-4416.95068359375
377748.930870946,-2774.074951171875,57.309871673583984,-32019.544921875,15614.6376953125,-11554.48828125,-4158.3857421875,14810.8916015625,-4413.2626953125
377748.93500815,-2771.862060546875,58.44981002807617,-32025.53515625,15614.2138671875,-11553.68359375,-4157.84912109375,14814.2001953125,-4408.36767578125
377748.939225947,-2767.54833984375,65.75883483886719,-32019.8359375,15622.505859375,-11535.802734375,-4136.86083984375,14830.1142578125,-4396.69970703125
377748.942010218,-2771.638671875,60.32735824584961,-32021.623046875,15614.794921875,-11543.0224609375,-4138.89501953125,14828.2138671875,-4401.416015625
377748.946257188,-2767.92822265625,61.64611053466797,-32017.509765625,15614.1015625,-11545.48046875,-4141.24169921875,14827.0966796875,-4403.427734375
377748.9502529,-2769.4482421875,59.14271545410156,-32020.39453125,15612.783203125,-11548.3642578125,-4147.7685546875,14822.4921875,-4408.009765625
377748.954019597,-2775.21484375,50.93962478637695,-32031.212890625,15602.7470703125,-11554.779296875,-4155.50244140625,14814.3115234375,-4410.625
377748.958001816,-2775.2373046875,47.564510345458984,-32036.0625,15594.833984375,-11560.568359375,-4160.3076171875,14808.8349609375,-4410.4013671875
377748.963079509,-2779.90869140625,44.09999084472656,-32036.912109375,15590.029296875,-11565.8427734375,-4163.951171875,14805.080078125,-4414.6708984375
377748.967014685,-2775.21484375,55.477027893066406,-32023.2109375,15606.7705078125,-11551.6943359375,-4150.5400390625,14816.4345703125,-4406.4677734375
377748.970352163,-2776.55615234375,52.88422775268555,-32027.234375,15601.0927734375,-11557.7294921875,-4155.88232421875,14813.7978515625,-4408.0322265625
377748.974276034,-2779.662841796875,46.3798713684082,-32038.41015625,15593.203125,-11563.7646484375,-4161.44775390625,14806.1982421875,-4412.6142578125
377748.978026686,-2774.097412109375,51.766639709472656,-32036.7109375,15599.1484375,-11560.970703125,-4161.80517578125,14806.7568359375,-4411.2060546875
377748.982294078,-2772.666748046875,52.99598693847656,-32032.62109375,15597.6953125,-11562.53515625,-4160.48681640625,14810.8916015625,-4412.10009765625
377748.986291248,-2777.62890625,46.938663482666016,-32033.42578125,15590.185546875,-11567.720703125,-4161.5595703125,14810.2431640625,-4416.458984375
377748.991085592,-2773.382080078125,54.672367095947266,-32028.73046875,15601.0478515625,-11560.4560546875,-4159.9052734375,14808.7685546875,-4416.97314453125
377748.99516773,-2778.187744140625,52.660709381103516,-32033.828125,15601.115234375,-11560.5458984375,-4162.3193359375,14807.6064453125,-4414.8271484375
377748.99812048,-2777.830078125,51.25254821777344,-32034.498046875,15600.400390625,-11560.76953125,-4161.85009765625,14807.337890625,-4413.88818359375
377749.002071337,-2773.873779296875,52.25837707519531,-32029.177734375,15604.04296875,-11558.7578125,-4161.02294921875,14802.2861328125,-4419.0517578125
377749.006034592,-2775.281982421875,56.05817413330078,-32020.52734375,15612.7158203125,-11552.4765625,-4154.83154296875,14804.2978515625,-4421.2197265625
377749.010157939,-2777.427734375,55.40997314453125,-32021.35546875,15611.44140625,-11553.7060546875,-4155.3232421875,14805.5498046875,-4421.35400390625
377749.014423508,-2776.15380859375,56.32639694213867,-32023.03125,15613.140625,-11551.0234375,-4152.1494140625,14807.6728515625,-4411.76513671875
377749.019305008,-2770.968017578125,64.48477935791016,-32016.34765625,15624.5849609375,-11542.7763671875,-4146.3828125,14811.47265625,-4405.32763671875
377749.023103796,-2774.052734375,59.701507568359375,-32019.74609375,15614.2138671875,-11554.041015625,-4154.3623046875,14806.2646484375,-4412.837890625
377749.026326403,-2774.097412109375,55.83465576171875,-32022.3828125,15604.2001953125,-11561.7978515625,-4157.1337890625,14807.6953125,-4414.08935546875
377749.03029914,-2774.65625,55.54408645629883,-32026.71875,15599.7744140625,-11562.646484375,-4154.787109375,14811.763671875,-4412.32373046875
377749.03417998,-2775.572509765625,52.928932189941406,-32034.67578125,15599.70703125,-11560.232421875,-4154.22802734375,14813.529296875,-4409.68603515625
377749.038334324,-2774.25390625,51.766639709472656,-32037.314453125,15600.109375,-11559.40625,-4154.5859375,14815.0712890625,-4407.36181640625
377749.042419744,-2773.985595703125,50.8725700378418,-32034.474609375,15598.65625,-11558.82421875,-4151.88134765625,14819.5869140625,-4406.98193359375
377749.046492766,-2773.15869140625,51.207847595214844,-32032.306640625,15597.740234375,-11564.3681640625,-4157.1787109375,14816.9267578125,-4410.31201171875
377749.051349104,-2770.789306640625,52.012508392333984,-32031.435546875,15597.427734375,-11561.4619140625,-4151.30029296875,14824.0791015625,-4406.57958984375
377749.054330662,-2774.11962890625,48.771507263183594,-32038.69921875,15592.0400390625,-11563.1611328125,-4152.5966796875,14822.6484375,-4403.673828125
377749.059329951,-2776.71240234375,45.75402069091797,-32041.78515625,15589.08984375,-11563.138671875,-4151.81396484375,14820.2568359375,-4403.96435546875
377749.062581732,-2775.393798828125,47.98919677734375,-32036.666015625,15591.34765625,-11565.3291015625,-4155.23388671875,14816.7255859375,-4409.865234375
377749.066520554,-2775.2373046875,49.82203674316406,-32031.501953125,15594.5439453125,-11567.4296875,-4160.24072265625,14811.115234375,-4418.4033203125
377749.070565496,-2774.34326171875,50.11260986328125,-32031.14453125,15596.5107421875,-11563.541015625,-4158.162109375,14810.5341796875,-4420.52685546875
377749.074283692,-2775.32666015625,48.480934143066406,-32037.470703125,15595.125,-11562.1328125,-4158.51953125,14807.248046875,-4421.35400390625
377749.079237033,-2774.94677734375,49.68792724609375,-32037.76171875,15596.845703125,-11560.6796875,-4158.85498046875,14805.5498046875,-4419.96826171875
377749.083595228,-2775.103271484375,51.6772346496582,-32032.642578125,15601.5849609375,-11557.6845703125,-4153.82568359375,14809.5283203125,-4417.5986328125
377749.086565482,-2780.35595703125,46.983367919921875,-32033.3359375,15598.791015625,-11564.4130859375,-4159.5478515625,14802.95703125,-4424.95263671875
377749.090541501,-2782.412109375,44.591732025146484,-32034.85546875,15598.5,-11565.150390625,-4160.62060546875,14799.3134765625,-4427.634765625
377749.094637133,-2787.12841796875,36.94743347167969,-32044.623046875,15591.99609375,-11570.2236328125,-4168.62255859375,14792.7421875,-4427.03125
377749.098435192,-2785.586181640625,37.68503952026367,-32041.091796875,15597.9638671875,-11564.0107421875,-4165.7392578125,14797.5478515625,-4421.48779296875
377749.102535929,-2782.993408203125,45.5528564453125,-32029.71484375,15606.9716796875,-11557.5283203125,-4159.7490234375,14803.626953125,-4419.4091796875
377749.10758773,-2785.92138671875,48.45858383178711,-32022.80859375,15612.3134765625,-11553.5048828125,-4156.552734375,14807.0693359375,-4418.53759765625
377749.111538952,-2788.380126953125,46.62574005126953,-32023.2109375,15610.9951171875,-11554.48828125,-4155.748046875,14813.931640625,-4411.94384765625
377749.114629912,-2788.2236328125,46.290462493896484,-32026.673828125,15609.1396484375,-11555.248046875,-4155.79296875,14817.462890625,-4405.6181640625
377749.118560347,-2780.400634765625,53.823001861572266,-32021.802734375,15613.0283203125,-11549.0791015625,-4149.7578125,14824.5263671875,-4396.72216796875
377749.122597996,-2779.774658203125,54.448848724365234,-32018.78515625,15613.9677734375,-11547.6708984375,-4148.46142578125,14825.80078125,-4397.6162109375
377749.126587508,-2786.033203125,52.72776412963867,-32021.533203125,15610.32421875,-11555.1591796875,-4155.70361328125,14817.015625,-4406.75830078125
377749.130384838,-2780.467529296875,54.58295822143555,-32025.177734375,15605.3173828125,-11558.400390625,-4157.3125,14813.3505859375,-4410.28955078125
377749.135451226,-2774.097412109375,55.16410446166992,-32031.14453125,15601.3388671875,-11558.869140625,-4157.759765625,14813.841796875,-4407.11572265625
377749.13834344,-2774.455078125,54.38179397583008,-32035.1015625,15597.5615234375,-11560.232421875,-4157.87158203125,14814.2001953125,-4404.12060546875
377749.142249078,-2771.079833984375,55.96876907348633,-32031.658203125,15597.2041015625,-11559.361328125,-4153.02099609375,14818.2900390625,-4403.986328125
377749.146243331,-2767.794189453125,61.26613235473633,-32024.841796875,15601.5400390625,-11555.896484375,-4145.24267578125,14824.4140625,-4403.830078125
377749.150545367,-2769.8505859375,60.10383987426758,-32026.384765625,15599.4169921875,-11558.7353515625,-4146.3828125,14821.9560546875,-4408.77001953125
377749.154275961,-2770.8564453125,57.75690841674805,-32030.8984375,15596.98046875,-11558.556640625,-4146.78515625,14819.630859375,-4408.90380859375
377749.160380571,-2773.806884765625,54.4712028503418,-32033.984375,15593.0908203125,-11561.7529296875,-4151.88134765625,14812.8583984375,-4414.044921875
377749.163319463,-2772.91259765625,54.76177215576172,-32027.79296875,15595.236328125,-11561.283203125,-4152.88720703125,14811.1826171875,-4419.431640625
377749.167204679,-2772.75634765625,55.722900390625,-32021.734375,15596.689453125,-11563.3623046875,-4156.1279296875,14808.65625,-4425.68994140625
377749.170196084,-2773.203369140625,57.24281692504883,-32018.337890625,15598.3212890625,-11563.4287109375,-4159.68212890625,14801.7275390625,-4428.08154296875
377749.17454261,-2772.93505859375,57.46633529663086,-32021.421875,15600.154296875,-11562.53515625,-4163.66064453125,14794.8212890625,-4428.8642578125
377749.178324623,-2772.4208984375,58.60627365112305,-32023.61328125,15601.763671875,-11562.7587890625,-4165.7392578125,14790.439453125,-4429.84765625
377749.184488675,-2774.8349609375,59.16506576538086,-32020.439453125,15603.283203125,-11563.1611328125,-4164.5546875,14789.724609375,-4432.060546875
377749.187332387,-2778.009033203125,58.36040496826172,-32016.056640625,15605.3173828125,-11560.009765625,-4161.87255859375,14792.0712890625,-4433.15576171875
