#377720.179481728,-2615.6904296875,182.5690460205078,-31941.15625,15840.591796875,-11494.3623046875,-3930.2861328125,15033.0908203125,-4328.14697265625
377720.183457747,-2618.41748046875,178.88101196289062,-31945.60546875,15832.9921875,-11504.80078125,-3940.2548828125,15025.7587890625,-4334.80810546875
377720.187368125,-2618.551513671875,180.1774139404297,-31941.380859375,15833.640625,-11502.744140625,-3935.225830078125,15030.453125,-4331.81298828125
377720.191585192,-2614.282470703125,184.87127685546875,-31934.541015625,15835.9423828125,-11497.71484375,-3925.18994140625,15040.466796875,-4324.2578125
377720.194449327,-2611.957763671875,185.16184997558594,-31935.8828125,15833.55078125,-11496.552734375,-3920.76416015625,15044.9140625,-4320.7041015625
377720.198471659,-2609.63330078125,193.3202362060547,-31931.12109375,15843.9892578125,-11488.3271484375,-3917.79150390625,15044.19921875,-4321.97802734375
377720.204455562,-2600.647705078125,201.32215881347656,-31919.318359375,15854.8974609375,-11480.2802734375,-3910.303466796875,15049.0048828125,-4316.8369140625
377720.207326625,-2594.053955078125,206.55247497558594,-31910.19921875,15859.814453125,-11476.2353515625,-3903.419189453125,15055.0400390625,-4313.685546875
377720.211415328,-2600.1337890625,204.7643280029297,-31911.048828125,15857.9814453125,-11478.3583984375,-3905.430908203125,15053.6318359375,-4320.123046875
377720.215481057,-2599.776123046875,203.15499877929688,-31915.51953125,15856.283203125,-11478.537109375,-3905.341552734375,15056.0458984375,-4317.79833984375
377720.219373931,-2599.64208984375,200.7857208251953,-31918.380859375,15857.1318359375,-11475.36328125,-3902.1005859375,15059.107421875,-4312.59033203125
377720.22239852,-2600.446533203125,199.48931884765625,-31916.1015625,15856.796875,-11474.357421875,-3897.831298828125,15062.4833984375,-4310.8466796875
377720.226324944,-2604.469970703125,201.3668670654297,-31913.775390625,15854.0029296875,-11479.23046875,-3900.334716796875,15062.013671875,-4311.875
377720.232557919,-2608.470947265625,203.98202514648438,-31914.759765625,15853.0419921875,-11482.8955078125,-3905.721435546875,15059.1298828125,-4314.087890625
377720.235381574,-2610.1025390625,183.3513641357422,-31922.626953125,15843.69921875,-11483.7900390625,-3908.314208984375,15056.5146484375,-4315.58544921875
377720.239250015,-2607.576904296875,185.22891235351562,-31923.1640625,15846.73828125,-11480.236328125,-3906.816650390625,15056.1572265625,-4315.16064453125
377720.243567367,-2603.93359375,192.91790771484375,-31915.654296875,15855.6796875,-11471.4521484375,-3897.719482421875,15062.37109375,-4311.0703125
377720.24763346,-2605.498046875,192.5155792236328,-31912.501953125,15854.0703125,-11472.546875,-3896.043212890625,15065.27734375,-4309.97509765625
377720.250365583,-2609.588623046875,187.46408081054688,-31920.458984375,15846.783203125,-11481.0625,-3906.1015625,15057.341796875,-4315.00439453125
377720.254567699,-2610.348388671875,187.55348205566406,-31926.6953125,15847.833984375,-11478.7158203125,-3907.2861328125,15054.6376953125,-4309.59521484375
377720.258687764,-2617.2998046875,181.2949981689453,-31937.15625,15841.3291015625,-11486.0478515625,-3915.913818359375,15042.9248046875,-4317.10546875
377720.262660501,-2613.90234375,183.26194763183594,-31936.150390625,15841.44140625,-11486.3828125,-3915.8916015625,15040.2431640625,-4325.666015625
377720.267606548,-2615.5341796875,180.8256072998047,-31936.171875,15837.9765625,-11490.00390625,-3917.031494140625,15039.86328125,-4331.41064453125
377720.271379444,-2614.461181640625,183.10548400878906,-31934.517578125,15838.9599609375,-11490.607421875,-3916.942138671875,15040.6005859375,-4333.33251953125
377720.275589948,-2614.3271484375,184.31248474121094,-31938.33984375,15840.8828125,-11490.2275390625,-3918.707763671875,15039.326171875,-4334.4951171875
377720.278655016,-2612.00244140625,183.79840087890625,-31941.1796875,15838.7587890625,-11490.9423828125,-3918.2607421875,15040.6904296875,-4329.4208984375
377720.282384152,-2612.471923828125,182.59140014648438,-31941.357421875,15834.490234375,-11495.7255859375,-3920.6748046875,15040.421875,-4327.9013671875
377720.286390804,-2615.3330078125,186.81588745117188,-31935.994140625,15838.4013671875,-11494.5185546875,-3918.75244140625,15044.0205078125,-4325.666015625
377720.290455438,-2611.22021484375,188.62637329101562,-31931.412109375,15841.6201171875,-11487.9697265625,-3909.8564453125,15054.32421875,-4319.13916015625
377720.295308129,-2608.80615234375,189.6322021484375,-31933.669921875,15844.861328125,-11484.1474609375,-3910.147216796875,15053.20703125,-4318.62548828125
377720.29931551,-2600.3125,198.90817260742188,-31925.755859375,15853.4443359375,-11474.447265625,-3900.357177734375,15064.1591796875,-4306.53271484375
377720.305339163,-2607.21923828125,193.7449188232422,-31928.283203125,15846.26953125,-11479.5654296875,-3903.441650390625,15061.521484375,-4313.97607421875
377720.308670806,-2605.766357421875,196.3377227783203,-31922.001953125,15847.2978515625,-11478.8720703125,-3901.228759765625,15065.09765625,-4315.9208984375
377720.311293892,-2606.83935546875,195.62246704101562,-31920.794921875,15847.275390625,-11480.4150390625,-3902.9052734375,15061.857421875,-4321.79931640625
377720.314310824,-2612.382568359375,186.70411682128906,-31930.830078125,15840.3017578125,-11485.376953125,-3909.834228515625,15056.4931640625,-4320.01123046875
377720.318491789,-2613.03076171875,180.2221221923828,-31935.681640625,15834.400390625,-11487.9921875,-3914.39404296875,15054.1455078125,-4317.4404296875
377720.32339444,-2618.082275390625,174.32125854492188,-31937.044921875,15832.791015625,-11491.970703125,-3920.920654296875,15044.958984375,-4323.78857421875
377720.327647245,-2621.971435546875,178.72454833984375,-31928.662109375,15840.8154296875,-11486.9189453125,-3918.908935546875,15047.171875,-4323.54248046875
377720.331759287,-2622.865478515625,182.36788940429688,-31926.740234375,15841.2626953125,-11488.4609375,-3923.37939453125,15044.3330078125,-4325.73291015625
377720.334710578,-2620.1162109375,175.03651428222656,-31937.021484375,15832.4560546875,-11496.1953125,-3933.593994140625,15036.2421875,-4329.689453125
377720.338376625,-2615.846923828125,175.08120727539062,-31937.333984375,15833.1044921875,-11490.4287109375,-3924.072265625,15045.0263671875,-4326.26953125
377720.344669406,-2611.60009765625,179.21629333496094,-31933.53515625,15836.8369140625,-11489.6015625,-3921.412353515625,15047.1494140625,-4327.92333984375
377720.347671022,-2612.740234375,179.8868408203125,-31932.529296875,15835.4736328125,-11492.7978515625,-3921.77001953125,15046.099609375,-4323.7216796875
377720.351620055,-2613.83544921875,180.4009246826172,-31932.865234375,15836.6806640625,-11490.673828125,-3919.624267578125,15048.625,-4320.74853515625
377720.355507459,-2610.057861328125,184.2677764892578,-31939.4140625,15837.865234375,-11491.7470703125,-3925.39111328125,15044.244140625,-4323.14013671875
377720.359665449,-2607.889892578125,188.82752990722656,-31942.9453125,15842.4921875,-11487.6787109375,-3925.34619140625,15041.4052734375,-4326.0908203125
377720.362554017,-2616.0927734375,183.93251037597656,-31945.91796875,15837.9541015625,-11489.556640625,-3924.944091796875,15042.03125,-4328.99658203125
377720.366402036,-2609.879150390625,187.4417266845703,-31939.099609375,15840.9267578125,-11487.9921875,-3920.65234375,15048.22265625,-4328.72802734375
377720.370337576,-2612.986083984375,185.76535034179688,-31940.666015625,15839.0498046875,-11487.8359375,-3918.104248046875,15050.9716796875,-4328.236328125
377720.374582359,-2615.869384765625,184.53599548339844,-31943.68359375,15838.736328125,-11484.7958984375,-3915.422119140625,15053.0283203125,-4324.12353515625
377720.37860068,-2612.561279296875,186.21238708496094,-31940.10546875,15840.63671875,-11481.80078125,-3913.231689453125,15054.0341796875,-4321.3076171875
377720.383443525,-2606.861572265625,187.1064453125,-31933.69140625,15840.234375,-11482.470703125,-3910.750732421875,15055.0625,-4322.17919921875
377720.387437413,-2607.152099609375,184.35719299316406,-31929.779296875,15834.1767578125,-11487.5224609375,-3911.2646484375,15055.1962890625,-4324.705078125
377720.390476589,-2613.388427734375,186.1229705810547,-31925.17578125,15840.5244140625,-11483.923828125,-3909.029541015625,15056.3359375,-4323.96728515625
377720.394375298,-2609.02978515625,194.3707733154297,-31920.28125,15853.533203125,-11475.072265625,-3905.8779296875,15057.1181640625,-4319.96630859375
377720.398454884,-2606.191162109375,193.05201721191406,-31919.810546875,15852.6396484375,-11474.1787109375,-3906.727294921875,15056.1572265625,-4317.79833984375
377720.402576407,-2607.24169921875,192.53793334960938,-31915.765625,15854.6064453125,-11471.5185546875,-3907.241455078125,15054.3017578125,-4320.279296875
377720.406464541,-2609.186279296875,192.35911560058594,-31912.61328125,15855.076171875,-11472.0107421875,-3908.78369140625,15055.2861328125,-4321.32958984375
377720.411561926,-2608.180419921875,192.1802978515625,-31910.7578125,15855.9248046875,-11471.8095703125,-3906.727294921875,15057.2080078125,-4316.904296875
377720.415558002,-2612.471923828125,185.65359497070312,-31924.302734375,15847.341796875,-11481.845703125,-3918.2607421875,15045.1376953125,-4325.15185546875
377720.41859098,-2608.716796875,185.76535034179688,-31928.728515625,15846.671875,-11481.107421875,-3918.439697265625,15045.65234375,-4323.54248046875
377720.4223657,-2611.845947265625,179.01512145996094,-31934.16015625,15839.33984375,-11488.2158203125,-3924.78759765625,15040.3994140625,-4332.86328125
377720.42747512,-2615.846923828125,177.11521911621094,-31935.3671875,15834.7353515625,-11494.5859375,-3930.97900390625,15037.359375,-4336.77490234375
377720.431388415,-2621.21142578125,177.53990173339844,-31936.59765625,15833.685546875,-11495.099609375,-3931.0908203125,15041.0029296875,-4334.47265625
377720.434615033,-2620.9208984375,173.13661193847656,-31943.771484375,15832.0986328125,-11489.9365234375,-3926.307373046875,15043.1484375,-4330.00244140625
377720.440474584,-2617.076416015625,171.43788146972656,-31945.203125,15833.5068359375,-11482.8291015625,-3920.18310546875,15048.46875,-4321.32958984375
377720.444674147,-2617.0986328125,170.81202697753906,-31943.66015625,15832.9697265625,-11482.26953125,-3917.18798828125,15050.48046875,-4321.82177734375
377720.448384685,-2616.62939453125,174.14244079589844,-31938.072265625,15835.31640625,-11481.6884765625,-3913.947021484375,15053.966796875,-4321.083984375
377720.45193185,-2616.31640625,179.21629333496094,-31935.14453125,15840.5244140625,-11479.0732421875,-3911.912841796875,15056.6943359375,-4323.095703125
377720.454553112,-2617.255126953125,175.59530639648438,-31947.662109375,15832.5673828125,-11488.3720703125,-3923.245361328125,15046.724609375,-4328.59423828125
377720.458700527,-2612.941162109375,178.0540008544922,-31948.845703125,15835.00390625,-11484.3486328125,-3919.646728515625,15047.060546875,-4322.98388671875
377720.46255584,-2610.549560546875,181.18324279785156,-31943.458984375,15837.91015625,-11480.0126953125,-3913.96923828125,15050.1220703125,-4322.96142578125
377720.466565044,-2615.39990234375,178.38926696777344,-31939.5703125,15835.048828125,-11482.3369140625,-3913.18701171875,15050.1220703125,-4326.15771484375
377720.471661701,-2617.881103515625,183.86544799804688,-31935.76953125,15840.1220703125,-11480.50390625,-3911.845947265625,15048.2900390625,-4329.6220703125
377720.474542245,-2620.384521484375,181.0714874267578,-31940.732421875,15835.0263671875,-11486.5615234375,-3919.2890625,15043.193359375,-4330.78466796875
377720.479647653,-2611.82373046875,183.91015625,-31935.099609375,15840.189453125,-11480.392578125,-3916.2939453125,15044.958984375,-4327.3203125
377720.48355402,-2612.20361328125,177.94223022460938,-31934.697265625,15833.3056640625,-11485.9580078125,-3919.57958984375,15042.9921875,-4331.74560546875
377720.48760662,-2613.880126953125,182.03260803222656,-31926.78515625,15839.630859375,-11483.2529296875,-3917.56787109375,15044.7353515625,-4333.77978515625
377720.492508542,-2610.057861328125,189.09576416015625,-31920.302734375,15848.9287109375,-11479.5205078125,-3919.825439453125,15046.724609375,-4330.96337890625
377720.496679296,-2610.19189453125,185.87710571289062,-31927.0078125,15847.0517578125,-11479.7216796875,-3923.4462890625,15046.5009765625,-4328.68359375
377720.500684854,-2615.51171875,179.99859619140625,-31932.171875,15844.8837890625,-11475.6982421875,-3917.523193359375,15049.6083984375,-4325.8671875
377720.503723666,-2621.03271484375,176.2882080078125,-31933.958984375,15839.9208984375,-11482.5830078125,-3923.625244140625,15043.6630859375,-4332.52783203125
377720.507683275,-2614.61767578125,177.87518310546875,-31931.076171875,15837.3955078125,-11486.9189453125,-3926.888671875,15040.17578125,-4337.17724609375
377720.510702394,-2614.103515625,177.80812072753906,-31931.1875,15834.556640625,-11489.064453125,-3928.497802734375,15037.9404296875,-4336.283203125
377720.51459928,-2619.22216796875,172.1754913330078,-31942.251953125,15828.3203125,-11490.9423828125,-3932.677734375,15033.4482421875,-4341.15576171875
377720.518650786,-2616.361083984375,172.73428344726562,-31945.224609375,15828.119140625,-11486.8515625,-3928.6767578125,15038.3876953125,-4337.2216796875
377720.522633734,-2615.39990234375,170.94613647460938,-31946.54296875,15826.0634765625,-11488.55078125,-3929.14599609375,15039.9521484375,-4337.15478515625
377720.528810549,-2619.22216796875,168.39804077148438,-31947.37109375,15823.3359375,-11492.5517578125,-3931.940185546875,15038.455078125,-4339.97119140625
377720.531782626,-2623.178466796875,165.24644470214844,-31949.3828125,15819.8271484375,-11495.748046875,-3934.2646484375,15038.923828125,-4337.37841796875
377720.535598919,-2624.251220703125,163.72653198242188,-31952.6015625,15818.955078125,-11490.40625,-3927.4697265625,15045.4736328125,-4331.96923828125
377720.53873838,-2625.570068359375,159.99378967285156,-31955.751953125,15818.0615234375,-11491.2998046875,-3929.458984375,15042.7021484375,-4333.60107421875
377720.542759983,-2623.178466796875,163.7935791015625,-31950.6796875,15822.419921875,-11492.2392578125,-3932.36474609375,15038.6787109375,-4338.8984375
377720.546623319,-2620.540771484375,171.23670959472656,-31938.98828125,15831.4052734375,-11483.8564453125,-3921.211181640625,15046.3896484375,-4335.74658203125
377720.550837834,-2617.81396484375,174.74594116210938,-31934.5859375,15833.08203125,-11483.923828125,-3918.707763671875,15051.5302734375,-4330.78466796875
377720.555591333,-2611.39892578125,180.1103515625,-31933.982421875,15837.3955078125,-11477.978515625,-3914.639892578125,15057.3642578125,-4322.5146484375
377720.558660778,-2599.03857421875,188.4475555419922,-31929.6015625,15842.9384765625,-11471.1611328125,-3907.911865234375,15065.2548828125,-4315.09375
377720.562725777,-2592.400146484375,193.99078369140625,-31924.37109375,15845.46484375,-11469.7529296875,-3903.933349609375,15072.228515625,-4313.9091796875
377720.566792235,-2596.60205078125,193.9460906982422,-31922.11328125,15845.330078125,-11474.0,-3907.442626953125,15066.640625,-4319.1171875
377720.570669428,-2597.80908203125,195.4436492919922,-31918.849609375,15851.3203125,-11468.0986328125,-3900.826416015625,15068.853515625,-4320.74853515625
377720.574648365,-2604.671142578125,188.2910919189453,-31923.744140625,15848.34765625,-11465.4833984375,-3898.77001953125,15068.8310546875,-4316.501953125
377720.578714822,-2608.80615234375,181.2502899169922,-31929.6015625,15839.6083984375,-11470.2451171875,-3904.626220703125,15065.142578125,-4313.484375
377720.583669621,-2611.62255859375,177.763427734375,-31932.953125,15836.970703125,-11476.3017578125,-3912.203369140625,15054.0341796875,-4322.044921875
377720.586664308,-2619.579833984375,168.93447875976562,-31941.447265625,15828.56640625,-11490.2275390625,-3926.419189453125,15038.09765625,-4337.7138671875
377720.589758915,-2626.53125,163.0783233642578,-31947.6171875,15822.978515625,-11496.75390625,-3934.17529296875,15031.6376953125,-4345.1123046875
377720.594820198,-2631.515625,158.7867889404297,-31955.751953125,15819.5361328125,-11495.30078125,-3932.498779296875,15031.9501953125,-4346.38623046875
377720.598834872,-2624.921875,157.66920471191406,-31959.083984375,15817.7255859375,-11495.14453125,-3932.901123046875,15031.97265625,-4344.77685546875
377720.602844806,-2627.067626953125,153.86941528320312,-31960.916015625,15813.8818359375,-11499.279296875,-3935.8740234375,15030.453125,-4348.0625
377720.60686021,-2622.239501953125,162.05014038085938,-31952.19921875,15820.6318359375,-11492.685546875,-3925.8828125,15041.13671875,-4339.72509765625
377720.611762496,-2621.166748046875,165.9169921875,-31949.62890625,15823.716796875,-11490.048828125,-3924.474609375,15043.1259765625,-4337.04296875
377720.615669957,-2620.675048828125,169.06858825683594,-31951.796875,15826.6669921875,-11485.935546875,-3923.78173828125,15042.7236328125,-4338.6748046875
377720.618846979,-2617.881103515625,170.38734436035156,-31954.58984375,15824.5654296875,-11488.259765625,-3927.514404296875,15039.3486328125,-4338.048828125
377720.622818987,-2614.081298828125,175.19297790527344,-31950.34375,15829.05859375,-11486.5390625,-3925.8828125,15039.6171875,-4337.2216796875
377720.626777502,-2609.789794921875,182.0996551513672,-31939.94921875,15836.7919921875,-11479.7216796875,-3916.8525390625,15049.0048828125,-4333.98095703125
377720.63078853,-2613.7236328125,175.28237915039062,-31942.296875,15828.3427734375,-11483.96875,-3916.942138671875,15047.0380859375,-4338.56298828125
377720.634892549,-2615.087158203125,170.45440673828125,-31946.900390625,15826.3759765625,-11481.64453125,-3914.2822265625,15049.0498046875,-4334.31640625
377720.638965935,-2607.01806640625,179.462158203125,-31939.615234375,15835.5625,-11473.6865234375,-3907.77783203125,15054.1005859375,-4324.2802734375
377720.643855458,-2608.873291015625,181.69732666015625,-31935.658203125,15835.3388671875,-11472.5693359375,-3904.08984375,15057.900390625,-4322.7158203125
377720.646900105,-2606.571044921875,178.29986572265625,-31934.4296875,15828.923828125,-11479.9228515625,-3909.07421875,15056.2021484375,-4329.35400390625
377720.650835645,-2605.296875,181.40675354003906,-31930.96484375,15831.5390625,-11480.2578125,-3909.811767578125,15053.85546875,-4334.025390625
377720.654877306,-2603.866455078125,185.7429962158203,-31929.892578125,15839.138671875,-11471.49609375,-3904.715576171875,15056.26953125,-4327.36474609375
377720.658942305,-2600.446533203125,191.3309326171875,-31927.923828125,15845.732421875,-11466.7353515625,-3904.335693359375,15054.771484375,-4326.26953125
377720.662986882,-2601.989013671875,192.0461883544922,-31927.3203125,15846.4033203125,-11468.412109375,-3904.313232421875,15056.0458984375,-4328.884765625
377720.667004109,-2604.02294921875,190.4145050048828,-31922.91796875,15847.5205078125,-11467.361328125,-3901.139404296875,15060.7841796875,-4327.74462890625
377720.670868539,-2605.83349609375,188.0675811767578,-31920.458984375,15847.587890625,-11466.3779296875,-3900.267578125,15061.4775390625,-4326.2470703125
377720.673972263,-2607.554443359375,183.37371826171875,-31929.2890625,15842.3125,-11470.892578125,-3906.123779296875,15054.5478515625,-4326.33642578125
377720.67884027,-2611.644775390625,177.11521911621094,-31936.171875,15836.501953125,-11476.7041015625,-3912.76220703125,15044.8251953125,-4330.896484375
377720.682957781,-2610.057861328125,179.5962677001953,-31931.232421875,15839.630859375,-11474.8271484375,-3909.811767578125,15047.1044921875,-4330.0244140625
377720.686896239,-2603.754638671875,189.78866577148438,-31920.482421875,15852.6396484375,-11465.8193359375,-3901.876953125,15054.771484375,-4326.53759765625
377720.691031985,-2607.844970703125,186.48060607910156,-31921.912109375,15848.5263671875,-11470.22265625,-3907.17431640625,15050.2119140625,-4333.8466796875
377720.695071457,-2610.63916015625,180.33387756347656,-31930.673828125,15841.7099609375,-11475.0283203125,-3914.99755859375,15042.5673828125,-4337.37841796875
377720.699070815,-2614.70703125,169.35916137695312,-31940.419921875,15830.4892578125,-11483.4541015625,-3926.083984375,15031.302734375,-4343.033203125
377720.702126767,-2612.561279296875,171.10260009765625,-31937.669921875,15830.7568359375,-11480.66015625,-3923.8935546875,15031.7490234375,-4341.80419921875
377720.70613196,-2617.81396484375,169.716796875,-31937.71484375,15825.7275390625,-11485.6005859375,-3928.296630859375,15030.20703125,-4344.39697265625
377720.710963135,-2611.7119140625,171.9072723388672,-31937.37890625,15826.6220703125,-11486.8740234375,-3931.426025390625,15027.837890625,-4345.71533203125
377720.716135278,-2610.885009765625,173.58364868164062,-31941.671875,15828.119140625,-11484.3486328125,-3931.76123046875,15025.3564453125,-4341.78173828125
377720.719935161,-2608.5380859375,175.19297790527344,-31940.798828125,15829.908203125,-11476.681640625,-3923.0888671875,15034.029296875,-4330.20361328125
377720.723154486,-2606.347412109375,179.1268768310547,-31937.22265625,15832.4560546875,-11475.408203125,-3919.75830078125,15038.2763671875,-4326.93994140625
377720.726919724,-2602.5029296875,184.6254119873047,-31929.98046875,15835.6748046875,-11472.8154296875,-3913.65625,15046.4345703125,-4325.4873046875
377720.730171869,-2608.761474609375,177.91989135742188,-31935.658203125,15826.1083984375,-11482.0244140625,-3918.305419921875,15043.3271484375,-4331.4775390625
377720.734258384,-2607.956787109375,180.2221221923828,-31938.251953125,15824.6103515625,-11481.9794921875,-3917.97021484375,15044.2666015625,-4330.6728515625
377720.739006779,-2607.19677734375,180.35623168945312,-31936.931640625,15830.265625,-11474.2900390625,-3914.639892578125,15047.3505859375,-4329.0634765625
377720.744175275,-2607.80029296875,180.69149780273438,-31933.51171875,15833.6181640625,-11474.1787109375,-3916.807861328125,15045.763671875,-4330.78466796875
377720.747954736,-2605.02880859375,187.19586181640625,-31923.341796875,15839.4072265625,-11469.5068359375,-3910.236572265625,15049.2734375,-4330.76220703125
377720.751134312,-2604.00048828125,186.92764282226562,-31921.2421875,15839.4970703125,-11470.4013671875,-3909.744873046875,15047.6640625,-4334.56201171875
377720.754243506,-2610.21435546875,179.01512145996094,-31932.060546875,15834.7138671875,-11472.859375,-3914.617431640625,15042.544921875,-4336.6630859375
377720.758211502,-2609.543701171875,178.76925659179688,-31933.84765625,15834.84765625,-11471.1611328125,-3916.58447265625,15043.1259765625,-4331.6787109375
377720.762423464,-2611.644775390625,172.86839294433594,-31935.681640625,15828.6787109375,-11477.978515625,-3923.513427734375,15037.9853515625,-4335.54541015625
377720.767073032,-2608.359130859375,176.3776092529297,-31927.478515625,15833.4619140625,-11475.1171875,-3921.0546875,15039.9970703125,-4330.18115234375
377720.772274714,-2607.30859375,180.3115234375,-31924.169921875,15838.9150390625,-11475.0283203125,-3925.4580078125,15034.07421875,-4338.71923828125
377720.775437515,-2611.376708984375,180.06565856933594,-31926.046875,15839.943359375,-11477.486328125,-3931.0908203125,15027.2568359375,-4345.2236328125
377720.779455471,-2610.79541015625,180.69149780273438,-31924.482421875,15842.9833984375,-11468.970703125,-3923.714599609375,15029.357421875,-4344.8212890625
377720.782540597,-2609.7001953125,183.17254638671875,-31919.431640625,15846.470703125,-11467.271484375,-3922.0830078125,15027.2119140625,-4350.0517578125
377720.786474314,-2607.062744140625,185.58653259277344,-31914.021484375,15847.07421875,-11470.4462890625,-3923.6474609375,15028.6201171875,-4350.9013671875
377720.79043684,-2602.949951171875,182.16671752929688,-31918.626953125,15840.546875,-11476.8828125,-3928.296630859375,15027.748046875,-4350.96826171875
377720.794469019,-2612.583740234375,172.08607482910156,-31934.384765625,15829.3046875,-11484.9296875,-3933.16943359375,15025.0439453125,-4348.107421875
377720.799167453,-2616.80810546875,164.24061584472656,-31945.42578125,15819.849609375,-11490.607421875,-3937.2822265625,15022.0712890625,-4349.0234375
377720.803102994,-2612.784912109375,166.8334197998047,-31945.068359375,15820.69921875,-11489.109375,-3936.94677734375,15022.763671875,-4346.8330078125
377720.807157417,-2613.567138671875,168.5768585205078,-31944.2421875,15820.005859375,-11491.4560546875,-3939.58447265625,15020.7294921875,-4350.8115234375
377720.810419044,-2615.19873046875,167.9510040283203,-31944.12890625,15815.7587890625,-11493.982421875,-3939.6513671875,15022.65234375,-4351.14697265625
377720.814139428,-2609.990966796875,171.77316284179688,-31944.822265625,15818.6875,-11485.6005859375,-3931.78369140625,15032.017578125,-4342.20654296875
377720.81817343,-2610.41552734375,170.58851623535156,-31947.705078125,15817.5693359375,-11484.21484375,-3930.598876953125,15033.4033203125,-4339.41259765625
377720.823087751,-2604.537109375,180.46798706054688,-31939.123046875,15826.890625,-11477.732421875,-3924.206298828125,15039.9970703125,-4337.17724609375
377720.827176453,-2603.732421875,184.31248474121094,-31936.216796875,15829.9296875,-11475.1845703125,-3918.618408203125,15043.640625,-4337.73583984375
377720.831449316,-2602.7265625,184.2677764892578,-31934.474609375,15829.103515625,-11475.4306640625,-3915.15380859375,15047.4853515625,-4333.6455078125
377720.835412207,-2604.9169921875,181.7196807861328,-31939.01171875,15826.443359375,-11476.279296875,-3914.77392578125,15047.73046875,-4330.8291015625
377720.83911618,-2608.4931640625,177.67401123046875,-31944.263671875,15826.15234375,-11476.1904296875,-3918.327880859375,15043.2607421875,-4335.54541015625
377720.842465693,-2607.956787109375,181.362060546875,-31939.01171875,15832.27734375,-11474.916015625,-3920.25,15039.21484375,-4341.91552734375
377720.846385553,-2604.80517578125,186.81588745117188,-31927.5,15837.015625,-11473.0166015625,-3917.612548828125,15044.1318359375,-4341.267578125
377720.850482643,-2610.259033203125,183.4184112548828,-31925.7109375,15835.517578125,-11476.97265625,-3923.222900390625,15038.5439453125,-4344.6650390625
377720.856216381,-2612.337890625,178.92572021484375,-31928.39453125,15834.7353515625,-11478.2021484375,-3927.514404296875,15030.609375,-4344.6875
377720.859493689,-2607.7109375,180.89266967773438,-31920.638671875,15842.15625,-11469.9091796875,-3918.998291015625,15035.1025390625,-4337.646484375
377720.863481013,-2605.3193359375,187.68759155273438,-31908.03125,15851.9912109375,-11465.505859375,-3917.0537109375,15034.8564453125,-4340.19482421875
377720.866239392,-2608.4931640625,181.51852416992188,-31904.8125,15850.046875,-11466.3330078125,-3915.846923828125,15033.3583984375,-4348.33056640625
377720.87049475,-2610.01318359375,181.56321716308594,-31904.478515625,15854.4951171875,-11459.44921875,-3910.080078125,15036.2197265625,-4349.76123046875
377720.87425306,-2611.555419921875,179.462158203125,-31917.10546875,15851.119140625,-11460.3427734375,-3913.924560546875,15033.2919921875,-4346.94482421875
377720.878268828,-2615.310546875,172.28724670410156,-31936.44140625,15837.8427734375,-11470.087890625,-3923.938232421875,15025.3115234375,-4349.6943359375
377720.883201747,-2619.42333984375,165.02293395996094,-31949.2265625,15824.7216796875,-11480.90625,-3932.699951171875,15021.0205078125,-4352.15283203125
377720.887461116,-2622.172607421875,163.5030059814453,-31950.34375,15819.2685546875,-11484.7958984375,-3932.230712890625,15025.46875,-4352.53271484375
377720.891508247,-2619.490234375,164.5535430908203,-31950.6796875,15816.384765625,-11487.9921875,-3934.041015625,15027.7041015625,-4353.15869140625
377720.894357794,-2614.81884765625,165.02293395996094,-31955.9765625,15814.775390625,-11489.7802734375,-3937.662109375,15024.8203125,-4349.671875
377720.898172993,-2608.42626953125,170.566162109375,-31954.634765625,15818.1953125,-11486.181640625,-3933.840087890625,15027.2119140625,-4346.095703125
377720.902143542,-2606.369873046875,172.53311157226562,-31951.86328125,15817.1220703125,-11487.34375,-3932.99072265625,15027.8603515625,-4346.6767578125
377720.906217293,-2605.5205078125,174.65652465820312,-31946.498046875,15817.1005859375,-11487.947265625,-3931.001220703125,15028.3740234375,-4346.52001953125
377720.910183466,-2609.387451171875,173.33778381347656,-31947.951171875,15812.5400390625,-11492.5966796875,-3935.650390625,15025.021484375,-4349.91748046875
377720.915347951,-2609.23095703125,176.0870361328125,-31948.5546875,15817.6142578125,-11488.9755859375,-3934.711669921875,15025.9150390625,-4346.78857421875
377720.91914054,-2604.62646484375,179.93154907226562,-31942.005859375,15827.2705078125,-11477.6435546875,-3925.8828125,15032.2861328125,-4338.8984375
377720.923519887,-2596.82568359375,191.1297607421875,-31928.908203125,15841.4189453125,-11466.6904296875,-3915.66796875,15037.091796875,-4337.4228515625
377720.926260397,-2596.959716796875,196.2706756591797,-31918.224609375,15847.5205078125,-11460.4326171875,-3905.207275390625,15042.7236328125,-4336.55126953125
377720.930296952,-2602.972412109375,191.08506774902344,-31918.984375,15843.609375,-11463.2490234375,-3908.56005859375,15039.9521484375,-4341.111328125
377720.934280629,-2602.860595703125,189.3416290283203,-31920.83984375,15842.603515625,-11463.4501953125,-3910.16943359375,15040.5556640625,-4336.19384765625
377720.940284225,-2605.967529296875,180.89266967773438,-31927.74609375,15836.61328125,-11468.2333984375,-3916.36083984375,15034.8564453125,-4339.4794921875
377720.943289852,-2606.302734375,179.64097595214844,-31923.54296875,15837.3955078125,-11469.3955078125,-3919.020751953125,15033.7158203125,-4341.6923828125
377720.947396059,-2613.43310546875,174.63418579101562,-31919.1171875,15835.607421875,-11472.0771484375,-3922.35107421875,15033.6943359375,-4344.240234375
377720.951552226,-2617.769287109375,170.8567352294922,-31918.08984375,15834.7353515625,-11473.462890625,-3924.742919921875,15032.4873046875,-4345.13427734375
377720.954320451,-2620.80908203125,166.8781280517578,-31925.533203125,15833.8642578125,-11470.625,-3923.513427734375,15029.08984375,-4343.63671875
377720.958354453,-2622.172607421875,162.47482299804688,-31935.63671875,15831.271484375,-11470.9375,-3924.519287109375,15026.9208984375,-4342.92138671875
377720.962539065,-2619.646728515625,170.52145385742188,-31934.294921875,15839.0947265625,-11465.5732421875,-3921.0771484375,15028.2626953125,-4343.54736328125
377720.966392919,-2616.562255859375,175.81881713867188,-31932.57421875,15838.8935546875,-11466.9814453125,-3920.630126953125,15026.4296875,-4348.2412109375
377720.971523125,-2610.39306640625,173.1142578125,-31939.97265625,15827.5166015625,-11479.6103515625,-3932.722412109375,15017.4892578125,-4353.94091796875
377720.975288364,-2613.1201171875,171.41552734375,-31948.779296875,15823.783203125,-11479.587890625,-3934.331787109375,15017.2431640625,-4352.48828125
377720.979399676,-2607.42041015625,177.3387451171875,-31949.337890625,15825.9736328125,-11477.4423828125,-3932.58837890625,15021.712890625,-4343.36865234375
377720.9824425,-2606.43701171875,179.0374755859375,-31945.939453125,15824.677734375,-11475.9892578125,-3929.503662109375,15024.931640625,-4340.95458984375
377720.986370018,-2607.01806640625,179.8868408203125,-31941.08984375,15823.828125,-11479.2744140625,-3929.794189453125,15028.75390625,-4342.2509765625
377720.990432829,-2601.00537109375,186.8829345703125,-31929.892578125,15832.6572265625,-11470.8037109375,-3920.138427734375,15038.8349609375,-4340.97705078125
377720.994449691,-2593.294189453125,190.6827392578125,-31926.2265625,15836.3447265625,-11463.62890625,-3912.918701171875,15045.7861328125,-4335.634765625
377720.99927649,-2595.61865234375,188.20169067382812,-31929.4453125,15833.3720703125,-11465.3046875,-3914.55029296875,15044.646484375,-4333.17626953125
377721.003349147,-2597.5185546875,187.55348205566406,-31925.98046875,15834.1767578125,-11463.986328125,-3913.142333984375,15045.3388671875,-4331.6787109375
377721.00627637,-2595.685791015625,191.30857849121094,-31916.2578125,15839.9208984375,-11459.158203125,-3910.77294921875,15049.228515625,-4328.32568359375
377721.010193677,-2598.23388671875,190.01217651367188,-31913.171875,15838.267578125,-11461.326171875,-3913.6787109375,15048.3115234375,-4326.80615234375
377721.014494254,-2607.375732421875,183.01608276367188,-31921.48828125,15832.947265625,-11466.9365234375,-3923.312255859375,15037.158203125,-4335.03125
377721.018478296,-2608.716796875,177.562255859375,-31926.2265625,15829.6171875,-11468.8369140625,-3926.55322265625,15032.62109375,-4338.6748046875
377721.022441916,-2605.498046875,178.38926696777344,-31919.318359375,15831.47265625,-11465.0595703125,-3919.311279296875,15038.2314453125,-4339.39013671875
377721.028483073,-2605.5205078125,182.70315551757812,-31911.4296875,15836.6806640625,-11462.5556640625,-3914.103271484375,15042.9033203125,-4335.43359375
377721.031483959,-2600.60302734375,187.7993621826172,-31905.974609375,15843.6767578125,-11457.1240234375,-3909.0966796875,15048.06640625,-4331.09765625
377721.035413665,-2598.5244140625,194.32606506347656,-31903.29296875,15855.1650390625,-11443.2666015625,-3898.635986328125,15055.0849609375,-4321.6650390625
377721.03847144,-2603.486572265625,185.87710571289062,-31914.8046875,15848.3701171875,-11447.267578125,-3905.006103515625,15047.865234375,-4325.0400390625
377721.042510912,-2607.085205078125,181.40675354003906,-31918.828125,15844.4365234375,-11450.1953125,-3908.20263671875,15045.5625,-4329.6220703125
377721.04647198,-2605.051025390625,185.67593383789062,-31914.201171875,15849.1298828125,-11447.22265625,-3904.6708984375,15047.2841796875,-4331.52197265625
377721.050512181,-2614.61767578125,178.67984008789062,-31922.91796875,15839.7421875,-11458.7783203125,-3917.836181640625,15034.7666015625,-4341.87109375
377721.054489659,-2619.3115234375,170.16383361816406,-31937.333984375,15827.046875,-11466.9365234375,-3925.122802734375,15025.78125,-4343.435546875
377721.059430601,-2617.881103515625,163.34654235839844,-31948.33203125,15818.3740234375,-11472.7255859375,-3929.615478515625,15018.4501953125,-4349.18017578125
377721.063493412,-2604.80517578125,179.95388793945312,-31933.892578125,15832.947265625,-11459.716796875,-3916.517333984375,15030.296875,-4340.79833984375
377721.066690491,-2601.564208984375,188.38050842285156,-31927.478515625,15837.216796875,-11458.8232421875,-3914.79638671875,15032.419921875,-4341.15576171875
377721.070515901,-2605.20751953125,182.79257202148438,-31931.166015625,15827.5166015625,-11468.9931640625,-3922.75341796875,15030.6767578125,-4340.306640625
377721.074582724,-2603.732421875,180.46798706054688,-31935.546875,15825.146484375,-11469.4404296875,-3922.37353515625,15033.9169921875,-4334.271484375
377721.07865064,-2596.892822265625,184.6254119873047,-31933.19921875,15829.2373046875,-11466.4453125,-3919.802978515625,15038.3203125,-4329.33154296875
377721.082838534,-2596.53515625,184.6924591064453,-31930.853515625,15828.1416015625,-11468.7919921875,-3921.859375,15040.6455078125,-4330.7177734375
377721.087719669,-2597.160888671875,185.0948028564453,-31927.208984375,15826.80078125,-11472.4130859375,-3923.334716796875,15041.2490234375,-4338.00439453125
377721.091536691,-2595.283447265625,189.16281127929688,-31922.91796875,15830.8466796875,-11470.6689453125,-3921.926513671875,15041.4501953125,-4337.9150390625
377721.095672437,-2599.686767578125,187.1735076904297,-31928.52734375,15829.5947265625,-11470.78125,-3924.0498046875,15040.064453125,-4334.4951171875
377721.098578873,-2601.877197265625,183.82073974609375,-31933.087890625,15825.8173828125,-11471.541015625,-3926.195556640625,15041.0029296875,-4331.298828125
377721.103577067,-2596.959716796875,190.36981201171875,-31924.37109375,15837.2392578125,-11459.7392578125,-3917.8583984375,15043.640625,-4332.55029296875
377721.107705884,-2598.077392578125,187.97816467285156,-31922.650390625,15834.087890625,-11464.1875,-3920.943115234375,15040.6904296875,-4339.01025390625
377721.110615238,-2602.994873046875,180.33387756347656,-31927.701171875,15826.3984375,-11471.8544921875,-3928.408447265625,15032.1962890625,-4345.15673828125
377721.115704965,-2607.152099609375,175.4388427734375,-31933.51171875,15827.1357421875,-11465.8857421875,-3923.312255859375,15031.458984375,-4341.17822265625
377721.119774705,-2608.761474609375,171.86256408691406,-31937.669921875,15824.9453125,-11468.166015625,-3928.408447265625,15026.7197265625,-4343.14501953125
377721.12356073,-2607.82275390625,169.1580047607422,-31935.8828125,15823.4482421875,-11470.0654296875,-3931.873046875,15025.4013671875,-4345.8720703125
377721.126593343,-2607.465087890625,174.34361267089844,-31928.3046875,15832.142578125,-11466.5341796875,-3931.492919921875,15025.0439453125,-4351.37060546875
377721.130601088,-2604.782958984375,183.5748748779297,-31918.6484375,15845.978515625,-11457.9287109375,-3925.8828125,15026.541015625,-4351.03515625
377721.134477552,-2612.3154296875,178.38926696777344,-31928.1484375,15840.8603515625,-11460.052734375,-3929.36962890625,15019.8583984375,-4352.4208984375
377721.138654141,-2617.5234375,173.42718505859375,-31939.8828125,15835.09375,-11465.9755859375,-3938.0419921875,15010.0009765625,-4358.74658203125
377721.142574365,-2610.460205078125,175.03651428222656,-31937.24609375,15835.6298828125,-11461.125,-3931.135498046875,15015.8349609375,-4355.37158203125
377721.147526247,-2612.00244140625,171.7061004638672,-31937.849609375,15828.1416015625,-11466.0869140625,-3932.94580078125,15014.29296875,-4356.77978515625
377721.150426119,-2609.253173828125,173.09190368652344,-31936.75390625,15824.029296875,-11471.0048828125,-3935.6728515625,15013.0859375,-4354.72314453125
377721.155536268,-2603.53125,179.66331481933594,-31935.30078125,15829.7509765625,-11463.3154296875,-3928.6767578125,15020.7294921875,-4344.44140625
377721.158541895,-2607.19677734375,174.9470977783203,-31941.828125,15822.2861328125,-11467.4951171875,-3929.861328125,15024.529296875,-4334.8974609375
377721.162626951,-2601.4970703125,179.73037719726562,-31937.6484375,15822.419921875,-11470.021484375,-3930.35302734375,15028.4189453125,-4332.0361328125
377721.166597865,-2599.261962890625,182.59140014648438,-31930.115234375,15825.28125,-11467.115234375,-3924.78759765625,15032.8447265625,-4333.6455078125
377721.171078225,-2594.769287109375,187.1064453125,-31923.65625,15828.455078125,-11462.935546875,-3918.88671875,15039.2373046875,-4331.0751953125
377721.175894449,-2593.60693359375,187.1064453125,-31927.880859375,15824.275390625,-11466.5791015625,-3921.97119140625,15036.509765625,-4331.701171875
#377735.190398185,-2751.186767578125,85.62953186035156,-32037.068359375,15659.744140625,-11568.01171875,-4058.4287109375,14903.919921875,-4368.2685546875
377735.1953074,-2756.14892578125,83.99785614013672,-32032.552734375,15661.4873046875,-11562.2001953125,-4051.633544921875,14906.6689453125,-4369.36376953125
377735.199305299,-2756.72998046875,84.73546600341797,-32028.931640625,15661.5771484375,-11561.57421875,-4052.348876953125,14906.6240234375,-4369.05078125
377735.203349877,-2755.009033203125,88.3117446899414,-32029.53515625,15666.091796875,-11557.3271484375,-4052.12548828125,14902.6455078125,-4366.79345703125
377735.207319332,-2750.73974609375,91.17276763916016,-32031.48046875,15673.2666015625,-11551.5830078125,-4052.572509765625,14899.2705078125,-4363.93212890625
377735.211661117,-2749.8232421875,87.03768920898438,-32034.990234375,15668.0810546875,-11555.046875,-4056.39453125,14895.0009765625,-4366.36865234375
377735.216443426,-2752.304443359375,87.90940856933594,-32031.32421875,15668.8857421875,-11554.130859375,-4057.132080078125,14892.900390625,-4373.2080078125
377735.220378237,-2753.310302734375,92.93855285644531,-32022.65234375,15676.7978515625,-11545.48046875,-4046.381103515625,14900.857421875,-4374.080078125
377735.224655476,-2752.281982421875,91.9997787475586,-32027.0546875,15669.7578125,-11551.359375,-4048.660888671875,14904.1435546875,-4370.2578125
377735.228429831,-2750.985595703125,89.29521942138672,-32036.0625,15663.2080078125,-11557.7744140625,-4054.651123046875,14904.5458984375,-4365.4970703125
377735.231781167,-2746.314208984375,93.72086334228516,-32032.708984375,15666.6279296875,-11552.3427734375,-4049.0185546875,14912.48046875,-4359.841796875
377735.235694463,-2741.106201171875,99.6217269897461,-32025.265625,15669.9814453125,-11550.62109375,-4043.005859375,14920.2138671875,-4357.4951171875
377735.238372614,-2738.96044921875,101.49927520751953,-32021.154296875,15669.154296875,-11554.0634765625,-4042.983642578125,14923.142578125,-4358.4560546875
377735.242643288,-2744.056640625,98.63824462890625,-32024.259765625,15665.443359375,-11558.9140625,-4047.92333984375,14920.1025390625,-4359.685546875
377735.246750225,-2749.13037109375,91.5303955078125,-32031.01171875,15659.810546875,-11559.40625,-4049.554931640625,14918.6494140625,-4359.484375
377735.251521229,-2752.75146484375,85.22720336914062,-32030.943359375,15656.771484375,-11560.7470703125,-4050.873779296875,14917.2861328125,-4361.74169921875
377735.255665727,-2756.32763671875,83.12613677978516,-32025.6015625,15657.173828125,-11560.9033203125,-4049.2197265625,14915.8330078125,-4364.51318359375
377735.258718761,-2758.115966796875,88.7811279296875,-32013.375,15664.7958984375,-11553.9296875,-4040.055419921875,14922.3818359375,-4360.2890625
377735.262763338,-2751.25390625,91.66450500488281,-32009.396484375,15669.5791015625,-11549.3701171875,-4038.31201171875,14924.9306640625,-4354.8798828125
377735.266447255,-2749.175048828125,95.08432006835938,-32012.302734375,15672.4619140625,-11548.6767578125,-4042.067138671875,14921.2646484375,-4351.8623046875
377735.270465212,-2754.673583984375,88.49055480957031,-32017.17578125,15665.689453125,-11555.78515625,-4048.839599609375,14915.85546875,-4356.17626953125
377735.274492285,-2757.84765625,83.03672790527344,-32018.76171875,15661.419921875,-11559.025390625,-4050.91845703125,14913.6201171875,-4359.57373046875
377735.278591199,-2755.612548828125,90.59162139892578,-32015.9453125,15671.6123046875,-11556.3212890625,-4053.533447265625,14908.814453125,-4366.234375
377735.284737746,-2760.976806640625,87.52943420410156,-32022.181640625,15669.5791015625,-11556.455078125,-4056.72998046875,14904.9482421875,-4371.62109375
377735.288753514,-2761.13330078125,87.70824432373047,-32027.748046875,15670.673828125,-11551.470703125,-4053.980712890625,14906.892578125,-4368.6484375
377735.29157644,-2757.8251953125,88.19998168945312,-32028.865234375,15669.2880859375,-11550.1748046875,-4052.68408203125,14908.9267578125,-4363.6640625
377735.295517086,-2763.2568359375,81.98619842529297,-32034.833984375,15660.8388671875,-11558.712890625,-4058.942626953125,14901.5947265625,-4369.36376953125
377735.299567134,-2769.6494140625,81.4050521850586,-32035.212890625,15664.03515625,-11559.205078125,-4061.043701171875,14895.9404296875,-4374.6162109375
377735.30445848,-2765.670654296875,86.00951385498047,-32032.732421875,15665.689453125,-11557.908203125,-4060.8203125,14898.3984375,-4369.78857421875
377735.308488106,-2758.25,88.91523742675781,-32034.095703125,15666.44921875,-11554.3544921875,-4060.037841796875,14897.0576171875,-4369.36376953125
377735.312525025,-2751.14208984375,94.77139282226562,-32030.65234375,15672.0146484375,-11549.5263671875,-4055.8134765625,14899.7626953125,-4368.40234375
377735.315550344,-2749.108154296875,94.23495483398438,-32029.625,15665.6220703125,-11557.2158203125,-4058.875732421875,14900.5224609375,-4370.81640625
377735.319469839,-2748.16943359375,93.98908233642578,-32030.072265625,15661.822265625,-11565.462890625,-4066.654052734375,14896.833984375,-4374.97412109375
377735.322530896,-2757.311279296875,86.03186798095703,-32039.34765625,15653.3515625,-11571.140625,-4069.336181640625,14898.130859375,-4373.90087890625
377735.326553229,-2757.914794921875,82.76850891113281,-32045.16015625,15649.9541015625,-11567.4970703125,-4062.675537109375,14908.61328125,-4367.15087890625
377735.330595618,-2751.4326171875,90.94924926757812,-32037.89453125,15656.927734375,-11561.3505859375,-4056.2158203125,14915.296875,-4360.490234375
377735.334598623,-2750.35986328125,92.64797973632812,-32030.765625,15659.4306640625,-11557.2822265625,-4049.13037109375,14919.8115234375,-4358.9033203125
377735.33893275,-2749.376220703125,93.8996810913086,-32025.400390625,15660.7724609375,-11555.9638671875,-4045.464599609375,14921.041015625,-4363.6640625
377735.342861727,-2757.780517578125,88.80348205566406,-32029.177734375,15657.77734375,-11559.115234375,-4049.778564453125,14918.0234375,-4366.52490234375
377735.345998636,-2761.982666015625,86.30008697509766,-32032.53125,15661.107421875,-11556.1875,-4048.437255859375,14916.5703125,-4365.16162109375
377735.350677378,-2763.480224609375,85.67424011230469,-32031.63671875,15664.83984375,-11553.3037109375,-4047.856201171875,14913.0615234375,-4368.91650390625
377735.354648656,-2761.915771484375,82.43323516845703,-32026.71875,15663.1865234375,-11552.72265625,-4044.70458984375,14914.8720703125,-4367.0166015625
377735.358738818,-2766.877685546875,78.1864013671875,-32029.55859375,15659.20703125,-11559.47265625,-4050.448974609375,14909.2392578125,-4371.19677734375
377735.362729059,-2767.302490234375,79.8851318359375,-32034.654296875,15662.515625,-11556.791015625,-4052.30419921875,14905.685546875,-4370.70458984375
377735.366692679,-2770.968017578125,69.17864990234375,-32048.802734375,15650.736328125,-11565.306640625,-4063.07763671875,14893.9287109375,-4373.92333984375
377735.370882761,-2772.488037109375,63.90363693237305,-32055.5078125,15644.8798828125,-11572.9736328125,-4072.9794921875,14881.8583984375,-4380.2041015625
377735.375643554,-2769.0234375,70.20683288574219,-32048.9140625,15653.015625,-11569.0166015625,-4070.051513671875,14881.43359375,-4384.29443359375
377735.379974764,-2769.6494140625,76.64413452148438,-32041.716796875,15660.9736328125,-11563.9208984375,-4066.408203125,14881.724609375,-4391.6484375
377735.383973393,-2767.54833984375,76.30885314941406,-32044.48828125,15658.5146484375,-11565.619140625,-4069.4033203125,14878.6396484375,-4394.4423828125
377735.389689262,-2760.172119140625,77.47114562988281,-32046.25390625,15658.3134765625,-11561.126953125,-4066.967041015625,14881.6572265625,-4389.14501953125
377735.39301653,-2756.14892578125,81.87444305419922,-32040.3984375,15660.50390625,-11557.7744140625,-4063.32373046875,14885.3896484375,-4384.09375
377735.396926908,-2752.14794921875,89.31757354736328,-32030.09375,15667.4326171875,-11550.62109375,-4054.8076171875,14894.21875,-4379.98095703125
377735.399746188,-2752.818603515625,90.59162139892578,-32028.642578125,15667.0302734375,-11553.7734375,-4057.91455078125,14891.5810546875,-4386.30615234375
377735.40277953,-2754.830078125,92.89385223388672,-32029.3125,15666.806640625,-11553.125,-4057.9814453125,14893.705078125,-4384.40625
377735.406639583,-2750.248046875,96.04544830322266,-32030.20703125,15669.6005859375,-11548.8330078125,-4053.868896484375,14898.845703125,-4376.494140625
377735.410661916,-2751.321044921875,92.3350601196289,-32032.3515625,15665.533203125,-11549.59375,-4049.957275390625,14905.6181640625,-4373.4990234375
377735.414733844,-2752.281982421875,90.4351577758789,-32031.0546875,15661.0625,-11554.6669921875,-4051.0078125,14908.255859375,-4373.94580078125
377735.418774774,-2756.908935546875,85.65188598632812,-32031.771484375,15656.033203125,-11559.2939453125,-4053.01953125,14909.150390625,-4374.884765625
377735.422674577,-2754.33837890625,87.59648895263672,-32027.6796875,15658.9169921875,-11552.9462890625,-4046.984619140625,14915.296875,-4367.57568359375
377735.426564534,-2755.098388671875,84.17666625976562,-32033.55859375,15656.369140625,-11555.650390625,-4051.0078125,14910.8037109375,-4366.837890625
377735.42975979,-2756.6630859375,80.0863037109375,-32036.041015625,15652.9716796875,-11556.90234375,-4050.001953125,14913.1064453125,-4365.51904296875
377735.434879421,-2756.93115234375,79.54985809326172,-32031.94921875,15652.5244140625,-11559.2490234375,-4049.10791015625,14913.44140625,-4367.39697265625
377735.438596887,-2751.74560546875,88.95994567871094,-32022.65234375,15662.11328125,-11556.8798828125,-4046.42578125,14915.498046875,-4366.1005859375
377735.442614115,-2751.92431640625,92.5585708618164,-32021.400390625,15665.9130859375,-11552.0078125,-4043.385986328125,14920.5048828125,-4360.19970703125
377735.446729803,-2761.602783203125,83.23789978027344,-32032.486328125,15658.6259765625,-11554.8232421875,-4048.70556640625,14913.7099609375,-4360.91455078125
377735.450917697,-2767.2353515625,77.47114562988281,-32038.900390625,15655.36328125,-11561.0146484375,-4059.546142578125,14901.0361328125,-4368.6259765625
377735.455983356,-2756.95361328125,86.07656860351562,-32028.685546875,15669.5791015625,-11552.0966796875,-4055.58984375,14898.197265625,-4373.87890625
377735.459712127,-2762.988525390625,83.23789978027344,-32028.57421875,15670.8974609375,-11550.62109375,-4054.248779296875,14892.8330078125,-4382.0595703125
377735.464153468,-2772.979736328125,72.37494659423828,-32040.779296875,15660.75,-11557.1259765625,-4062.429443359375,14884.697265625,-4387.4013671875
377735.468045977,-2773.51611328125,68.48574829101562,-32049.697265625,15658.2685546875,-11555.4716796875,-4063.90478515625,14881.3671875,-4386.865234375
377735.471755421,-2768.978759765625,71.14559936523438,-32050.412109375,15659.005859375,-11556.6337890625,-4065.31298828125,14877.8349609375,-4387.35693359375
377735.476638015,-2763.994384765625,72.26319122314453,-32049.361328125,15653.59765625,-11564.2783203125,-4070.632568359375,14875.98046875,-4388.83203125
377735.480778137,-2766.16259765625,73.22431182861328,-32049.4296875,15650.9375,-11568.3017578125,-4074.141845703125,14876.896484375,-4388.8095703125
377735.483802362,-2770.811767578125,70.20683288574219,-32056.46875,15645.0810546875,-11572.548828125,-4076.265380859375,14877.5888671875,-4384.94287109375
377735.486834245,-2767.011962890625,73.2690200805664,-32057.51953125,15646.19921875,-11568.6142578125,-4071.90673828125,14885.009765625,-4373.4990234375
377735.49068737,-2762.13916015625,77.82877349853516,-32054.078125,15646.3779296875,-11569.6650390625,-4072.241943359375,14887.2451171875,-4372.13525390625
377735.494721737,-2757.177001953125,84.5790023803711,-32043.70703125,15650.333984375,-11562.9150390625,-4058.853271484375,14900.208984375,-4370.52587890625
377735.499012468,-2755.500732421875,87.23886108398438,-32037.60546875,15653.708984375,-11560.6796875,-4053.868896484375,14906.3564453125,-4370.4140625
377735.503089501,-2752.818603515625,92.5585708618164,-32035.5703125,15661.107421875,-11555.0029296875,-4050.09130859375,14909.2841796875,-4366.8154296875
377735.50693825,-2755.4560546875,87.84235382080078,-32042.25390625,15655.4521484375,-11556.544921875,-4049.30908203125,14908.748046875,-4364.021484375
377735.509957005,-2755.16552734375,85.74129486083984,-32042.275390625,15652.1669921875,-11559.2265625,-4048.750244140625,14910.71484375,-4360.19970703125
377735.513852796,-2750.76220703125,91.84331512451172,-32031.546875,15660.548828125,-11552.767578125,-4043.2294921875,14919.521484375,-4355.8857421875
377735.517850695,-2756.193603515625,89.07170104980469,-32030.33984375,15659.990234375,-11554.041015625,-4045.50927734375,14918.984375,-4361.51806640625
377735.522800389,-2760.217041015625,87.79765319824219,-32032.75390625,15656.32421875,-11556.5,-4048.034912109375,14914.7607421875,-4364.8037109375
377735.526772761,-2754.383056640625,94.52552795410156,-32029.357421875,15664.125,-11548.38671875,-4042.71533203125,14919.1640625,-4358.8583984375
377735.531118193,-2751.4326171875,98.5711898803711,-32024.171875,15670.115234375,-11544.4296875,-4041.575439453125,14918.828125,-4358.9033203125
377735.535009973,-2749.95751953125,103.55563354492188,-32016.392578125,15678.2509765625,-11540.6083984375,-4042.2236328125,14914.5146484375,-4366.59228515625
377735.538866015,-2751.857421875,107.53424072265625,-32010.134765625,15680.8212890625,-11538.529296875,-4039.2060546875,14915.609375,-4367.55322265625
377735.543965224,-2757.244140625,102.32628631591797,-32015.56640625,15676.6865234375,-11542.6416015625,-4045.017578125,14911.4521484375,-4368.91650390625
377735.547835124,-2755.76904296875,92.31270599365234,-32026.7421875,15668.5732421875,-11546.53125,-4048.258544921875,14907.5634765625,-4365.4296875
377735.551788533,-2762.988525390625,81.8297348022461,-32037.962890625,15662.0009765625,-11552.2529296875,-4054.271240234375,14899.6953125,-4368.93896484375
377735.555913339,-2765.53662109375,76.9570541381836,-32041.046875,15661.107421875,-11556.3662109375,-4060.373291015625,14892.4306640625,-4376.404296875
377735.560088104,-2767.011962890625,72.39730072021484,-32045.896484375,15655.2734375,-11565.10546875,-4071.169189453125,14883.7138671875,-4380.4501953125
377735.564819724,-2775.34912109375,64.77535247802734,-32059.263671875,15647.71875,-11568.234375,-4073.627685546875,14882.2607421875,-4381.34423828125
377735.56783775,-2780.71337890625,57.913368225097656,-32073.591796875,15640.56640625,-11571.0283203125,-4076.533447265625,14881.4560546875,-4379.13134765625
377735.57087255,-2780.869873046875,58.002777099609375,-32076.720703125,15636.7666015625,-11575.767578125,-4084.69189453125,14877.1201171875,-4377.74560546875
377735.573885835,-2775.080810546875,65.13298034667969,-32068.62890625,15638.1748046875,-11576.0126953125,-4085.09423828125,14876.806640625,-4380.2490234375
377735.578048931,-2772.778564453125,68.30693054199219,-32066.83984375,15634.6650390625,-11581.265625,-4089.765625,14872.4931640625,-4384.74169921875
377735.583352721,-2770.34228515625,75.72770690917969,-32063.779296875,15640.4091796875,-11575.0078125,-4085.831787109375,14874.7509765625,-4382.88671875
377735.587382347,-2762.4521484375,86.07656860351562,-32060.08984375,15649.6630859375,-11565.552734375,-4078.053466796875,14877.90234375,-4378.05859375
377735.59110419,-2757.802978515625,89.1611099243164,-32055.91015625,15649.7529296875,-11563.9208984375,-4073.69482421875,14883.1552734375,-4375.2197265625
377735.595054682,-2757.73583984375,89.54109191894531,-32053.1171875,15647.763671875,-11566.4912109375,-4071.19140625,14887.2451171875,-4377.18701171875
377735.598954849,-2753.13134765625,95.1737289428711,-32044.802734375,15654.0888671875,-11559.5849609375,-4061.08837890625,14897.83984375,-4372.828125
377735.602004602,-2758.6298828125,95.64311218261719,-32045.763671875,15656.033203125,-11557.55078125,-4059.92626953125,14901.259765625,-4370.52587890625
377735.606334717,-2758.898193359375,92.15624237060547,-32049.294921875,15653.4404296875,-11557.8857421875,-4061.580078125,14903.4501953125,-4365.2060546875
377735.611140365,-2753.6455078125,94.83845520019531,-32043.326171875,15658.4921875,-11552.3876953125,-4057.2216796875,14906.802734375,-4359.52880859375
377735.614992396,-2755.232421875,95.57605743408203,-32036.732421875,15663.23046875,-11551.0234375,-4058.450927734375,14905.0146484375,-4365.34033203125
377735.618944712,-2757.13232421875,93.63145446777344,-32032.642578125,15663.5888671875,-11553.884765625,-4061.133056640625,14903.78515625,-4371.37548828125
377735.623197881,-2750.2255859375,99.1970443725586,-32024.662109375,15671.9482421875,-11545.8828125,-4054.986328125,14909.2392578125,-4364.53564453125
377735.627042254,-2755.0537109375,92.91619873046875,-32031.255859375,15666.8740234375,-11548.654296875,-4057.89208984375,14904.8359375,-4365.2509765625
377735.631937611,-2753.980712890625,93.25148010253906,-32030.5859375,15668.595703125,-11548.6318359375,-4059.2109375,14901.4833984375,-4368.0673828125
377735.635940616,-2753.712646484375,95.3078384399414,-32023.03125,15671.1884765625,-11547.89453125,-4057.9814453125,14902.556640625,-4367.19580078125
377735.641101455,-2755.500732421875,98.5264892578125,-32017.01953125,15676.10546875,-11545.681640625,-4057.51220703125,14900.142578125,-4371.80029296875
377735.645064346,-2761.714599609375,94.68199157714844,-32017.0859375,15678.318359375,-11537.27734375,-4050.2255859375,14902.98046875,-4370.6826171875
377735.648126497,-2763.4580078125,91.21746826171875,-32022.65234375,15678.2734375,-11536.0927734375,-4052.572509765625,14899.3603515625,-4368.0673828125
377735.652055838,-2767.168212890625,84.73546600341797,-32027.837890625,15675.501953125,-11539.04296875,-4055.858154296875,14894.2412109375,-4373.69970703125
377735.655086627,-2769.96240234375,81.02507019042969,-32029.513671875,15674.18359375,-11539.4453125,-4052.9970703125,14898.4208984375,-4369.92236328125
377735.658370864,-2775.796142578125,66.58584594726562,-32044.04296875,15656.525390625,-11554.7119140625,-4063.88232421875,14892.9228515625,-4372.91748046875
377735.662174758,-2776.891357421875,61.64611053466797,-32055.10546875,15647.62890625,-11563.7197265625,-4072.353759765625,14887.021484375,-4372.0458984375
377735.669439025,-2775.460693359375,64.30596923828125,-32062.6171875,15647.96484375,-11562.9599609375,-4073.359619140625,14886.1728515625,-4371.91162109375
377735.673045631,-2770.073974609375,67.94930267333984,-32063.220703125,15644.9697265625,-11565.619140625,-4074.968994140625,14886.3740234375,-4373.4541015625
377735.676111429,-2763.279052734375,75.19126892089844,-32055.12890625,15649.529296875,-11559.8525390625,-4067.145751953125,14893.548828125,-4372.73876953125
377735.679119973,-2766.900146484375,74.36425018310547,-32055.375,15644.74609375,-11561.7978515625,-4064.038818359375,14897.4599609375,-4372.33642578125
377735.682141281,-2760.373291015625,81.04742431640625,-32054.63671875,15646.064453125,-11561.9765625,-4063.4130859375,14899.3603515625,-4365.98876953125
377735.686380228,-2760.2392578125,80.309814453125,-32060.4921875,15643.44921875,-11562.7587890625,-4065.9833984375,14896.96875,-4366.56982421875
377735.690255963,-2755.8583984375,88.42350006103516,-32052.40234375,15654.759765625,-11551.515625,-4057.042724609375,14905.73046875,-4361.607421875
377735.696164744,-2754.316162109375,89.85401153564453,-32045.337890625,15654.9609375,-11552.2529296875,-4055.478271484375,14908.1220703125,-4361.4736328125
377735.69940449,-2748.0576171875,94.52552795410156,-32037.291015625,15657.0390625,-11552.2978515625,-4052.52783203125,14910.9609375,-4361.6298828125
377735.703310857,-2755.009033203125,92.44681549072266,-32042.25390625,15658.0224609375,-11556.2763671875,-4059.769775390625,14900.5224609375,-4370.30224609375
377735.707098341,-2758.585205078125,89.27286529541016,-32046.74609375,15658.4697265625,-11556.8798828125,-4062.630615234375,14896.431640625,-4370.458984375
377735.711237368,-2750.73974609375,96.8724594116211,-32037.671875,15665.5107421875,-11549.1689453125,-4055.455810546875,14904.6572265625,-4360.0654296875
377735.715216669,-2745.598876953125,106.90839385986328,-32022.96484375,15679.1005859375,-11538.57421875,-4047.476318359375,14912.927734375,-4354.16455078125
377735.72017475,-2749.73388671875,109.83647155761719,-32016.705078125,15682.900390625,-11538.88671875,-4047.051513671875,14915.7880859375,-4352.6220703125
377735.724196354,-2750.248046875,111.37874603271484,-32015.65625,15684.755859375,-11537.9033203125,-4046.559814453125,14917.2412109375,-4350.4765625
377735.728435301,-2742.290771484375,116.18436431884766,-32015.1640625,15691.6396484375,-11528.8955078125,-4039.83203125,14920.125,-4346.72119140625
377735.732436118,-2739.697998046875,117.65958404541016,-32011.876953125,15694.2998046875,-11522.4580078125,-4032.50048828125,14926.875,-4340.2841796875
377735.736534667,-2741.0390625,114.61974334716797,-32008.97265625,15692.869140625,-11521.8994140625,-4031.762939453125,14928.595703125,-4341.0888671875
377735.740460361,-2753.0419921875,105.81315612792969,-32009.396484375,15688.6669921875,-11520.71484375,-4030.10888671875,14928.5732421875,-4343.92724609375
377735.743191026,-2761.22265625,99.10763549804688,-32016.080078125,15683.2578125,-11523.978515625,-4034.087646484375,14922.2255859375,-4348.017578125
377735.746260835,-2759.769775390625,96.26896667480469,-32024.595703125,15681.0,-11526.6826171875,-4039.92138671875,14914.3583984375,-4350.92333984375
377735.750240136,-2761.513427734375,89.42932891845703,-32035.16796875,15673.0654296875,-11532.94140625,-4045.553955078125,14908.703125,-4357.271484375
377735.755302513,-2760.306396484375,88.6023178100586,-32039.169921875,15666.986328125,-11542.4189453125,-4053.377197265625,14902.0419921875,-4361.96533203125
377735.759116253,-2760.485107421875,85.8530502319336,-32044.310546875,15660.056640625,-11551.626953125,-4061.826171875,14893.615234375,-4368.89453125
377735.762222894,-2766.676513671875,81.49446105957031,-32052.9375,15655.1396484375,-11554.9580078125,-4067.10107421875,14887.6923828125,-4373.58837890625
377735.766245956,-2762.54150390625,84.02021026611328,-32056.42578125,15654.1787109375,-11555.046875,-4069.0009765625,14890.7099609375,-4368.55908203125
377735.770191708,-2754.807861328125,87.41767120361328,-32053.20703125,15652.94921875,-11554.779296875,-4064.374267578125,14898.197265625,-4361.51806640625
377735.774204194,-2748.415283203125,99.3758544921875,-32038.677734375,15666.650390625,-11540.0263671875,-4045.553955078125,14915.005859375,-4353.4267578125
377735.778501489,-2745.285888671875,104.24853515625,-32032.083984375,15670.5625,-11535.6240234375,-4038.580322265625,14923.208984375,-4351.28125
377735.783094898,-2748.996337890625,100.38168334960938,-32037.11328125,15665.4658203125,-11538.529296875,-4042.067138671875,14921.5556640625,-4352.51025390625
377735.78737323,-2746.8505859375,102.1251220703125,-32037.58203125,15667.0302734375,-11533.544921875,-4037.30615234375,14926.1376953125,-4344.3076171875
377735.791239848,-2747.275146484375,101.05223846435547,-32036.888671875,15666.248046875,-11534.662109375,-4037.5966796875,14924.2822265625,-4342.81005859375
377735.79715337,-2749.018798828125,99.08528137207031,-32034.162109375,15665.1533203125,-11539.244140625,-4041.88818359375,14918.0234375,-4349.91748046875
377735.800486107,-2749.108154296875,103.89090728759766,-32025.154296875,15674.3623046875,-11534.796875,-4039.586181640625,14919.23046875,-4351.72802734375
377735.804311882,-2758.808837890625,99.10763549804688,-32028.73046875,15671.5908203125,-11537.3447265625,-4042.8046875,14916.2353515625,-4352.75634765625
377735.808417724,-2758.518310546875,96.67129516601562,-32034.876953125,15671.0087890625,-11537.3447265625,-4045.643310546875,14912.123046875,-4354.00830078125
377735.812456831,-2757.177001953125,94.63728332519531,-32037.11328125,15671.92578125,-11538.015625,-4049.152587890625,14907.205078125,-4358.880859375
377735.81624468,-2759.501708984375,86.74712371826172,-32037.849609375,15665.7568359375,-11544.0947265625,-4052.50537109375,14903.673828125,-4362.79248046875
377735.820267377,-2761.15576171875,82.99202728271484,-32035.279296875,15662.8056640625,-11548.251953125,-4055.165283203125,14901.5947265625,-4366.1005859375
377735.823585528,-2762.94384765625,84.22137451171875,-32033.828125,15666.4267578125,-11545.16796875,-4057.154541015625,14899.5166015625,-4368.291015625
377735.827458345,-2760.52978515625,87.35061645507812,-32030.02734375,15677.8935546875,-11532.6728515625,-4051.656005859375,14902.7578125,-4362.2333984375
377735.830481476,-2759.255859375,87.95411682128906,-32026.294921875,15682.7216796875,-11528.404296875,-4049.443115234375,14904.8583984375,-4361.6298828125
377735.834432697,-2755.12060546875,90.36810302734375,-32022.00390625,15683.75,-11525.6103515625,-4044.92822265625,14908.45703125,-4361.4736328125
377735.838469252,-2763.54736328125,79.10282135009766,-32032.0390625,15671.12109375,-11535.0205078125,-4053.421875,14901.1484375,-4367.2177734375
377735.843362057,-2768.73291015625,76.46531677246094,-32042.923828125,15666.001953125,-11539.8037109375,-4060.373291015625,14891.08984375,-4371.0849609375
377735.847206429,-2762.228515625,81.33799743652344,-32046.1875,15666.4716796875,-11537.8359375,-4059.90380859375,14893.1240234375,-4360.4228515625
377735.850355008,-2756.32763671875,86.25537872314453,-32045.650390625,15667.857421875,-11537.61328125,-4064.50830078125,14888.630859375,-4362.6357421875
377735.854321181,-2754.94189453125,85.51777648925781,-32047.841796875,15658.984375,-11548.0068359375,-4073.069091796875,14881.9033203125,-4371.57666015625
377735.858348619,-2751.700927734375,90.18928527832031,-32045.40625,15656.7041015625,-11554.98046875,-4076.89111328125,14879.466796875,-4376.96337890625
377735.862404136,-2751.36572265625,93.40794372558594,-32045.896484375,15655.5419921875,-11556.0087890625,-4074.030029296875,14885.3896484375,-4372.26953125
377735.866400942,-2749.175048828125,94.83845520019531,-32049.31640625,15655.3408203125,-11554.6220703125,-4072.331298828125,14892.4306640625,-4362.859375
377735.871329849,-2745.8447265625,97.38655090332031,-32045.71875,15657.642578125,-11550.822265625,-4066.475341796875,14900.857421875,-4355.95263671875
377735.875212512,-2745.822509765625,99.39820861816406,-32036.95703125,15662.2021484375,-11543.2451171875,-4052.68408203125,14914.0,-4350.0517578125
377735.879368315,-2748.996337890625,99.82289123535156,-32032.888671875,15664.4150390625,-11540.0712890625,-4046.068115234375,14920.59375,-4348.19677734375
377735.883303126,-2755.679443359375,93.29618072509766,-32037.60546875,15659.0283203125,-11544.876953125,-4049.778564453125,14917.6435546875,-4350.833984375
377735.887252159,-2751.008056640625,100.26992797851562,-32032.017578125,15670.025390625,-11532.650390625,-4040.658935546875,14923.455078125,-4341.80419921875
377735.892186901,-2745.285888671875,105.097900390625,-32024.8203125,15677.669921875,-11525.85546875,-4036.52392578125,14923.8125,-4341.2451171875
377735.896258829,-2747.56591796875,98.37002563476562,-32022.6953125,15671.9482421875,-11531.7568359375,-4038.557861328125,14922.60546875,-4346.40869140625
377735.901340899,-2745.0400390625,104.6285171508789,-32015.052734375,15679.994140625,-11529.923828125,-4038.6025390625,14922.896484375,-4348.8447265625
377735.905195117,-2754.74072265625,99.97935485839844,-32019.701171875,15678.3408203125,-11535.2431640625,-4047.23046875,14915.1181640625,-4352.57763671875
377735.908367035,-2748.77294921875,101.38751220703125,-32023.12109375,15682.2744140625,-11532.5390625,-4048.549072265625,14916.771484375,-4348.12939453125
377735.91234196,-2751.477294921875,96.47013092041016,-32028.10546875,15678.876953125,-11535.4892578125,-4053.980712890625,14912.7041015625,-4349.470703125
377735.915538675,-2758.74169921875,92.3797607421875,-32027.904296875,15676.4853515625,-11538.439453125,-4056.662841796875,14906.9150390625,-4356.37744140625
377735.918409738,-2760.75341796875,91.55274200439453,-32021.466796875,15681.7158203125,-11531.1982421875,-4049.13037109375,14909.3291015625,-4355.14794921875
377735.922523603,-2769.179931640625,81.15918731689453,-32029.357421875,15674.3173828125,-11537.9033203125,-4059.12158203125,14897.83984375,-4359.3056640625
377735.927222402,-2773.53857421875,73.06785583496094,-32040.30859375,15667.9921875,-11543.46875,-4068.3974609375,14886.8427734375,-4363.59716796875
377735.931269168,-2772.2197265625,68.57514953613281,-32041.78515625,15664.080078125,-11544.6982421875,-4069.447998046875,14885.4794921875,-4360.40087890625
377735.934476093,-2775.661865234375,65.5129623413086,-32040.421875,15660.81640625,-11544.4970703125,-4067.50341796875,14885.2109375,-4362.0546875
377735.938450289,-2767.056640625,78.27581024169922,-32029.087890625,15670.7412109375,-11537.232421875,-4060.90966796875,14889.771484375,-4358.4111328125
377735.942433967,-2756.439453125,89.5857925415039,-32023.814453125,15678.1171875,-11529.9912109375,-4055.0087890625,14891.73828125,-4356.57861328125
377735.946513188,-2751.16455078125,93.49734497070312,-32029.423828125,15680.330078125,-11524.9169921875,-4051.2314453125,14892.5869140625,-4358.0537109375
377735.950377982,-2745.621337890625,98.97352600097656,-32029.69140625,15682.38671875,-11522.3466796875,-4046.828125,14897.19140625,-4356.4892578125
377735.954521021,-2745.487060546875,99.77819061279297,-32027.859375,15678.4521484375,-11525.05078125,-4044.70458984375,14901.6171875,-4357.6513671875
377735.959389028,-2746.023681640625,98.19121551513672,-32030.36328125,15670.7412109375,-11532.5390625,-4045.5986328125,14903.517578125,-4356.82421875
377735.963441264,-2747.833984375,96.47013092041016,-32037.515625,15665.443359375,-11540.0048828125,-4051.92431640625,14902.466796875,-4353.046875
377735.967362217,-2746.895263671875,96.85010528564453,-32042.9921875,15666.0244140625,-11538.73046875,-4051.9912109375,14905.5517578125,-4348.75537109375
377735.971552299,-2749.8681640625,93.34088134765625,-32043.439453125,15661.666015625,-11538.7978515625,-4047.31982421875,14911.6533203125,-4345.4921875
377735.975513002,-2752.416259765625,91.17276763916016,-32040.98046875,15658.6259765625,-11544.9443359375,-4050.001953125,14910.9384765625,-4349.40380859375
377735.980477647,-2751.477294921875,97.65476989746094,-32032.93359375,15668.416015625,-11543.3125,-4051.968994140625,14909.3955078125,-4354.8125
377735.984491957,-2751.298583984375,102.34864044189453,-32028.642578125,15677.1787109375,-11538.9091796875,-4052.281982421875,14907.65234375,-4355.75146484375
377735.988568261,-2754.986572265625,95.82192993164062,-32035.50390625,15673.087890625,-11541.0771484375,-4055.388671875,14904.12109375,-4355.37158203125
377735.991492201,-2759.904052734375,88.89289093017578,-32040.890625,15668.7958984375,-11542.75390625,-4056.372314453125,14902.869140625,-4356.93603515625
377735.995507969,-2756.640625,96.403076171875,-32035.705078125,15675.45703125,-11540.048828125,-4054.941650390625,14902.7353515625,-4356.39990234375
377735.998516514,-2756.908935546875,97.90064239501953,-32032.978515625,15679.48046875,-11540.294921875,-4055.031005859375,14900.5673828125,-4358.52294921875
377736.002485969,-2767.503662109375,86.34478759765625,-32040.263671875,15674.00390625,-11540.2060546875,-4054.248779296875,14897.4375,-4361.00439453125
377736.006489338,-2769.4482421875,78.40991973876953,-32045.583984375,15671.076171875,-11536.427734375,-4053.064208984375,14896.2978515625,-4356.31005859375
377736.010462805,-2770.766845703125,73.11255645751953,-32043.482421875,15668.9970703125,-11533.2099609375,-4050.2255859375,14898.599609375,-4351.7060546875
377736.015469022,-2773.2255859375,69.93860626220703,-32036.5546875,15673.892578125,-11521.810546875,-4039.4296875,14902.869140625,-4353.494140625
377736.018542478,-2776.82421875,68.12812042236328,-32035.5703125,15672.998046875,-11525.3642578125,-4044.01171875,14895.671875,-4359.50634765625
377736.022468902,-2770.6552734375,74.74423217773438,-32031.927734375,15676.306640625,-11520.357421875,-4040.681396484375,14898.7783203125,-4357.830078125
377736.026543383,-2765.670654296875,75.19126892089844,-32037.068359375,15675.1220703125,-11522.234375,-4046.537353515625,14894.8896484375,-4356.80224609375
377736.030571185,-2758.518310546875,79.12517547607422,-32035.16796875,15675.9716796875,-11525.095703125,-4051.946533203125,14892.3642578125,-4356.95849609375
377736.034657335,-2754.584228515625,83.77433776855469,-32030.943359375,15675.5244140625,-11526.8388671875,-4052.348876953125,14894.95703125,-4357.94189453125
377736.038579383,-2749.376220703125,88.06587219238281,-32029.06640625,15671.6123046875,-11532.5390625,-4053.645263671875,14897.794921875,-4358.232421875
377736.042757795,-2743.85546875,97.81123352050781,-32026.00390625,15681.08984375,-11528.3818359375,-4051.745361328125,14902.5341796875,-4354.611328125
377736.047621062,-2750.76220703125,90.81513977050781,-32038.521484375,15672.0146484375,-11535.66796875,-4057.579345703125,14903.47265625,-4351.39306640625
377736.051655428,-2750.806884765625,90.03282928466797,-32044.130859375,15666.94140625,-11538.931640625,-4056.6181640625,14908.255859375,-4348.35302734375
377736.055703652,-2750.2255859375,90.09988403320312,-32044.958984375,15661.21875,-11546.083984375,-4059.948486328125,14910.0439453125,-4350.7001953125
377736.05969207,-2749.622314453125,90.16693878173828,-32042.923828125,15657.8212890625,-11551.470703125,-4064.10595703125,14909.015625,-4353.31494140625
377736.063755246,-2747.007080078125,99.10763549804688,-32038.69921875,15668.0361328125,-11544.2958984375,-4058.965087890625,14913.9775390625,-4348.2412109375
377736.068600279,-2752.72900390625,98.101806640625,-32046.166015625,15669.2880859375,-11542.552734375,-4059.09912109375,14913.396484375,-4345.58154296875
377736.072675853,-2753.600830078125,97.87828826904297,-32045.650390625,15671.478515625,-11537.322265625,-4051.834716796875,14918.359375,-4345.044921875
377736.075722324,-2751.477294921875,103.1532974243164,-32038.521484375,15674.7421875,-11537.7919921875,-4050.382080078125,14920.1025390625,-4344.32958984375
377736.078769888,-2750.806884765625,106.81898498535156,-32037.359375,15676.865234375,-11540.3623046875,-4051.656005859375,14916.34765625,-4351.52685546875
377736.082540232,-2754.874755859375,100.6052017211914,-32043.662109375,15673.736328125,-11543.06640625,-4055.433349609375,14911.5859375,-4354.58935546875
377736.086641334,-2760.306396484375,89.85401153564453,-32053.20703125,15667.544921875,-11543.8046875,-4057.10986328125,14909.8203125,-4350.7001953125
377736.090774162,-2759.658203125,84.66841125488281,-32053.7421875,15668.818359375,-11539.69140625,-4054.181640625,14911.3408203125,-4347.36962890625
377736.094828585,-2762.74267578125,78.92401123046875,-32052.625,15666.9189453125,-11542.306640625,-4061.244873046875,14904.27734375,-4355.662109375
377736.098789288,-2769.13525390625,76.17474365234375,-32045.94140625,15669.869140625,-11534.4169921875,-4054.31591796875,14908.2333984375,-4355.05859375
377736.103657295,-2766.16259765625,71.74909973144531,-32044.9140625,15669.109375,-11529.0078125,-4051.72314453125,14906.0205078125,-4354.79052734375
377736.107770431,-2769.91748046875,65.71412658691406,-32052.69140625,15661.419921875,-11531.48828125,-4054.964111328125,14899.404296875,-4356.93603515625
377736.111703784,-2769.96240234375,67.03288269042969,-32053.162109375,15660.1240234375,-11536.271484375,-4063.256591796875,14891.3583984375,-4359.4619140625
377736.114792191,-2767.078857421875,74.1183853149414,-32044.6015625,15671.9931640625,-11528.4931640625,-4061.51318359375,14890.84375,-4362.2783203125
377736.118680324,-2769.2470703125,74.90069580078125,-32042.43359375,15667.8125,-11535.3330078125,-4068.5986328125,14886.3291015625,-4364.8486328125
377736.122819717,-2766.94482421875,81.44976043701172,-32038.7890625,15669.9365234375,-11532.7177734375,-4065.826904296875,14891.9619140625,-4360.2890625
377736.12684132,-2763.010986328125,82.5896987915039,-32041.359375,15668.349609375,-11528.8955078125,-4059.52392578125,14900.9697265625,-4352.6669921875
377736.131793566,-2757.869873046875,87.4623794555664,-32039.302734375,15669.265625,-11528.7841796875,-4056.595703125,14908.7255859375,-4346.6767578125
377736.135685711,-2754.517333984375,90.32340240478516,-32036.443359375,15669.6904296875,-11530.83984375,-4054.539306640625,14913.0615234375,-4347.0341796875
377736.139728465,-2749.845703125,90.56926727294922,-32037.224609375,15665.4658203125,-11535.3779296875,-4054.8076171875,14914.7158203125,-4345.35791015625
377736.143796746,-2755.634765625,86.59066009521484,-32045.6953125,15659.2294921875,-11542.0830078125,-4057.8251953125,14913.5087890625,-4343.18994140625
377736.147843876,-2755.679443359375,83.77433776855469,-32054.703125,15656.1904296875,-11545.279296875,-4062.8095703125,14910.4912109375,-4342.18408203125
377736.15271006,-2761.2451171875,80.5556869506836,-32061.029296875,15654.2451171875,-11549.2802734375,-4068.732666015625,14901.5947265625,-4347.34716796875
377736.156697384,-2757.400634765625,87.73059844970703,-32054.01171875,15662.470703125,-11545.3466796875,-4063.72607421875,14903.4951171875,-4349.42578125
377736.15977084,-2754.785400390625,93.0503158569336,-32048.869140625,15664.7958984375,-11548.6767578125,-4064.351806640625,14904.2998046875,-4351.080078125
377736.162842107,-2758.25,93.78791809082031,-32052.69140625,15665.4658203125,-11548.654296875,-4064.08349609375,14904.8583984375,-4355.70703125
377736.166710184,-2759.36767578125,97.31949615478516,-32055.462890625,15671.4560546875,-11545.5478515625,-4065.91650390625,14905.2607421875,-4351.32568359375
377736.170678909,-2754.15966796875,99.50996398925781,-32052.490234375,15676.5966796875,-11538.7978515625,-4060.864990234375,14909.5302734375,-4349.873046875
377736.174757766,-2762.4296875,90.50221252441406,-32050.45703125,15674.40625,-11535.9365234375,-4052.88525390625,14916.146484375,-4350.2529296875
377736.181840426,-2762.54150390625,86.63536071777344,-32044.578125,15675.814453125,-11534.595703125,-4051.633544921875,14914.5146484375,-4353.046875
377736.18483803,-2750.292724609375,99.44290924072266,-32029.580078125,15691.953125,-11518.501953125,-4040.234375,14921.0185546875,-4347.57080078125
377736.187897993,-2770.431640625,83.1037826538086,-32043.7734375,15679.2119140625,-11524.6708984375,-4048.571533203125,14911.6533203125,-4352.13037109375
