#377725.187280604,-2670.832275390625,90.94924926757812,-31994.755859375,15734.80078125,-11549.951171875,-4002.504638671875,14933.6025390625,-4385.255859375
377725.190505763,-2676.6884765625,84.13196563720703,-31995.873046875,15728.6318359375,-11553.3037109375,-4004.382080078125,14930.607421875,-4388.8095703125
377725.194362899,-2682.812744140625,74.27484893798828,-32005.44140625,15714.86328125,-11565.2392578125,-4015.8037109375,14923.9912109375,-4394.666015625
377725.198562098,-2687.104248046875,67.45756530761719,-32017.80078125,15705.408203125,-11573.6884765625,-4027.001953125,14916.5927734375,-4399.001953125
377725.203392908,-2687.99853515625,65.35649871826172,-32024.41796875,15696.3115234375,-11583.478515625,-4035.607421875,14913.7099609375,-4399.33740234375
377725.207503491,-2687.79736328125,64.68595123291016,-32021.82421875,15690.9912109375,-11590.51953125,-4039.675537109375,14915.3193359375,-4398.80078125
377725.211599123,-2681.024658203125,74.65482330322266,-32009.240234375,15700.9609375,-11585.2890625,-4036.769775390625,14916.97265625,-4401.21484375
377725.214520875,-2680.80126953125,72.26319122314453,-32009.306640625,15696.8251953125,-11589.357421875,-4040.4130859375,14914.3798828125,-4402.421875
377725.21855743,-2680.17529296875,68.30693054199219,-32015.4765625,15692.7802734375,-11593.1796875,-4043.967041015625,14910.0888671875,-4401.416015625
377725.222455045,-2683.4833984375,60.55087661743164,-32021.66796875,15685.2021484375,-11599.2587890625,-4048.034912109375,14904.6572265625,-4404.478515625
377725.226299052,-2684.55615234375,61.91433334350586,-32016.99609375,15687.1474609375,-11598.7001953125,-4047.252685546875,14905.9541015625,-4404.4111328125
377725.230648496,-2688.445556640625,61.91433334350586,-32015.833984375,15686.07421875,-11602.5,-4049.867919921875,14902.6005859375,-4410.2001953125
377725.235527808,-2694.525146484375,57.108707427978516,-32020.572265625,15682.1630859375,-11606.4560546875,-4054.025390625,14898.1748046875,-4414.89404296875
377725.240637957,-2698.54833984375,51.90074920654297,-32030.18359375,15678.5419921875,-11609.8759765625,-4059.61328125,14892.810546875,-4417.73291015625
377725.244464096,-2697.028564453125,49.24089431762695,-32032.150390625,15676.7978515625,-11609.5634765625,-4059.836669921875,14893.50390625,-4412.88232421875
377725.247610121,-2691.0830078125,57.913368225097656,-32022.47265625,15690.052734375,-11600.890625,-4055.0087890625,14896.1416015625,-4411.31787109375
377725.250426848,-2689.339599609375,63.70247268676758,-32015.23046875,15699.4404296875,-11594.453125,-4051.208984375,14897.3486328125,-4415.94482421875
377725.254384634,-2692.0888671875,63.79187774658203,-32012.078125,15704.8046875,-11586.00390625,-4042.53662109375,14900.3662109375,-4414.29052734375
377725.259464515,-2691.19482421875,64.6635971069336,-32012.615234375,15708.515625,-11578.181640625,-4035.160400390625,14905.08203125,-4409.865234375
377725.263563064,-2689.18310546875,66.27291870117188,-32011.095703125,15712.94140625,-11569.888671875,-4026.845458984375,14913.28515625,-4406.6689453125
377725.267636086,-2688.60205078125,68.10576629638672,-32006.78125,15717.2548828125,-11563.5185546875,-4017.92724609375,14922.091796875,-4403.4501953125
377725.270562579,-2687.931396484375,74.47601318359375,-31998.623046875,15725.7490234375,-11556.8134765625,-4010.372314453125,14930.65234375,-4399.13623046875
377725.274361732,-2687.730224609375,77.5829086303711,-31996.1640625,15728.296875,-11563.048828125,-4019.380126953125,14928.126953125,-4397.34814453125
377725.27866158,-2688.534912109375,75.34773254394531,-31998.779296875,15726.396484375,-11558.623046875,-4012.33935546875,14934.876953125,-4389.6142578125
377725.282528927,-2687.417236328125,71.9949722290039,-31999.048828125,15719.1767578125,-11560.5234375,-4010.394775390625,14939.2578125,-4383.4677734375
377725.286737242,-2683.77392578125,74.72187805175781,-31997.818359375,15715.7578125,-11569.083984375,-4020.2294921875,14931.255859375,-4386.75341796875
377725.29153815,-2678.655517578125,79.8851318359375,-31993.52734375,15717.4111328125,-11573.5771484375,-4025.571533203125,14926.673828125,-4387.11083984375
377725.295428471,-2683.19287109375,72.57611083984375,-32000.03125,15705.654296875,-11583.27734375,-4031.91943359375,14922.896484375,-4390.35205078125
377725.298398725,-2684.623291015625,67.03288269042969,-32011.251953125,15696.892578125,-11589.513671875,-4036.680419921875,14919.8115234375,-4389.72607421875
377725.302480499,-2683.99755859375,60.662635803222656,-32016.75,15690.8349609375,-11592.53125,-4039.83203125,14918.783203125,-4388.4072265625
377725.306467458,-2687.283203125,58.78508758544922,-32014.0234375,15691.2373046875,-11590.02734375,-4037.0380859375,14919.4990234375,-4390.0390625
377725.310554702,-2684.466796875,64.03775024414062,-32005.73046875,15696.7138671875,-11586.384765625,-4031.71826171875,14925.3330078125,-4387.669921875
377725.314616784,-2683.79638671875,65.58001708984375,-32004.435546875,15695.9765625,-11588.4404296875,-4032.277099609375,14924.7294921875,-4388.94384765625
377725.318616871,-2682.142333984375,64.88711547851562,-32010.357421875,15693.4501953125,-11589.15625,-4033.10400390625,14921.3544921875,-4392.005859375
377725.323480867,-2677.4931640625,71.77145385742188,-32007.384765625,15700.06640625,-11584.685546875,-4029.6171875,14922.896484375,-4392.36376953125
377725.326521867,-2672.843994140625,78.45462036132812,-32000.45703125,15705.408203125,-11583.9482421875,-4029.773681640625,14920.9736328125,-4396.11865234375
377725.330423128,-2671.659423828125,81.65092468261719,-31995.404296875,15708.7392578125,-11584.3505859375,-4033.349853515625,14913.3076171875,-4406.84765625
377725.334554498,-2676.956787109375,80.06394958496094,-31994.935546875,15709.365234375,-11584.0146484375,-4036.479248046875,14906.1103515625,-4413.10595703125
377725.338509001,-2680.0634765625,78.52167510986328,-31997.572265625,15710.169921875,-11580.013671875,-4037.10498046875,14905.0146484375,-4408.97119140625
377725.342537169,-2678.856689453125,80.19805908203125,-31994.533203125,15717.58984375,-11569.7548828125,-4031.11474609375,14912.591796875,-4400.70068359375
377725.347807774,-2681.114013671875,78.611083984375,-31990.46484375,15725.078125,-11563.6748046875,-4026.756103515625,14917.576171875,-4400.09716796875
377725.351392135,-2687.640869140625,74.74423217773438,-31986.955078125,15727.6708984375,-11560.076171875,-4019.469482421875,14924.7958984375,-4396.7890625
377725.355385658,-2695.709716796875,70.22917938232422,-31989.34765625,15729.5263671875,-11560.1435546875,-4020.475341796875,14925.9140625,-4396.52099609375
377725.358770544,-2698.324951171875,67.50226593017578,-31993.974609375,15728.3857421875,-11559.4501953125,-4019.6484375,14928.39453125,-4389.74853515625
377725.362881127,-2697.140380859375,65.15533447265625,-31998.130859375,15721.1669921875,-11566.22265625,-4023.895263671875,14928.796875,-4382.8193359375
377725.366857876,-2694.39111328125,66.38468170166016,-31997.68359375,15717.5458984375,-11574.716796875,-4032.388916015625,14923.701171875,-4386.12744140625
377725.370872915,-2689.8759765625,69.42451477050781,-31993.705078125,15715.310546875,-11576.5048828125,-4032.32177734375,14926.517578125,-4384.16064453125
377725.374587464,-2690.16650390625,68.59750366210938,-31999.091796875,15707.6435546875,-11581.1767578125,-4034.847412109375,14929.1328125,-4382.19384765625
377725.379704178,-2684.846923828125,70.60916137695312,-32003.919921875,15703.84375,-11580.751953125,-4034.243896484375,14934.4970703125,-4377.0751953125
377725.382863696,-2682.8798828125,70.0950698852539,-32006.37890625,15702.591796875,-11576.3935546875,-4026.93505859375,14942.4541015625,-4372.71630859375
377725.386431647,-2684.533935546875,65.2223892211914,-32009.150390625,15696.0205078125,-11584.640625,-4030.868896484375,14939.5927734375,-4376.96337890625
377725.390627199,-2688.69140625,63.724822998046875,-32008.279296875,15693.2939453125,-11590.5419921875,-4033.752197265625,14937.3134765625,-4380.8525390625
377725.394614523,-2687.618408203125,61.66846466064453,-32011.20703125,15689.2255859375,-11596.46484375,-4037.10498046875,14932.8203125,-4387.51318359375
377725.398585437,-2691.932373046875,56.23698806762695,-32021.19921875,15681.73828125,-11601.248046875,-4041.955322265625,14925.220703125,-4393.4365234375
377725.402494356,-2691.418212890625,55.45467758178711,-32024.751953125,15679.1904296875,-11604.4892578125,-4044.972900390625,14921.8681640625,-4397.52685546875
377725.407482705,-2686.36669921875,61.936683654785156,-32016.146484375,15686.5439453125,-11600.376953125,-4042.782470703125,14922.0693359375,-4401.818359375
377725.41060758,-2686.523193359375,64.35066986083984,-32008.4140625,15690.1865234375,-11599.125,-4043.855224609375,14919.2529296875,-4407.1826171875
377725.414529992,-2686.99267578125,64.17185974121094,-32006.111328125,15691.2373046875,-11599.638671875,-4048.437255859375,14912.4130859375,-4412.6591796875
377725.418639846,-2683.4833984375,70.60916137695312,-32003.294921875,15703.2626953125,-11589.4462890625,-4046.91748046875,14909.41796875,-4412.70361328125
377725.422674942,-2678.342529296875,80.48863220214844,-31995.11328125,15717.4111328125,-11574.42578125,-4036.456787109375,14916.2353515625,-4403.89697265625
377725.426851895,-2677.4931640625,85.83069610595703,-31990.419921875,15724.1396484375,-11567.1396484375,-4029.50537109375,14921.3759765625,-4402.37744140625
377725.430788165,-2678.07421875,86.7024154663086,-31986.732421875,15727.849609375,-11561.6630859375,-4021.056396484375,14930.09375,-4394.33056640625
377725.434871033,-2688.95947265625,73.44783020019531,-31994.48828125,15720.00390625,-11565.552734375,-4020.89990234375,14931.099609375,-4391.71533203125
377725.438904306,-2697.430908203125,62.42842102050781,-32005.41796875,15714.8408203125,-11570.4248046875,-4026.376220703125,14926.9423828125,-4390.486328125
377725.441742548,-2691.75341796875,68.23987579345703,-32002.826171875,15724.1396484375,-11568.078125,-4027.247802734375,14928.439453125,-4385.54638671875
377725.446611649,-2691.37353515625,64.618896484375,-32004.94921875,15713.3662109375,-11580.953125,-4037.149658203125,14923.8798828125,-4389.8154296875
377725.4506245,-2694.6591796875,60.14854431152344,-32007.408203125,15699.3740234375,-11595.4365234375,-4046.470458984375,14918.8955078125,-4394.4873046875
377725.455717875,-2700.15771484375,53.8006477355957,-32012.5703125,15690.1650390625,-11601.2705078125,-4050.560791015625,14915.7880859375,-4395.73876953125
377725.459682224,-2694.39111328125,57.309871673583984,-32016.125,15692.220703125,-11597.470703125,-4048.839599609375,14916.34765625,-4392.36376953125
377725.462807464,-2693.38525390625,57.8463134765625,-32019.87890625,15690.7900390625,-11599.572265625,-4052.68408203125,14915.498046875,-4391.71533203125
377725.46661464,-2694.6591796875,53.823001861572266,-32019.4765625,15686.07421875,-11602.208984375,-4051.968994140625,14919.3203125,-4392.58740234375
377725.469809531,-2696.335693359375,51.6772346496582,-32016.884765625,15682.6767578125,-11604.0419921875,-4050.583251953125,14921.0859375,-4395.13525390625
377725.474602781,-2699.55419921875,47.69862365722656,-32018.716796875,15679.5703125,-11605.5400390625,-4049.040771484375,14922.60546875,-4396.90087890625
377725.478778275,-2697.229736328125,46.4245719909668,-32024.349609375,15676.3955078125,-11608.400390625,-4049.934814453125,14925.3994140625,-4394.33056640625
377725.48297018,-2691.17236328125,54.35944366455078,-32022.31640625,15683.6826171875,-11603.3720703125,-4046.537353515625,14928.5517578125,-4391.044921875
377725.486802883,-2688.4677734375,59.545047760009766,-32015.185546875,15689.6953125,-11595.6826171875,-4039.138916015625,14933.78125,-4389.70361328125
377725.491021409,-2690.345458984375,61.66846466064453,-32008.927734375,15690.7236328125,-11599.7060546875,-4044.52587890625,14928.529296875,-4392.72119140625
377725.494926682,-2693.027587890625,60.93085479736328,-32007.921875,15689.650390625,-11601.494140625,-4046.783447265625,14923.96875,-4397.72802734375
377725.498092035,-2691.060546875,65.06592559814453,-32007.67578125,15696.1328125,-11596.6435546875,-4049.33154296875,14917.5546875,-4399.56103515625
377725.502744157,-2686.344482421875,73.11255645751953,-32000.3671875,15708.2919921875,-11586.607421875,-4046.269287109375,14917.9345703125,-4397.10205078125
377725.50685401,-2685.629150390625,77.44879150390625,-31995.716796875,15717.2998046875,-11580.6845703125,-4046.582275390625,14913.9775390625,-4402.265625
377725.510769129,-2692.737060546875,71.81615447998047,-31995.337890625,15718.6630859375,-11573.3984375,-4038.759033203125,14917.7109375,-4405.841796875
377725.514884818,-2698.861328125,67.9716567993164,-31998.556640625,15718.931640625,-11566.669921875,-4028.186767578125,14928.037109375,-4399.0244140625
377725.519129965,-2699.17431640625,69.62568664550781,-32000.43359375,15724.02734375,-11560.0537109375,-4022.50927734375,14934.9443359375,-4389.97216796875
377725.522976161,-2695.77685546875,70.83267974853516,-31999.517578125,15724.83203125,-11561.5966796875,-4025.549072265625,14936.59765625,-4381.4560546875
377725.526110517,-2691.57470703125,74.7889404296875,-31996.5,15723.8037109375,-11570.849609375,-4033.796875,14932.2841796875,-4384.8759765625
377725.530609476,-2695.0615234375,68.57514953613281,-32003.5625,15710.392578125,-11588.6640625,-4048.169189453125,14922.0244140625,-4398.53271484375
377725.534826908,-2692.401611328125,66.6976089477539,-32009.486328125,15701.384765625,-11596.912109375,-4054.271240234375,14919.6552734375,-4398.4658203125
377725.538998391,-2693.36279296875,59.321529388427734,-32023.03125,15688.578125,-11606.0537109375,-4064.48583984375,14910.7373046875,-4400.4775390625
377725.543022547,-2693.742919921875,54.94058609008789,-32029.357421875,15684.1748046875,-11606.7919921875,-4066.028076171875,14908.658203125,-4397.72802734375
377725.546964287,-2699.35302734375,46.78219985961914,-32034.431640625,15675.4794921875,-11615.4189453125,-4071.124267578125,14907.0263671875,-4398.37646484375
377725.550934836,-2704.225830078125,41.5518913269043,-32034.23046875,15671.5908203125,-11618.75,-4072.10791015625,14906.802734375,-4400.8349609375
377725.55419938,-2706.617431640625,39.09320068359375,-32035.83984375,15668.751953125,-11622.83984375,-4078.768798828125,14902.66796875,-4405.32763671875
377725.558904744,-2711.75830078125,33.28174591064453,-32041.94140625,15664.2138671875,-11623.689453125,-4080.6015625,14900.0078125,-4405.796875
377725.563079144,-2703.398681640625,43.94353103637695,-32030.787109375,15676.75390625,-11606.322265625,-4061.155517578125,14916.302734375,-4395.8505859375
377725.567078502,-2699.8671875,51.587825775146484,-32021.04296875,15681.5146484375,-11606.232421875,-4061.8037109375,14916.9951171875,-4398.57763671875
377725.571019148,-2700.336669921875,57.8463134765625,-32010.58203125,15688.1083984375,-11602.65625,-4060.060302734375,14916.861328125,-4400.76806640625
377725.575121344,-2696.827392578125,63.925987243652344,-31998.220703125,15697.205078125,-11589.625,-4047.140869140625,14924.4384765625,-4394.15185546875
377725.581020644,-2689.49609375,71.7938003540039,-31992.140625,15705.296875,-11582.875,-4042.961181640625,14926.9638671875,-4386.2392578125
377725.584014966,-2692.312255859375,68.79866790771484,-31994.287109375,15702.7490234375,-11589.916015625,-4054.2265625,14914.447265625,-4392.36376953125
377725.587116866,-2685.98681640625,75.83946990966797,-31981.904296875,15713.41015625,-11576.4375,-4038.8037109375,14924.05859375,-4392.8330078125
377725.590917113,-2686.210205078125,78.74519348144531,-31975.66796875,15719.7802734375,-11570.849609375,-4031.449951171875,14928.5517578125,-4396.4541015625
377725.594947104,-2689.853515625,74.94539642333984,-31979.35546875,15716.78515625,-11574.76171875,-4036.970947265625,14923.7900390625,-4399.51611328125
377725.598721459,-2690.6806640625,73.49253845214844,-31987.42578125,15716.583984375,-11574.3369140625,-4039.69775390625,14920.59375,-4397.392578125
377725.602765308,-2686.6796875,78.07464599609375,-31990.822265625,15720.8984375,-11572.5263671875,-4041.396484375,14917.978515625,-4397.75048828125
377725.60676576,-2682.701171875,83.908447265625,-31989.279296875,15722.9765625,-11576.1025390625,-4043.676513671875,14917.353515625,-4399.53857421875
377725.609843592,-2685.137451171875,81.62857055664062,-31992.4765625,15715.8017578125,-11585.892578125,-4048.482177734375,14917.2412109375,-4401.50537109375
377725.613875041,-2686.59033203125,80.53333282470703,-31996.74609375,15713.8125,-11590.966796875,-4050.29248046875,14918.0009765625,-4399.98583984375
377725.618786809,-2691.0830078125,71.01148986816406,-32012.705078125,15703.3076171875,-11600.197265625,-4057.2216796875,14913.330078125,-4401.55029296875
377725.623085198,-2693.720458984375,64.01539611816406,-32022.451171875,15694.724609375,-11604.7802734375,-4058.629638671875,14915.6318359375,-4401.55029296875
377725.626854083,-2690.97119140625,69.98331451416016,-32017.107421875,15700.55859375,-11600.1533203125,-4054.360595703125,14925.3330078125,-4396.38720703125
377725.630809316,-2689.004150390625,73.67134857177734,-32011.54296875,15701.8994140625,-11599.9296875,-4052.237060546875,14931.166015625,-4393.8388671875
377725.633844481,-2689.406494140625,72.48670959472656,-32012.279296875,15699.7763671875,-11600.1533203125,-4050.471435546875,14929.490234375,-4397.10205078125
377725.637873013,-2696.648681640625,68.91043090820312,-32017.041015625,15696.7587890625,-11599.5048828125,-4051.0302734375,14926.181640625,-4394.17431640625
377725.641896075,-2700.716552734375,66.0717544555664,-32016.416015625,15695.8193359375,-11598.1865234375,-4051.72314453125,14924.3046875,-4390.2626953125
377725.646853792,-2689.38427734375,72.8890380859375,-32007.564453125,15703.28515625,-11594.453125,-4048.392578125,14924.6396484375,-4389.994140625
377725.650851691,-2687.2607421875,73.2690200805664,-32002.154296875,15703.4638671875,-11594.38671875,-4045.576416015625,14926.181640625,-4392.31884765625
377725.654906844,-2693.072265625,65.73648071289062,-32005.126953125,15695.595703125,-11599.6162109375,-4048.10205078125,14924.2822265625,-4396.14111328125
377725.658945587,-2696.715576171875,61.333187103271484,-32012.279296875,15691.0810546875,-11602.052734375,-4052.170166015625,14918.3369140625,-4397.70556640625
377725.662835543,-2691.619384765625,68.17282104492188,-32008.189453125,15700.4912109375,-11593.08984375,-4046.872802734375,14921.935546875,-4392.4755859375
377725.6661588,-2690.322998046875,70.63151550292969,-32001.908203125,15706.3701171875,-11590.1396484375,-4046.6044921875,14923.9912109375,-4391.53662109375
377725.670197178,-2695.531005859375,62.227256774902344,-32004.61328125,15697.80859375,-11600.376953125,-4057.534423828125,14912.994140625,-4400.25390625
377725.674884307,-2696.648681640625,58.91919708251953,-32007.85546875,15692.310546875,-11608.7587890625,-4067.972900390625,14902.466796875,-4408.814453125
377725.67895113,-2694.6591796875,59.925025939941406,-32012.16796875,15695.7080078125,-11605.517578125,-4070.69970703125,14898.0185546875,-4409.9990234375
377725.682934807,-2689.004150390625,66.3623275756836,-32010.3125,15704.24609375,-11595.548828125,-4066.542236328125,14897.28125,-4412.52490234375
377725.6868729,-2690.121826171875,67.14463806152344,-32008.30078125,15703.3525390625,-11597.626953125,-4068.844482421875,14894.21875,-4416.72705078125
377725.68989822,-2688.713623046875,76.68883514404297,-31997.193359375,15715.154296875,-11589.2451171875,-4060.90966796875,14900.6787109375,-4413.8662109375
377725.693908518,-2686.009033203125,79.59455871582031,-31996.3203125,15717.2548828125,-11586.2275390625,-4053.958251953125,14904.791015625,-4408.0771484375
377725.697934132,-2686.7021484375,75.72770690917969,-32007.408203125,15711.1533203125,-11588.216796875,-4052.863037109375,14907.0712890625,-4402.77978515625
377725.703067621,-2685.36083984375,75.45948791503906,-32011.140625,15709.587890625,-11587.94921875,-4049.063232421875,14913.486328125,-4397.30322265625
377725.70684854,-2693.6533203125,68.08341217041016,-32017.689453125,15700.9384765625,-11599.37109375,-4056.551025390625,14911.0947265625,-4402.82421875
377725.71110244,-2695.2626953125,67.45756530761719,-32016.37109375,15698.14453125,-11607.2607421875,-4062.8095703125,14910.5361328125,-4402.421875
377725.715014276,-2693.78759765625,65.6470718383789,-32015.431640625,15694.92578125,-11605.271484375,-4056.30517578125,14916.615234375,-4398.97998046875
377725.719080005,-2692.4912109375,66.54114532470703,-32019.0078125,15697.451171875,-11599.37109375,-4050.60546875,14923.857421875,-4389.74853515625
377725.723220491,-2693.429931640625,67.18934631347656,-32021.466796875,15696.9814453125,-11601.6279296875,-4055.969970703125,14921.5771484375,-4388.49658203125
377725.726070038,-2692.20068359375,67.56932067871094,-32015.275390625,15696.9375,-11600.533203125,-4051.90185546875,14925.8017578125,-4384.4287109375
377725.731120746,-2693.407470703125,67.1222915649414,-32008.369140625,15700.513671875,-11598.3203125,-4049.2197265625,14926.8974609375,-4387.13330078125
377725.734961472,-2699.37548828125,59.366233825683594,-32011.85546875,15693.96484375,-11605.5625,-4055.32177734375,14920.7509765625,-4392.2744140625
377725.738914517,-2700.4482421875,54.38179397583008,-32018.29296875,15686.923828125,-11610.748046875,-4061.423828125,14914.2685546875,-4395.626953125
377725.743022183,-2694.033447265625,61.35553741455078,-32013.041015625,15695.595703125,-11603.416015625,-4058.137939453125,14917.7998046875,-4392.4306640625
377725.747113438,-2699.46484375,57.75690841674805,-32012.369140625,15691.751953125,-11609.8759765625,-4065.625732421875,14911.4296875,-4398.57763671875
377725.750949058,-2701.744873046875,53.15244674682617,-32012.123046875,15685.6494140625,-11615.9111328125,-4071.951416015625,14908.412109375,-4402.265625
377725.754265386,-2705.723388671875,48.79385757446289,-32012.66015625,15686.029296875,-11615.44140625,-4073.963134765625,14903.115234375,-4409.35107421875
377725.758112311,-2703.532958984375,50.60435104370117,-32014.42578125,15687.6611328125,-11616.447265625,-4079.059326171875,14897.392578125,-4409.6416015625
377725.763011315,-2702.77294921875,53.331260681152344,-32014.3359375,15691.013671875,-11615.53125,-4084.133056640625,14889.525390625,-4415.36376953125
377725.76702599,-2698.056640625,61.64611053466797,-32005.955078125,15700.5361328125,-11604.3779296875,-4073.650146484375,14892.3642578125,-4419.54345703125
377725.77129557,-2692.20068359375,71.57028198242188,-31996.56640625,15708.42578125,-11596.30859375,-4062.653076171875,14900.455078125,-4415.52001953125
377725.775366039,-2694.547607421875,73.17961120605469,-31996.5,15709.5439453125,-11591.681640625,-4055.768798828125,14906.0654296875,-4412.033203125
377725.779012395,-2696.35791015625,73.60429382324219,-32001.908203125,15710.4599609375,-11586.787109375,-4050.940673828125,14911.0947265625,-4407.13818359375
377725.782124506,-2694.078125,80.06394958496094,-32002.490234375,15717.6123046875,-11579.791015625,-4043.363525390625,14918.42578125,-4399.78466796875
377725.786134075,-2692.35693359375,79.21458435058594,-32002.490234375,15717.5458984375,-11584.171875,-4046.358642578125,14918.314453125,-4399.96337890625
377725.791066629,-2693.18408203125,72.17378234863281,-32005.708984375,15709.2529296875,-11595.794921875,-4054.651123046875,14916.50390625,-4403.2490234375
377725.795003263,-2696.916748046875,64.618896484375,-32009.330078125,15703.9775390625,-11598.7451171875,-4054.51708984375,14918.984375,-4402.17626953125
377725.799011738,-2697.319091796875,63.59071350097656,-32015.25390625,15701.564453125,-11596.912109375,-4052.416015625,14921.197265625,-4399.60546875
377725.803148213,-2701.2529296875,56.572265625,-32022.181640625,15691.662109375,-11604.3330078125,-4056.774658203125,14919.7451171875,-4398.4658203125
377725.806992586,-2703.48828125,54.82883071899414,-32019.857421875,15690.25390625,-11606.8359375,-4058.09326171875,14920.5048828125,-4396.0517578125
377725.810124024,-2699.57666015625,62.6966438293457,-32010.849609375,15697.2275390625,-11606.5234375,-4060.954345703125,14921.890625,-4397.4599609375
377725.815144464,-2705.455078125,55.7452507019043,-32015.0078125,15687.0126953125,-11613.02734375,-4064.374267578125,14918.26953125,-4402.33251953125
377725.818406456,-2706.6845703125,54.404144287109375,-32018.76171875,15686.4091796875,-11612.15625,-4065.871826171875,14914.7822265625,-4401.21484375
377725.822178988,-2703.599853515625,52.77246856689453,-32019.142578125,15687.728515625,-11613.7431640625,-4071.549072265625,14909.91015625,-4401.70654296875
377725.82643471,-2702.68359375,49.08443069458008,-32018.181640625,15682.9677734375,-11621.2080078125,-4078.120361328125,14903.0478515625,-4408.7919921875
377725.830261943,-2702.57177734375,49.68792724609375,-32016.974609375,15680.173828125,-11626.3720703125,-4082.1884765625,14897.37109375,-4418.26953125
377725.835265244,-2707.623291015625,43.02710723876953,-32025.9140625,15672.23828125,-11634.955078125,-4091.643310546875,14888.4970703125,-4426.89697265625
377725.839070961,-2714.105224609375,36.858028411865234,-32037.470703125,15668.1259765625,-11638.8662109375,-4099.24267578125,14880.47265625,-4430.31689453125
377725.843130125,-2714.530029296875,36.09806823730469,-32042.43359375,15667.0302734375,-11640.20703125,-4102.4169921875,14877.5673828125,-4426.025390625
377725.84612153,-2708.76318359375,44.43526840209961,-32032.75390625,15678.2509765625,-11630.529296875,-4095.420654296875,14881.634765625,-4422.11376953125
377725.850356466,-2705.96923828125,51.386661529541016,-32022.2265625,15687.6611328125,-11620.7392578125,-4083.261474609375,14890.4189453125,-4419.09619140625
377725.854444805,-2709.76904296875,53.44301986694336,-32019.701171875,15691.416015625,-11618.5927734375,-4082.255615234375,14888.564453125,-4423.7900390625
377725.85825271,-2708.673828125,59.366233825683594,-32020.080078125,15699.5751953125,-11610.14453125,-4077.87451171875,14891.9169921875,-4418.2021484375
377725.864161491,-2709.411376953125,54.404144287109375,-32027.12109375,15692.6005859375,-11613.3408203125,-4078.1875,14892.744140625,-4414.71533203125
377725.867216713,-2709.836181640625,50.470237731933594,-32029.8046875,15686.0966796875,-11619.0625,-4082.412109375,14892.498046875,-4418.068359375
377725.871479,-2705.544677734375,57.68985366821289,-32020.103515625,15692.35546875,-11613.564453125,-4073.046630859375,14901.974609375,-4411.2060546875
377725.874120684,-2710.75244140625,51.47606658935547,-32023.43359375,15686.87890625,-11616.4697265625,-4071.9736328125,14903.517578125,-4408.70263671875
377725.878119313,-2716.094482421875,41.44013595581055,-32034.6328125,15678.876953125,-11618.0341796875,-4071.794921875,14905.73046875,-4401.4833984375
377725.882205098,-2711.98193359375,38.95909118652344,-32037.58203125,15677.8935546875,-11617.6767578125,-4069.738525390625,14910.4912109375,-4392.09521484375
377725.886326986,-2715.96044921875,33.10293197631836,-32040.130859375,15672.9091796875,-11625.455078125,-4075.929931640625,14907.0263671875,-4397.52685546875
377725.891123882,-2715.06640625,36.18747329711914,-32032.419921875,15676.9775390625,-11617.9677734375,-4064.642333984375,14916.9951171875,-4396.56591796875
377725.895078386,-2716.67578125,40.791934967041016,-32028.57421875,15680.44140625,-11617.0732421875,-4064.68701171875,14916.615234375,-4397.638671875
377725.899075556,-2715.826416015625,39.584938049316406,-32031.703125,15679.16796875,-11617.9228515625,-4068.50927734375,14914.849609375,-4395.93994140625
377725.902277012,-2723.604736328125,30.26426124572754,-32039.4375,15672.3056640625,-11623.533203125,-4074.208984375,14909.775390625,-4398.197265625
377725.906132689,-2724.76708984375,25.2127685546875,-32040.755859375,15666.8291015625,-11628.875,-4079.2158203125,14906.4677734375,-4402.35498046875
377725.910153928,-2730.53369140625,18.77546501159668,-32040.041015625,15659.1630859375,-11636.4521484375,-4085.228271484375,14902.0419921875,-4407.5849609375
377725.914163132,-2726.4658203125,27.805570602416992,-32032.26171875,15669.3330078125,-11631.2216796875,-4082.747314453125,14902.6005859375,-4409.216796875
377725.918316746,-2723.291748046875,32.49943542480469,-32036.330078125,15674.49609375,-11632.205078125,-4090.30224609375,14891.4697265625,-4419.8115234375
377725.923155215,-2723.716552734375,29.638412475585938,-32042.65625,15668.86328125,-11638.2177734375,-4096.158203125,14885.0322265625,-4419.185546875
377725.927093673,-2719.17919921875,31.493608474731445,-32038.251953125,15669.8916015625,-11636.630859375,-4093.744384765625,14889.279296875,-4416.27978515625
377725.930150354,-2721.0791015625,31.448904037475586,-32035.369140625,15670.4951171875,-11637.4130859375,-4095.443115234375,14891.1787109375,-4416.50341796875
377725.934259114,-2723.023681640625,32.34297561645508,-32035.7265625,15672.0595703125,-11635.4013671875,-4093.09619140625,14893.6376953125,-4412.88232421875
377725.938304785,-2722.15185546875,34.93577575683594,-32040.533203125,15675.009765625,-11632.49609375,-4094.3701171875,14891.447265625,-4409.97705078125
377725.94224069,-2717.4580078125,39.249664306640625,-32040.30859375,15679.97265625,-11629.076171875,-4094.325439453125,14890.0166015625,-4410.6474609375
377725.946199935,-2715.535888671875,43.54119873046875,-32035.056640625,15683.0791015625,-11626.4609375,-4093.342041015625,14890.1064453125,-4413.32958984375
377725.951115349,-2719.112060546875,44.18939971923828,-32031.81640625,15682.0732421875,-11629.0087890625,-4093.90087890625,14890.93359375,-4417.419921875
377725.955189465,-2716.005126953125,50.649051666259766,-32021.154296875,15691.7294921875,-11613.3857421875,-4073.158447265625,14907.0712890625,-4405.95361328125
377725.959355113,-2714.97705078125,52.30308151245117,-32023.412109375,15696.1552734375,-11604.556640625,-4065.268310546875,14910.3125,-4399.001953125
377725.962307498,-2719.78271484375,48.61504364013672,-32027.63671875,15692.7802734375,-11601.8291015625,-4059.32275390625,14914.3359375,-4393.1904296875
377725.96634223,-2715.803955078125,53.510074615478516,-32019.65625,15699.3955078125,-11593.8720703125,-4049.845458984375,14924.37109375,-4386.57470703125
377725.970271206,-2714.418212890625,57.71220397949219,-32010.357421875,15704.4248046875,-11589.46875,-4043.050537109375,14932.1943359375,-4385.79248046875
377725.974385436,-2718.84375,56.05817413330078,-32010.0234375,15700.9384765625,-11592.9111328125,-4044.883544921875,14931.4345703125,-4387.55810546875
377725.979198013,-2717.48046875,53.30891036987305,-32018.404296875,15695.8193359375,-11599.7958984375,-4052.773681640625,14923.2763671875,-4390.17333984375
377725.983352357,-2708.673828125,53.353614807128906,-32018.13671875,15695.6630859375,-11598.07421875,-4050.11376953125,14921.0859375,-4392.20703125
377725.98632808,-2708.0478515625,54.00181579589844,-32014.4921875,15695.5517578125,-11597.76171875,-4048.660888671875,14922.4716796875,-4395.51513671875
377725.99031431,-2708.78564453125,54.94058609008789,-32008.123046875,15695.4169921875,-11600.80078125,-4052.416015625,14925.2880859375,-4395.76123046875
377725.994307104,-2710.126708984375,51.09608840942383,-32010.06640625,15690.5,-11609.8984375,-4061.647216796875,14922.6728515625,-4395.2021484375
377725.998402007,-2710.618408203125,43.72001266479492,-32021.578125,15680.8212890625,-11621.6103515625,-4075.527587890625,14912.8154296875,-4397.92919921875
377726.002341194,-2712.428955078125,38.981441497802734,-32027.591796875,15674.294921875,-11629.0087890625,-4084.69189453125,14905.0146484375,-4404.6796875
377726.007232905,-2718.95556640625,32.38767623901367,-32028.328125,15671.3671875,-11632.8984375,-4090.123291015625,14898.2646484375,-4410.2001953125
377726.011393083,-2717.122802734375,40.613121032714844,-32019.72265625,15684.017578125,-11627.01953125,-4089.720947265625,14896.1416015625,-4413.8212890625
377726.0143823,-2717.905029296875,40.97074890136719,-32020.169921875,15685.4033203125,-11626.7744140625,-4089.318603515625,14894.1748046875,-4414.49169921875
377726.018302889,-2718.620361328125,39.875511169433594,-32028.015625,15686.56640625,-11624.404296875,-4089.430419921875,14891.693359375,-4408.16650390625
377726.022430612,-2718.4638671875,41.79776382446289,-32030.33984375,15689.5390625,-11620.91796875,-4087.1953125,14894.509765625,-4399.248046875
377726.026456955,-2716.005126953125,47.20688247680664,-32027.390625,15692.8017578125,-11619.3974609375,-4085.630615234375,14894.7109375,-4401.4384765625
377726.03049898,-2720.900146484375,42.98240280151367,-32029.3125,15685.626953125,-11625.3876953125,-4088.938720703125,14891.8046875,-4410.826171875
377726.035310828,-2717.8603515625,50.045555114746094,-32022.62890625,15692.5341796875,-11619.5546875,-4083.529541015625,14897.5048828125,-4407.54052734375
377726.039417399,-2718.016845703125,53.979461669921875,-32024.1484375,15697.0263671875,-11610.30078125,-4072.80078125,14901.013671875,-4407.0263671875
377726.042433237,-2715.490966796875,55.298213958740234,-32021.734375,15699.8876953125,-11602.3212890625,-4064.1953125,14907.49609375,-4404.880859375
377726.046438065,-2713.099365234375,56.19228744506836,-32016.302734375,15701.36328125,-11600.0634765625,-4059.009765625,14913.3740234375,-4404.50048828125
377726.050445446,-2715.424072265625,55.23115921020508,-32011.474609375,15699.91015625,-11601.78515625,-4057.48974609375,14917.3974609375,-4403.6513671875
377726.054512998,-2715.75927734375,55.052345275878906,-32010.08984375,15698.3896484375,-11604.0419921875,-4058.205078125,14919.0966796875,-4401.95263671875
377726.060530087,-2711.37841796875,56.1699333190918,-32011.20703125,15699.2392578125,-11598.7001953125,-4050.069091796875,14927.7021484375,-4391.89404296875
377726.063491588,-2709.27734375,56.90754318237305,-32010.08984375,15700.826171875,-11594.8779296875,-4046.4033203125,14932.306640625,-4387.53564453125
377726.070444061,-2704.605712890625,60.99790954589844,-32001.8203125,15704.0,-11594.54296875,-4046.4033203125,14933.8037109375,-4386.8427734375
377726.073600662,-2708.226806640625,58.49451446533203,-31997.55078125,15702.16796875,-11595.8388671875,-4044.01171875,14935.1669921875,-4392.56494140625
377726.07662197,-2708.0703125,56.90754318237305,-31997.05859375,15701.4970703125,-11598.677734375,-4046.470458984375,14936.1728515625,-4390.8212890625
377726.080500621,-2710.842041015625,49.68792724609375,-32007.51953125,15694.791015625,-11605.8076171875,-4056.0146484375,14928.685546875,-4391.447265625
377726.083540527,-2717.390869140625,39.160255432128906,-32018.896484375,15685.5830078125,-11615.486328125,-4068.3974609375,14916.6376953125,-4397.12451171875
377726.086514428,-2721.8837890625,34.108760833740234,-32020.70703125,15679.5478515625,-11625.208984375,-4079.39453125,14906.5791015625,-4401.7958984375
377726.090530926,-2714.999267578125,44.927005767822266,-32008.81640625,15688.6669921875,-11619.62109375,-4075.70654296875,14907.7861328125,-4404.56787109375
377726.095498488,-2711.534912109375,54.404144287109375,-32001.685546875,15697.541015625,-11614.837890625,-4073.404296875,14907.607421875,-4407.69677734375
377726.09957151,-2720.0732421875,42.445960998535156,-32017.95703125,15684.2412109375,-11627.265625,-4090.235107421875,14890.6875,-4419.0517578125
377726.102739416,-2723.492919921875,37.863853454589844,-32027.837890625,15677.2001953125,-11634.3515625,-4098.9521484375,14882.1044921875,-4422.8740234375
377726.106545862,-2724.76708984375,36.858028411865234,-32032.44140625,15672.88671875,-11642.2861328125,-4105.23291015625,14876.494140625,-4427.1875
377726.110612685,-2721.526123046875,46.62574005126953,-32026.83203125,15685.224609375,-11635.3125,-4098.23681640625,14879.01953125,-4425.55615234375
377726.11644452,-2723.470703125,47.2515869140625,-32030.36328125,15683.6826171875,-11635.2451171875,-4098.23681640625,14880.1826171875,-4425.064453125
377726.119668586,-2719.0673828125,47.92213821411133,-32036.28515625,15680.93359375,-11633.7919921875,-4096.87353515625,14883.2890625,-4416.6376953125
377726.123628559,-2718.620361328125,47.564510345458984,-32036.912109375,15681.73828125,-11627.1982421875,-4090.9951171875,14889.63671875,-4411.2509765625
377726.127574311,-2715.915771484375,51.543121337890625,-32028.5078125,15689.6953125,-11613.5419921875,-4075.7734375,14901.259765625,-4407.40625
377726.13063245,-2714.060546875,53.66653823852539,-32021.33203125,15691.662109375,-11611.5966796875,-4071.236083984375,14904.43359375,-4410.2001953125
377726.134510737,-2714.999267578125,55.85700988769531,-32013.93359375,15697.25,-11602.41015625,-4059.5908203125,14910.8037109375,-4409.6416015625
377726.138584853,-2715.78173828125,54.94058609008789,-32012.66015625,15699.6640625,-11597.42578125,-4056.461669921875,14912.8603515625,-4403.76318359375
377726.142626878,-2712.428955078125,55.7452507019043,-32009.017578125,15700.6474609375,-11595.8837890625,-4054.2265625,14916.1015625,-4399.51611328125
377726.146711205,-2712.540771484375,57.801612854003906,-32000.076171875,15703.3076171875,-11594.8330078125,-4051.41015625,14920.99609375,-4394.97900390625
377726.150670084,-2714.507568359375,54.448848724365234,-31994.533203125,15700.46875,-11599.9521484375,-4055.366455078125,14920.638671875,-4397.12451171875
377726.155666456,-2714.395751953125,50.649051666259766,-31996.611328125,15694.568359375,-11607.4619140625,-4060.015625,14916.2802734375,-4403.6513671875
377726.158689222,-2716.631103515625,49.799686431884766,-32002.869140625,15692.064453125,-11609.80859375,-4062.0048828125,14914.5595703125,-4402.93603515625
377726.16257298,-2717.525146484375,46.44692611694336,-32008.390625,15686.431640625,-11613.83203125,-4064.50830078125,14915.3642578125,-4402.08642578125
377726.166654024,-2712.898193359375,50.492591857910156,-32002.826171875,15688.8232421875,-11614.5478515625,-4064.1953125,14920.236328125,-4399.6728515625
377726.170764607,-2708.137451171875,59.18741989135742,-31995.359375,15694.9033203125,-11612.9833984375,-4062.384765625,14923.947265625,-4396.18603515625
377726.174774906,-2711.087890625,55.63349151611328,-31997.9296875,15690.5673828125,-11617.85546875,-4066.7880859375,14921.443359375,-4395.89501953125
377726.178781557,-2715.714599609375,46.02224349975586,-32010.46875,15681.7158203125,-11626.5283203125,-4078.656982421875,14907.8759765625,-4398.68896484375
377726.18365394,-2715.15576171875,46.826904296875,-32011.6328125,15689.7626953125,-11619.0400390625,-4076.98046875,14904.568359375,-4398.4208984375
#377731.192620861,-2750.784423828125,25.905672073364258,-32101.44140625,15626.73046875,-11586.1162109375,-4145.84619140625,14827.8564453125,-4460.7822265625
377731.197758361,-2749.979736328125,28.587881088256836,-32094.400390625,15623.6015625,-11591.2119140625,-4147.34375,14829.689453125,-4464.8505859375
377731.201037491,-2741.84375,42.40126037597656,-32081.34765625,15636.6767578125,-11578.6953125,-4135.7880859375,14838.33984375,-4460.2236328125
377731.204615289,-2727.695068359375,62.361366271972656,-32069.5234375,15655.5869140625,-11562.9599609375,-4121.52734375,14850.7451171875,-4450.52294921875
377731.207713907,-2721.190673828125,69.4915771484375,-32060.806640625,15664.9521484375,-11550.912109375,-4109.88232421875,14858.27734375,-4447.88525390625
377731.210840605,-2714.8876953125,81.27094268798828,-32042.388671875,15680.1953125,-11536.830078125,-4094.3701171875,14870.6376953125,-4446.29833984375
377731.214745148,-2707.55615234375,93.29618072509766,-32022.3828125,15693.71875,-11524.044921875,-4080.69091796875,14884.7197265625,-4440.93408203125
377731.218821817,-2712.227783203125,92.29035186767578,-32011.744140625,15699.2841796875,-11515.9765625,-4071.862060546875,14892.0732421875,-4438.29638671875
377731.222813882,-2716.027587890625,90.79278564453125,-32006.2890625,15705.408203125,-11507.37109375,-4065.871826171875,14890.44140625,-4438.31884765625
377731.226828192,-2709.34423828125,94.9278564453125,-31993.302734375,15715.958984375,-11494.25,-4056.50634765625,14892.4306640625,-4433.982421875
377731.230835573,-2706.818603515625,90.09988403320312,-31993.03515625,15713.8125,-11494.1162109375,-4057.7802734375,14887.2451171875,-4435.72607421875
377731.234764184,-2712.607666015625,79.05812072753906,-32006.625,15699.9990234375,-11509.583984375,-4073.069091796875,14873.833984375,-4440.50927734375
377731.237757777,-2721.14599609375,63.32249069213867,-32031.97265625,15677.1787109375,-11532.046875,-4096.158203125,14857.3837890625,-4444.9794921875
377731.241869454,-2727.516357421875,49.375003814697266,-32058.525390625,15657.3076171875,-11549.548828125,-4114.5537109375,14846.587890625,-4442.74462890625
377731.246687501,-2733.037109375,38.91438674926758,-32074.126953125,15644.5673828125,-11561.9990234375,-4125.5283203125,14839.7705078125,-4444.041015625
377731.250695611,-2741.195556640625,33.32645034790039,-32079.783203125,15639.470703125,-11565.2841796875,-4126.556640625,14839.2333984375,-4448.578125
377731.254864907,-2739.608642578125,41.216617584228516,-32073.94921875,15647.6962890625,-11558.400390625,-4118.353515625,14847.5263671875,-4444.041015625
377731.258859889,-2739.094482421875,43.854122161865234,-32073.79296875,15649.5517578125,-11559.80859375,-4120.5888671875,14849.626953125,-4443.2587890625
377731.262841743,-2741.910888671875,40.21078872680664,-32082.62109375,15644.8349609375,-11564.2333984375,-4125.2158203125,14846.1630859375,-4447.4384765625
377731.26764812,-2738.93798828125,42.960052490234375,-32083.359375,15644.5673828125,-11563.5185546875,-4120.90185546875,14849.6943359375,-4444.28662109375
377731.27187941,-2736.94873046875,44.18939971923828,-32082.486328125,15640.8115234375,-11570.783203125,-4123.87451171875,14848.7333984375,-4448.31005859375
377731.275708101,-2735.786376953125,47.184532165527344,-32078.708984375,15640.3427734375,-11575.9462890625,-4127.04833984375,14846.38671875,-4451.998046875
377731.279917875,-2729.75146484375,55.7452507019043,-32070.41796875,15646.400390625,-11571.5205078125,-4121.66162109375,14849.76171875,-4449.6064453125
377731.283861439,-2727.248046875,56.28169250488281,-32070.685546875,15645.9755859375,-11569.083984375,-4118.1748046875,14852.935546875,-4445.046875
377731.289769126,-2723.224853515625,63.814231872558594,-32062.50390625,15658.134765625,-11555.5390625,-4109.30126953125,14856.2880859375,-4441.380859375
377731.293832666,-2723.15771484375,65.42355346679688,-32052.982421875,15660.99609375,-11555.091796875,-4108.9658203125,14854.25390625,-4445.96337890625
377731.297833483,-2722.800048828125,67.56932067871094,-32041.248046875,15665.5556640625,-11552.2978515625,-4107.37890625,14857.3388671875,-4449.7626953125
377731.300923714,-2718.44140625,79.01342010498047,-32026.00390625,15685.11328125,-11529.9013671875,-4088.67041015625,14871.8896484375,-4446.32080078125
377731.303946845,-2718.910888671875,78.96871185302734,-32026.33984375,15689.29296875,-11524.7158203125,-4087.955322265625,14871.7998046875,-4444.6220703125
377731.30783279,-2719.2685546875,75.41478729248047,-32028.3515625,15684.8671875,-11527.8896484375,-4089.855224609375,14869.9892578125,-4441.0458984375
377731.310860662,-2727.427001953125,64.08245086669922,-32036.80078125,15670.5625,-11538.775390625,-4097.92431640625,14861.80859375,-4446.74560546875
377731.314971245,-2729.34912109375,60.84144973754883,-32042.634765625,15665.0634765625,-11543.0224609375,-4100.47216796875,14860.177734375,-4446.8125
377731.318850991,-2727.56103515625,56.684024810791016,-32054.837890625,15656.033203125,-11551.6943359375,-4108.384765625,14855.8857421875,-4448.376953125
377731.32197696,-2732.500732421875,44.14469528198242,-32079.044921875,15635.1796875,-11571.095703125,-4125.66259765625,14845.40234375,-4449.427734375
377731.325976682,-2738.4462890625,32.72295379638672,-32097.306640625,15618.7734375,-11585.490234375,-4135.5869140625,14841.7373046875,-4447.95263671875
377731.330877874,-2740.681396484375,31.80653190612793,-32100.0546875,15618.68359375,-11587.61328125,-4137.46435546875,14841.021484375,-4448.8017578125
377731.334915888,-2739.34033203125,37.9085578918457,-32095.0703125,15625.0537109375,-11583.7021484375,-4133.10595703125,14845.1572265625,-4446.5888671875
377731.340057034,-2743.85546875,34.44403839111328,-32097.8203125,15623.623046875,-11583.0537109375,-4131.7646484375,14846.20703125,-4447.2373046875
377731.343882079,-2747.34228515625,32.38767623901367,-32103.7890625,15624.96484375,-11577.890625,-4130.02099609375,14846.85546875,-4446.4326171875
377731.347014612,-2745.621337890625,32.90176773071289,-32103.38671875,15628.1162109375,-11574.314453125,-4126.3330078125,14850.119140625,-4444.35400390625
377731.3510694,-2746.604736328125,34.89107131958008,-32100.591796875,15629.0107421875,-11575.9912109375,-4125.70751953125,14849.7392578125,-4448.86865234375
377731.355833476,-2748.973876953125,34.1311149597168,-32095.5859375,15628.294921875,-11574.224609375,-4119.62744140625,14854.4326171875,-4449.830078125
377731.359913426,-2749.622314453125,31.001869201660156,-32093.640625,15626.685546875,-11574.60546875,-4115.7607421875,14858.2548828125,-4447.572265625
377731.364022551,-2747.74462890625,32.410030364990234,-32096.14453125,15626.3056640625,-11579.1201171875,-4123.27099609375,14850.1416015625,-4449.29345703125
377731.36807041,-2736.658203125,45.485801696777344,-32083.158203125,15642.6005859375,-11566.40234375,-4116.11865234375,14853.4267578125,-4443.0576171875
377731.372981813,-2734.892333984375,48.0786018371582,-32070.4609375,15647.1376953125,-11563.1162109375,-4112.52001953125,14856.0869140625,-4444.3984375
377731.376031566,-2739.34033203125,49.39735412597656,-32060.828125,15650.580078125,-11562.580078125,-4113.81640625,14852.8681640625,-4451.7744140625
377731.381029031,-2738.46875,50.98432922363281,-32055.93359375,15651.3173828125,-11562.2890625,-4114.68798828125,14851.4375,-4454.0546875
377731.385076161,-2742.13427734375,47.09512710571289,-32058.5703125,15652.2333984375,-11555.2255859375,-4112.609375,14851.1474609375,-4453.8310546875
377731.388940226,-2745.15185546875,41.686004638671875,-32062.056640625,15652.994140625,-11545.837890625,-4103.64599609375,14859.23828125,-4449.2041015625
377731.391929078,-2744.92822265625,36.47804641723633,-32066.55078125,15649.5068359375,-11552.677734375,-4109.72607421875,14853.8740234375,-4454.07666015625
377731.394991229,-2746.582275390625,37.08154296875,-32066.28125,15654.0439453125,-11554.1533203125,-4110.46337890625,14854.8798828125,-4454.90380859375
377731.398991317,-2751.455078125,34.82401657104492,-32073.189453125,15650.6240234375,-11560.322265625,-4115.04541015625,14856.623046875,-4454.5908203125
377731.40203961,-2747.722412109375,36.79096984863281,-32082.978515625,15645.818359375,-11562.6240234375,-4116.341796875,14858.5009765625,-4450.43359375
377731.405913521,-2746.805908203125,35.06988525390625,-32093.23828125,15635.5595703125,-11571.5205078125,-4123.0029296875,14853.5166015625,-4450.32177734375
377731.409963569,-2740.077880859375,45.821075439453125,-32087.3828125,15643.13671875,-11570.849609375,-4124.25439453125,14851.52734375,-4449.87451171875
377731.414458516,-2735.76416015625,50.492591857910156,-32083.58203125,15642.041015625,-11573.755859375,-4128.05419921875,14851.37109375,-4450.0537109375
377731.419015823,-2734.199462890625,53.95711135864258,-32080.765625,15644.8798828125,-11571.3193359375,-4125.39453125,14854.4775390625,-4446.87939453125
377731.423403557,-2732.232421875,53.73359298706055,-32082.755859375,15644.298828125,-11569.1513671875,-4123.04736328125,14856.064453125,-4442.31982421875
377731.42746892,-2733.439453125,52.25837707519531,-32082.6875,15644.6787109375,-11566.8486328125,-4121.23681640625,14857.7861328125,-4439.54833984375
377731.431441657,-2737.999267578125,45.910484313964844,-32082.509765625,15638.9345703125,-11571.1181640625,-4123.3603515625,14854.5673828125,-4443.52685546875
377731.435063945,-2739.586181640625,44.16704559326172,-32080.095703125,15635.4921875,-11576.4150390625,-4127.3388671875,14851.1923828125,-4449.27099609375
377731.440177376,-2737.35107421875,47.72097396850586,-32076.564453125,15642.1533203125,-11571.2080078125,-4123.71826171875,14851.4150390625,-4451.6181640625
377731.444161418,-2740.56982421875,44.16704559326172,-32081.7265625,15640.3203125,-11569.240234375,-4124.05322265625,14849.0234375,-4450.58984375
377731.448095864,-2743.698974609375,37.68503952026367,-32087.740234375,15634.77734375,-11574.5830078125,-4129.015625,14844.6201171875,-4451.14892578125
377731.452072978,-2742.76025390625,40.97074890136719,-32078.10546875,15641.8623046875,-11571.587890625,-4123.78515625,14849.470703125,-4449.91943359375
377731.457214489,-2744.213134765625,44.077640533447266,-32069.43359375,15645.0361328125,-11570.8271484375,-4122.86865234375,14851.6611328125,-4452.15478515625
377731.460168332,-2745.2412109375,44.94935989379883,-32066.908203125,15646.01953125,-11571.498046875,-4128.45654296875,14845.6259765625,-4457.67529296875
377731.463414643,-2741.821533203125,46.558685302734375,-32066.751953125,15651.2275390625,-11560.5458984375,-4118.1298828125,14848.353515625,-4453.451171875
377731.467000827,-2742.022705078125,44.01058578491211,-32068.47265625,15650.8701171875,-11554.64453125,-4111.0224609375,14850.5888671875,-4451.841796875
377731.470182591,-2744.078857421875,42.22244644165039,-32066.05859375,15651.6748046875,-11554.376953125,-4112.83251953125,14846.0732421875,-4456.13330078125
377731.474273117,-2746.895263671875,42.82594299316406,-32062.9296875,15652.61328125,-11553.7734375,-4112.09521484375,14844.6201171875,-4459.0390625
377731.479127996,-2753.421875,37.5062255859375,-32068.44921875,15650.177734375,-11558.064453125,-4115.1572265625,14841.3349609375,-4461.89990234375
377731.483186795,-2753.55615234375,36.00865936279297,-32075.78125,15651.80859375,-11559.6962890625,-4119.24755859375,14839.94921875,-4456.8486328125
377731.487248877,-2747.677490234375,35.04753494262695,-32081.19140625,15649.8193359375,-11564.390625,-4124.43310546875,14839.814453125,-4450.03125
377731.490110823,-2750.873779296875,26.218595504760742,-32089.52734375,15636.9228515625,-11576.7734375,-4133.26220703125,14834.5849609375,-4455.35107421875
377731.495994807,-2744.324951171875,36.2098274230957,-32081.48046875,15643.0029296875,-11571.9228515625,-4128.166015625,14837.4677734375,-4456.78125
377731.49926555,-2738.06640625,43.94353103637695,-32076.7421875,15647.115234375,-11566.2900390625,-4122.01953125,14842.0947265625,-4455.216796875
377731.505117442,-2736.993408203125,42.04363250732422,-32081.99609375,15641.0576171875,-11566.87109375,-4120.25341796875,14845.2236328125,-4451.9755859375
377731.508151878,-2736.412353515625,39.78610610961914,-32084.140625,15635.9619140625,-11569.9111328125,-4120.96875,14849.8505859375,-4445.73974609375
377731.512326279,-2734.93701171875,46.558685302734375,-32074.57421875,15644.1875,-11565.1728515625,-4115.71630859375,14855.818359375,-4442.833984375
377731.516407324,-2736.859375,47.69862365722656,-32068.517578125,15645.7294921875,-11566.1787109375,-4114.93359375,14854.41015625,-4447.75146484375
377731.52025826,-2736.8369140625,45.28463363647461,-32071.265625,15641.3486328125,-11572.548828125,-4120.3427734375,14851.236328125,-4450.791015625
377731.52443412,-2743.810791015625,36.723915100097656,-32083.515625,15630.619140625,-11580.86328125,-4129.26123046875,14843.525390625,-4457.31787109375
377731.528578617,-2742.089599609375,37.79679870605469,-32081.19140625,15634.375,-11574.3369140625,-4122.44384765625,14848.1748046875,-4454.27783203125
377731.532421167,-2734.55712890625,43.898826599121094,-32070.39453125,15640.8115234375,-11569.732421875,-4117.4150390625,14852.689453125,-4450.54541015625
377731.53547493,-2733.104248046875,51.61017608642578,-32058.03515625,15649.9541015625,-11562.8251953125,-4109.85986328125,14858.4111328125,-4449.11474609375
377731.538413457,-2733.886474609375,55.02999496459961,-32052.46875,15655.0947265625,-11558.400390625,-4105.05419921875,14860.9599609375,-4447.6396484375
377731.542553944,-2730.98095703125,56.30404281616211,-32054.79296875,15657.3525390625,-11555.494140625,-4105.61328125,14858.0087890625,-4446.54443359375
377731.547357404,-2731.405517578125,55.92406463623047,-32055.91015625,15659.654296875,-11552.6552734375,-4106.06005859375,14854.4775390625,-4447.9970703125
377731.551489867,-2736.993408203125,48.81621170043945,-32056.08984375,15655.6533203125,-11555.6064453125,-4109.546875,14851.6611328125,-4452.7802734375
377731.555356849,-2739.988525390625,45.396392822265625,-32054.837890625,15654.1337890625,-11558.8466796875,-4114.84423828125,14847.615234375,-4455.95458984375
377731.558396391,-2738.021728515625,50.693756103515625,-32051.88671875,15665.6669921875,-11551.1806640625,-4110.59765625,14847.1689453125,-4456.8486328125
377731.562237846,-2743.76611328125,42.69183349609375,-32063.7109375,15664.080078125,-11546.77734375,-4106.9765625,14848.3984375,-4452.2216796875
377731.566272213,-2749.2421875,29.973690032958984,-32080.654296875,15651.2724609375,-11556.5,-4115.537109375,14844.1513671875,-4449.2041015625
377731.570159981,-2752.2373046875,21.770599365234375,-32089.37109375,15639.7841796875,-11565.708984375,-4122.24267578125,14840.59765625,-4451.48388671875
377731.576185092,-2757.0654296875,15.288593292236328,-32095.673828125,15630.150390625,-11571.69921875,-4123.2041015625,14843.0107421875,-4453.67431640625
377731.579189261,-2753.377197265625,21.189453125,-32092.814453125,15632.0498046875,-11571.05078125,-4123.0029296875,14845.0,-4449.7626953125
377731.583182419,-2754.830078125,23.894014358520508,-32094.623046875,15631.111328125,-11571.587890625,-4124.70166015625,14843.2119140625,-4447.93017578125
377731.587532592,-2737.328857421875,35.09223937988281,-32084.654296875,15638.599609375,-11562.490234375,-4113.07861328125,14857.16015625,-4436.91064453125
377731.591375871,-2735.36181640625,34.5557975769043,-32081.50390625,15632.765625,-11569.28515625,-4115.11279296875,14854.9248046875,-4441.13525390625
377731.597360139,-2738.17822265625,34.91342544555664,-32078.419921875,15630.26171875,-11575.5439453125,-4119.29248046875,14850.365234375,-4448.578125
377731.601519953,-2733.081787109375,48.346824645996094,-32068.361328125,15644.6337890625,-11565.6640625,-4114.84423828125,14852.7119140625,-4447.5947265625
377731.605384747,-2729.192626953125,51.856048583984375,-32067.845703125,15647.8076171875,-11560.4560546875,-4112.43017578125,14856.2880859375,-4442.2080078125
377731.608576356,-2722.509521484375,56.01347351074219,-32062.1015625,15653.865234375,-11549.951171875,-4101.25439453125,14863.306640625,-4432.41796875
377731.612371863,-2726.2646484375,52.504249572753906,-32059.12890625,15652.189453125,-11550.95703125,-4100.47216796875,14861.7421875,-4431.77001953125
377731.616237022,-2724.811767578125,56.52756118774414,-32052.0,15653.91015625,-11551.2470703125,-4099.734375,14864.4462890625,-4432.3955078125
377731.61926307,-2725.75048828125,57.28752136230469,-32051.306640625,15650.84765625,-11553.884765625,-4098.9970703125,14867.1513671875,-4429.13232421875
377731.622279273,-2724.699951171875,56.505210876464844,-32056.89453125,15648.880859375,-11555.046875,-4100.27099609375,14865.3408203125,-4427.88037109375
377731.626230129,-2728.298583984375,58.02512741088867,-32059.486328125,15653.6416015625,-11554.8232421875,-4104.4287109375,14859.7080078125,-4434.228515625
377731.630540918,-2729.505615234375,58.852142333984375,-32056.669921875,15654.4912109375,-11556.5224609375,-4107.9599609375,14858.3447265625,-4436.9775390625
377731.635476024,-2725.817626953125,63.769527435302734,-32050.033203125,15661.5322265625,-11550.5322265625,-4102.8193359375,14861.294921875,-4438.76611328125
377731.639562539,-2729.0810546875,62.96486282348633,-32053.09375,15661.0849609375,-11552.96875,-4104.5400390625,14857.919921875,-4439.74951171875
377731.642528052,-2724.722412109375,65.11063385009766,-32057.921875,15664.9970703125,-11547.7607421875,-4101.8134765625,14860.1552734375,-4434.96630859375
377731.646580652,-2727.94091796875,58.87449645996094,-32067.17578125,15659.185546875,-11551.4482421875,-4105.47900390625,14858.43359375,-4437.96142578125
377731.650573082,-2731.673828125,54.09122085571289,-32070.3046875,15653.5751953125,-11558.064453125,-4110.48583984375,14852.6669921875,-4444.0185546875
377731.654458297,-2733.327880859375,55.90171432495117,-32067.01953125,15658.044921875,-11555.2705078125,-4108.89892578125,14851.5048828125,-4447.34912109375
377731.658353724,-2730.623291015625,62.16020202636719,-32065.142578125,15662.8955078125,-11554.935546875,-4108.6083984375,14852.2197265625,-4446.41015625
377731.664422596,-2723.35888671875,66.22821807861328,-32067.845703125,15662.8505859375,-11555.3154296875,-4109.68115234375,14852.6220703125,-4441.69384765625
377731.667427858,-2717.122802734375,68.48574829101562,-32067.6015625,15661.419921875,-11555.3154296875,-4108.69775390625,14855.39453125,-4436.798828125
377731.671377986,-2716.0498046875,65.73648071289062,-32067.0859375,15654.7822265625,-11563.3173828125,-4113.30224609375,14854.58984375,-4435.92724609375
377731.675388284,-2716.318115234375,67.81519317626953,-32059.197265625,15656.525390625,-11558.064453125,-4103.556640625,14863.4853515625,-4433.15576171875
377731.679407335,-2712.898193359375,77.62760925292969,-32050.63671875,15668.4609375,-11541.703125,-4084.2001953125,14876.9189453125,-4430.65234375
377731.683367673,-2712.853515625,79.86278533935547,-32054.078125,15671.6796875,-11541.255859375,-4086.994140625,14874.728515625,-4428.2158203125
377731.68836295,-2710.75244140625,77.98523712158203,-32056.380859375,15668.55078125,-11542.1279296875,-4086.949462890625,14877.4326171875,-4420.03515625
377731.69238273,-2715.222900390625,67.6363754272461,-32062.392578125,15658.8720703125,-11549.8388671875,-4092.559814453125,14873.990234375,-4426.0703125
377731.69643606,-2725.929443359375,55.052345275878906,-32067.400390625,15649.171875,-11560.12109375,-4101.47802734375,14866.5478515625,-4434.67529296875
377731.700366495,-2724.2529296875,58.807437896728516,-32061.521484375,15655.7880859375,-11554.6220703125,-4097.41015625,14869.4755859375,-4429.10986328125
377731.703368475,-2730.66796875,49.754981994628906,-32070.775390625,15647.271484375,-11561.126953125,-4107.04345703125,14862.8818359375,-4430.56298828125
377731.706409475,-2727.091552734375,49.01737594604492,-32070.126953125,15648.8583984375,-11558.466796875,-4107.64697265625,14862.14453125,-4429.51220703125
377731.710665562,-2726.219970703125,50.67140579223633,-32062.2578125,15652.7255859375,-11554.7568359375,-4103.46728515625,14865.3408203125,-4430.87548828125
377731.714562812,-2725.191650390625,57.354576110839844,-32050.6796875,15661.263671875,-11548.8330078125,-4096.6279296875,14867.0390625,-4431.88134765625
377731.718526797,-2731.696044921875,47.743324279785156,-32056.134765625,15651.1611328125,-11556.90234375,-4105.50146484375,14858.166015625,-4439.16796875
377731.723540673,-2735.004150390625,41.686004638671875,-32067.220703125,15646.421875,-11559.2265625,-4112.52001953125,14853.046875,-4440.419921875
377731.726847519,-2736.8369140625,38.57910919189453,-32074.841796875,15644.25390625,-11561.2158203125,-4117.50439453125,14850.23046875,-4439.0341796875
377731.730735652,-2743.385986328125,31.7841796875,-32080.474609375,15636.587890625,-11566.5361328125,-4120.29833984375,14847.2802734375,-4442.5654296875
377731.734646395,-2739.76513671875,27.514997482299805,-32082.642578125,15632.072265625,-11568.7490234375,-4116.9453125,14850.96875,-4438.49755859375
377731.738463782,-2744.52587890625,24.184587478637695,-32091.40625,15627.9599609375,-11573.8671875,-4121.90771484375,14845.1123046875,-4438.54248046875
377731.742783322,-2745.688232421875,23.312870025634766,-32103.38671875,15625.076171875,-11577.6005859375,-4128.1435546875,14840.26171875,-4439.32470703125
377731.74683337,-2743.54248046875,23.894014358520508,-32110.13671875,15623.9814453125,-11578.806640625,-4128.970703125,14838.8984375,-4439.1904296875
377731.751549309,-2742.93896484375,26.129188537597656,-32104.861328125,15625.5009765625,-11573.9345703125,-4121.5947265625,14843.5478515625,-4439.68212890625
377731.755859003,-2732.14306640625,39.65199279785156,-32087.986328125,15637.794921875,-11567.1171875,-4115.224609375,14849.962890625,-4438.20703125
377731.759897016,-2727.13623046875,48.257415771484375,-32078.486328125,15641.884765625,-11568.279296875,-4117.23583984375,14847.6826171875,-4442.7666015625
377731.7636174,-2725.102294921875,54.672367095947266,-32073.412109375,15648.9482421875,-11558.8916015625,-4106.68603515625,14855.751953125,-4435.47998046875
377731.767612382,-2717.927490234375,64.21656036376953,-32065.72265625,15659.990234375,-11548.7216796875,-4098.7958984375,14862.8818359375,-4428.88623046875
377731.772743682,-2712.76416015625,71.95026397705078,-32053.451171875,15668.103515625,-11540.8095703125,-4091.017333984375,14872.515625,-4421.6669921875
377731.776515485,-2718.55322265625,64.6635971069336,-32053.294921875,15658.7158203125,-11546.5986328125,-4088.447021484375,14879.712890625,-4419.09619140625
377731.780648313,-2717.77099609375,66.54114532470703,-32052.982421875,15661.7998046875,-11546.28515625,-4089.139892578125,14878.751953125,-4418.13525390625
377731.783770635,-2721.414306640625,61.95903396606445,-32057.876953125,15663.2080078125,-11544.36328125,-4091.933837890625,14873.4541015625,-4421.55517578125
377731.787687578,-2722.2412109375,55.789955139160156,-32063.935546875,15656.2568359375,-11550.0849609375,-4096.3369140625,14868.8046875,-4429.08740234375
377731.790619905,-2725.03515625,50.58199691772461,-32065.90234375,15649.328125,-11556.9248046875,-4100.0029296875,14867.84375,-4430.76416015625
377731.794637862,-2729.997314453125,48.57033920288086,-32063.734375,15646.9140625,-11561.529296875,-4105.5908203125,14862.2109375,-4436.91064453125
377731.798928958,-2730.310302734375,48.525638580322266,-32062.03515625,15645.1259765625,-11563.7646484375,-4107.37890625,14858.5009765625,-4438.6318359375
377731.80288492,-2736.702880859375,40.143733978271484,-32072.4296875,15637.66015625,-11569.2177734375,-4113.927734375,14854.6787109375,-4438.96728515625
377731.806725646,-2736.0771484375,37.5062255859375,-32074.283203125,15636.654296875,-11568.3916015625,-4115.87255859375,14853.6728515625,-4439.2353515625
377731.811655647,-2732.6796875,40.54606628417969,-32069.412109375,15640.5888671875,-11568.32421875,-4118.3310546875,14851.4150390625,-4440.21875
377731.814672214,-2737.328857421875,37.34976577758789,-32071.04296875,15636.185546875,-11575.767578125,-4127.00390625,14840.2841796875,-4449.6064453125
377731.818681418,-2739.519287109375,34.82401657104492,-32074.708984375,15633.8828125,-11581.7578125,-4137.84423828125,14826.76171875,-4460.11181640625
377731.822711044,-2741.419189453125,27.939680099487305,-32088.431640625,15625.3671875,-11591.0556640625,-4149.7578125,14816.0107421875,-4463.28564453125
377731.826812146,-2738.625244140625,29.41489601135254,-32094.556640625,15629.0546875,-11584.2607421875,-4142.60546875,14819.51953125,-4459.8212890625
377731.830972689,-2735.987548828125,34.287574768066406,-32095.294921875,15631.513671875,-11582.4951171875,-4137.66552734375,14824.794921875,-4459.240234375
377731.835006691,-2729.013916015625,51.43136215209961,-32082.46484375,15647.8076171875,-11570.0673828125,-4123.31591796875,14836.88671875,-4453.048828125
377731.839894755,-2725.8623046875,57.19811248779297,-32077.123046875,15648.9931640625,-11567.83203125,-4116.90087890625,14841.9833984375,-4450.70166015625
377731.843969236,-2713.591064453125,64.01539611816406,-32075.267578125,15652.3232421875,-11560.5908203125,-4109.1669921875,14849.3369140625,-4443.236328125
377731.847864662,-2714.57470703125,65.66942596435547,-32072.451171875,15654.6474609375,-11553.3935546875,-4099.3994140625,14858.9482421875,-4436.0166015625
377731.852052191,-2716.206298828125,68.41869354248047,-32064.740234375,15660.056640625,-11547.9169921875,-4091.48681640625,14866.390625,-4432.060546875
377731.85605082,-2711.534912109375,75.50419616699219,-32052.646484375,15666.5390625,-11542.462890625,-4084.423583984375,14877.0302734375,-4424.68408203125
377731.860786816,-2709.74658203125,79.7063217163086,-32046.166015625,15669.958984375,-11540.25,-4081.562744140625,14878.3046875,-4423.5888671875
377731.86495137,-2717.14501953125,73.29136657714844,-32052.021484375,15662.5830078125,-11544.5419921875,-4085.18359375,14873.7451171875,-4424.75146484375
377731.868012792,-2721.2802734375,66.45173645019531,-32053.943359375,15657.978515625,-11548.7890625,-4090.614990234375,14869.296875,-4429.8251953125
377731.871091354,-2717.100341796875,68.48574829101562,-32043.013671875,15661.2861328125,-11547.0009765625,-4087.70947265625,14873.833984375,-4427.8134765625
377731.877909991,-2711.199462890625,75.50419616699219,-32031.546875,15664.7509765625,-11545.4580078125,-4084.31201171875,14879.5791015625,-4422.11376953125
377731.880835026,-2717.4580078125,69.1115951538086,-32035.03515625,15660.99609375,-11550.2861328125,-4093.4091796875,14869.587890625,-4431.8369140625
377731.883837735,-2722.107177734375,63.5460090637207,-32041.494140625,15661.822265625,-11544.4970703125,-4089.050537109375,14873.0517578125,-4426.51708984375
377731.886837527,-2720.4755859375,57.44398498535156,-32044.734375,15658.044921875,-11542.2392578125,-4083.015625,14880.0703125,-4417.53173828125
377731.890905444,-2726.398681640625,49.30794906616211,-32049.5625,15648.8583984375,-11554.1533203125,-4094.30322265625,14873.2529296875,-4421.6669921875
377731.894743617,-2736.4345703125,44.39056396484375,-32050.994140625,15645.349609375,-11561.439453125,-4103.31103515625,14866.16796875,-4432.9990234375
377731.897847705,-2734.624267578125,51.43136215209961,-32045.337890625,15656.1455078125,-11556.2099609375,-4102.3720703125,14865.564453125,-4437.603515625
377731.902939985,-2735.786376953125,50.38083267211914,-32051.931640625,15656.5703125,-11552.6328125,-4101.232421875,14864.22265625,-4431.74755859375
377731.907760585,-2739.4521484375,42.535369873046875,-32065.72265625,15646.064453125,-11560.8583984375,-4108.49658203125,14854.9248046875,-4433.49072265625
377731.9110853,-2744.36962890625,37.84150314331055,-32073.76953125,15640.1416015625,-11568.9501953125,-4117.1689453125,14846.6767578125,-4439.1904296875
377731.91500443,-2743.184814453125,39.65199279785156,-32076.51953125,15639.0234375,-11572.66015625,-4120.49951171875,14843.7490234375,-4439.1904296875
377731.919125589,-2745.285888671875,31.58301544189453,-32093.796875,15623.9140625,-11588.1279296875,-4133.26220703125,14830.8076171875,-4447.86279296875
377731.923104161,-2744.883544921875,31.940643310546875,-32103.921875,15620.650390625,-11589.8935546875,-4135.1171875,14827.6552734375,-4447.75146484375
377731.928115484,-2739.0498046875,37.10389709472656,-32105.12890625,15623.2431640625,-11586.1162109375,-4130.08837890625,14829.8681640625,-4444.55517578125
377731.932073269,-2731.33837890625,47.07277297973633,-32096.970703125,15630.1953125,-11579.142578125,-4121.23681640625,14836.9765625,-4444.443359375
377731.936212662,-2727.6728515625,55.141754150390625,-32086.287109375,15636.05078125,-11574.068359375,-4114.3525390625,14844.1513671875,-4442.4541015625
377731.940230618,-2724.834228515625,61.4449462890625,-32075.87109375,15642.4658203125,-11568.6142578125,-4108.63037109375,14849.2470703125,-4440.0625
377731.943972518,-2723.15771484375,64.7977066040039,-32070.8203125,15646.7578125,-11560.3447265625,-4098.30419921875,14860.244140625,-4431.54638671875
377731.949023955,-2719.35791015625,68.59750366210938,-32064.13671875,15652.591796875,-11552.6552734375,-4089.5869140625,14871.15234375,-4422.33740234375
377731.95279904,-2714.4404296875,72.2855453491211,-32052.87109375,15656.681640625,-11551.42578125,-4086.748291015625,14874.52734375,-4421.2646484375
377731.95578935,-2716.76513671875,69.46922302246094,-32044.623046875,15652.658203125,-11556.8798828125,-4088.424560546875,14874.326171875,-4422.60546875
377731.959784332,-2719.17919921875,72.4196548461914,-32038.07421875,15658.6484375,-11555.091796875,-4089.251708984375,14872.4482421875,-4425.33251953125
377731.963112329,-2719.804931640625,74.74423217773438,-32035.99609375,15662.91796875,-11546.576171875,-4083.7978515625,14876.046875,-4421.55517578125
377731.967086525,-2717.614501953125,71.6596908569336,-32032.576171875,15660.2353515625,-11543.1787109375,-4079.551025390625,14879.8466796875,-4415.96728515625
377731.970860516,-2716.34033203125,74.05133056640625,-32025.064453125,15669.7353515625,-11539.37890625,-4079.327392578125,14877.8349609375,-4418.1796875
377731.974929891,-2717.390869140625,70.765625,-32022.62890625,15670.8525390625,-11539.2001953125,-4078.29931640625,14878.05859375,-4420.92919921875
377731.982167537,-2730.802001953125,54.69471740722656,-32032.75390625,15655.8544921875,-11552.6328125,-4090.816162109375,14869.251953125,-4427.8134765625
377731.985766121,-2734.4453125,49.889095306396484,-32042.208984375,15652.1220703125,-11555.4052734375,-4097.767578125,14863.1943359375,-4427.74658203125
377731.988879326,-2727.8515625,55.83465576171875,-32042.65625,15657.8662109375,-11551.873046875,-4098.12548828125,14860.1103515625,-4425.33251953125
377731.992111779,-2733.081787109375,50.80551528930664,-32047.4609375,15652.45703125,-11560.61328125,-4110.03857421875,14848.6884765625,-4436.4189453125
377731.995042648,-2735.76416015625,48.19036102294922,-32050.478515625,15648.0087890625,-11566.9609375,-4114.419921875,14844.1513671875,-4445.2255859375
377731.999107647,-2736.389892578125,47.363346099853516,-32058.123046875,15645.1484375,-11572.2578125,-4118.3310546875,14837.736328125,-4450.94775390625
377732.002788282,-2741.106201171875,43.72001266479492,-32072.65234375,15638.3984375,-11576.125,-4122.3544921875,14830.4052734375,-4455.12744140625
377732.008778749,-2740.8603515625,43.98823165893555,-32081.32421875,15636.0068359375,-11579.0078125,-4124.07568359375,14828.4375,-4451.35009765625
377732.012745287,-2734.423095703125,40.21078872680664,-32084.677734375,15629.4130859375,-11584.439453125,-4127.607421875,14826.0908203125,-4450.50048828125
377732.016160805,-2736.45703125,38.42264938354492,-32084.7890625,15623.2431640625,-11587.5244140625,-4126.48974609375,14826.3369140625,-4451.12646484375
377732.019909998,-2740.8603515625,40.65782165527344,-32084.119140625,15622.2822265625,-11586.6298828125,-4123.24853515625,14829.9130859375,-4452.55712890625
377732.023960775,-2734.93701171875,47.139827728271484,-32081.59375,15629.859375,-11577.6220703125,-4116.90087890625,14836.6181640625,-4445.96337890625
377732.027960134,-2729.326904296875,50.894920349121094,-32077.390625,15634.3076171875,-11572.7724609375,-4111.40234375,14841.916015625,-4441.0234375
377732.033130454,-2725.012939453125,54.202980041503906,-32067.689453125,15635.6708984375,-11572.705078125,-4108.29541015625,14843.8828125,-4438.85546875
377732.037152786,-2722.8671875,59.500343322753906,-32053.451171875,15643.5390625,-11566.357421875,-4099.578125,14852.0859375,-4436.1728515625
377732.039928305,-2721.57080078125,61.8472785949707,-32046.61328125,15646.8916015625,-11564.5693359375,-4099.48876953125,14856.1318359375,-4435.591796875
377732.042966752,-2716.56396484375,69.62568664550781,-32043.884765625,15657.0390625,-11557.70703125,-4097.4326171875,14857.5625,-4433.8037109375
377732.046882601,-2716.16162109375,66.13880920410156,-32044.845703125,15654.111328125,-11557.1708984375,-4097.52197265625,14858.76953125,-4429.6240234375
377732.051100762,-2715.15576171875,65.13298034667969,-32036.330078125,15655.8095703125,-11551.873046875,-4091.017333984375,14864.15625,-4424.32666015625
377732.05518363,-2717.994384765625,65.35649871826172,-32027.30078125,15658.4921875,-11550.197265625,-4088.156494140625,14867.5087890625,-4425.220703125
377732.059223832,-2720.698974609375,65.17768859863281,-32025.310546875,15660.146484375,-11549.9736328125,-4085.787109375,14870.34765625,-4425.0419921875
377732.063379999,-2718.28515625,68.17282104492188,-32028.08203125,15665.4658203125,-11544.6533203125,-4081.920166015625,14875.6220703125,-4416.50341796875
377732.066924246,-2719.35791015625,67.47991943359375,-32033.669921875,15665.8681640625,-11545.7490234375,-4085.362548828125,14871.5771484375,-4416.90576171875
377732.070153052,-2722.75537109375,66.02705383300781,-32036.509765625,15662.828125,-11551.0234375,-4091.352783203125,14866.63671875,-4419.92333984375
377732.074157516,-2726.2646484375,63.1436767578125,-32037.626953125,15661.5546875,-11551.9853515625,-4091.956298828125,14868.0224609375,-4420.8623046875
377732.079057979,-2730.17626953125,55.87936019897461,-32046.634765625,15652.94921875,-11560.9033203125,-4100.71826171875,14861.00390625,-4426.4501953125
377732.083036551,-2733.998291015625,53.398319244384766,-32056.513671875,15650.3115234375,-11563.3623046875,-4105.07666015625,14854.1650390625,-4428.193359375
377732.087179225,-2741.910888671875,41.75305938720703,-32073.8359375,15637.90625,-11577.5107421875,-4120.1416015625,14837.9375,-4438.654296875
377732.091213592,-2742.313232421875,39.875511169433594,-32078.1953125,15638.0849609375,-11577.98046875,-4122.01953125,14834.9873046875,-4442.9677734375
377732.095305941,-2739.2509765625,41.14956283569336,-32080.02734375,15636.185546875,-11582.1376953125,-4122.5556640625,14836.88671875,-4442.4541015625
377732.100090438,-2747.185791015625,32.54413986206055,-32090.0859375,15624.2265625,-11593.4921875,-4129.64111328125,14831.455078125,-4444.443359375
377732.10412991,-2740.323974609375,39.49553298950195,-32089.884765625,15627.04296875,-11586.2275390625,-4121.90771484375,14838.048828125,-4435.4130859375
377732.109235683,-2739.787353515625,36.50040054321289,-32094.982421875,15624.2265625,-11585.333984375,-4119.60546875,14839.94921875,-4432.41796875
377732.114109525,-2735.048828125,40.099029541015625,-32089.908203125,15626.283203125,-11586.451171875,-4117.66064453125,14841.1787109375,-4434.49658203125
377732.117122081,-2728.812744140625,49.91144561767578,-32076.18359375,15632.005859375,-11580.908203125,-4109.23388671875,14847.7724609375,-4430.8310546875
377732.121098465,-2730.198486328125,59.47799301147461,-32065.41015625,15641.0126953125,-11572.66015625,-4102.26025390625,14852.041015625,-4432.6416015625
377732.124404946,-2717.6591796875,68.41869354248047,-32060.470703125,15648.322265625,-11562.7587890625,-4093.655029296875,14859.3056640625,-4428.193359375
377732.127207815,-2713.524169921875,70.8103256225586,-32058.123046875,15649.08203125,-11559.025390625,-4089.631591796875,14864.423828125,-4419.2080078125
377732.131380393,-2706.39404296875,76.93470764160156,-32045.046875,15656.1904296875,-11553.7734375,-4084.08837890625,14870.8837890625,-4413.28466796875
377732.135359694,-2703.97998046875,81.98619842529297,-32035.32421875,15664.9072265625,-11550.30859375,-4081.40625,14873.4765625,-4413.15087890625
377732.139424328,-2710.193603515625,77.53820037841797,-32035.548828125,15661.62109375,-11551.404296875,-4080.735595703125,14875.734375,-4412.34619140625
377732.143352575,-2713.34521484375,73.7384033203125,-32039.75,15658.783203125,-11551.0234375,-4080.89208984375,14876.2705078125,-4409.5966796875
377732.147464253,-2713.434814453125,72.64317321777344,-32040.041015625,15661.21875,-11548.587890625,-4079.6181640625,14877.6787109375,-4406.6689453125
377732.150477902,-2717.390869140625,69.02218627929688,-32038.767578125,15661.509765625,-11551.873046875,-4082.76953125,14874.326171875,-4414.91650390625
377732.154496223,-2719.626220703125,69.4915771484375,-32033.828125,15665.6220703125,-11551.1806640625,-4083.171875,14873.587890625,-4419.8115234375
377732.158484641,-2725.54931640625,63.05427169799805,-32038.6328125,15660.9736328125,-11556.0302734375,-4087.68701171875,14869.0283203125,-4424.6396484375
377732.162447897,-2731.36083984375,55.43232727050781,-32050.724609375,15654.916015625,-11559.025390625,-4091.86669921875,14864.22265625,-4425.064453125
377732.167400873,-2732.411376953125,55.7452507019043,-32056.447265625,15656.771484375,-11556.947265625,-4094.727783203125,14861.0263671875,-4426.62890625
377732.171394761,-2732.992431640625,59.23212432861328,-32055.552734375,15657.6201171875,-11557.9306640625,-4096.85107421875,14857.517578125,-4429.19921875
377732.175414905,-2729.304443359375,63.23308563232422,-32050.2109375,15658.1572265625,-11558.958984375,-4095.7783203125,14858.2998046875,-4429.48974609375
377732.179404052,-2728.030517578125,64.73065185546875,-32052.826171875,15656.2568359375,-11563.0263671875,-4100.27099609375,14853.4716796875,-4431.61328125
377732.183474522,-2730.511474609375,59.20977020263672,-32067.466796875,15646.9814453125,-11572.5263671875,-4112.005859375,14841.7822265625,-4435.30126953125
377732.188491315,-2729.103271484375,52.906578063964844,-32079.06640625,15636.7216796875,-11579.6337890625,-4119.89599609375,14833.0419921875,-4438.27392578125
