#377717.175322643,-2621.859619140625,137.5079345703125,-31973.03125,15782.767578125,-11564.14453125,-3957.823486328125,14992.3427734375,-4397.4599609375
377717.180285465,-2620.98779296875,136.3232879638672,-31971.220703125,15783.6396484375,-11561.484375,-3950.201416015625,14999.3173828125,-4395.6044921875
377717.183275775,-2621.904296875,136.21153259277344,-31967.107421875,15784.8916015625,-11562.244140625,-3950.491943359375,14997.7744140625,-4398.51025390625
377717.186341573,-2622.82080078125,136.7479705810547,-31962.033203125,15788.4677734375,-11559.205078125,-3950.313232421875,14994.421875,-4404.56787109375
377717.190350778,-2625.167724609375,133.3952178955078,-31964.8046875,15787.685546875,-11558.4892578125,-3950.6484375,14994.466796875,-4405.23828125
377717.195269839,-2622.7314453125,132.54583740234375,-31965.453125,15791.8876953125,-11548.2294921875,-3939.53955078125,15004.0107421875,-4395.15771484375
377717.199120775,-2625.659423828125,129.1036834716797,-31967.353515625,15791.8203125,-11546.1064453125,-3937.86328125,15004.234375,-4396.0517578125
377717.203126333,-2628.095703125,135.63038635253906,-31965.36328125,15792.669921875,-11548.1630859375,-3939.47265625,15005.3076171875,-4396.74462890625
377717.206997691,-2629.79443359375,141.2406768798828,-31961.810546875,15796.0224609375,-11544.9443359375,-3935.18115234375,15009.1513671875,-4395.73876953125
377717.210944537,-2624.8994140625,137.3067626953125,-31963.59765625,15795.6650390625,-11544.564453125,-3934.711669921875,15009.62109375,-4393.458984375
377717.214014346,-2614.9306640625,138.31259155273438,-31972.8515625,15788.736328125,-11551.0234375,-3939.94189453125,15009.173828125,-4389.8154296875
377717.218079345,-2620.071533203125,133.17169189453125,-31981.27734375,15777.828125,-11559.115234375,-3943.38427734375,15009.62109375,-4389.234375
377717.222947352,-2616.20458984375,137.53028869628906,-31975.265625,15780.755859375,-11556.09765625,-3936.499755859375,15017.01953125,-4385.4345703125
377717.227171348,-2617.43408203125,140.21249389648438,-31976.115234375,15780.5546875,-11562.580078125,-3944.099365234375,15011.5205078125,-4391.8046875
377717.230944609,-2613.90234375,147.36505126953125,-31974.728515625,15784.9365234375,-11561.328125,-3944.14404296875,15013.5771484375,-4391.0673828125
377717.235094942,-2615.5341796875,142.33590698242188,-31982.5078125,15779.392578125,-11564.748046875,-3949.8662109375,15011.87890625,-4390.888671875
377717.239286118,-2607.085205078125,147.16387939453125,-31978.619140625,15783.5947265625,-11561.5517578125,-3948.681640625,15015.90234375,-4384.80859375
377717.242127642,-2609.119140625,147.94619750976562,-31974.05859375,15784.3330078125,-11563.2060546875,-3947.809814453125,15017.6455078125,-4388.4072265625
377717.246141222,-2616.361083984375,141.3971405029297,-31975.17578125,15778.833984375,-11570.6259765625,-3954.202392578125,15009.666015625,-4398.2197265625
377717.251051167,-2622.61962890625,134.87042236328125,-31981.880859375,15773.759765625,-11575.96875,-3961.8466796875,14998.556640625,-4403.271484375
377717.256381578,-2621.367919921875,134.1998748779297,-31985.369140625,15774.3193359375,-11575.6328125,-3965.914794921875,14991.8515625,-4405.0146484375
377717.25917533,-2623.62548828125,131.4953155517578,-31983.087890625,15775.16796875,-11574.560546875,-3965.95947265625,14989.1689453125,-4405.08203125
377717.26211094,-2630.82275390625,124.36510467529297,-31980.8984375,15772.083984375,-11578.9189453125,-3971.592041015625,14985.7490234375,-4408.94873046875
377717.267100383,-2629.9287109375,126.01913452148438,-31975.556640625,15775.3466796875,-11577.7119140625,-3972.12841796875,14984.9443359375,-4409.0380859375
377717.271119433,-2633.460205078125,131.11532592773438,-31971.779296875,15784.66796875,-11570.0224609375,-3967.792236328125,14985.5263671875,-4405.193359375
377717.275091441,-2634.577880859375,132.09881591796875,-31969.744140625,15791.216796875,-11562.2666015625,-3965.4677734375,14983.0,-4403.427734375
377717.279075848,-2618.752685546875,141.68771362304688,-31955.484375,15802.83984375,-11547.8056640625,-3952.0791015625,14994.01953125,-4393.8388671875
377717.283062078,-2621.658447265625,141.91122436523438,-31951.1484375,15803.7783203125,-11547.3583984375,-3949.84375,14995.337890625,-4400.52197265625
377717.286088855,-2619.468017578125,145.8674774169922,-31947.68359375,15806.908203125,-11548.185546875,-3949.95556640625,14999.3173828125,-4401.8408203125
377717.290105718,-2623.446533203125,140.43600463867188,-31958.078125,15799.732421875,-11553.3486328125,-3954.895263671875,14998.7802734375,-4400.16455078125
377717.295444152,-2626.642822265625,132.27761840820312,-31969.296875,15790.7919921875,-11553.013671875,-3948.36865234375,15005.75390625,-4394.77783203125
377717.299407043,-2620.40673828125,133.5740203857422,-31969.72265625,15790.970703125,-11551.7392578125,-3945.820556640625,15009.62109375,-4389.70361328125
377717.303523825,-2620.384521484375,133.283447265625,-31972.76171875,15787.439453125,-11560.9033203125,-3954.403564453125,15004.7041015625,-4392.810546875
377717.307528654,-2625.838134765625,129.7965850830078,-31976.5625,15781.404296875,-11561.640625,-3948.301513671875,15012.68359375,-4394.62109375
377717.311441949,-2626.262939453125,128.8131103515625,-31981.703125,15777.5595703125,-11563.9208984375,-3947.005126953125,15015.25390625,-4390.70947265625
377717.316490469,-2622.19482421875,131.4953155517578,-31985.94921875,15776.5537109375,-11564.189453125,-3948.77099609375,15013.0634765625,-4387.96044921875
377717.319412221,-2617.0986328125,134.02105712890625,-31982.41796875,15777.5595703125,-11561.8193359375,-3945.932373046875,15016.2822265625,-4385.9931640625
377717.323098326,-2617.7021484375,133.64108276367188,-31981.435546875,15772.4638671875,-11570.380859375,-3951.654296875,15013.287109375,-4391.76025390625
377717.32740802,-2622.8876953125,133.4175567626953,-31982.306640625,15768.7978515625,-11578.5615234375,-3961.0419921875,15006.603515625,-4398.3984375
377717.331463902,-2622.373779296875,134.51280212402344,-31984.294921875,15769.7373046875,-11580.7294921875,-3966.13818359375,15002.8486328125,-4399.650390625
377717.335249198,-2623.513671875,133.685791015625,-31988.498046875,15770.2958984375,-11579.1875,-3966.585205078125,14999.8984375,-4398.64453125
377717.33918328,-2622.6865234375,137.0161895751953,-31986.083984375,15775.212890625,-11576.5048828125,-3965.04296875,14999.048828125,-4396.16357421875
377717.346210875,-2635.762451171875,138.08908081054688,-31981.435546875,15773.4921875,-11582.4052734375,-3969.714599609375,14988.87890625,-4410.13330078125
377717.351187919,-2641.79736328125,125.75091552734375,-31985.591796875,15773.4248046875,-11581.9814453125,-3972.597900390625,14983.8046875,-4415.96728515625
377717.355147528,-2645.61962890625,113.16688537597656,-31992.185546875,15771.279296875,-11581.3779296875,-3977.2470703125,14979.6025390625,-4415.29638671875
377717.35931427,-2650.9169921875,105.29906463623047,-31994.533203125,15767.9482421875,-11579.857421875,-3977.783447265625,14976.294921875,-4412.6142578125
377717.363187817,-2644.054931640625,110.93170928955078,-31981.255859375,15778.185546875,-11568.8603515625,-3967.814697265625,14980.2060546875,-4411.384765625
377717.367283083,-2639.38330078125,122.44285583496094,-31964.89453125,15792.3564453125,-11559.427734375,-3961.578369140625,14985.1455078125,-4407.1826171875
377717.371165747,-2637.751708984375,125.59445190429688,-31960.0,15795.552734375,-11553.21484375,-3955.699951171875,14989.548828125,-4402.466796875
377717.374570689,-2637.41650390625,125.84032440185547,-31960.580078125,15794.748046875,-11549.8388671875,-3950.33544921875,14995.0478515625,-4396.56591796875
377717.378608703,-2635.069580078125,124.61097717285156,-31962.2578125,15788.2216796875,-11556.052734375,-3953.0625,14996.12109375,-4396.07421875
377717.383259365,-2629.99560546875,135.36216735839844,-31954.009765625,15799.6435546875,-11551.8505859375,-3951.85546875,14997.9091796875,-4396.92333984375
377717.387374324,-2627.268798828125,143.11822509765625,-31948.220703125,15805.7900390625,-11547.0673828125,-3944.322998046875,15008.302734375,-4391.13427734375
377717.391255529,-2628.140380859375,141.48654174804688,-31955.953125,15797.9443359375,-11556.1650390625,-3950.894287109375,15009.3525390625,-4387.267578125
377717.395329645,-2623.40185546875,140.9947967529297,-31960.916015625,15794.32421875,-11556.701171875,-3948.793212890625,15012.9287109375,-4377.8349609375
377717.399447521,-2621.077392578125,142.82765197753906,-31959.931640625,15794.63671875,-11552.6552734375,-3941.193603515625,15021.2216796875,-4374.4150390625
377717.404228372,-2620.965576171875,141.0395050048828,-31960.580078125,15788.556640625,-11560.6572265625,-3945.731201171875,15021.0654296875,-4376.046875
377717.407241292,-2624.564208984375,139.31842041015625,-31963.46484375,15782.7451171875,-11567.7431640625,-3947.318115234375,15017.66796875,-4383.57958984375
377717.412317162,-2626.151123046875,141.37478637695312,-31964.873046875,15785.8076171875,-11561.529296875,-3939.53955078125,15023.5234375,-4381.2099609375
377717.416339859,-2626.352294921875,137.6420440673828,-31972.11328125,15782.767578125,-11562.177734375,-3942.825439453125,15022.0263671875,-4380.96435546875
377717.421210419,-2631.38134765625,134.53515625,-31973.767578125,15781.3154296875,-11563.7197265625,-3945.2841796875,15022.2275390625,-4381.32177734375
377717.424225527,-2617.076416015625,147.23094177246094,-31959.619140625,15792.625,-11557.1259765625,-3938.8466796875,15030.564453125,-4373.431640625
377717.427417137,-2615.42236328125,147.2532958984375,-31955.595703125,15792.4912109375,-11557.7744140625,-3938.2431640625,15028.396484375,-4375.4208984375
377717.431519333,-2613.23193359375,152.3494873046875,-31952.154296875,15799.419921875,-11550.3984375,-3934.823486328125,15023.0322265625,-4379.466796875
377717.437344968,-2606.79443359375,162.2960205078125,-31947.03515625,15812.40625,-11538.9765625,-3931.694091796875,15018.740234375,-4380.0703125
377717.441367666,-2609.655517578125,157.89271545410156,-31947.4609375,15811.2666015625,-11539.3564453125,-3934.510498046875,15013.1748046875,-4381.70166015625
377717.444607777,-2618.3056640625,149.4661102294922,-31946.54296875,15807.4443359375,-11544.318359375,-3940.992431640625,15006.6259765625,-4386.9990234375
377717.447291033,-2626.62060546875,140.59246826171875,-31945.91796875,15805.1640625,-11544.2509765625,-3942.423095703125,15002.1328125,-4394.46484375
377717.450285355,-2627.067626953125,142.69354248046875,-31939.01171875,15817.033203125,-11531.5556640625,-3933.54931640625,15008.8837890625,-4387.11083984375
377717.454523574,-2620.675048828125,144.3028564453125,-31935.591796875,15823.380859375,-11525.587890625,-3933.080078125,15010.1796875,-4381.43359375
377717.458631604,-2616.71875,142.53707885742188,-31933.6015625,15817.9716796875,-11531.0634765625,-3936.611572265625,15009.263671875,-4379.37744140625
377717.462695509,-2621.278564453125,141.64300537109375,-31932.70703125,15814.7529296875,-11534.595703125,-3935.94091796875,15012.392578125,-4379.2880859375
377717.468674672,-2619.266845703125,146.6945037841797,-31931.1875,15814.529296875,-11535.869140625,-3932.16357421875,15019.947265625,-4378.4384765625
377717.471780584,-2624.318359375,149.01907348632812,-31944.93359375,15806.013671875,-11545.927734375,-3939.6513671875,15018.673828125,-4373.6552734375
377717.475762073,-2620.943115234375,138.6925811767578,-31954.166015625,15804.001953125,-11544.9892578125,-3936.8798828125,15024.619140625,-4367.37451171875
377717.478727221,-2627.42529296875,127.3825912475586,-31966.99609375,15790.7919921875,-11555.44921875,-3942.221923828125,15025.3564453125,-4367.59814453125
377717.484578749,-2621.345458984375,130.71299743652344,-31967.732421875,15786.0537109375,-11561.931640625,-3945.306396484375,15026.2060546875,-4366.39111328125
377717.487834541,-2618.171630859375,135.71978759765625,-31962.66015625,15785.3828125,-11563.2060546875,-3943.94287109375,15029.55859375,-4360.53466796875
377717.490695028,-2626.59814453125,131.83058166503906,-31970.794921875,15777.716796875,-11572.861328125,-3954.090576171875,15022.80859375,-4367.95556640625
377717.496630065,-2622.954833984375,126.5332260131836,-31981.45703125,15770.1396484375,-11580.3720703125,-3963.0537109375,15014.29296875,-4374.2587890625
377717.499497481,-2622.3291015625,128.92486572265625,-31980.33984375,15773.9609375,-11575.56640625,-3960.326904296875,15012.5263671875,-4380.0927734375
377717.503542059,-2625.525390625,130.75770568847656,-31974.103515625,15777.671875,-11571.341796875,-3955.118896484375,15011.185546875,-4387.4912109375
377717.506580506,-2626.330078125,129.9753875732422,-31970.83984375,15775.212890625,-11575.9912109375,-3957.018798828125,15008.81640625,-4389.90478515625
377717.513445093,-2630.6884765625,128.7013397216797,-31971.2421875,15777.2470703125,-11574.11328125,-3959.76806640625,15005.3740234375,-4386.17236328125
377717.516537511,-2626.352294921875,132.18821716308594,-31966.66015625,15786.5673828125,-11560.412109375,-3948.837890625,15012.28125,-4377.74560546875
377717.520395742,-2626.9111328125,129.93069458007812,-31963.888671875,15786.5009765625,-11560.009765625,-3951.14013671875,15010.0458984375,-4381.97021484375
377717.52371061,-2618.19384765625,141.6653594970703,-31946.3203125,15801.2978515625,-11548.3193359375,-3942.892333984375,15014.91796875,-4383.0654296875
377717.527432453,-2615.7353515625,145.1522216796875,-31936.373046875,15806.908203125,-11544.6533203125,-3938.57861328125,15018.0478515625,-4383.4228515625
377717.531470467,-2617.322265625,145.24163818359375,-31936.91015625,15810.0146484375,-11543.15625,-3938.511474609375,15016.259765625,-4380.4501953125
377717.53474668,-2618.372802734375,142.6041259765625,-31942.51953125,15808.337890625,-11541.14453125,-3938.399658203125,15015.857421875,-4376.33740234375
377717.538681491,-2615.39990234375,147.23094177246094,-31939.345703125,15813.814453125,-11536.00390625,-3933.593994140625,15019.5673828125,-4373.6328125
377717.542733727,-2613.567138671875,151.96951293945312,-31936.6875,15815.9375,-11536.361328125,-3932.2529296875,15018.9189453125,-4376.8515625
377717.548549517,-2613.03076171875,157.24452209472656,-31934.630859375,15814.373046875,-11538.73046875,-3931.492919921875,15021.1767578125,-4375.55517578125
377717.551778687,-2613.9248046875,157.15512084960938,-31941.849609375,15804.5380859375,-11545.927734375,-3935.96337890625,15023.5908203125,-4375.71142578125
377717.555493601,-2612.1142578125,151.09779357910156,-31957.853515625,15792.1552734375,-11555.44921875,-3945.328857421875,15017.109375,-4378.4609375
377717.559583398,-2609.02978515625,154.5399627685547,-31961.787109375,15795.330078125,-11555.2255859375,-3947.74267578125,15013.845703125,-4379.17626953125
377717.563507269,-2608.1357421875,152.5506591796875,-31963.0390625,15789.3388671875,-11560.92578125,-3947.787353515625,15018.0927734375,-4376.58349609375
377717.569532381,-2602.860595703125,158.7867889404297,-31960.06640625,15794.3017578125,-11559.31640625,-3945.26171875,15021.5341796875,-4373.96826171875
377717.573762941,-2607.912109375,165.80523681640625,-31965.4765625,15795.3740234375,-11557.5732421875,-3944.0546875,15022.0712890625,-4370.4814453125
377717.576816704,-2606.280517578125,159.39028930664062,-31970.21484375,15795.0615234375,-11554.890625,-3941.529052734375,15022.3837890625,-4370.6826171875
377717.580628986,-2611.1083984375,143.69937133789062,-31974.728515625,15784.376953125,-11563.09375,-3948.56982421875,15016.9521484375,-4375.041015625
377717.58469435,-2609.588623046875,149.0861358642578,-31964.26953125,15790.3447265625,-11555.7177734375,-3941.305419921875,15022.0263671875,-4372.31396484375
377717.588594517,-2609.275634765625,149.8013916015625,-31958.591796875,15791.7529296875,-11555.9638671875,-3940.992431640625,15022.4736328125,-4374.28125
377717.592608462,-2607.7109375,153.0647430419922,-31956.87109375,15794.0556640625,-11556.1650390625,-3941.57373046875,15023.6806640625,-4371.822265625
377717.595708174,-2608.02392578125,150.67311096191406,-31960.892578125,15792.8935546875,-11556.6787109375,-3944.211181640625,15021.9140625,-4371.30810546875
377717.601532716,-2613.00830078125,144.81695556640625,-31962.66015625,15788.802734375,-11562.1552734375,-3949.44140625,15019.03125,-4373.92333984375
377717.604634616,-2621.099609375,139.5642852783203,-31960.892578125,15785.5615234375,-11564.9716796875,-3949.910888671875,15021.712890625,-4375.287109375
377717.608500505,-2614.908203125,147.09683227539062,-31951.640625,15797.7880859375,-11556.90234375,-3945.2392578125,15026.474609375,-4376.44921875
377717.611625015,-2613.03076171875,153.51177978515625,-31948.578125,15806.4609375,-11548.3642578125,-3939.629150390625,15030.1171875,-4377.36572265625
377717.615839894,-2617.746826171875,148.8849639892578,-31957.00390625,15803.689453125,-11547.984375,-3942.132568359375,15023.6806640625,-4376.896484375
377717.618949817,-2618.372802734375,153.4894256591797,-31952.33203125,15809.076171875,-11540.0712890625,-3935.2705078125,15027.7255859375,-4373.2080078125
377717.622603466,-2609.968505859375,169.9403076171875,-31934.4296875,15824.9677734375,-11526.7724609375,-3921.345458984375,15039.2373046875,-4365.38525390625
377717.626654608,-2606.9287109375,164.7100067138672,-31930.0703125,15822.7998046875,-11529.7900390625,-3923.78173828125,15035.146484375,-4367.0615234375
377717.630692621,-2601.22900390625,172.44371032714844,-31921.666015625,15832.3212890625,-11518.904296875,-3914.617431640625,15041.5615234375,-4360.8251953125
377717.634756891,-2597.965576171875,173.0248565673828,-31924.705078125,15830.01953125,-11519.2841796875,-3915.019775390625,15040.064453125,-4356.4892578125
377717.638969582,-2597.272705078125,168.77801513671875,-31929.84765625,15821.369140625,-11525.0068359375,-3918.59619140625,15036.3310546875,-4359.32763671875
377717.643615869,-2604.760498046875,161.62545776367188,-31936.59765625,15810.0595703125,-11534.5283203125,-3923.535888671875,15032.2861328125,-4368.38037109375
377717.64768962,-2602.123046875,164.24061584472656,-31933.53515625,15811.802734375,-11532.583984375,-3918.77490234375,15038.65625,-4362.99365234375
377717.651679132,-2607.152099609375,158.7867889404297,-31946.365234375,15802.8623046875,-11543.7373046875,-3932.0517578125,15027.994140625,-4368.31298828125
377717.655766011,-2609.2978515625,154.62936401367188,-31960.423828125,15793.8544921875,-11553.728515625,-3943.786376953125,15020.841796875,-4369.05078125
377717.65977558,-2609.02978515625,151.00839233398438,-31965.296875,15788.490234375,-11557.9306640625,-3945.6640625,15024.26171875,-4363.99951171875
377717.66469063,-2609.253173828125,149.0414276123047,-31963.306640625,15787.037109375,-11565.10546875,-3953.129638671875,15022.517578125,-4367.17333984375
377717.668700199,-2609.521484375,149.2873077392578,-31958.345703125,15788.5126953125,-11566.0,-3956.03515625,15020.5283203125,-4370.59326171875
377717.673597744,-2611.01904296875,148.12501525878906,-31956.892578125,15790.904296875,-11560.92578125,-3950.894287109375,15023.5908203125,-4368.55908203125
377717.677691553,-2615.467041015625,149.2873077392578,-31959.328125,15797.3857421875,-11554.1533203125,-3944.792236328125,15025.06640625,-4368.447265625
377717.680711037,-2615.310546875,155.0987548828125,-31960.111328125,15795.083984375,-11559.1376953125,-3949.106201171875,15020.953125,-4373.2080078125
377717.683656858,-2617.03173828125,146.7615509033203,-31959.59765625,15788.154296875,-11569.4638671875,-3959.65625,15013.3984375,-4380.8076171875
377717.687696694,-2621.904296875,138.31259155273438,-31951.505859375,15789.0712890625,-11567.2958984375,-3956.75048828125,15017.8916015625,-4375.599609375
377717.690712532,-2617.165771484375,150.18136596679688,-31942.4765625,15804.046875,-11556.4326171875,-3950.693115234375,15021.7802734375,-4371.2412109375
377717.694725019,-2608.80615234375,159.01031494140625,-31938.005859375,15814.4853515625,-11548.1181640625,-3948.502685546875,15020.7744140625,-4370.90576171875
377717.699628763,-2608.22509765625,162.47482299804688,-31932.88671875,15822.1513671875,-11540.8984375,-3943.898193359375,15023.7470703125,-4365.4970703125
377717.702705501,-2608.4931640625,163.34654235839844,-31928.08203125,15824.7216796875,-11538.7529296875,-3941.618408203125,15023.7470703125,-4366.8828125
377717.706558261,-2608.470947265625,166.4087371826172,-31924.59375,15828.25390625,-11535.869140625,-3935.650390625,15025.8935546875,-4366.681640625
377717.710586429,-2601.60888671875,174.36595153808594,-31921.5546875,15834.7802734375,-11527.3984375,-3925.79345703125,15034.275390625,-4358.03125
377717.715712623,-2601.3408203125,174.18714904785156,-31927.56640625,15831.986328125,-11524.8720703125,-3921.4794921875,15038.3876953125,-4353.38232421875
377717.719596381,-2602.32421875,169.0015411376953,-31932.015625,15826.8232421875,-11522.234375,-3916.58447265625,15042.478515625,-4352.6669921875
377717.7227497,-2597.160888671875,173.76246643066406,-31925.197265625,15831.3603515625,-11515.373046875,-3907.46484375,15049.1162109375,-4350.2529296875
377717.727672407,-2602.123046875,168.666259765625,-31927.634765625,15825.951171875,-11517.09375,-3905.16259765625,15049.2958984375,-4353.2705078125
377717.731579868,-2601.161865234375,164.57589721679688,-31934.541015625,15818.6650390625,-11521.564453125,-3906.906005859375,15047.462890625,-4353.44921875
377717.735583238,-2605.252197265625,154.49525451660156,-31949.046875,15803.0859375,-11534.5283203125,-3916.807861328125,15037.962890625,-4357.4501953125
377717.739747428,-2609.0966796875,146.44862365722656,-31958.255859375,15790.4345703125,-11547.2685546875,-3928.0732421875,15028.8212890625,-4366.681640625
377717.757796505,-2611.82373046875,150.9413299560547,-31950.34375,15796.9384765625,-11544.9892578125,-3924.76513671875,15034.3193359375,-4362.97119140625
377717.761715636,-2608.91796875,158.85385131835938,-31941.0234375,15809.2548828125,-11543.8046875,-3930.35302734375,15032.330078125,-4362.0322265625
377717.764806231,-2604.62646484375,157.69155883789062,-31941.849609375,15808.673828125,-11548.69921875,-3938.913818359375,15026.83203125,-4362.54638671875
377717.767826809,-2607.487548828125,151.9918670654297,-31949.29296875,15802.326171875,-11554.779296875,-3945.887451171875,15020.998046875,-4366.77099609375
377717.771765267,-2606.03466796875,154.36114501953125,-31948.220703125,15803.041015625,-11555.986328125,-3946.915771484375,15020.39453125,-4365.74267578125
377717.774777823,-2602.21240234375,158.60797119140625,-31941.783203125,15804.7392578125,-11556.142578125,-3942.93701171875,15023.61328125,-4365.56396484375
377717.777818823,-2601.653564453125,161.5360565185547,-31936.0390625,15807.578125,-11555.3828125,-3939.18212890625,15028.6201171875,-4367.4638671875
377717.781761292,-2602.681884765625,163.88299560546875,-31933.958984375,15813.8369140625,-11548.05078125,-3931.805908203125,15037.001953125,-4363.865234375
377717.78482782,-2605.766357421875,156.75277709960938,-31940.666015625,15808.2490234375,-11548.8779296875,-3933.035400390625,15036.2646484375,-4362.814453125
377717.787721492,-2600.22314453125,161.51370239257812,-31931.970703125,15814.708984375,-11541.8154296875,-3928.520263671875,15040.466796875,-4355.013671875
377717.791752942,-2597.988037109375,168.9568328857422,-31921.12890625,15823.3359375,-11537.7919921875,-3928.117919921875,15039.818359375,-4354.09765625
377717.794776073,-2597.7421875,173.6060028076172,-31911.8984375,15831.427734375,-11529.833984375,-3921.926513671875,15042.2099609375,-4356.73486328125
377717.797844788,-2601.989013671875,172.06373596191406,-31915.095703125,15830.578125,-11529.7001953125,-3925.927490234375,15035.5263671875,-4365.6533203125
377717.800840204,-2605.743896484375,179.73037719726562,-31919.54296875,15832.2548828125,-11525.2744140625,-3927.17919921875,15030.095703125,-4364.20068359375
377717.80479726,-2600.893798828125,176.33291625976562,-31918.42578125,15837.2392578125,-11519.060546875,-3922.0830078125,15030.498046875,-4362.16650390625
377717.807817474,-2600.089111328125,167.32516479492188,-31918.8046875,15834.892578125,-11518.8154296875,-3918.88671875,15033.6494140625,-4361.8310546875
377717.810858109,-2604.246337890625,166.16287231445312,-31918.759765625,15833.439453125,-11518.859375,-3914.79638671875,15039.8408203125,-4358.076171875
377717.814779428,-2601.40771484375,169.3815155029297,-31922.0234375,15832.43359375,-11519.306640625,-3913.723388671875,15042.1201171875,-4356.2431640625
377717.817853978,-2598.859619140625,171.3261260986328,-31925.220703125,15832.947265625,-11511.349609375,-3903.486328125,15054.0341796875,-4339.6806640625
377717.820828607,-2596.1103515625,168.21922302246094,-31929.33203125,15825.68359375,-11512.66796875,-3901.56396484375,15059.1298828125,-4333.8466796875
377717.823899146,-2594.970458984375,163.45831298828125,-31933.087890625,15815.71484375,-11521.7880859375,-3907.733154296875,15054.16796875,-4344.2626953125
377717.8278748,-2597.250244140625,165.80523681640625,-31931.166015625,15816.943359375,-11524.3359375,-3910.527099609375,15050.1669921875,-4351.4150390625
377717.831895309,-2596.870361328125,170.29794311523438,-31930.8984375,15818.396484375,-11526.99609375,-3913.99169921875,15047.462890625,-4352.53271484375
377717.836778997,-2599.59716796875,162.92185974121094,-31942.51953125,15808.0703125,-11539.1328125,-3925.323974609375,15040.5107421875,-4355.6171875
377717.841881853,-2597.02685546875,159.27853393554688,-31945.42578125,15801.7666015625,-11550.1748046875,-3934.64453125,15035.6162109375,-4358.34423828125
377717.84582177,-2599.5302734375,159.1220703125,-31942.07421875,15798.4140625,-11557.0146484375,-3938.17626953125,15036.30859375,-4357.271484375
377717.84889559,-2602.21240234375,161.5807647705078,-31938.453125,15804.1806640625,-11554.8017578125,-3939.36083984375,15031.97265625,-4363.59716796875
377717.852885102,-2603.39697265625,164.9335174560547,-31935.3671875,15810.1484375,-11551.068359375,-3940.031494140625,15031.3466796875,-4362.2109375
377717.855859003,-2600.62548828125,167.23574829101562,-31936.8203125,15812.361328125,-11549.7275390625,-3941.797119140625,15030.9892578125,-4359.19384765625
377717.859017063,-2597.20556640625,170.566162109375,-31933.625,15815.4462890625,-11549.1689453125,-3942.110107421875,15030.900390625,-4360.244140625
377717.862924523,-2592.84716796875,177.49520874023438,-31922.248046875,15822.822265625,-11546.8662109375,-3939.316162109375,15032.2412109375,-4362.009765625
377717.866974936,-2598.23388671875,178.2775115966797,-31918.15625,15826.5107421875,-11548.8330078125,-3940.97021484375,15027.48046875,-4368.0224609375
377717.870899901,-2606.5263671875,176.22116088867188,-31919.54296875,15829.9521484375,-11543.8046875,-3939.2490234375,15024.5966796875,-4369.8330078125
377717.875907577,-2603.41943359375,172.08607482910156,-31925.265625,15829.05859375,-11539.2666015625,-3936.76806640625,15025.267578125,-4365.4072265625
377717.879911676,-2598.23388671875,176.04234313964844,-31919.498046875,15836.009765625,-11529.3427734375,-3928.16259765625,15030.564453125,-4359.12646484375
377717.882953405,-2596.82568359375,182.23377990722656,-31906.35546875,15847.2978515625,-11518.4130859375,-3916.96435546875,15037.046875,-4355.21484375
377717.886971726,-2601.072509765625,179.35040283203125,-31900.5,15848.2138671875,-11514.2548828125,-3910.2587890625,15042.0087890625,-4357.00341796875
377717.891010834,-2600.916015625,176.0870361328125,-31904.03125,15846.3583984375,-11511.2158203125,-3906.727294921875,15045.6748046875,-4353.6953125
377717.895054317,-2603.575927734375,163.74888610839844,-31923.0078125,15834.1103515625,-11514.2109375,-3908.26953125,15044.5791015625,-4349.98486328125
377717.899881846,-2607.5322265625,153.2659149169922,-31936.552734375,15822.8671875,-11516.982421875,-3906.816650390625,15049.33984375,-4344.4189453125
377717.903030059,-2611.845947265625,147.70033264160156,-31943.01171875,15811.9150390625,-11525.095703125,-3910.4599609375,15048.06640625,-4348.57666015625
377717.905902581,-2611.80126953125,146.5380401611328,-31944.2421875,15804.7177734375,-11531.734375,-3915.220947265625,15046.5458984375,-4350.9013671875
377717.910928856,-2607.1298828125,152.57301330566406,-31941.984375,15806.3486328125,-11531.935546875,-3913.410400390625,15047.171875,-4348.2861328125
377717.914878618,-2604.537109375,156.0822296142578,-31944.353515625,15805.3212890625,-11536.2490234375,-3918.283203125,15042.9033203125,-4352.15283203125
377717.920062796,-2600.02197265625,161.0443115234375,-31938.654296875,15805.9248046875,-11539.2001953125,-3920.339599609375,15044.0654296875,-4353.15869140625
377717.923897687,-2588.555419921875,177.2269744873047,-31923.87890625,15815.4912109375,-11537.2548828125,-3916.98681640625,15047.7978515625,-4351.3037109375
377717.927126493,-2580.12890625,195.08602905273438,-31910.4453125,15828.0078125,-11534.3271484375,-3916.338623046875,15046.814453125,-4355.14794921875
377717.930992746,-2577.290283203125,203.42323303222656,-31907.697265625,15831.13671875,-11535.4892578125,-3919.646728515625,15045.697265625,-4357.18212890625
377717.93399582,-2573.691650390625,208.51942443847656,-31907.919921875,15833.8642578125,-11534.3271484375,-3920.227783203125,15046.1884765625,-4349.470703125
377717.938936397,-2560.81689453125,233.68748474121094,-31892.966796875,15854.830078125,-11521.408203125,-3911.37646484375,15052.9609375,-4345.71533203125
377717.942920804,-2559.65478515625,230.71470642089844,-31891.291015625,15855.076171875,-11526.6376953125,-3916.96435546875,15047.9990234375,-4352.13037109375
377717.948101335,-2564.885009765625,222.0645751953125,-31884.13671875,15857.7353515625,-11518.79296875,-3904.38037109375,15054.9951171875,-4351.28125
377717.952078812,-2573.44580078125,218.64476013183594,-31885.322265625,15858.1826171875,-11515.8642578125,-3901.6982421875,15056.0009765625,-4353.33740234375
377717.955101214,-2570.584716796875,216.09666442871094,-31887.802734375,15861.5126953125,-11511.5283203125,-3901.541748046875,15055.8447265625,-4348.39794921875
377717.958910943,-2575.43505859375,208.2735595703125,-31891.447265625,15859.7919921875,-11509.740234375,-3898.837158203125,15057.3642578125,-4342.78759765625
377717.962108387,-2591.9306640625,191.77796936035156,-31898.822265625,15849.912109375,-11516.3115234375,-3905.2744140625,15051.083984375,-4346.36376953125
377717.966088418,-2600.1337890625,183.86544799804688,-31902.287109375,15846.828125,-11518.255859375,-3906.950927734375,15051.6201171875,-4346.72119140625
377717.971054522,-2609.72265625,177.9869384765625,-31910.04296875,15843.564453125,-11517.787109375,-3907.0625,15050.9716796875,-4346.453125
377717.975077948,-2605.677001953125,176.55642700195312,-31914.849609375,15846.4033203125,-11509.6728515625,-3903.59814453125,15052.603515625,-4342.6533203125
377717.980088542,-2608.582763671875,169.515625,-31922.134765625,15841.3291015625,-11514.6796875,-3911.57763671875,15041.986328125,-4353.29296875
377717.984088994,-2614.3046875,169.49327087402344,-31921.0859375,15841.642578125,-11513.3388671875,-3911.48828125,15038.521484375,-4358.72412109375
377717.987063259,-2622.641845703125,161.55841064453125,-31926.314453125,15833.5068359375,-11518.8154296875,-3914.55029296875,15035.4150390625,-4360.0654296875
377717.992145693,-2622.9326171875,156.7080841064453,-31933.177734375,15825.146484375,-11524.3359375,-3917.38916015625,15036.041015625,-4353.76220703125
377717.995149132,-2623.580810546875,157.80331420898438,-31944.287109375,15815.8486328125,-11533.2099609375,-3925.39111328125,15032.8671875,-4348.53173828125
377718.000201298,-2624.251220703125,149.64492797851562,-31950.8125,15805.767578125,-11541.7705078125,-3931.96240234375,15031.212890625,-4349.76123046875
377718.003192338,-2624.340576171875,166.16287231445312,-31943.638671875,15812.5185546875,-11540.3173828125,-3930.241455078125,15034.0966796875,-4346.54248046875
377718.007189509,-2619.468017578125,148.8626251220703,-31944.12890625,15804.5380859375,-11551.158203125,-3938.37744140625,15029.513671875,-4352.77880859375
377718.011217676,-2614.908203125,139.9219207763672,-31947.34765625,15800.11328125,-11556.90234375,-3943.607666015625,15025.669921875,-4358.6123046875
377718.015097057,-2607.085205078125,155.0316925048828,-31941.134765625,15813.255859375,-11545.771484375,-3935.2705078125,15033.26953125,-4350.4765625
377718.019251401,-2603.687744140625,160.97726440429688,-31939.32421875,15814.931640625,-11544.9443359375,-3934.331787109375,15037.158203125,-4349.78369140625
377718.0252116,-2597.80908203125,170.54380798339844,-31933.087890625,15818.3515625,-11547.5146484375,-3935.2705078125,15037.896484375,-4350.275390625
377718.029044304,-2592.981201171875,184.87127685546875,-31921.77734375,15828.90234375,-11541.994140625,-3929.503662109375,15040.935546875,-4353.35986328125
377718.032519263,-2588.5107421875,193.0296630859375,-31918.26953125,15833.3720703125,-11538.0595703125,-3923.78173828125,15045.763671875,-4349.42578125
377718.036311852,-2593.070556640625,192.5155792236328,-31925.48828125,15829.4609375,-11541.4345703125,-3926.531005859375,15045.5849609375,-4348.107421875
377718.041263734,-2585.24755859375,206.75363159179688,-31910.7578125,15847.54296875,-11520.916015625,-3907.733154296875,15060.60546875,-4338.8310546875
377718.044252951,-2581.62646484375,215.94020080566406,-31898.5546875,15862.2734375,-11507.6611328125,-3893.6962890625,15067.154296875,-4342.58642578125
377718.047387307,-2586.72265625,209.70407104492188,-31898.21875,15859.970703125,-11508.041015625,-3893.629150390625,15067.3330078125,-4338.51806640625
377718.050466962,-2586.789794921875,213.99560546875,-31890.126953125,15869.6943359375,-11496.0390625,-3886.431884765625,15070.775390625,-4333.80224609375
377718.054413807,-2583.146484375,215.5602264404297,-31890.26171875,15871.236328125,-11489.2216796875,-3881.3134765625,15070.015625,-4330.40478515625
377718.059274521,-2576.463134765625,214.95672607421875,-31892.072265625,15869.0908203125,-11492.8203125,-3890.76806640625,15058.7724609375,-4332.77392578125
377718.063277161,-2579.480712890625,208.67588806152344,-31897.4375,15863.2119140625,-11499.5703125,-3898.56884765625,15050.591796875,-4338.76416015625
377718.067278707,-2586.186279296875,197.9917449951172,-31908.5234375,15850.896484375,-11510.9697265625,-3908.314208984375,15041.181640625,-4346.498046875
377718.071334954,-2594.791748046875,188.24639892578125,-31922.046875,15840.3681640625,-11520.1337890625,-3918.014892578125,15032.53125,-4353.71728515625
377718.076114346,-2599.552490234375,174.56712341308594,-31940.396484375,15822.8896484375,-11535.109375,-3931.068359375,15024.41796875,-4355.2822265625
377718.0812967,-2604.872314453125,167.4592742919922,-31949.046875,15816.4521484375,-11538.3505859375,-3932.521240234375,15022.919921875,-4353.78466796875
377718.085114452,-2601.1171875,172.57781982421875,-31940.59765625,15823.470703125,-11532.6728515625,-3924.206298828125,15030.85546875,-4349.38134765625
377718.089140796,-2603.575927734375,170.54380798339844,-31938.5859375,15820.3193359375,-11536.271484375,-3922.2841796875,15034.0517578125,-4346.2744140625
377718.092227744,-2613.768310546875,160.0384979248047,-31948.779296875,15810.3056640625,-11545.48046875,-3929.704833984375,15030.966796875,-4347.212890625
377718.096451741,-2611.1083984375,164.79940795898438,-31951.52734375,15813.2109375,-11542.26171875,-3928.251953125,15033.2470703125,-4340.95458984375
377718.10126687,-2608.560302734375,173.8742218017578,-31947.125,15818.5302734375,-11536.115234375,-3924.541748046875,15037.046875,-4337.892578125
377718.104318081,-2606.3251953125,160.75375366210938,-31939.94921875,15815.9599609375,-11537.3447265625,-3924.0947265625,15036.599609375,-4341.33447265625
377718.107335377,-2606.99560546875,162.20660400390625,-31933.87109375,15816.6083984375,-11540.3173828125,-3928.006103515625,15029.9609375,-4350.6328125
377718.111109004,-2603.888916015625,170.9014434814453,-31928.685546875,15824.990234375,-11537.7021484375,-3929.928466796875,15025.6025390625,-4355.19287109375
377718.115250219,-2605.22998046875,171.61669921875,-31928.974609375,15825.3251953125,-11535.4228515625,-3929.95068359375,15024.5517578125,-4355.57275390625
377718.11924666,-2601.8994140625,175.48355102539062,-31920.66015625,15829.505859375,-11529.6328125,-3925.8603515625,15029.693359375,-4354.052734375
377718.123176366,-2594.456298828125,183.7760467529297,-31904.791015625,15838.1552734375,-11523.6650390625,-3918.283203125,15038.65625,-4346.58740234375
377718.126327132,-2591.260009765625,192.2696990966797,-31892.943359375,15847.2529296875,-11518.8818359375,-3911.75634765625,15044.35546875,-4344.15087890625
377718.13019849,-2584.286376953125,200.83042907714844,-31886.015625,15856.349609375,-11509.896484375,-3904.112060546875,15053.296875,-4337.57958984375
377718.134342623,-2580.41943359375,204.5408172607422,-31889.501953125,15858.5625,-11507.9970703125,-3906.123779296875,15052.4921875,-4334.0478515625
377718.138348546,-2579.972412109375,202.59620666503906,-31898.77734375,15855.388671875,-11510.90234375,-3908.2919921875,15049.6982421875,-4334.38330078125
377718.143268336,-2581.7158203125,200.69631958007812,-31903.8515625,15853.265625,-11509.248046875,-3901.541748046875,15057.9453125,-4330.0244140625
377718.147281552,-2587.03564453125,195.66717529296875,-31912.724609375,15843.9892578125,-11518.994140625,-3910.527099609375,15055.173828125,-4331.34326171875
377718.151317377,-2592.62353515625,188.24639892578125,-31924.99609375,15834.400390625,-11524.8056640625,-3913.857421875,15053.9892578125,-4328.01318359375
377718.155348827,-2595.73046875,178.94805908203125,-31942.69921875,15820.900390625,-11538.216796875,-3925.100341796875,15046.0771484375,-4327.119140625
377718.15836977,-2595.81982421875,182.45729064941406,-31945.716796875,15824.1630859375,-11535.8251953125,-3926.106201171875,15041.8974609375,-4325.80029296875
377718.164296784,-2591.483642578125,184.6254119873047,-31939.279296875,15826.0634765625,-11531.623046875,-3918.819580078125,15049.9208984375,-4327.72216796875
377718.168336256,-2591.505859375,182.6361083984375,-31937.333984375,15823.068359375,-11534.796875,-3918.88671875,15052.201171875,-4330.5166015625
377718.17232431,-2599.1279296875,174.0306854248047,-31945.984375,15813.2109375,-11543.357421875,-3926.620361328125,15046.814453125,-4332.17041015625
377718.17643234,-2597.295166015625,171.1920166015625,-31954.255859375,15807.1982421875,-11547.984375,-3930.6435546875,15041.8076171875,-4333.82421875
#377746.190982025,-2765.15673828125,53.48772430419922,-32046.6796875,15623.958984375,-11530.728515625,-4143.02978515625,14854.388671875,-4394.37548828125
377746.195005087,-2770.409423828125,45.30698776245117,-32055.44140625,15617.4541015625,-11530.728515625,-4141.5771484375,14857.875,-4391.17919921875
377746.198022748,-2771.392822265625,41.171913146972656,-32057.966796875,15613.54296875,-11529.275390625,-4134.87158203125,14862.904296875,-4388.83203125
377746.20200132,-2775.72900390625,34.77931594848633,-32061.095703125,15603.7529296875,-11538.5068359375,-4138.29150390625,14860.5576171875,-4394.37548828125
377746.206355139,-2784.669677734375,24.385753631591797,-32068.091796875,15591.8837890625,-11549.0126953125,-4147.41064453125,14855.505859375,-4404.880859375
377746.210093392,-2782.009765625,31.538311004638672,-32069.634765625,15604.736328125,-11541.30078125,-4148.23779296875,14852.0634765625,-4410.55810546875
377746.214202152,-2774.074951171875,41.686004638671875,-32066.169921875,15617.6328125,-11528.6279296875,-4139.1630859375,14857.62890625,-4405.77490234375
377746.219032233,-2773.046875,39.74140167236328,-32066.6171875,15613.8779296875,-11530.83984375,-4136.45849609375,14862.412109375,-4402.57861328125
377746.223080457,-2772.95751953125,40.099029541015625,-32065.96875,15612.447265625,-11536.5400390625,-4139.587890625,14862.546875,-4403.76318359375
377746.22731904,-2768.800048828125,49.93379592895508,-32058.927734375,15621.544921875,-11534.4833984375,-4138.7607421875,14862.9716796875,-4401.97509765625
377746.230188644,-2769.4482421875,48.480934143066406,-32062.9296875,15618.52734375,-11536.115234375,-4141.3310546875,14859.73046875,-4400.41015625
377746.234306156,-2765.804931640625,49.46440887451172,-32062.482421875,15619.533203125,-11531.2421875,-4137.46435546875,14862.658203125,-4395.0009765625
377746.238353651,-2760.52978515625,56.95224380493164,-32054.79296875,15629.6357421875,-11521.8994140625,-4129.64111328125,14867.6875,-4389.74853515625
377746.24210248,-2766.52001953125,53.71124267578125,-32054.681640625,15627.53515625,-11523.5986328125,-4129.529296875,14867.5087890625,-4394.0400390625
377746.246433325,-2767.570556640625,55.49938201904297,-32049.541015625,15632.1396484375,-11520.2451171875,-4126.1767578125,14873.767578125,-4389.97216796875
377746.251129571,-2763.32373046875,59.61210250854492,-32048.2890625,15639.314453125,-11514.4345703125,-4123.29345703125,14877.1650390625,-4385.14404296875
377746.255342262,-2765.044921875,53.15244674682617,-32055.576171875,15633.279296875,-11519.3740234375,-4127.51806640625,14873.87890625,-4384.98779296875
377746.258222442,-2766.497802734375,49.48676300048828,-32056.40234375,15627.4677734375,-11525.54296875,-4132.85986328125,14870.34765625,-4385.90380859375
377746.262428934,-2765.067138671875,51.43136215209961,-32052.37890625,15628.6298828125,-11527.263671875,-4135.162109375,14867.0166015625,-4389.74853515625
377746.266139472,-2768.285888671875,47.20688247680664,-32056.916015625,15620.3154296875,-11537.92578125,-4146.89697265625,14856.3779296875,-4398.0859375
377746.270420357,-2767.8388671875,49.03972625732422,-32063.130859375,15616.560546875,-11536.9873046875,-4146.3154296875,14855.39453125,-4395.4482421875
377746.274156787,-2766.74365234375,48.19036102294922,-32071.109375,15611.77734375,-11539.244140625,-4148.9306640625,14855.0361328125,-4392.0732421875
377746.279193637,-2769.35888671875,44.3011589050293,-32073.45703125,15611.017578125,-11541.658203125,-4151.76953125,14852.287109375,-4394.35302734375
377746.283234568,-2771.8173828125,42.490665435791016,-32072.09375,15609.0498046875,-11543.7822265625,-4152.41748046875,14853.986328125,-4396.0517578125
377746.286462644,-2771.370361328125,43.004756927490234,-32071.19921875,15607.1953125,-11544.765625,-4153.69189453125,14858.0087890625,-4396.11865234375
377746.290421524,-2771.2587890625,40.523712158203125,-32076.7421875,15604.69140625,-11543.5810546875,-4152.5966796875,14860.04296875,-4393.615234375
377746.296093268,-2777.2490234375,32.38767623901367,-32088.1875,15596.443359375,-11550.95703125,-4161.02294921875,14853.13671875,-4398.6220703125
377746.299446792,-2774.879638671875,33.34880447387695,-32086.845703125,15596.130859375,-11552.07421875,-4163.548828125,14850.0068359375,-4404.478515625
377746.302226322,-2777.33837890625,29.86193084716797,-32086.95703125,15591.99609375,-11558.2431640625,-4169.7626953125,14843.2119140625,-4412.74853515625
377746.307158512,-2772.711669921875,38.601463317871094,-32077.435546875,15605.1162109375,-11551.76171875,-4169.09228515625,14840.9775390625,-4414.71533203125
377746.311431374,-2770.409423828125,40.65782165527344,-32077.927734375,15606.7255859375,-11553.2587890625,-4172.39990234375,14837.6689453125,-4411.0498046875
377746.314329058,-2770.4541015625,34.86872100830078,-32082.44140625,15602.5458984375,-11555.7626953125,-4178.83740234375,14832.05859375,-4412.16748046875
377746.318282832,-2768.464599609375,34.39933395385742,-32076.8984375,15605.853515625,-11551.3818359375,-4175.64111328125,14830.583984375,-4415.96728515625
377746.322244993,-2766.296630859375,40.03197479248047,-32068.29296875,15613.296875,-11547.8720703125,-4171.7294921875,14829.7568359375,-4422.60546875
377746.326538277,-2763.033203125,49.30794906616211,-32057.341796875,15626.23828125,-11533.3662109375,-4155.21142578125,14842.5869140625,-4417.62109375
377746.330508462,-2765.514404296875,48.9279670715332,-32060.962890625,15626.1943359375,-11529.8564453125,-4151.61279296875,14846.85546875,-4413.8662109375
377746.335196321,-2769.4482421875,46.58103561401367,-32066.103515625,15626.1943359375,-11525.6767578125,-4146.04736328125,14849.8056640625,-4408.16650390625
377746.340493547,-2773.56103515625,42.915348052978516,-32066.638671875,15625.724609375,-11525.140625,-4142.64990234375,14854.4775390625,-4407.0712890625
377746.343279641,-2775.281982421875,42.60242462158203,-32060.58203125,15628.3623046875,-11521.20703125,-4135.05029296875,14865.83203125,-4399.8515625
377746.347487956,-2777.33837890625,40.993099212646484,-32058.458984375,15626.5966796875,-11520.40234375,-4132.63623046875,14872.671875,-4391.0224609375
377746.350585116,-2776.55615234375,40.83663558959961,-32063.533203125,15624.1376953125,-11522.5703125,-4137.03955078125,14871.822265625,-4387.73681640625
377746.354530867,-2771.705810546875,45.351688385009766,-32065.947265625,15626.373046875,-11522.681640625,-4141.197265625,14870.212890625,-4388.29541015625
377746.358340596,-2773.493896484375,38.40029525756836,-32071.1328125,15614.2353515625,-11533.857421875,-4149.66845703125,14867.2177734375,-4390.4638671875
377746.363221002,-2775.6396484375,33.7064323425293,-32071.154296875,15605.8310546875,-11539.3115234375,-4152.9765625,14867.3525390625,-4391.4248046875
377746.367360759,-2775.371337890625,37.72974395751953,-32066.013671875,15610.81640625,-11532.427734375,-4144.86279296875,14872.716796875,-4388.34033203125
377746.370405405,-2777.33837890625,36.03101348876953,-32072.8984375,15606.0771484375,-11538.171875,-4150.00390625,14867.7099609375,-4390.12841796875
377746.374553185,-2778.4560546875,30.621889114379883,-32078.642578125,15600.869140625,-11542.5302734375,-4154.9208984375,14865.765625,-4388.56396484375
377746.378620008,-2777.181884765625,28.02908706665039,-32076.4296875,15597.986328125,-11542.6865234375,-4152.9765625,14869.408203125,-4388.474609375
377746.382332369,-2777.71826171875,25.59274673461914,-32074.75390625,15593.11328125,-11548.38671875,-4157.8046875,14865.83203125,-4394.8447265625
377746.386348502,-2774.566650390625,35.8298454284668,-32068.5390625,15606.2119140625,-11542.4853515625,-4156.61962890625,14859.193359375,-4402.1982421875
377746.391270845,-2773.35986328125,40.21078872680664,-32070.8203125,15610.5478515625,-11542.150390625,-4162.1630859375,14847.6826171875,-4409.462890625
377746.397335706,-2774.54443359375,38.64616775512695,-32075.55859375,15607.0166015625,-11547.3359375,-4172.44482421875,14837.736328125,-4413.48583984375
377746.401293856,-2770.31982421875,42.40126037597656,-32068.181640625,15612.08984375,-11542.5078125,-4167.1025390625,14841.7373046875,-4411.4521484375
377746.404374605,-2773.73974609375,38.46735382080078,-32066.55078125,15608.4248046875,-11547.537109375,-4169.9638671875,14837.5126953125,-4415.89990234375
377746.407634409,-2776.91357421875,35.002830505371094,-32065.052734375,15608.2900390625,-11549.34765625,-4170.88037109375,14836.439453125,-4416.36962890625
377746.411287328,-2778.500732421875,32.164161682128906,-32066.953125,15610.525390625,-11546.44140625,-4168.17578125,14837.7138671875,-4410.53564453125
377746.414360784,-2782.009765625,25.61509895324707,-32070.841796875,15609.5419921875,-11539.5126953125,-4161.9619140625,14840.6416015625,-4406.0205078125
377746.418665737,-2781.182861328125,29.057268142700195,-32061.3203125,15619.2421875,-11525.990234375,-4149.958984375,14850.5439453125,-4403.36083984375
377746.42354432,-2778.94775390625,37.52857971191406,-32049.763671875,15631.46875,-11519.5078125,-4145.1982421875,14856.8466796875,-4402.15380859375
377746.426610847,-2780.04296875,40.747230529785156,-32046.298828125,15635.4921875,-11517.6083984375,-4142.47119140625,14860.490234375,-4402.265625
377746.429463676,-2778.590087890625,44.032936096191406,-32047.126953125,15639.068359375,-11513.271484375,-4138.82763671875,14867.576171875,-4398.0859375
377746.434494692,-2775.52783203125,46.62574005126953,-32050.033203125,15640.87890625,-11512.35546875,-4140.5712890625,14868.6708984375,-4394.419921875
377746.438677115,-2770.6328125,50.425537109375,-32046.322265625,15641.6611328125,-11512.2880859375,-4139.0068359375,14872.2021484375,-4389.0556640625
377746.44268632,-2766.14013671875,57.153411865234375,-32037.001953125,15647.830078125,-11506.72265625,-4130.46826171875,14880.830078125,-4381.92529296875
377746.448494086,-2769.71630859375,54.27003479003906,-32037.962890625,15643.2705078125,-11509.6953125,-4129.86474609375,14884.1826171875,-4382.8193359375
377746.452651348,-2777.405517578125,44.077640533447266,-32051.08203125,15628.5859375,-11520.8935546875,-4139.0068359375,14878.8408203125,-4387.17822265625
377746.455747778,-2776.15380859375,39.0037956237793,-32057.564453125,15619.48828125,-11524.24609375,-4140.81689453125,14880.1826171875,-4383.087890625
377746.459682589,-2768.95654296875,45.10581970214844,-32053.005859375,15622.9755859375,-11521.3857421875,-4136.1455078125,14884.9658203125,-4378.52783203125
377746.462610541,-2767.481201171875,47.29629135131836,-32050.904296875,15623.7353515625,-11522.1455078125,-4134.55859375,14887.22265625,-4379.2880859375
377746.466373227,-2774.991455078125,37.95326232910156,-32059.93359375,15608.625,-11535.8916015625,-4144.37109375,14876.896484375,-4390.15087890625
377746.470459012,-2775.05859375,37.5062255859375,-32064.740234375,15603.88671875,-11539.021484375,-4146.22607421875,14873.1640625,-4392.654296875
377746.474707441,-2766.967041015625,45.351688385009766,-32061.365234375,15615.263671875,-11528.9404296875,-4139.07373046875,14877.34375,-4389.39111328125
377746.479679015,-2769.694091796875,42.736534118652344,-32063.17578125,15612.3359375,-11533.9697265625,-4147.07568359375,14868.7158203125,-4401.0810546875
377746.48242536,-2765.782470703125,50.693756103515625,-32055.083984375,15619.041015625,-11534.0361328125,-4150.919921875,14862.8818359375,-4409.2392578125
377746.486592468,-2766.2294921875,50.62670135498047,-32051.931640625,15620.3603515625,-11536.96484375,-4154.29541015625,14856.0419921875,-4414.8720703125
377746.490634128,-2764.53076171875,54.627662658691406,-32051.08203125,15628.6748046875,-11532.9189453125,-4155.43505859375,14851.1923828125,-4414.8046875
377746.494482876,-2770.833984375,49.151485443115234,-32060.068359375,15624.025390625,-11535.8916015625,-4159.369140625,14843.8603515625,-4415.09521484375
377746.498495727,-2775.0361328125,43.83177185058594,-32060.91796875,15622.1484375,-11531.689453125,-4151.5234375,14848.6435546875,-4407.9873046875
377746.502588442,-2777.696044921875,41.61894989013672,-32054.771484375,15625.3447265625,-11523.1513671875,-4140.23583984375,14856.2880859375,-4403.51708984375
377746.506367538,-2784.066162109375,37.39447021484375,-32053.5859375,15625.0537109375,-11519.8876953125,-4135.67626953125,14858.0537109375,-4405.95361328125
377746.510835135,-2791.598876953125,25.324525833129883,-32061.611328125,15616.001953125,-11525.6103515625,-4142.04638671875,14854.34375,-4406.48974609375
377746.514662368,-2790.0341796875,23.983421325683594,-32060.3359375,15620.5390625,-11520.6923828125,-4141.197265625,14855.55078125,-4400.72314453125
377746.518700381,-2785.988525390625,29.951337814331055,-32053.048828125,15627.5126953125,-11518.0546875,-4143.05224609375,14856.712890625,-4400.4775390625
377746.522909791,-2780.15478515625,39.249664306640625,-32044.890625,15633.369140625,-11517.0712890625,-4145.9130859375,14856.421875,-4403.271484375
377746.526339166,-2775.661865234375,46.22340774536133,-32037.0234375,15638.7333984375,-11511.4169921875,-4138.82763671875,14864.7822265625,-4399.6728515625
377746.530373898,-2770.990478515625,49.95615005493164,-32035.5703125,15638.4873046875,-11508.5107421875,-4133.3740234375,14871.263671875,-4391.8720703125
377746.535434087,-2769.626953125,48.59269332885742,-32041.314453125,15633.6591796875,-11513.919921875,-4139.69970703125,14869.7666015625,-4390.642578125
377746.538591782,-2767.74951171875,47.85508346557617,-32041.583984375,15630.150390625,-11516.1552734375,-4139.990234375,14874.974609375,-4388.6083984375
377746.541860702,-2765.2236328125,50.269073486328125,-32039.794921875,15628.3623046875,-11518.2783203125,-4139.47607421875,14877.5224609375,-4390.93310546875
377746.546991273,-2762.13916015625,58.31570053100586,-32037.42578125,15633.3466796875,-11517.943359375,-4138.11279296875,14878.818359375,-4393.5927734375
377746.550916603,-2758.16064453125,60.349708557128906,-32043.974609375,15627.982421875,-11520.6923828125,-4136.16796875,14881.880859375,-4390.0166015625
377746.554814947,-2761.0439453125,56.77342987060547,-32054.123046875,15621.9697265625,-11523.486328125,-4137.3525390625,14881.5458984375,-4389.16748046875
377746.558563046,-2756.0595703125,64.21656036376953,-32048.4453125,15629.7705078125,-11515.640625,-4130.5576171875,14889.7041015625,-4386.10498046875
377746.562554017,-2755.14306640625,66.18351745605469,-32042.947265625,15631.46875,-11516.7587890625,-4130.9375,14889.369140625,-4389.8154296875
377746.566408965,-2753.82421875,69.42451477050781,-32039.951171875,15633.8828125,-11517.98828125,-4132.79296875,14884.3837890625,-4395.13525390625
377746.569481326,-2763.569580078125,59.075660705566406,-32051.931640625,15625.43359375,-11525.9453125,-4142.47119140625,14871.2861328125,-4402.220703125
377746.573510588,-2763.100341796875,56.95224380493164,-32055.6640625,15625.7021484375,-11525.69921875,-4142.314453125,14868.0,-4401.52783203125
377746.578599951,-2760.596923828125,59.05331039428711,-32051.150390625,15629.14453125,-11523.8662109375,-4140.03466796875,14868.40234375,-4399.650390625
377746.582756118,-2761.692138671875,61.132022857666016,-32045.0703125,15632.0498046875,-11524.58203125,-4143.23095703125,14862.099609375,-4403.2490234375
377746.586774074,-2762.385009765625,61.8919792175293,-32040.98046875,15634.978515625,-11522.615234375,-4141.30908203125,14861.6298828125,-4404.27734375
377746.590772703,-2765.402587890625,58.82979202270508,-32043.39453125,15636.0068359375,-11521.3857421875,-4141.42041015625,14863.0380859375,-4399.6279296875
377746.594605771,-2763.033203125,58.58392333984375,-32044.19921875,15637.7724609375,-11518.7255859375,-4141.84521484375,14864.0888671875,-4393.9951171875
377746.597680321,-2767.570556640625,53.44301986694336,-32044.802734375,15635.73828125,-11517.4736328125,-4143.05224609375,14862.7705078125,-4394.822265625
377746.602830219,-2774.0302734375,48.45858383178711,-32046.03125,15633.3916015625,-11516.7587890625,-4141.30908203125,14862.501953125,-4399.60546875
377746.606641771,-2773.44921875,49.46440887451172,-32045.494140625,15630.1728515625,-11520.87109375,-4143.5888671875,14860.2890625,-4402.82421875
377746.610703488,-2769.291748046875,51.386661529541016,-32046.27734375,15628.49609375,-11521.8544921875,-4148.193359375,14858.12109375,-4400.6337890625
377746.614727644,-2762.809814453125,61.42259216308594,-32038.119140625,15646.466796875,-11501.2685546875,-4130.91552734375,14868.6708984375,-4393.57080078125
377746.618725179,-2759.4345703125,67.36815643310547,-32032.1953125,15652.1669921875,-11496.59765625,-4124.1875,14874.125,-4391.33544921875
377746.621693609,-2754.6513671875,73.22431182861328,-32025.51171875,15653.26171875,-11499.8828125,-4127.49560546875,14874.482421875,-4392.29638671875
377746.62574074,-2755.56787109375,70.40799713134766,-32027.166015625,15646.8466796875,-11507.5048828125,-4134.08935546875,14872.9404296875,-4395.0009765625
377746.630578479,-2755.992431640625,66.80936431884766,-32034.474609375,15642.48828125,-11512.4892578125,-4140.1689453125,14872.560546875,-4394.62109375
377746.634696355,-2754.33837890625,64.618896484375,-32040.64453125,15638.353515625,-11512.66796875,-4139.29736328125,14874.28125,-4392.89990234375
377746.638961924,-2753.53369140625,64.1942138671875,-32040.509765625,15637.4814453125,-11512.66796875,-4138.31396484375,14874.9296875,-4395.068359375
377746.642710753,-2757.802978515625,60.70733642578125,-32040.5546875,15633.279296875,-11515.841796875,-4137.30810546875,14876.2705078125,-4399.13623046875
377746.646691512,-2758.004150390625,59.746212005615234,-32039.21484375,15630.7763671875,-11515.484375,-4133.1279296875,14880.361328125,-4399.35986328125
377746.649662131,-2755.009033203125,64.17185974121094,-32038.029296875,15634.28515625,-11508.64453125,-4127.27197265625,14884.2724609375,-4395.38134765625
377746.653653466,-2757.2216796875,61.243778228759766,-32043.908203125,15631.603515625,-11510.7236328125,-4129.619140625,14882.5517578125,-4393.10107421875
377746.657671423,-2755.075927734375,60.439117431640625,-32045.44921875,15630.1953125,-11513.8310546875,-4131.3623046875,14880.62890625,-4391.91650390625
377746.662555475,-2756.908935546875,61.19907760620117,-32044.130859375,15632.2958984375,-11516.423828125,-4133.10595703125,14878.1259765625,-4396.36474609375
377746.666650742,-2759.479248046875,58.76273727416992,-32042.4765625,15631.87109375,-11519.0166015625,-4135.720703125,14877.8798828125,-4397.95166015625
377746.6707172,-2763.502685546875,51.43136215209961,-32048.466796875,15626.9765625,-11521.0498046875,-4139.25244140625,14875.0634765625,-4396.16357421875
377746.67468155,-2765.849609375,48.83856201171875,-32050.546875,15626.037109375,-11519.4853515625,-4137.68798828125,14876.13671875,-4390.84375
377746.677844715,-2759.0322265625,56.79578399658203,-32040.890625,15635.89453125,-11512.7353515625,-4129.30615234375,14881.0537109375,-4383.78076171875
377746.681956757,-2760.0380859375,54.94058609008789,-32037.001953125,15632.966796875,-11517.048828125,-4131.07177734375,14879.6005859375,-4386.3955078125
377746.685802223,-2762.697998046875,53.778297424316406,-32038.4765625,15627.0654296875,-11526.0341796875,-4141.51025390625,14873.8115234375,-4391.49169921875
377746.689847895,-2758.25,64.28361511230469,-32034.810546875,15642.578125,-11512.5341796875,-4133.798828125,14878.21484375,-4388.38525390625
377746.694768779,-2754.56201171875,69.84920501708984,-32036.576171875,15649.9765625,-11504.197265625,-4130.51318359375,14875.8232421875,-4387.2900390625
377746.698726929,-2751.76806640625,71.77145385742188,-32035.99609375,15649.2607421875,-11503.5712890625,-4129.529296875,14874.2587890625,-4391.11181640625
377746.703098618,-2748.32568359375,76.77824401855469,-32029.267578125,15652.1220703125,-11504.9794921875,-4132.4130859375,14873.7001953125,-4394.3974609375
377746.70583147,-2755.76904296875,72.91139221191406,-32030.36328125,15649.328125,-11512.1767578125,-4145.01904296875,14865.4970703125,-4400.25390625
377746.709764823,-2758.182861328125,69.60333251953125,-32033.380859375,15651.787109375,-11503.59375,-4136.3916015625,14870.5927734375,-4394.55419921875
377746.714092386,-2757.04296875,64.48477935791016,-32042.03125,15647.4501953125,-11502.7890625,-4133.23974609375,14871.2412109375,-4390.17333984375
377746.717780678,-2760.462890625,55.90171432495117,-32050.724609375,15636.095703125,-11514.5009765625,-4144.3935546875,14861.697265625,-4395.26953125
377746.722792731,-2767.615234375,45.79872512817383,-32057.05078125,15624.0478515625,-11526.0791015625,-4153.7587890625,14855.6396484375,-4403.94189453125
377746.726813969,-2768.487060546875,43.429439544677734,-32056.08984375,15619.4658203125,-11529.6552734375,-4155.41259765625,14855.9970703125,-4407.11572265625
377746.731091572,-2767.4140625,42.08833312988281,-32058.2578125,15616.60546875,-11527.6220703125,-4153.84814453125,14856.712890625,-4405.8193359375
377746.733858339,-2767.8388671875,38.95909118652344,-32063.33203125,15613.05078125,-11529.0966796875,-4157.69287109375,14855.86328125,-4403.673828125
377746.737914586,-2771.03515625,34.73461151123047,-32064.404296875,15608.9384765625,-11533.052734375,-4159.45849609375,14852.6669921875,-4407.0263671875
377746.741909203,-2773.11376953125,33.81818771362305,-32059.486328125,15608.9833984375,-11535.19921875,-4158.318359375,14851.3486328125,-4409.7978515625
377746.745865895,-2773.33740234375,33.81818771362305,-32057.474609375,15607.8876953125,-11538.5068359375,-4160.3076171875,14850.87890625,-4412.234375
377746.751066118,-2770.588134765625,35.740440368652344,-32059.978515625,15608.0888671875,-11538.484375,-4162.45361328125,14851.9072265625,-4410.37939453125
377746.755065841,-2772.55517578125,33.728782653808594,-32065.857421875,15605.18359375,-11539.04296875,-4163.7275390625,14851.7060546875,-4409.41796875
377746.758851866,-2772.35400390625,30.800703048706055,-32065.87890625,15602.3671875,-11539.22265625,-4158.69873046875,14857.6064453125,-4405.93115234375
377746.76220539,-2773.53857421875,35.606327056884766,-32058.81640625,15609.3408203125,-11534.0810546875,-4151.85888671875,14862.814453125,-4403.56201171875
377746.765915928,-2774.074951171875,37.0591926574707,-32055.732421875,15610.6591796875,-11533.74609375,-4148.39453125,14866.8828125,-4401.416015625
377746.770007548,-2776.399658203125,35.271053314208984,-32062.861328125,15607.6201171875,-11536.47265625,-4151.03173828125,14866.771484375,-4400.41015625
377746.77399232,-2772.979736328125,40.993099212646484,-32063.421875,15615.353515625,-11529.56640625,-4147.05322265625,14868.783203125,-4397.34814453125
377746.77885668,-2769.626953125,44.79289627075195,-32059.576171875,15621.9921875,-11522.3466796875,-4140.59375,14872.76171875,-4394.15185546875
377746.782907457,-2763.34619140625,56.415802001953125,-32045.78515625,15635.89453125,-11511.953125,-4132.9267578125,14877.947265625,-4391.8046875
377746.786855031,-2765.000244140625,57.3992805480957,-32041.091796875,15636.453125,-11512.4228515625,-4132.25634765625,14879.0869140625,-4394.10693359375
377746.789972977,-2761.2451171875,58.53921890258789,-32040.15234375,15635.0673828125,-11511.6396484375,-4130.49072265625,14883.646484375,-4390.2626953125
377746.793962854,-2758.875732421875,61.802574157714844,-32039.794921875,15638.5771484375,-11507.3486328125,-4130.28955078125,14883.646484375,-4390.4189453125
377746.797933403,-2756.12646484375,67.23404693603516,-32035.16796875,15645.7294921875,-11506.5439453125,-4135.67626953125,14875.6220703125,-4397.4150390625
377746.803791859,-2754.696044921875,66.96582794189453,-32032.552734375,15643.3828125,-11511.0146484375,-4138.134765625,14871.9794921875,-4401.77392578125
377746.807926146,-2753.086669921875,69.78214263916016,-32029.625,15646.35546875,-11508.376953125,-4136.3916015625,14873.1640625,-4402.48876953125
377746.810966417,-2753.489013671875,67.43521118164062,-32037.08984375,15642.0859375,-11511.23828125,-4140.81689453125,14870.6826171875,-4400.54443359375
377746.814925661,-2761.312255859375,53.10774612426758,-32051.57421875,15627.4228515625,-11518.255859375,-4146.181640625,14865.0048828125,-4404.4111328125
377746.817825168,-2759.993408203125,51.52077102661133,-32050.2109375,15624.80859375,-11514.6796875,-4139.744140625,14872.1357421875,-4400.94677734375
377746.821873028,-2754.427734375,58.2486457824707,-32040.912109375,15630.4853515625,-11511.796875,-4138.3359375,14874.7509765625,-4401.259765625
377746.825851235,-2752.281982421875,62.49547576904297,-32034.005859375,15635.5146484375,-11509.9638671875,-4138.22412109375,14874.236328125,-4403.0029296875
377746.83195548,-2758.25,54.627662658691406,-32041.6953125,15629.14453125,-11513.763671875,-4142.29248046875,14869.7880859375,-4401.14794921875
377746.834971683,-2757.646484375,51.02903366088867,-32047.41796875,15625.568359375,-11516.8037109375,-4146.337890625,14864.71484375,-4399.76220703125
377746.838861275,-2753.891357421875,51.587825775146484,-32046.791015625,15625.412109375,-11518.9716796875,-4149.04248046875,14861.9658203125,-4400.4326171875
377746.84294159,-2756.72998046875,46.290462493896484,-32047.9765625,15621.25390625,-11523.1064453125,-4148.7294921875,14865.2734375,-4398.0634765625
377746.846993826,-2769.582275390625,36.36628723144531,-32056.111328125,15611.44140625,-11533.1201171875,-4155.07763671875,14861.65234375,-4404.1875
377746.850023521,-2778.74658203125,29.236082077026367,-32069.076171875,15602.9931640625,-11542.26171875,-4166.23095703125,14851.2138671875,-4412.63671875
377746.855057454,-2782.72509765625,19.580127716064453,-32082.7109375,15591.50390625,-11551.806640625,-4176.3564453125,14842.966796875,-4418.89501953125
377746.859945153,-2784.379150390625,13.142826080322266,-32088.365234375,15584.060546875,-11558.623046875,-4180.357421875,14839.6806640625,-4423.11962890625
377746.863025173,-2786.74853515625,11.622906684875488,-32087.650390625,15583.546875,-11562.087890625,-4182.927734375,14838.787109375,-4423.8349609375
377746.866981864,-2783.663818359375,20.407142639160156,-32079.916015625,15595.28125,-11551.76171875,-4172.26611328125,14846.296875,-4421.10791015625
377746.871007844,-2784.177978515625,19.915403366088867,-32081.1015625,15599.259765625,-11544.1396484375,-4163.50390625,14852.98046875,-4413.15087890625
377746.874035715,-2779.32763671875,24.363401412963867,-32078.240234375,15605.697265625,-11535.2431640625,-4156.68701171875,14861.8984375,-4400.0751953125
377746.879061261,-2773.873779296875,31.538311004638672,-32068.650390625,15613.6318359375,-11525.654296875,-4146.67333984375,14870.75,-4395.11279296875
377746.882092415,-2770.94580078125,36.18747329711914,-32057.38671875,15618.9072265625,-11521.072265625,-4139.0068359375,14876.9853515625,-4397.10205078125
377746.886069528,-2768.75537109375,44.01058578491211,-32048.064453125,15627.4228515625,-11517.4296875,-4136.7490234375,14877.947265625,-4399.13623046875
377746.890079462,-2763.681396484375,53.778297424316406,-32042.8359375,15637.2578125,-11510.0087890625,-4134.82666015625,14876.5390625,-4399.203125
377746.894977007,-2757.35595703125,59.61210250854492,-32040.912109375,15642.935546875,-11505.716796875,-4135.7880859375,14872.716796875,-4400.4775390625
377746.898943545,-2757.0205078125,54.58295822143555,-32045.29296875,15631.603515625,-11514.4345703125,-4141.9794921875,14867.5087890625,-4403.830078125
377746.902032681,-2762.206298828125,51.18549346923828,-32046.3671875,15626.6181640625,-11520.8935546875,-4145.51123046875,14863.150390625,-4411.2060546875
377746.90615384,-2761.021484375,57.108707427978516,-32040.48828125,15637.7275390625,-11512.9814453125,-4141.1298828125,14865.1171875,-4413.2177734375
377746.910150646,-2762.899169921875,51.87839889526367,-32047.1484375,15632.609375,-11516.7138671875,-4147.2099609375,14862.6357421875,-4414.24609375
377746.914508476,-2762.183837890625,47.452754974365234,-32053.7421875,15627.2216796875,-11518.189453125,-4149.62353515625,14861.8310546875,-4411.49658203125
377746.918562171,-2759.52392578125,49.375003814697266,-32049.294921875,15629.1220703125,-11512.802734375,-4142.962890625,14865.5869140625,-4409.70849609375
377746.923348491,-2767.14599609375,41.32837677001953,-32050.970703125,15621.8134765625,-11518.5693359375,-4147.0087890625,14863.3291015625,-4413.6201171875
377746.928416338,-2768.308349609375,44.882301330566406,-32049.31640625,15622.1484375,-11521.9443359375,-4150.02587890625,14859.2607421875,-4413.70947265625
377746.931410296,-2766.6318359375,45.08346939086914,-32053.048828125,15618.83984375,-11527.912109375,-4159.50341796875,14848.509765625,-4414.40234375
377746.935115364,-2767.615234375,38.48970413208008,-32062.59375,15610.525390625,-11535.51171875,-4170.27685546875,14837.3564453125,-4416.97314453125
377746.93809364,-2766.251953125,36.32158660888672,-32063.376953125,15609.51953125,-11533.65625,-4165.04638671875,14840.4404296875,-4417.017578125
377746.942117067,-2765.313232421875,38.824981689453125,-32059.30859375,15611.888671875,-11534.595703125,-4162.87841796875,14843.3466796875,-4419.54345703125
377746.946182795,-2765.53662109375,41.887168884277344,-32054.837890625,15614.9736328125,-11535.19921875,-4162.5205078125,14847.056640625,-4420.52685546875
377746.95107487,-2765.290771484375,42.334205627441406,-32057.67578125,15614.66015625,-11535.2216796875,-4160.64306640625,14849.671875,-4415.2744140625
377746.955371072,-2769.090576171875,37.97561264038086,-32066.796875,15610.4140625,-11536.47265625,-4160.64306640625,14849.2470703125,-4410.93798828125
377746.958257451,-2770.52099609375,36.723915100097656,-32066.751953125,15612.8056640625,-11531.5107421875,-4154.5634765625,14856.154296875,-4407.54052734375
377746.962130997,-2771.392822265625,34.332279205322266,-32062.66015625,15612.3359375,-11530.9296875,-4150.49560546875,14860.646484375,-4408.5908203125
377746.96623611,-2767.0341796875,41.44013595581055,-32054.63671875,15620.650390625,-11525.9453125,-4145.1982421875,14864.7822265625,-4407.6748046875
377746.970205565,-2764.888427734375,46.49162673950195,-32051.529296875,15625.412109375,-11520.6474609375,-4143.43212890625,14866.033203125,-4404.8359375
377746.974182314,-2763.2568359375,48.14565658569336,-32051.240234375,15626.484375,-11518.0107421875,-4143.83447265625,14863.10546875,-4403.71826171875
377746.978224703,-2762.072021484375,51.56547546386719,-32045.5390625,15630.5751953125,-11515.619140625,-4142.42626953125,14860.982421875,-4404.232421875
377746.983404869,-2764.84375,50.55964660644531,-32040.689453125,15628.8984375,-11519.3291015625,-4145.28759765625,14859.0146484375,-4408.14404296875
377746.986258428,-2764.0615234375,50.24672317504883,-32036.666015625,15626.9765625,-11520.9609375,-4143.87939453125,14860.802734375,-4407.4287109375
377746.990440122,-2768.375244140625,43.608253479003906,-32042.4765625,15620.7626953125,-11524.2685546875,-4147.9697265625,14856.623046875,-4406.802734375
377746.994296529,-2764.2177734375,48.86091232299805,-32040.890625,15629.9267578125,-11514.76953125,-4144.9521484375,14858.9482421875,-4398.97998046875
377746.99814236,-2761.6474609375,54.11357498168945,-32035.90625,15636.0283203125,-11512.0205078125,-4143.611328125,14860.244140625,-4400.09716796875
377747.002454607,-2761.692138671875,49.86674118041992,-32033.6484375,15629.658203125,-11517.294921875,-4144.9521484375,14860.8251953125,-4404.58984375
377747.006239173,-2767.12353515625,41.90951919555664,-32036.46484375,15621.7685546875,-11523.4638671875,-4148.7294921875,14857.919921875,-4410.423828125
377747.011437938,-2772.890380859375,33.08058166503906,-32046.634765625,15612.3134765625,-11530.638671875,-4157.84912109375,14846.20703125,-4418.13525390625
377747.015199894,-2776.399658203125,27.783218383789062,-32056.849609375,15604.9599609375,-11539.244140625,-4170.701171875,14834.7412109375,-4422.2705078125
377747.018478661,-2773.471435546875,30.71129608154297,-32057.564453125,15607.396484375,-11539.7138671875,-4175.03759765625,14830.29296875,-4423.34326171875
377747.022218008,-2774.991455078125,30.04074478149414,-32055.732421875,15606.1669921875,-11543.6474609375,-4178.65869140625,14827.56640625,-4424.8408203125
377747.026228306,-2776.15380859375,30.085447311401367,-32055.173828125,15606.45703125,-11545.435546875,-4178.9716796875,14826.560546875,-4426.94189453125
377747.032214762,-2778.8134765625,27.202072143554688,-32061.6328125,15604.84765625,-11546.888671875,-4182.43603515625,14823.4755859375,-4428.037109375
377747.035206532,-2778.880615234375,24.050477981567383,-32070.103515625,15601.2490234375,-11550.8896484375,-4187.1298828125,14818.0439453125,-4428.90869140625
377747.039187656,-2778.098388671875,23.67049789428711,-32072.00390625,15599.3720703125,-11549.3701171875,-4179.48583984375,14823.8779296875,-4425.2431640625
377747.043472552,-2780.802978515625,25.346878051757812,-32070.796875,15597.5166015625,-11552.6328125,-4178.748046875,14828.5048828125,-4427.0087890625
377747.04628855,-2776.2431640625,32.454734802246094,-32065.052734375,15601.4287109375,-11550.3759765625,-4173.8974609375,14838.4287109375,-4422.2705078125
377747.051406722,-2778.075927734375,29.8842830657959,-32070.484375,15596.623046875,-11551.2470703125,-4172.7578125,14844.083984375,-4414.6708984375
377747.054439699,-2774.209228515625,36.52275085449219,-32067.287109375,15608.7822265625,-11533.8134765625,-4156.10595703125,14856.51171875,-4400.6787109375
377747.058656767,-2769.35888671875,41.35072708129883,-32063.263671875,15612.0673828125,-11530.6611328125,-4152.7529296875,14859.841796875,-4396.74462890625
377747.062418723,-2764.307373046875,47.27394104003906,-32051.88671875,15618.28125,-11526.3251953125,-4146.06982421875,14864.3125,-4396.2529296875
377747.067261932,-2761.580322265625,52.14662170410156,-32042.767578125,15623.82421875,-11524.044921875,-4142.69482421875,14864.3798828125,-4400.36572265625
377747.071364493,-2760.015869140625,62.00373840332031,-32036.732421875,15632.564453125,-11517.09375,-4138.9619140625,14864.111328125,-4400.92431640625
377747.074420444,-2757.84765625,66.94347381591797,-32034.54296875,15637.0791015625,-11515.484375,-4141.1748046875,14859.4169921875,-4402.98095703125
377747.078392088,-2754.6513671875,68.57514953613281,-32027.994140625,15640.0966796875,-11513.517578125,-4139.05126953125,14862.099609375,-4402.28759765625
377747.082417702,-2754.56201171875,68.88807678222656,-32018.3828125,15643.5166015625,-11510.9921875,-4134.08935546875,14866.4580078125,-4402.1982421875
377747.086502029,-2758.294677734375,65.78118133544922,-32015.23046875,15644.5,-11508.9580078125,-4131.0048828125,14870.2353515625,-4401.86328125
377747.090526549,-2760.55224609375,64.46243286132812,-32018.44921875,15647.31640625,-11505.9404296875,-4130.8037109375,14871.1748046875,-4401.6171875
377747.094406295,-2761.200439453125,61.556705474853516,-32024.015625,15646.109375,-11504.9794921875,-4132.345703125,14871.0400390625,-4400.25390625
377747.09928743,-2762.608642578125,54.247684478759766,-32028.015625,15637.9287109375,-11508.220703125,-4132.25634765625,14873.0517578125,-4397.12451171875
377747.102366356,-2772.53271484375,40.2778434753418,-32037.24609375,15622.6181640625,-11520.71484375,-4144.08056640625,14862.8818359375,-4408.0546875
377747.10649882,-2780.489990234375,30.420724868774414,-32048.84765625,15610.3017578125,-11531.533203125,-4157.55859375,14851.2587890625,-4417.30810546875
377747.110549961,-2775.393798828125,32.76765823364258,-32055.75390625,15611.44140625,-11533.65625,-4165.67236328125,14841.1337890625,-4417.08447265625
377747.11566631,-2784.73681640625,24.72102928161621,-32068.025390625,15604.333984375,-11540.9208984375,-4175.5517578125,14829.2421875,-4419.07421875
377747.11962519,-2786.502685546875,20.183626174926758,-32074.685546875,15596.6669921875,-11551.1357421875,-4185.900390625,14820.7939453125,-4420.99609375
377747.122812423,-2787.486083984375,16.38382911682129,-32076.2734375,15592.2197265625,-11555.2041015625,-4188.1357421875,14813.685546875,-4428.23828125
377747.127387963,-2791.4423828125,10.997057914733887,-32081.615234375,15581.9150390625,-11562.8037109375,-4191.60009765625,14808.90234375,-4433.78125
377747.130589419,-2790.50341796875,15.400351524353027,-32085.794921875,15584.3291015625,-11562.53515625,-4193.00830078125,14808.7236328125,-4435.2568359375
377747.134372527,-2787.799072265625,19.82599639892578,-32087.248046875,15588.978515625,-11558.220703125,-4189.23095703125,14811.875,-4431.3896484375
377747.138585947,-2784.602783203125,24.653974533081055,-32081.458984375,15593.9853515625,-11550.6884765625,-4178.68115234375,14821.3974609375,-4426.0029296875
377747.142693978,-2783.373291015625,29.86193084716797,-32069.857421875,15601.7412109375,-11542.7763671875,-4166.63330078125,14833.9365234375,-4422.69482421875
377747.146537986,-2781.697021484375,34.421688079833984,-32060.0234375,15606.6357421875,-11537.3896484375,-4157.84912109375,14843.9501953125,-4418.11279296875
377747.150789332,-2780.35595703125,38.48970413208008,-32057.005859375,15611.7548828125,-11532.248046875,-4153.26708984375,14848.7998046875,-4413.73193359375
377747.154604896,-2775.32666015625,44.14469528198242,-32054.32421875,15618.4599609375,-11526.6162109375,-4151.41162109375,14849.4482421875,-4413.59765625
377747.158610089,-2768.375244140625,50.82786560058594,-32042.923828125,15626.5068359375,-11520.4462890625,-4147.1875,14852.578125,-4410.71435546875
377747.162558757,-2767.011962890625,50.8725700378418,-32034.162109375,15627.4677734375,-11521.7431640625,-4148.349609375,14852.17578125,-4412.10009765625
377747.166558845,-2764.8212890625,54.068870544433594,-32027.45703125,15631.201171875,-11522.5927734375,-4149.28857421875,14852.80078125,-4413.15087890625
377747.170465941,-2760.26171875,60.70733642578125,-32025.333984375,15636.744140625,-11520.2900390625,-4151.41162109375,14851.7060546875,-4413.17333984375
377747.174572148,-2764.173095703125,58.18159103393555,-32028.060546875,15636.900390625,-11518.255859375,-4151.92578125,14851.884765625,-4410.021484375
377747.178740349,-2763.502685546875,55.052345275878906,-32028.3515625,15634.173828125,-11519.150390625,-4151.41162109375,14853.203125,-4409.060546875
377747.183645553,-2764.508544921875,52.928932189941406,-32026.943359375,15631.603515625,-11518.904296875,-4148.84130859375,14856.712890625,-4414.93896484375
377747.186471761,-2765.044921875,53.174800872802734,-32025.2890625,15631.3798828125,-11515.57421875,-4143.85693359375,14863.9990234375,-4414.49169921875
