#377712.166895802,-2708.76318359375,86.4118423461914,-32026.271484375,15767.8369140625,-11617.9677734375,-3989.048828125,14972.337890625,-4452.66845703125
377712.17091777,-2709.433837890625,85.94245910644531,-32027.5234375,15771.48046875,-11614.435546875,-3989.987548828125,14973.34375,-4451.66259765625
377712.174817208,-2712.339599609375,80.33216857910156,-32033.759765625,15766.25,-11619.5546875,-3996.290771484375,14969.9462890625,-4452.244140625
377712.178998537,-2712.227783203125,82.85791778564453,-32027.6796875,15772.12890625,-11615.6875,-3992.71435546875,14970.103515625,-4451.95361328125
377712.182977109,-2717.0556640625,85.31661224365234,-32020.974609375,15778.4990234375,-11614.369140625,-3993.675537109375,14967.197265625,-4455.2392578125
377712.187887053,-2717.614501953125,89.07170104980469,-32013.28515625,15780.2646484375,-11615.7548828125,-3997.52001953125,14965.23046875,-4453.71923828125
377712.190986766,-2714.596923828125,92.51387023925781,-32010.06640625,15783.013671875,-11612.9609375,-3996.73779296875,14963.4423828125,-4452.10986328125
377712.194051105,-2709.38916015625,96.09014892578125,-32004.390625,15788.244140625,-11605.5625,-3989.182861328125,14967.734375,-4450.2548828125
377712.19894318,-2705.812744140625,100.40403747558594,-32000.5234375,15791.9765625,-11607.0146484375,-3991.485107421875,14965.990234375,-4450.6123046875
377712.203006356,-2710.104248046875,94.4584732055664,-32006.0,15784.17578125,-11613.36328125,-3996.6259765625,14963.62109375,-4453.16015625
377712.207029418,-2711.37841796875,89.22816467285156,-32011.251953125,15778.87890625,-11611.6865234375,-3994.4130859375,14968.3818359375,-4451.3720703125
377712.21104081,-2713.658203125,80.60038757324219,-32021.779296875,15770.6982421875,-11614.8154296875,-3998.01171875,14965.23046875,-4451.86376953125
377712.215870891,-2714.4853515625,75.012451171875,-32028.642578125,15762.9638671875,-11620.8955078125,-4004.091552734375,14960.1123046875,-4452.93701171875
377712.219004518,-2715.37939453125,67.81519317626953,-32035.123046875,15750.9833984375,-11628.583984375,-4007.667724609375,14959.7099609375,-4456.4462890625
377712.222993665,-2717.905029296875,71.59263610839844,-32032.6640625,15755.3642578125,-11622.59375,-4000.51513671875,14964.8505859375,-4454.8369140625
377712.227026938,-2721.34716796875,74.00662231445312,-32031.5703125,15759.1865234375,-11617.453125,-3996.0224609375,14965.4091796875,-4454.0546875
377712.230987276,-2716.56396484375,71.59263610839844,-32038.38671875,15755.4765625,-11623.0634765625,-4004.806640625,14957.83203125,-4457.09423828125
377712.234995386,-2708.427978515625,75.4371337890625,-32037.0234375,15757.2646484375,-11622.7509765625,-4005.074951171875,14960.447265625,-4451.72998046875
377712.239087007,-2706.95263671875,74.8336410522461,-32035.525390625,15755.0517578125,-11627.6455078125,-4008.025390625,14960.2685546875,-4448.93603515625
377712.243120279,-2711.0654296875,73.49253845214844,-32033.15625,15752.9951171875,-11629.8583984375,-4010.35009765625,14956.669921875,-4454.76953125
377712.248375203,-2710.640869140625,79.2816390991211,-32024.9765625,15764.595703125,-11617.900390625,-4000.068115234375,14960.7158203125,-4454.3896484375
377712.251330141,-2708.226806640625,85.83069610595703,-32019.767578125,15775.3916015625,-11610.255859375,-3998.369384765625,14957.630859375,-4453.51806640625
377712.255187277,-2705.2763671875,88.19998168945312,-32017.107421875,15776.8447265625,-11607.8642578125,-3996.24609375,14959.6650390625,-4448.6455078125
377712.259079786,-2701.320068359375,91.37393188476562,-32012.03515625,15780.2646484375,-11605.4501953125,-3993.228515625,14960.7822265625,-4450.0087890625
377712.263318004,-2703.510498046875,93.74321746826172,-32004.0546875,15784.5556640625,-11602.25390625,-3989.13818359375,14964.8955078125,-4446.09716796875
377712.26739285,-2704.091796875,94.79374694824219,-32002.625,15785.0927734375,-11600.689453125,-3986.92529296875,14967.4208984375,-4445.44921875
377712.272204697,-2704.605712890625,90.65867614746094,-32010.6484375,15779.5712890625,-11604.3330078125,-3990.076904296875,14965.07421875,-4446.365234375
377712.275129732,-2693.76513671875,101.63338470458984,-32004.5234375,15788.154296875,-11598.7451171875,-3984.53369140625,14970.2822265625,-4438.31884765625
377712.27848362,-2691.97705078125,102.39334106445312,-32002.265625,15788.53515625,-11597.873046875,-3980.93505859375,14973.43359375,-4439.2578125
377712.284383284,-2697.945068359375,96.31366729736328,-32008.01171875,15781.001953125,-11606.5009765625,-3987.75244140625,14970.3271484375,-4447.75146484375
377712.287165367,-2704.941162109375,90.32340240478516,-32017.197265625,15773.8046875,-11610.2783203125,-3991.172119140625,14969.09765625,-4450.70166015625
377712.291379153,-2709.299560546875,82.18736267089844,-32030.98828125,15766.205078125,-11614.033203125,-3996.871826171875,14965.5654296875,-4446.74560546875
377712.297399888,-2711.914794921875,71.6596908569336,-32042.1640625,15758.962890625,-11618.146484375,-4003.398681640625,14957.8994140625,-4448.31005859375
377712.300123988,-2714.77587890625,67.09993743896484,-32042.275390625,15760.4609375,-11614.994140625,-4000.403564453125,14954.9482421875,-4451.48388671875
377712.303378321,-2714.798095703125,67.85989379882812,-32038.38671875,15764.439453125,-11615.642578125,-4004.2255859375,14948.3330078125,-4455.8427734375
377712.307266454,-2712.8759765625,68.12812042236328,-32036.509765625,15764.193359375,-11616.693359375,-4006.0361328125,14946.142578125,-4457.8544921875
377712.310492343,-2712.697021484375,63.16603088378906,-32040.30859375,15758.2705078125,-11618.1689453125,-4008.494873046875,14943.7509765625,-4454.94873046875
377712.315213023,-2708.0927734375,69.31275939941406,-32034.564453125,15761.7568359375,-11611.6416015625,-4000.559814453125,14950.27734375,-4447.3935546875
377712.320206841,-2710.595947265625,72.35260009765625,-32030.98828125,15762.427734375,-11614.5478515625,-4003.91259765625,14948.578125,-4454.4345703125
377712.324188331,-2707.17626953125,76.4876708984375,-32022.919921875,15767.8818359375,-11609.7646484375,-3997.989501953125,14956.8486328125,-4451.32763671875
377712.327255587,-2701.78955078125,82.6791000366211,-32015.208984375,15774.0283203125,-11603.103515625,-3989.33935546875,14966.482421875,-4440.28564453125
377712.331246193,-2703.0634765625,79.61691284179688,-32019.8125,15768.5517578125,-11605.875,-3992.177978515625,14966.080078125,-4437.93896484375
377712.334360492,-2707.37744140625,75.37007904052734,-32025.4453125,15763.9921875,-11610.5244140625,-3998.972900390625,14960.939453125,-4444.0185546875
377712.338255919,-2704.8740234375,81.76268005371094,-32018.29296875,15775.1240234375,-11602.8798828125,-3994.8603515625,14961.8330078125,-4448.26513671875
377712.343270889,-2703.912841796875,89.13875579833984,-32011.1171875,15780.95703125,-11598.1640625,-3987.14892578125,14969.4326171875,-4443.54931640625
377712.348324149,-2708.96435546875,97.92298889160156,-32013.083984375,15783.0361328125,-11598.2978515625,-3986.299560546875,14970.86328125,-4441.87255859375
377712.353208931,-2700.873046875,92.67033386230469,-32014.11328125,15788.244140625,-11590.0947265625,-3979.884521484375,14973.947265625,-4441.4033203125
377712.356240814,-2697.2744140625,91.66450500488281,-32012.8828125,15794.1005859375,-11585.087890625,-3978.409423828125,14973.076171875,-4443.90673828125
377712.359509005,-2700.068359375,90.79278564453125,-32012.97265625,15790.9267578125,-11586.65234375,-3976.710693359375,14973.388671875,-4446.2314453125
377712.363485754,-2705.008056640625,85.11544036865234,-32016.169921875,15780.0859375,-11594.05078125,-3979.772705078125,14973.9033203125,-4450.8583984375
377712.366527483,-2698.57080078125,93.25148010253906,-32009.462890625,15784.8916015625,-11588.708984375,-3973.581298828125,14981.9052734375,-4441.0009765625
377712.371297393,-2701.901123046875,103.24270629882812,-32012.34765625,15785.8974609375,-11592.28515625,-3980.75634765625,14976.294921875,-4442.833984375
377712.375563691,-2702.28125,89.0270004272461,-32020.796875,15773.759765625,-11601.806640625,-3991.462646484375,14969.25390625,-4445.248046875
377712.379516371,-2691.75341796875,81.47210693359375,-32020.3046875,15768.7529296875,-11605.62890625,-3994.033203125,14969.3427734375,-4446.49951171875
377712.383337405,-2695.4638671875,81.94149780273438,-32020.728515625,15767.546875,-11610.0771484375,-4000.13525390625,14963.3974609375,-4450.54541015625
377712.386636593,-2702.14697265625,77.42644500732422,-32026.02734375,15762.31640625,-11618.4365234375,-4012.31689453125,14955.2392578125,-4454.07666015625
377712.390410219,-2704.203369140625,70.63151550292969,-32035.81640625,15752.3251953125,-11627.958984375,-4022.553955078125,14947.818359375,-4455.171875
377712.394730489,-2702.638916015625,69.55863189697266,-32036.443359375,15751.900390625,-11625.1201171875,-4019.603515625,14949.9423828125,-4451.86376953125
377712.399418348,-2708.517333984375,64.10480499267578,-32038.521484375,15746.78125,-11625.9697265625,-4015.4013671875,14954.0322265625,-4455.41796875
377712.403551905,-2712.048828125,63.45660400390625,-32039.19140625,15742.19921875,-11632.4287109375,-4018.754150390625,14952.84765625,-4458.8154296875
377712.407520996,-2706.304443359375,79.34869384765625,-32029.580078125,15763.6572265625,-11618.2353515625,-4011.51220703125,14958.7705078125,-4453.54052734375
377712.411665858,-2705.8798828125,85.22720336914062,-32031.033203125,15774.810546875,-11607.841796875,-4005.566650390625,14964.4482421875,-4447.2373046875
377712.41528778,-2698.79443359375,94.16790008544922,-32026.384765625,15783.4609375,-11598.3203125,-3994.2568359375,14973.5234375,-4438.47509765625
377712.420378602,-2694.703857421875,95.12902069091797,-32019.142578125,15785.5615234375,-11593.6259765625,-3985.383056640625,14980.83203125,-4434.69775390625
377712.425541264,-2704.136474609375,87.1270980834961,-32021.689453125,15778.6552734375,-11598.365234375,-3984.421875,14980.6083984375,-4436.4638671875
377712.428523187,-2711.802978515625,83.8637466430664,-32023.58984375,15775.8837890625,-11598.7900390625,-3984.82421875,14977.859375,-4441.6044921875
377712.432571776,-2709.500732421875,81.89678955078125,-32028.126953125,15773.4697265625,-11598.96875,-3988.13232421875,14973.74609375,-4442.6552734375
377712.435662736,-2707.95849609375,80.77920532226562,-32027.6796875,15773.603515625,-11595.4365234375,-3985.2265625,14974.9755859375,-4440.10693359375
377712.439431986,-2707.399658203125,79.63926696777344,-32025.310546875,15775.4140625,-11593.7607421875,-3984.95849609375,14971.8466796875,-4448.578125
377712.442516382,-2707.198486328125,84.40018463134766,-32019.544921875,15780.755859375,-11591.97265625,-3985.94189453125,14969.2763671875,-4454.166015625
377712.446293291,-2709.635009765625,86.18832397460938,-32022.494140625,15779.28125,-11597.224609375,-3993.072021484375,14960.447265625,-4462.771484375
377712.450252535,-2708.114990234375,88.91523742675781,-32024.595703125,15780.130859375,-11595.951171875,-3992.71435546875,14958.9716796875,-4458.47998046875
377712.454223813,-2705.209228515625,85.76364135742188,-32030.810546875,15774.341796875,-11601.9189453125,-4000.760986328125,14954.345703125,-4457.51904296875
377712.459430965,-2707.466796875,81.04742431640625,-32034.20703125,15767.3232421875,-11611.5302734375,-4011.10986328125,14949.427734375,-4460.49169921875
377712.463273514,-2707.869140625,78.29816436767578,-32034.162109375,15761.310546875,-11616.6708984375,-4012.272216796875,14952.646484375,-4458.27880859375
377712.467211608,-2712.16064453125,69.37981414794922,-32042.275390625,15749.3740234375,-11625.544921875,-4018.150634765625,14952.333984375,-4453.7861328125
377712.470246408,-2716.072265625,60.32735824584961,-32053.7421875,15738.8466796875,-11632.607421875,-4026.30908203125,14947.572265625,-4451.32763671875
377712.474328182,-2714.97705078125,57.421630859375,-32055.642578125,15738.869140625,-11631.3564453125,-4026.041015625,14949.986328125,-4445.94091796875
377712.478427461,-2712.0712890625,59.20977020263672,-32050.033203125,15743.1826171875,-11627.869140625,-4021.50341796875,14954.4345703125,-4447.30419921875
377712.482432289,-2708.494873046875,65.06592559814453,-32044.2421875,15749.0615234375,-11624.3828125,-4018.262451171875,14958.033203125,-4449.0478515625
377712.487367031,-2714.328857421875,63.00956726074219,-32047.39453125,15746.15625,-11625.3212890625,-4017.077880859375,14960.044921875,-4448.35498046875
377712.491281056,-2713.926513671875,64.7977066040039,-32049.31640625,15749.12890625,-11621.38671875,-4014.50732421875,14960.3798828125,-4451.08154296875
377712.495421907,-2707.109130859375,71.614990234375,-32043.103515625,15757.935546875,-11613.2060546875,-4006.6396484375,14965.9013671875,-4447.34912109375
377712.498455978,-2710.08203125,69.15629577636719,-32041.94140625,15755.3642578125,-11615.888671875,-4005.52197265625,14964.6494140625,-4448.1982421875
377712.502396624,-2706.796142578125,81.60621643066406,-32031.48046875,15763.880859375,-11609.0263671875,-3999.598876953125,14967.0185546875,-4445.248046875
377712.506434273,-2708.226806640625,84.78016662597656,-32023.388671875,15773.0224609375,-11601.9189453125,-3994.905029296875,14967.7119140625,-4445.248046875
377712.510362155,-2705.96923828125,73.7384033203125,-32023.724609375,15771.525390625,-11599.1474609375,-3993.228515625,14966.3701171875,-4444.80078125
377712.515302367,-2703.57763671875,70.3409423828125,-32026.361328125,15769.71484375,-11597.6494140625,-3991.8427734375,14966.951171875,-4442.7666015625
377712.519405657,-2696.08984375,82.54499053955078,-32015.052734375,15783.8857421875,-11585.2666015625,-3983.505615234375,14969.5224609375,-4444.91259765625
377712.523334269,-2697.095703125,85.607177734375,-32011.990234375,15788.8701171875,-11582.6513671875,-3980.75634765625,14967.689453125,-4452.6015625
377712.526461332,-2702.79541015625,82.65675354003906,-32013.107421875,15788.9150390625,-11579.388671875,-3977.42578125,14968.3154296875,-4454.09912109375
377712.530429693,-2694.614501953125,93.2738265991211,-32007.162109375,15799.30859375,-11566.6474609375,-3964.797119140625,14975.802734375,-4443.638671875
377712.534465883,-2688.043212890625,101.54397583007812,-32003.0703125,15807.2431640625,-11560.4560546875,-3960.14794921875,14978.865234375,-4438.3857421875
377712.538414551,-2691.418212890625,97.94534301757812,-32006.201171875,15799.3974609375,-11570.9619140625,-3970.4521484375,14970.908203125,-4447.14794921875
377712.544468836,-2691.619384765625,94.19025421142578,-32009.083984375,15790.0322265625,-11582.6064453125,-3979.370361328125,14966.884765625,-4451.14892578125
377712.54750072,-2691.351318359375,92.73738861083984,-32014.44921875,15781.7392578125,-11591.6142578125,-3985.807861328125,14969.8349609375,-4445.06884765625
377712.551467987,-2696.112060546875,82.27677154541016,-32027.501953125,15766.33984375,-11602.65625,-3994.010986328125,14972.115234375,-4438.87744140625
377712.557354523,-2697.833251953125,77.3370361328125,-32033.201171875,15763.9921875,-11602.0078125,-3997.85546875,14969.3427734375,-4440.68798828125
377712.560465904,-2700.96240234375,71.30206298828125,-32035.951171875,15757.2421875,-11610.5908203125,-4008.092529296875,14961.69921875,-4448.6005859375
377712.563533526,-2703.823486328125,66.00469970703125,-32036.28515625,15752.5703125,-11616.849609375,-4012.987548828125,14961.7880859375,-4450.88037109375
377712.566635426,-2714.75341796875,51.94545364379883,-32047.193359375,15736.09765625,-11629.3671875,-4022.73291015625,14953.65234375,-4456.51318359375
377712.570558568,-2716.005126953125,51.31960678100586,-32050.45703125,15736.1201171875,-11627.310546875,-4022.12939453125,14951.6181640625,-4451.439453125
377712.575423657,-2712.25,56.639320373535156,-32045.71875,15743.294921875,-11620.9404296875,-4019.93896484375,14949.875,-4451.10400390625
377712.579536064,-2708.96435546875,60.88615036010742,-32037.537109375,15750.5146484375,-11611.150390625,-4007.13134765625,14958.8154296875,-4450.2548828125
377712.582566488,-2713.14404296875,64.44007873535156,-32034.38671875,15752.1240234375,-11612.4912109375,-4007.489013671875,14959.6650390625,-4451.14892578125
377712.586534849,-2714.060546875,66.71995544433594,-32032.330078125,15756.2587890625,-11612.916015625,-4012.54052734375,14956.6923828125,-4453.2275390625
377712.590557911,-2711.84765625,67.79283905029297,-32035.32421875,15759.56640625,-11611.7978515625,-4017.033203125,14951.953125,-4455.1943359375
377712.594583526,-2710.35009765625,70.31858825683594,-32034.1171875,15762.0029296875,-11608.2890625,-4015.088623046875,14948.0869140625,-4454.2333984375
377712.60051674,-2711.244140625,68.93277740478516,-32033.537109375,15762.4052734375,-11609.4736328125,-4018.083740234375,14940.822265625,-4462.212890625
377712.603574879,-2716.0498046875,67.70343017578125,-32029.916015625,15765.53515625,-11605.673828125,-4014.864990234375,14942.38671875,-4465.0068359375
377712.6075385,-2717.48046875,69.15629577636719,-32025.1328125,15770.7431640625,-11597.26953125,-4006.70654296875,14950.5009765625,-4462.52587890625
377712.61166294,-2716.876953125,73.67134857177734,-32021.19921875,15779.52734375,-11583.9482421875,-3995.93310546875,14957.7646484375,-4456.4013671875
377712.614753536,-2715.111083984375,84.51194763183594,-32011.921875,15791.306640625,-11569.0615234375,-3983.818359375,14964.4482421875,-4447.2373046875
377712.618694547,-2723.38134765625,89.54109191894531,-32008.390625,15792.22265625,-11566.06640625,-3977.96240234375,14967.9130859375,-4447.12548828125
377712.622712503,-2701.4541015625,88.49055480957031,-32001.349609375,15795.44140625,-11563.9208984375,-3973.0673828125,14972.0478515625,-4447.21484375
377712.626865753,-2704.695068359375,85.3836669921875,-32007.05078125,15789.16015625,-11568.6591796875,-3973.6259765625,14972.2041015625,-4448.4443359375
377712.630813328,-2701.07421875,82.79086303710938,-32019.4765625,15779.68359375,-11577.33203125,-3981.382080078125,14969.8349609375,-4443.88427734375
377712.635604024,-2700.76123046875,78.27581024169922,-32030.876953125,15770.6982421875,-11587.994140625,-3992.0439453125,14968.76171875,-4440.4423828125
377712.638623144,-2708.4501953125,70.60916137695312,-32042.142578125,15754.42578125,-11607.685546875,-4009.43359375,14959.6650390625,-4448.376953125
377712.642590775,-2709.97021484375,67.85989379882812,-32046.3671875,15745.26171875,-11623.48828125,-4023.71630859375,14952.400390625,-4454.27783203125
377712.646603991,-2715.513427734375,60.72969055175781,-32050.748046875,15736.455078125,-11631.84765625,-4032.590087890625,14948.9580078125,-4455.26123046875
377712.650632158,-2713.8818359375,62.80840301513672,-32049.65234375,15739.181640625,-11622.5048828125,-4022.352783203125,14952.2890625,-4451.841796875
377712.654721955,-2707.265625,72.53141021728516,-32045.025390625,15747.8095703125,-11619.353515625,-4022.12939453125,14950.478515625,-4454.30029296875
377712.658711467,-2707.95849609375,71.92790985107422,-32043.39453125,15745.0380859375,-11624.9189453125,-4028.767822265625,14946.0078125,-4458.10009765625
377712.663590779,-2710.685546875,71.16795349121094,-32039.638671875,15743.697265625,-11628.3388671875,-4031.561767578125,14942.0517578125,-4462.771484375
377712.667645567,-2711.84765625,71.50322723388672,-32038.275390625,15745.5302734375,-11627.6455078125,-4030.891357421875,14939.8388671875,-4465.69970703125
377712.670733246,-2713.300537109375,69.13394927978516,-32042.65625,15746.22265625,-11624.2255859375,-4029.2373046875,14940.5322265625,-4464.91748046875
377712.674709629,-2719.6708984375,59.03095626831055,-32052.111328125,15738.82421875,-11630.0595703125,-4035.272216796875,14934.4970703125,-4469.90185546875
377712.678741443,-2722.0400390625,55.43232727050781,-32050.435546875,15738.623046875,-11628.7412109375,-4035.0263671875,14937.08984375,-4467.4208984375
377712.682950853,-2724.2529296875,58.06983184814453,-32043.21484375,15748.279296875,-11620.1806640625,-4033.39453125,14934.228515625,-4468.87353515625
377712.686793402,-2732.076171875,52.325435638427734,-32045.5625,15746.71484375,-11618.2802734375,-4032.947509765625,14929.8251953125,-4472.65087890625
377712.691690218,-2720.698974609375,68.35163116455078,-32035.279296875,15764.931640625,-11600.4658203125,-4019.491943359375,14936.5751953125,-4464.1572265625
377712.694721372,-2716.429931640625,73.96192169189453,-32029.916015625,15774.9892578125,-11589.759765625,-4011.4453125,14936.1953125,-4467.68896484375
377712.698640502,-2715.021728515625,77.06881713867188,-32023.43359375,15778.0068359375,-11584.7978515625,-4005.589111328125,14938.140625,-4472.9638671875
377712.702692008,-2708.003173828125,88.7811279296875,-32008.837890625,15789.1162109375,-11572.90625,-3990.2333984375,14953.607421875,-4461.810546875
377712.706801133,-2706.34912109375,88.08822631835938,-32012.369140625,15785.8974609375,-11573.6435546875,-3985.36083984375,14962.2353515625,-4457.18359375
377712.712726689,-2709.076171875,84.35548400878906,-32024.70703125,15777.626953125,-11581.6015625,-3991.4404296875,14962.861328125,-4451.5732421875
377712.715641877,-2711.35595703125,77.62760925292969,-32034.990234375,15766.5625,-11591.5478515625,-4000.202392578125,14961.654296875,-4448.0419921875
377712.719610967,-2708.942138671875,78.94635772705078,-32036.15234375,15764.9091796875,-11597.4482421875,-4004.4267578125,14959.486328125,-4450.4111328125
377712.723221221,-2709.880859375,72.57611083984375,-32039.68359375,15754.0458984375,-11611.4404296875,-4014.552001953125,14952.84765625,-4456.26708984375
377712.727106801,-2716.98876953125,63.43424987792969,-32047.931640625,15741.2607421875,-11622.5498046875,-4023.671630859375,14948.3544921875,-4466.2138671875
377712.730935493,-2717.212158203125,65.06592559814453,-32054.16796875,15743.00390625,-11622.9072265625,-4028.387939453125,14945.5830078125,-4465.29736328125
377712.73477403,-2716.496826171875,56.5499153137207,-32060.806640625,15736.9248046875,-11626.349609375,-4031.74072265625,14943.3701171875,-4465.34228515625
377712.739057833,-2716.876953125,53.06304168701172,-32059.93359375,15734.197265625,-11627.9814453125,-4029.818359375,14944.353515625,-4463.7548828125
377712.743088553,-2716.206298828125,56.840484619140625,-32054.435546875,15735.7841796875,-11630.2158203125,-4031.4052734375,14944.1083984375,-4466.88427734375
377712.747733016,-2720.095458984375,58.87449645996094,-32052.580078125,15736.1640625,-11629.322265625,-4030.354736328125,14944.33203125,-4470.21484375
377712.750757241,-2720.6767578125,58.09218215942383,-32058.236328125,15733.392578125,-11632.1162109375,-4034.53466796875,14939.771484375,-4471.220703125
377712.755836758,-2711.802978515625,66.20586395263672,-32056.111328125,15740.5009765625,-11627.5341796875,-4031.94189453125,14941.2021484375,-4472.5615234375
377712.760046896,-2715.334716796875,64.2389144897461,-32056.8046875,15743.1826171875,-11626.0361328125,-4034.288818359375,14935.123046875,-4484.6318359375
377712.762910301,-2718.44140625,59.14271545410156,-32055.732421875,15737.8408203125,-11630.88671875,-4037.060302734375,14934.2060546875,-4487.9619140625
377712.766806092,-2721.011962890625,60.41676712036133,-32049.763671875,15747.2060546875,-11618.6376953125,-4025.236328125,14942.1416015625,-4483.1787109375
377712.771101564,-2722.420166015625,58.427459716796875,-32048.646484375,15754.7392578125,-11605.3837890625,-4014.753173828125,14947.1484375,-4477.12158203125
377712.775860534,-2723.2470703125,56.1699333190918,-32044.845703125,15758.1142578125,-11597.470703125,-4006.259521484375,14947.7734375,-4470.416015625
377712.778802708,-2724.0517578125,57.578094482421875,-32033.06640625,15765.892578125,-11589.6923828125,-3998.0341796875,14948.9140625,-4471.7568359375
377712.782789668,-2723.291748046875,61.42259216308594,-32018.716796875,15771.681640625,-11581.6015625,-3989.31689453125,14955.5517578125,-4468.69482421875
377712.786813459,-2721.503662109375,68.75396728515625,-32015.208984375,15780.6220703125,-11578.3603515625,-3988.691162109375,14953.8310546875,-4471.5556640625
377712.790935347,-2722.2412109375,62.62958908081055,-32029.3125,15771.525390625,-11588.91015625,-4002.169189453125,14948.265625,-4469.1640625
377712.794927776,-2721.54833984375,57.354576110839844,-32040.734375,15761.9140625,-11592.7548828125,-4004.359619140625,14952.7578125,-4465.029296875
377712.79914849,-2722.621337890625,52.37013626098633,-32049.8984375,15749.0166015625,-11608.580078125,-4017.770751953125,14947.6845703125,-4468.13623046875
377712.804912132,-2722.420166015625,51.18549346923828,-32051.57421875,15741.23828125,-11618.7275390625,-4027.471435546875,14943.638671875,-4468.650390625
377712.808068368,-2730.98095703125,40.50136184692383,-32064.560546875,15723.7373046875,-11635.22265625,-4043.542236328125,14932.708984375,-4476.205078125
377712.812122063,-2733.6630859375,37.12624740600586,-32076.51953125,15715.6005859375,-11643.068359375,-4054.29345703125,14924.572265625,-4478.73095703125
377712.815120396,-2738.4462890625,47.38569641113281,-32077.279296875,15718.126953125,-11640.5869140625,-4052.259521484375,14927.7470703125,-4478.3505859375
377712.819073076,-2726.97998046875,41.641300201416016,-32072.31640625,15718.23828125,-11639.3798828125,-4048.12451171875,14932.3955078125,-4478.4404296875
377712.822941882,-2724.409423828125,38.48970413208008,-32069.34375,15717.166015625,-11640.3857421875,-4045.755126953125,14935.123046875,-4480.5859375
377712.827174995,-2730.35498046875,41.73070526123047,-32068.16015625,15722.9765625,-11636.4521484375,-4042.245849609375,14937.3359375,-4482.150390625
377712.831273908,-2729.4609375,41.1048583984375,-32073.994140625,15724.0947265625,-11635.9609375,-4043.005859375,14936.0390625,-4482.240234375
377712.836145562,-2726.64453125,38.57910919189453,-32077.525390625,15719.7138671875,-11639.537109375,-4044.682373046875,14932.171875,-4485.1904296875
377712.839177445,-2716.206298828125,55.3205680847168,-32059.77734375,15739.8525390625,-11624.7626953125,-4033.551025390625,14936.642578125,-4484.5869140625
377712.843020359,-2715.893310546875,58.650978088378906,-32053.541015625,15743.8759765625,-11622.392578125,-4033.841552734375,14931.255859375,-4492.8349609375
377712.847191478,-2723.2470703125,58.047481536865234,-32051.841796875,15743.65234375,-11624.29296875,-4038.379150390625,14925.6904296875,-4496.58984375
377712.851258665,-2716.58642578125,71.54793548583984,-32040.755859375,15762.6962890625,-11605.71875,-4027.0244140625,14932.2841796875,-4489.32568359375
377712.855158832,-2712.853515625,75.10186004638672,-32032.486328125,15770.1396484375,-11590.720703125,-4010.90869140625,14941.7607421875,-4483.8271484375
377712.861143465,-2713.322998046875,71.25736236572266,-32023.25390625,15771.390625,-11584.2158203125,-3998.280029296875,14950.43359375,-4478.66357421875
377712.865323701,-2721.8388671875,63.210731506347656,-32018.2265625,15767.0322265625,-11584.9990234375,-3994.12255859375,14952.892578125,-4477.68017578125
377712.86833808,-2725.6611328125,62.16020202636719,-32013.666015625,15771.8828125,-11576.572265625,-3986.478271484375,14957.98828125,-4475.1767578125
377712.872314828,-2723.15771484375,67.45756530761719,-32014.8515625,15782.41015625,-11567.630859375,-3985.74072265625,14961.9892578125,-4468.962890625
377712.875422199,-2724.789306640625,62.89780807495117,-32025.154296875,15775.6826171875,-11576.0126953125,-3995.575439453125,14958.9716796875,-4467.80078125
377712.87931252,-2734.981689453125,46.17870330810547,-32042.857421875,15751.8779296875,-11600.599609375,-4017.592041015625,14945.896484375,-4475.1767578125
377712.883388459,-2744.8388671875,32.49943542480469,-32056.4921875,15730.9345703125,-11621.4091796875,-4035.160400390625,14935.8603515625,-4483.0224609375
377712.889382938,-2737.35107421875,36.61215591430664,-32056.626953125,15727.8720703125,-11624.8515625,-4038.31201171875,14940.15234375,-4476.40625
377712.892395129,-2735.205322265625,36.232177734375,-32066.326171875,15722.150390625,-11631.1103515625,-4047.163330078125,14937.849609375,-4473.791015625
377712.895436858,-2738.35693359375,32.588844299316406,-32074.462890625,15714.349609375,-11638.2626953125,-4054.740478515625,14927.4560546875,-4482.1728515625
377712.89936,-2732.43359375,38.64616775512695,-32066.572265625,15718.595703125,-11632.697265625,-4044.369384765625,14934.51953125,-4482.08349609375
377712.903437033,-2727.628173828125,47.2292366027832,-32058.03515625,15726.7763671875,-11629.03125,-4038.557861328125,14939.1240234375,-4484.36328125
377712.90695466,-2721.16845703125,55.83465576171875,-32050.814453125,15735.8291015625,-11623.64453125,-4032.388916015625,14944.6220703125,-4483.759765625
377712.911411681,-2722.2861328125,58.06983184814453,-32055.44140625,15736.8349609375,-11623.533203125,-4034.93701171875,14942.029296875,-4484.69873046875
377712.915466834,-2716.34033203125,67.4128646850586,-32052.423828125,15745.306640625,-11617.69921875,-4034.0205078125,14938.7880859375,-4481.748046875
377712.920337029,-2718.597900390625,64.44007873535156,-32054.546875,15741.6181640625,-11622.2138671875,-4037.70849609375,14930.763671875,-4488.05126953125
377712.923329163,-2720.788330078125,63.23308563232422,-32051.328125,15742.7587890625,-11622.392578125,-4038.89306640625,14927.2998046875,-4495.65087890625
377712.926186369,-2720.587158203125,67.72578430175781,-32047.4609375,15750.5146484375,-11617.9228515625,-4041.6201171875,14919.2978515625,-4505.88818359375
377712.931971891,-2722.95654296875,66.63054656982422,-32047.283203125,15755.6103515625,-11612.87109375,-4041.284912109375,14915.69921875,-4506.29052734375
377712.938073218,-2721.34716796875,59.56739807128906,-32046.076171875,15758.3818359375,-11602.8349609375,-4030.667724609375,14925.2880859375,-4496.6123046875
377712.942083517,-2727.58349609375,51.61017608642578,-32040.197265625,15757.7783203125,-11591.7490234375,-4009.992431640625,14944.0634765625,-4487.0234375
377712.94522152,-2737.306396484375,47.07277297973633,-32031.658203125,15758.3154296875,-11585.333984375,-3996.4248046875,14956.87109375,-4481.94921875
377712.948142543,-2738.87109375,51.6995849609375,-32023.8359375,15766.943359375,-11575.87890625,-3987.081787109375,14963.1513671875,-4475.84765625
377712.951985456,-2734.489990234375,57.46633529663086,-32027.076171875,15771.279296875,-11575.9462890625,-3991.26171875,14960.447265625,-4470.68408203125
377712.955007494,-2731.53955078125,57.33222579956055,-32036.62109375,15764.8193359375,-11587.345703125,-4005.14208984375,14950.0537109375,-4476.69677734375
377712.961062508,-2726.15283203125,59.500343322753906,-32039.416015625,15759.2314453125,-11595.615234375,-4011.2216796875,14949.2041015625,-4477.47900390625
377712.964065217,-2726.2646484375,58.203941345214844,-32044.734375,15747.5419921875,-11609.2275390625,-4023.2021484375,14945.0244140625,-4483.0
377712.967999299,-2735.048828125,49.28559494018555,-32058.90625,15731.6943359375,-11626.86328125,-4042.245849609375,14932.015625,-4494.578125
377712.970902818,-2735.8759765625,43.2059211730957,-32069.12109375,15724.2060546875,-11632.451171875,-4050.672607421875,14925.66796875,-4494.73486328125
377712.975004284,-2730.310302734375,46.69279479980469,-32068.986328125,15727.9619140625,-11628.1376953125,-4049.241943359375,14924.953125,-4489.25830078125
377712.981039242,-2734.17724609375,41.1048583984375,-32072.4296875,15718.4169921875,-11636.6982421875,-4053.176025390625,14920.6611328125,-4494.51123046875
377712.984141872,-2736.6357421875,38.981441497802734,-32069.322265625,15715.7578125,-11636.67578125,-4050.135986328125,14922.5166015625,-4497.39453125
377712.988090905,-2740.63671875,34.93577575683594,-32070.931640625,15713.9248046875,-11638.8662109375,-4052.661865234375,14919.431640625,-4501.373046875
377712.991064441,-2732.031494140625,43.56354904174805,-32068.607421875,15721.859375,-11634.5302734375,-4051.90185546875,14921.197265625,-4498.7802734375
377712.995057599,-2731.2490234375,43.45178985595703,-32068.5625,15722.373046875,-11636.3408203125,-4055.478271484375,14917.62109375,-4503.11669921875
377712.999081026,-2738.111083984375,34.846370697021484,-32068.427734375,15717.1875,-11638.93359375,-4057.48974609375,14913.330078125,-4511.7890625
377713.003115393,-2733.6630859375,40.143733978271484,-32059.15234375,15724.5419921875,-11633.30078125,-4051.276123046875,14919.0966796875,-4508.90576171875
377713.007041087,-2728.790283203125,50.29142379760742,-32048.154296875,15742.6240234375,-11618.4365234375,-4043.274169921875,14922.6728515625,-4503.02734375
377713.010126213,-2728.499755859375,52.660709381103516,-32046.052734375,15749.28515625,-11606.6796875,-4034.177001953125,14928.8193359375,-4493.1474609375
377713.014088374,-2726.130615234375,52.504249572753906,-32044.109375,15749.955078125,-11600.041015625,-4027.873779296875,14933.4912109375,-4487.29150390625
377713.019071253,-2723.023681640625,57.75690841674805,-32035.458984375,15758.1142578125,-11591.3916015625,-4018.262451171875,14938.85546875,-4486.1513671875
377713.023065141,-2718.195556640625,68.2622299194336,-32024.73046875,15767.45703125,-11578.650390625,-4003.0185546875,14949.830078125,-4482.66455078125
377713.027105342,-2719.916748046875,69.4915771484375,-32025.154296875,15764.6630859375,-11580.1484375,-4002.996337890625,14951.6630859375,-4479.826171875
377713.031090478,-2722.420166015625,68.19517517089844,-32033.89453125,15761.9580078125,-11585.04296875,-4008.8076171875,14946.56640625,-4480.3623046875
377713.035059204,-2714.708740234375,71.83850860595703,-32038.341796875,15764.8642578125,-11586.6748046875,-4012.361572265625,14944.890625,-4480.09423828125
377713.038056443,-2717.14501953125,64.10480499267578,-32049.048828125,15752.369140625,-11600.935546875,-4024.34228515625,14937.9169921875,-4484.31884765625
377713.042126548,-2726.0634765625,54.18062973022461,-32062.59375,15737.908203125,-11617.9677734375,-4038.982666015625,14928.1044921875,-4495.87451171875
377713.047039045,-2733.0595703125,43.004756927490234,-32077.615234375,15722.5302734375,-11635.1787109375,-4055.656982421875,14916.6376953125,-4509.08447265625
377713.051190836,-2735.65234375,37.17095184326172,-32090.154296875,15711.64453125,-11644.7890625,-4067.235107421875,14909.1279296875,-4511.65478515625
377713.056161316,-2736.97119140625,32.54413986206055,-32098.2890625,15701.67578125,-11652.5009765625,-4077.4052734375,14900.5224609375,-4517.04150390625
377713.060129312,-2734.2666015625,34.108760833740234,-32094.9140625,15701.630859375,-11653.7744140625,-4080.1767578125,14897.9521484375,-4521.35546875
377713.063136033,-2732.813720703125,39.09320068359375,-32085.794921875,15708.828125,-11645.1025390625,-4068.330322265625,14909.41796875,-4509.9560546875
377713.066154059,-2735.317138671875,33.684078216552734,-32085.705078125,15705.3193359375,-11644.431640625,-4062.09423828125,14913.486328125,-4506.11181640625
377713.07016691,-2741.4638671875,25.503339767456055,-32095.517578125,15697.1611328125,-11651.3388671875,-4070.49853515625,14904.6123046875,-4510.51513671875
377713.075115874,-2739.116943359375,25.637451171875,-32096.658203125,15696.9814453125,-11651.9423828125,-4073.7841796875,14900.5888671875,-4513.353515625
377713.079095905,-2738.803955078125,29.973690032958984,-32085.572265625,15708.58203125,-11641.548828125,-4067.458740234375,14902.310546875,-4512.7724609375
377713.083191172,-2743.654296875,24.631622314453125,-32080.251953125,15703.8212890625,-11642.21875,-4063.79296875,14907.1162109375,-4508.25732421875
377713.087171567,-2748.102294921875,16.495588302612305,-32084.677734375,15696.53515625,-11645.8623046875,-4067.659912109375,14904.03125,-4510.71630859375
377713.09030884,-2748.616455078125,20.228328704833984,-32084.611328125,15709.3203125,-11635.15625,-4065.5810546875,14900.857421875,-4513.28662109375
377713.094220677,-2739.13916015625,35.740440368652344,-32068.16015625,15731.91796875,-11612.4912109375,-4047.364501953125,14913.2177734375,-4499.45068359375
377713.098268172,-2738.580322265625,37.41682052612305,-32062.169921875,15733.6611328125,-11609.943359375,-4044.10107421875,14910.87109375,-4503.7646484375
377713.102213559,-2734.020751953125,48.033897399902344,-32051.484375,15740.388671875,-11604.8466796875,-4036.970947265625,14917.3974609375,-4502.11083984375
377713.108220801,-2728.65625,60.03678512573242,-32044.0859375,15751.1181640625,-11599.5048828125,-4032.72412109375,14920.4375,-4501.5966796875
377713.11126326,-2736.2333984375,64.57418823242188,-32050.12109375,15750.134765625,-11601.3154296875,-4033.90869140625,14916.75,-4501.5517578125
377713.115254595,-2734.601806640625,65.9376449584961,-32050.546875,15751.654296875,-11598.7001953125,-4030.0419921875,14922.650390625,-4496.70166015625
377713.119244107,-2718.016845703125,62.49547576904297,-32050.189453125,15750.73828125,-11600.4658203125,-4030.176025390625,14925.6455078125,-4498.1767578125
377713.123280662,-2725.906982421875,52.928932189941406,-32061.587890625,15735.60546875,-11615.8662109375,-4042.067138671875,14920.2138671875,-4502.1552734375
377713.126233047,-2732.16552734375,45.172874450683594,-32072.673828125,15724.5859375,-11626.1708984375,-4050.538330078125,14917.6884765625,-4500.8369140625
377713.130335972,-2733.439453125,35.8074951171875,-32088.544921875,15710.728515625,-11636.1396484375,-4059.7919921875,14914.5146484375,-4497.48388671875
377713.135249563,-2739.720458984375,27.045610427856445,-32100.234375,15703.375,-11642.8447265625,-4068.77734375,14909.57421875,-4501.10498046875
377713.140327621,-2743.76611328125,22.932889938354492,-32099.943359375,15699.8876953125,-11646.3544921875,-4071.70556640625,14908.1220703125,-4505.32958984375
377713.145424277,-2743.095458984375,23.491683959960938,-32094.623046875,15700.513671875,-11644.87890625,-4067.257568359375,14913.59765625,-4508.07861328125
377713.148451784,-2748.52685546875,19.982460021972656,-32096.345703125,15697.80859375,-11646.0634765625,-4066.475341796875,14915.609375,-4506.24560546875
377713.151384477,-2752.796142578125,15.623868942260742,-32101.955078125,15694.9033203125,-11646.4208984375,-4066.430419921875,14916.4814453125,-4501.9990234375
377713.154640633,-2749.421142578125,16.897918701171875,-32102.0,15695.7529296875,-11646.130859375,-4067.525634765625,14912.3681640625,-4502.44580078125
377713.158465678,-2737.999267578125,27.760866165161133,-32090.533203125,15703.8662109375,-11640.9677734375,-4063.591796875,14910.55859375,-4503.4296875
377713.163303053,-2741.17333984375,29.973690032958984,-32085.28125,15705.7666015625,-11642.1962890625,-4066.475341796875,14906.1103515625,-4506.6259765625
#377745.190890857,-2807.982666015625,30.577186584472656,-32066.998046875,15605.4736328125,-11538.640625,-4108.1611328125,14869.095703125,-4353.98583984375
377745.194653178,-2815.783447265625,22.865835189819336,-32078.017578125,15597.740234375,-11542.91015625,-4109.72607421875,14871.8447265625,-4351.2138671875
377745.1989151,-2811.201171875,31.5606632232666,-32072.361328125,15602.6572265625,-11541.0107421875,-4108.11669921875,14874.392578125,-4352.17529296875
377745.202648248,-2803.780517578125,42.155391693115234,-32063.376953125,15606.45703125,-11539.580078125,-4105.3447265625,14876.29296875,-4354.8798828125
377745.205937954,-2800.248779296875,48.59269332885742,-32060.447265625,15609.162109375,-11539.423828125,-4105.7919921875,14874.0576171875,-4359.14892578125
377745.209902669,-2794.169189453125,56.12522888183594,-32060.26953125,15615.3984375,-11535.6455078125,-4104.71923828125,14873.6552734375,-4357.11474609375
377745.214570106,-2789.74365234375,59.5226936340332,-32061.38671875,15617.2978515625,-11535.5341796875,-4105.50146484375,14874.169921875,-4358.634765625
377745.218654433,-2785.72021484375,60.37206268310547,-32058.123046875,15615.1748046875,-11537.9931640625,-4105.05419921875,14876.44921875,-4360.33349609375
377745.222615865,-2787.30712890625,58.87449645996094,-32055.26171875,15612.0009765625,-11542.798828125,-4108.33984375,14876.5166015625,-4365.8095703125
377745.22671879,-2784.423828125,65.87059020996094,-32047.9765625,15620.2705078125,-11536.4951171875,-4104.67431640625,14877.5,-4365.8994140625
377745.229903471,-2783.50732421875,63.90363693237305,-32054.01171875,15615.8447265625,-11538.88671875,-4106.30615234375,14874.99609375,-4365.6083984375
377745.233910487,-2782.456787109375,62.00373840332031,-32058.48046875,15615.3310546875,-11543.5361328125,-4115.537109375,14865.83203125,-4376.8291015625
377745.237677185,-2777.807861328125,70.8103256225586,-32045.673828125,15629.658203125,-11533.947265625,-4107.826171875,14868.9619140625,-4379.421875
377745.242561966,-2770.31982421875,79.14752960205078,-32031.4140625,15637.705078125,-11530.21484375,-4104.205078125,14870.458984375,-4379.93603515625
377745.246651399,-2766.8330078125,83.68492889404297,-32022.94140625,15645.9306640625,-11523.822265625,-4101.43310546875,14871.5322265625,-4380.96435546875
377745.250621218,-2770.34228515625,81.06977844238281,-32025.892578125,15643.4267578125,-11522.1455078125,-4100.9638671875,14868.783203125,-4380.13720703125
377745.254665066,-2764.195556640625,85.62953186035156,-32023.8359375,15646.4443359375,-11520.7373046875,-4101.67919921875,14864.021484375,-4378.95263671875
377745.258598784,-2762.586181640625,87.77529907226562,-32020.259765625,15649.8193359375,-11518.658203125,-4102.72998046875,14861.541015625,-4377.54443359375
377745.261835977,-2770.096435546875,80.80155944824219,-32025.6015625,15646.1767578125,-11523.7998046875,-4108.3623046875,14856.958984375,-4379.17626953125
377745.265772247,-2782.479248046875,64.59654235839844,-32042.65625,15631.916015625,-11537.12109375,-4116.43115234375,14853.3603515625,-4380.96435546875
377745.269714352,-2790.6376953125,53.48772430419922,-32061.654296875,15622.103515625,-11541.8154296875,-4119.11376953125,14855.908203125,-4376.60546875
377745.274689572,-2797.477294921875,43.56354904174805,-32076.36328125,15612.1572265625,-11546.21875,-4121.28173828125,14857.5400390625,-4372.78369140625
377745.278719563,-2794.90673828125,45.21757888793945,-32077.859375,15609.36328125,-11549.548828125,-4120.83447265625,14860.9150390625,-4366.1005859375
377745.282704699,-2801.679443359375,39.897865295410156,-32078.6875,15601.9423828125,-11556.1650390625,-4122.82373046875,14863.41796875,-4364.31201171875
377745.286747818,-2805.52392578125,37.59563446044922,-32076.4296875,15600.19921875,-11550.8447265625,-4114.66552734375,14873.2529296875,-4360.40087890625
377745.289787359,-2806.30615234375,37.39447021484375,-32079.849609375,15599.8857421875,-11545.615234375,-4111.0224609375,14874.7734375,-4360.93701171875
377745.294753828,-2802.4169921875,41.0825080871582,-32078.44140625,15602.478515625,-11541.591796875,-4108.72021484375,14875.0634765625,-4359.4619140625
377745.298597836,-2798.52783203125,41.0825080871582,-32075.46875,15598.455078125,-11545.033203125,-4109.27880859375,14873.990234375,-4362.255859375
377745.302778436,-2795.465576171875,46.469276428222656,-32067.0859375,15605.8984375,-11540.853515625,-4106.64111328125,14873.7890625,-4366.74853515625
377745.306685167,-2790.391845703125,52.59365463256836,-32060.91796875,15612.73828125,-11537.8583984375,-4105.27783203125,14876.740234375,-4364.55810546875
377745.310755636,-2787.91064453125,57.153411865234375,-32065.34375,15613.296875,-11539.69140625,-4110.1728515625,14873.2529296875,-4365.67578125
377745.314040602,-2791.4423828125,54.78412628173828,-32075.06640625,15608.357421875,-11545.9951171875,-4117.70556640625,14864.5361328125,-4372.51513671875
377745.318039596,-2784.267333984375,63.38954544067383,-32071.78125,15613.3193359375,-11547.0009765625,-4120.72314453125,14860.4677734375,-4379.51123046875
377745.321860264,-2778.165283203125,71.59263610839844,-32065.142578125,15617.208984375,-11548.341796875,-4121.5947265625,14859.5517578125,-4383.4453125
377745.325906665,-2775.170166015625,76.73353576660156,-32061.900390625,15620.986328125,-11548.900390625,-4124.58984375,14853.13671875,-4390.798828125
377745.330843595,-2770.11865234375,81.71797943115234,-32060.76171875,15625.970703125,-11542.7763671875,-4122.24267578125,14852.3544921875,-4388.96630859375
377745.335070144,-2770.185791015625,79.66161346435547,-32064.046875,15623.5791015625,-11546.330078125,-4128.85888671875,14846.7666015625,-4390.0390625
377745.339100864,-2772.867919921875,78.58872985839844,-32056.0,15629.3681640625,-11538.283203125,-4122.1533203125,14852.4658203125,-4386.2392578125
377745.341865807,-2773.650390625,81.56151580810547,-32037.73828125,15641.2587890625,-11520.15625,-4099.623046875,14870.302734375,-4373.431640625
377745.346070476,-2784.13330078125,72.06202697753906,-32038.029296875,15636.9677734375,-11520.8046875,-4097.5439453125,14869.900390625,-4376.94091796875
377745.349912296,-2790.168212890625,60.93085479736328,-32044.265625,15635.447265625,-11517.2060546875,-4095.3984375,14873.275390625,-4370.39208984375
377745.353743905,-2796.2255859375,47.408050537109375,-32055.576171875,15629.8369140625,-11520.87109375,-4102.4169921875,14870.302734375,-4369.11767578125
377745.358820869,-2802.171142578125,37.08154296875,-32061.654296875,15620.94140625,-11530.28125,-4108.04931640625,14872.1357421875,-4366.18994140625
377745.362993811,-2806.976806640625,32.141807556152344,-32064.470703125,15612.2021484375,-11540.294921875,-4113.01171875,14876.203125,-4363.32861328125
377745.367126274,-2807.960205078125,31.426551818847656,-32064.94140625,15610.033203125,-11540.541015625,-4112.72119140625,14881.6572265625,-4359.17138671875
377745.369909451,-2810.284912109375,29.079620361328125,-32074.91015625,15607.1279296875,-11539.3564453125,-4113.32470703125,14882.3505859375,-4357.58447265625
377745.374129436,-2804.473388671875,31.7841796875,-32079.134765625,15604.7138671875,-11539.5126953125,-4112.72119140625,14882.328125,-4357.271484375
377745.37790051,-2800.248779296875,34.77931594848633,-32077.591796875,15600.9365234375,-11542.462890625,-4112.36328125,14879.9365234375,-4360.490234375
377745.381904609,-2797.611328125,45.1505241394043,-32070.529296875,15605.697265625,-11542.3291015625,-4110.03857421875,14880.919921875,-4360.4677734375
377745.386787202,-2788.402587890625,58.31570053100586,-32061.365234375,15620.046875,-11535.2216796875,-4105.814453125,14882.2607421875,-4359.90869140625
377745.390881375,-2792.157470703125,51.31960678100586,-32073.546875,15611.1064453125,-11542.798828125,-4112.47509765625,14873.2080078125,-4366.234375
377745.394835879,-2794.951416015625,43.161216735839844,-32084.96875,15599.6396484375,-11551.76171875,-4119.962890625,14868.134765625,-4370.19091796875
377745.398939533,-2790.861083984375,45.821075439453125,-32080.966796875,15599.6845703125,-11553.5947265625,-4120.611328125,14868.8271484375,-4368.38037109375
377745.402024294,-2788.11181640625,50.492591857910156,-32074.91015625,15603.2607421875,-11556.8798828125,-4124.1650390625,14863.9990234375,-4373.92333984375
377745.406017817,-2788.8046875,52.25837707519531,-32070.8203125,15605.7646484375,-11555.5615234375,-4125.5732421875,14860.3564453125,-4381.4111328125
377745.409897198,-2786.6142578125,55.63349151611328,-32068.830078125,15610.7265625,-11549.8173828125,-4124.8134765625,14861.541015625,-4380.51708984375
377745.415112738,-2785.74267578125,52.86187744140625,-32072.541015625,15608.916015625,-11550.3984375,-4128.27783203125,14858.322265625,-4384.048828125
377745.419046455,-2785.966064453125,51.83369445800781,-32068.986328125,15610.9951171875,-11544.720703125,-4121.66162109375,14860.4677734375,-4386.2841796875
377745.423005699,-2780.31103515625,60.863800048828125,-32056.8046875,15620.8291015625,-11538.3056640625,-4114.9560546875,14863.26171875,-4387.73681640625
377745.426016067,-2779.595947265625,64.99887084960938,-32051.08203125,15624.6513671875,-11535.0869140625,-4112.966796875,14861.4736328125,-4388.74267578125
377745.429867733,-2787.240234375,58.02512741088867,-32056.06640625,15622.0361328125,-11535.6015625,-4118.2197265625,14852.3544921875,-4390.44140625
377745.43400202,-2784.177978515625,60.12619400024414,-32051.1953125,15629.30078125,-11523.4638671875,-4109.5693359375,14858.8134765625,-4378.8408203125
377745.438017059,-2783.8203125,61.15437316894531,-32044.64453125,15633.7265625,-11518.45703125,-4103.9365234375,14865.6083984375,-4373.0966796875
377745.442897465,-2794.0126953125,52.81717300415039,-32045.44921875,15627.490234375,-11527.2861328125,-4112.52001953125,14861.9658203125,-4379.064453125
377745.446939489,-2802.349853515625,44.34585952758789,-32050.703125,15618.1474609375,-11535.712890625,-4119.359375,14862.1669921875,-4379.75732421875
377745.450914779,-2800.830078125,45.9998893737793,-32054.30078125,15620.8515625,-11530.1025390625,-4112.43017578125,14873.0517578125,-4368.15673828125
377745.454015586,-2796.2255859375,46.8492546081543,-32059.642578125,15620.1142578125,-11529.56640625,-4112.47509765625,14876.7177734375,-4363.19482421875
377745.457991969,-2798.192626953125,41.19426345825195,-32068.091796875,15607.9775390625,-11538.6630859375,-4114.86669921875,14874.8623046875,-4368.6259765625
377745.461890678,-2796.53857421875,46.290462493896484,-32065.65625,15609.630859375,-11538.931640625,-4112.1396484375,14877.9248046875,-4367.84375
377745.465884566,-2794.90673828125,50.71610641479492,-32066.974609375,15613.341796875,-11537.322265625,-4110.798828125,14877.8798828125,-4372.58251953125
377745.469968893,-2794.03515625,50.4478874206543,-32076.02734375,15610.615234375,-11541.8369140625,-4115.26904296875,14874.5048828125,-4371.62109375
377745.47491494,-2796.0244140625,43.83177185058594,-32085.884765625,15600.9365234375,-11551.91796875,-4126.26611328125,14867.6201171875,-4373.72216796875
377745.478929249,-2791.956298828125,46.69279479980469,-32082.240234375,15602.5234375,-11555.44921875,-4131.384765625,14863.75390625,-4379.2880859375
377745.482023856,-2783.105224609375,55.7452507019043,-32068.337890625,15613.2080078125,-11546.888671875,-4122.1533203125,14873.72265625,-4376.091796875
377745.485821186,-2783.216796875,54.35944366455078,-32066.6171875,15610.123046875,-11550.62109375,-4127.16015625,14870.302734375,-4380.53955078125
377745.490033148,-2778.701904296875,55.298213958740234,-32068.025390625,15610.033203125,-11550.8671875,-4131.5634765625,14867.2177734375,-4380.427734375
377745.493952643,-2773.091552734375,56.572265625,-32069.544921875,15610.5703125,-11550.599609375,-4133.5302734375,14866.2119140625,-4379.31005859375
377745.499931806,-2772.75634765625,53.57713317871094,-32069.388671875,15608.625,-11552.5439453125,-4134.7822265625,14865.67578125,-4380.271484375
377745.503040635,-2776.377197265625,51.92310333251953,-32066.125,15608.0,-11552.0966796875,-4131.8095703125,14869.2744140625,-4380.427734375
377745.506870421,-2775.706787109375,56.505210876464844,-32061.029296875,15612.783203125,-11546.9560546875,-4123.583984375,14879.4443359375,-4373.94580078125
377745.509886988,-2778.679443359375,54.627662658691406,-32065.052734375,15611.5537109375,-11546.0390625,-4123.62841796875,14879.01953125,-4372.38134765625
377745.51429332,-2780.244140625,51.92310333251953,-32066.349609375,15612.380859375,-11540.541015625,-4119.001953125,14878.103515625,-4371.93408203125
377745.518008234,-2781.65234375,50.93962478637695,-32061.23046875,15614.1015625,-11536.5400390625,-4113.927734375,14882.328125,-4370.81640625
377745.524069812,-2777.13720703125,58.40510940551758,-32050.94921875,15622.3271484375,-11531.1533203125,-4109.43505859375,14882.998046875,-4372.6494140625
377745.528037809,-2782.54638671875,59.03095626831055,-32049.138671875,15625.0537109375,-11530.4599609375,-4109.07763671875,14878.5283203125,-4375.17529296875
377745.531008062,-2793.252685546875,51.27490234375,-32058.458984375,15620.650390625,-11532.6064453125,-4113.81640625,14874.5498046875,-4374.99658203125
377745.535314474,-2791.598876953125,52.59365463256836,-32057.474609375,15628.33984375,-11521.1171875,-4104.40625,14880.517578125,-4369.69921875
377745.538513013,-2793.789306640625,49.21854019165039,-32055.955078125,15628.6083984375,-11517.048828125,-4097.52197265625,14883.7138671875,-4367.32958984375
377745.542409898,-2795.33154296875,48.905616760253906,-32052.1328125,15628.853515625,-11516.78125,-4096.8291015625,14886.41796875,-4366.6591796875
377745.546083604,-2796.583251953125,48.033897399902344,-32055.396484375,15626.9765625,-11521.1845703125,-4102.4169921875,14882.595703125,-4369.05078125
377745.550565788,-2794.884521484375,48.346824645996094,-32063.509765625,15626.08203125,-11519.1728515625,-4102.796875,14884.4736328125,-4364.2900390625
377745.554371141,-2787.35205078125,55.052345275878906,-32066.68359375,15629.0107421875,-11519.9775390625,-4106.931640625,14882.6630859375,-4357.15966796875
377745.559236595,-2784.177978515625,56.9745979309082,-32068.96484375,15625.009765625,-11526.861328125,-4111.29052734375,14882.1494140625,-4359.283203125
377745.563438346,-2785.2509765625,54.493553161621094,-32070.9765625,15616.91796875,-11538.171875,-4120.11962890625,14877.1650390625,-4365.0498046875
377745.566270389,-2785.83203125,49.68792724609375,-32074.462890625,15605.2724609375,-11552.8564453125,-4131.8095703125,14871.0625,-4370.36962890625
377745.570342317,-2788.201416015625,43.07181167602539,-32083.939453125,15598.25390625,-11557.6396484375,-4138.0009765625,14863.75390625,-4376.6279296875
377745.574103544,-2788.290771484375,37.863853454589844,-32091.96484375,15592.6435546875,-11563.09375,-4146.65087890625,14854.052734375,-4383.0205078125
377745.578106914,-2792.8505859375,30.085447311401367,-32097.931640625,15583.7705078125,-11575.431640625,-4159.48095703125,14842.6982421875,-4392.810546875
377745.582276574,-2802.439453125,22.99994468688965,-32101.8203125,15576.4609375,-11583.5908203125,-4165.85107421875,14837.490234375,-4402.6005859375
377745.586202269,-2806.753173828125,21.770599365234375,-32102.1796875,15575.5673828125,-11584.685546875,-4166.47705078125,14833.4892578125,-4409.28369140625
377745.591123153,-2805.859130859375,24.54221534729004,-32101.462890625,15580.373046875,-11577.890625,-4162.27490234375,14835.76953125,-4404.0087890625
377745.594233441,-2801.03125,29.43724822998047,-32097.484375,15586.6318359375,-11569.5087890625,-4157.42431640625,14840.6640625,-4397.90673828125
377745.598208366,-2795.0185546875,35.226348876953125,-32087.470703125,15594.767578125,-11559.96484375,-4149.51171875,14846.38671875,-4395.4033203125
377745.602240909,-2796.046875,36.50040054321289,-32083.044921875,15595.4599609375,-11557.8857421875,-4145.01904296875,14849.0458984375,-4399.18115234375
377745.606233339,-2799.13134765625,37.21565628051758,-32080.318359375,15599.505859375,-11552.7451171875,-4139.744140625,14850.365234375,-4402.53369140625
377745.610218475,-2797.454833984375,42.3565559387207,-32076.318359375,15610.9951171875,-11539.2001953125,-4128.7470703125,14855.5732421875,-4396.38720703125
377745.614262687,-2791.777587890625,43.161216735839844,-32072.00390625,15614.90625,-11529.119140625,-4118.68896484375,14866.123046875,-4383.69140625
377745.619116107,-2792.157470703125,40.188438415527344,-32068.740234375,15613.8779296875,-11526.8388671875,-4116.43115234375,14870.5927734375,-4382.8642578125
377745.622148355,-2789.14013671875,46.469276428222656,-32059.62109375,15619.7568359375,-11524.134765625,-4113.5703125,14874.7060546875,-4381.076171875
377745.626141879,-2791.978759765625,44.83760070800781,-32057.23046875,15621.3212890625,-11525.0068359375,-4115.4033203125,14872.11328125,-4382.30517578125
377745.630147072,-2794.03515625,43.27297592163086,-32058.771484375,15623.7578125,-11523.486328125,-4116.49853515625,14871.912109375,-4379.71240234375
377745.634249997,-2795.666748046875,40.81428527832031,-32063.578125,15621.7236328125,-11524.58203125,-4116.7890625,14872.0234375,-4377.18701171875
377745.638204865,-2787.083740234375,46.8492546081543,-32058.078125,15627.6689453125,-11521.51953125,-4112.65380859375,14877.455078125,-4373.275390625
377745.64230232,-2789.20703125,45.9998893737793,-32058.837890625,15625.2998046875,-11526.9287109375,-4116.6103515625,14875.689453125,-4377.052734375
377745.647207523,-2798.952392578125,35.3828125,-32070.751953125,15609.5869140625,-11541.748046875,-4125.3271484375,14871.017578125,-4381.76904296875
377745.651251372,-2797.611328125,30.599538803100586,-32082.173828125,15601.205078125,-11548.6103515625,-4132.07763671875,14867.9560546875,-4381.36669921875
377745.654289819,-2795.53271484375,26.799741744995117,-32092.791015625,15593.806640625,-11554.734375,-4136.525390625,14864.15625,-4382.841796875
377745.65825271,-2796.583251953125,24.497512817382812,-32094.869140625,15588.732421875,-11558.1318359375,-4139.1630859375,14860.9599609375,-4385.90380859375
377745.662275772,-2791.487060546875,28.386714935302734,-32089.55078125,15590.990234375,-11559.1826171875,-4141.08544921875,14859.3056640625,-4390.1953125
377745.666310138,-2788.044921875,34.30992889404297,-32085.392578125,15596.17578125,-11559.875,-4143.119140625,14853.896484375,-4398.30908203125
377745.670324813,-2785.4072265625,38.24383544921875,-32085.638671875,15595.28125,-11560.12109375,-4143.02978515625,14855.259765625,-4395.69384765625
377745.67528727,-2784.557861328125,42.55772018432617,-32084.275390625,15598.58984375,-11554.3095703125,-4140.23583984375,14857.4052734375,-4392.29638671875
377745.678306754,-2779.12646484375,50.425537109375,-32075.55859375,15606.2333984375,-11548.251953125,-4136.771484375,14856.1318359375,-4393.7939453125
377745.682213121,-2776.55615234375,56.885189056396484,-32067.35546875,15611.732421875,-11546.0390625,-4135.5419921875,14856.109375,-4397.12451171875
377745.686257699,-2773.605712890625,60.6179313659668,-32061.3203125,15615.0185546875,-11543.7373046875,-4135.1171875,14853.3154296875,-4398.89013671875
377745.690246481,-2767.458984375,67.07758331298828,-32058.392578125,15623.400390625,-11538.037109375,-4131.9658203125,14850.2529296875,-4401.14794921875
377745.694346854,-2769.090576171875,62.00373840332031,-32060.42578125,15621.947265625,-11538.3505859375,-4132.1220703125,14846.453125,-4403.56201171875
377745.698378303,-2773.0244140625,58.852142333984375,-32055.576171875,15623.064453125,-11535.064453125,-4128.47900390625,14850.5439453125,-4401.77392578125
377745.703295905,-2774.767822265625,59.276824951171875,-32046.388671875,15629.904296875,-11527.0625,-4121.7509765625,14858.5009765625,-4397.4150390625
377745.706323413,-2780.467529296875,54.53825759887695,-32045.0703125,15628.451171875,-11525.7666015625,-4118.44287109375,14861.451171875,-4392.8779296875
377745.70933378,-2782.881591796875,50.179664611816406,-32048.466796875,15627.53515625,-11521.3408203125,-4113.1455078125,14868.24609375,-4380.47265625
377745.714326505,-2786.34619140625,43.004756927490234,-32053.5859375,15626.037109375,-11515.9541015625,-4107.423828125,14876.29296875,-4370.36962890625
377745.718314923,-2788.871826171875,42.04363250732422,-32052.892578125,15629.0107421875,-11513.0478515625,-4104.5849609375,14883.400390625,-4367.17333984375
377745.72235403,-2789.6318359375,43.809417724609375,-32050.5234375,15631.4912109375,-11512.064453125,-4102.28271484375,14889.3017578125,-4365.630859375
377745.726430699,-2790.6376953125,40.2778434753418,-32053.02734375,15626.5966796875,-11516.1103515625,-4104.87548828125,14889.32421875,-4365.4521484375
377745.731307458,-2789.54248046875,40.2554931640625,-32060.203125,15624.1376953125,-11519.6201171875,-4110.3291015625,14885.345703125,-4365.36279296875
377745.734386384,-2789.296630859375,40.72488021850586,-32068.025390625,15621.2099609375,-11524.6044921875,-4117.7724609375,14879.2431640625,-4369.74365234375
377745.737435772,-2784.960205078125,42.915348052978516,-32066.013671875,15620.2041015625,-11526.4814453125,-4117.5712890625,14879.220703125,-4369.296875
377745.742219539,-2788.4248046875,38.780277252197266,-32069.90234375,15609.02734375,-11538.3505859375,-4124.8134765625,14871.1748046875,-4375.64453125
377745.746387376,-2788.53662109375,37.662689208984375,-32074.396484375,15601.0703125,-11548.140625,-4133.08349609375,14865.2060546875,-4381.4111328125
377745.75043086,-2792.381103515625,34.04170608520508,-32084.587890625,15593.716796875,-11556.0087890625,-4142.87353515625,14858.568359375,-4384.09375
377745.754387916,-2790.4365234375,33.0358772277832,-32089.326171875,15589.58203125,-11559.517578125,-4146.9189453125,14853.404296875,-4387.33447265625
377745.759252276,-2782.188720703125,41.61894989013672,-32081.5703125,15593.2919921875,-11556.142578125,-4141.3310546875,14859.283203125,-4384.89794921875
377745.76236621,-2775.460693359375,54.35944366455078,-32069.58984375,15605.294921875,-11548.341796875,-4134.40234375,14865.7431640625,-4382.484375
377745.765439302,-2776.91357421875,56.505210876464844,-32069.9921875,15604.8037109375,-11554.0185546875,-4141.64404296875,14859.7080078125,-4388.6533203125
377745.770406864,-2781.048828125,55.43232727050781,-32073.166015625,15606.6142578125,-11548.7666015625,-4136.27978515625,14859.57421875,-4390.44140625
377745.775379167,-2778.791259765625,57.08635711669922,-32071.712890625,15609.20703125,-11543.9833984375,-4131.541015625,14861.9658203125,-4388.96630859375
377745.778465387,-2773.33740234375,61.48965072631836,-32063.0859375,15615.509765625,-11540.384765625,-4131.27294921875,14860.3115234375,-4390.4189453125
377745.783466499,-2776.086669921875,60.12619400024414,-32055.822265625,15617.96875,-11537.634765625,-4129.28369140625,14858.5234375,-4395.29150390625
377745.786488536,-2781.875732421875,56.30404281616211,-32052.55859375,15616.9853515625,-11536.3837890625,-4125.55078125,14861.6298828125,-4391.78271484375
377745.790427359,-2784.066162109375,53.979461669921875,-32051.931640625,15623.220703125,-11523.7099609375,-4114.5537109375,14870.81640625,-4382.037109375
377745.794557634,-2782.479248046875,53.174800872802734,-32049.4296875,15631.1787109375,-11512.400390625,-4107.4013671875,14875.1083984375,-4377.38818359375
377745.798455249,-2783.70849609375,47.02806854248047,-32046.6796875,15629.501953125,-11511.796875,-4105.52392578125,14883.19921875,-4370.70458984375
377745.802470288,-2786.457763671875,45.485801696777344,-32042.56640625,15628.7421875,-11512.802734375,-4104.04833984375,14887.669921875,-4367.19580078125
377745.807307662,-2788.067138671875,49.71028137207031,-32037.359375,15635.0009765625,-11510.0087890625,-4101.63427734375,14891.693359375,-4365.4072265625
377745.810669209,-2783.261474609375,55.63349151611328,-32036.599609375,15642.041015625,-11504.7109375,-4100.27099609375,14895.58203125,-4359.841796875
377745.814461069,-2786.234375,53.15244674682617,-32043.70703125,15639.001953125,-11505.26953125,-4102.953125,14892.900390625,-4358.94775390625
377745.818741225,-2786.457763671875,53.62183380126953,-32045.830078125,15637.01171875,-11507.1025390625,-4104.8310546875,14893.50390625,-4358.5009765625
377745.82273803,-2785.83203125,54.627662658691406,-32046.76953125,15634.53125,-11508.890625,-4104.27197265625,14895.0234375,-4363.4404296875
377745.826742129,-2781.6298828125,60.215599060058594,-32048.400390625,15634.6875,-11512.1318359375,-4102.595703125,14895.8505859375,-4364.78173828125
377745.830637191,-2781.473388671875,56.415802001953125,-32062.4375,15624.673828125,-11523.240234375,-4111.5810546875,14890.1513671875,-4363.2841796875
377745.835527443,-2782.8369140625,48.45858383178711,-32077.01171875,15610.9052734375,-11535.556640625,-4123.4052734375,14882.5068359375,-4366.279296875
377745.838510095,-2786.189697265625,44.591732025146484,-32084.900390625,15604.5126953125,-11543.7373046875,-4132.83740234375,14874.0126953125,-4375.041015625
377745.842440531,-2783.194580078125,49.21854019165039,-32079.3125,15607.955078125,-11543.111328125,-4131.384765625,14875.6220703125,-4378.4609375
377745.846498601,-2787.73193359375,45.68696594238281,-32080.83203125,15602.166015625,-11551.2919921875,-4140.63818359375,14866.2119140625,-4386.73095703125
377745.850578552,-2787.0166015625,47.2292366027832,-32082.599609375,15602.6572265625,-11549.7275390625,-4141.353515625,14863.1943359375,-4388.13916015625
377745.854836098,-2783.95458984375,48.905616760253906,-32082.978515625,15602.5009765625,-11550.3759765625,-4146.0029296875,14857.6064453125,-4391.4697265625
377745.858858066,-2775.4384765625,53.353614807128906,-32071.333984375,15606.2783203125,-11548.8330078125,-4145.1533203125,14856.958984375,-4392.8779296875
377745.863529879,-2772.979736328125,56.01347351074219,-32059.755859375,15610.525390625,-11549.0126953125,-4146.49462890625,14853.806640625,-4401.86328125
377745.867655049,-2772.309326171875,54.76177215576172,-32054.212890625,15611.3525390625,-11551.6943359375,-4149.7353515625,14851.0576171875,-4405.6181640625
377745.870797063,-2772.599853515625,52.88422775268555,-32052.71484375,15615.7333984375,-11543.8046875,-4145.82373046875,14850.119140625,-4405.35009765625
377745.874720934,-2772.398681640625,48.74915313720703,-32054.5703125,15615.599609375,-11538.4619140625,-4141.599609375,14849.716796875,-4404.14306640625
377745.878803073,-2773.71728515625,50.649051666259766,-32047.015625,15624.1826171875,-11524.8720703125,-4124.09814453125,14862.5244140625,-4396.92333984375
377745.884785882,-2779.662841796875,47.452754974365234,-32039.482421875,15625.61328125,-11523.21875,-4118.46533203125,14868.9619140625,-4393.861328125
377745.887914039,-2781.965087890625,48.54798889160156,-32033.201171875,15629.703125,-11518.8818359375,-4112.5419921875,14875.779296875,-4390.083984375
377745.890711438,-2781.562744140625,55.23115921020508,-32031.48046875,15640.6328125,-11508.935546875,-4107.04345703125,14881.724609375,-4380.2939453125
377745.893996769,-2787.240234375,52.481895446777344,-32036.353515625,15641.2138671875,-11510.8134765625,-4114.77734375,14877.5,-4377.41015625
377745.897718247,-2786.4130859375,52.72776412963867,-32031.369140625,15647.427734375,-11502.6328125,-4108.6083984375,14883.9375,-4372.4482421875
377745.903652555,-2793.31982421875,44.83760070800781,-32037.203125,15640.119140625,-11507.6611328125,-4111.51416015625,14883.84765625,-4375.845703125
377745.906684438,-2795.2197265625,39.74140167236328,-32046.544921875,15630.216796875,-11518.9267578125,-4121.416015625,14879.154296875,-4378.32666015625
377745.910936514,-2796.583251953125,34.64520263671875,-32063.0859375,15619.6220703125,-11529.9462890625,-4132.1669921875,14872.1357421875,-4378.52783203125
377745.914664556,-2791.352783203125,36.232177734375,-32074.10546875,15615.3310546875,-11533.4326171875,-4135.966796875,14871.1962890625,-4375.35400390625
377745.918985555,-2786.6142578125,40.12137985229492,-32077.078125,15613.296875,-11536.0263671875,-4135.318359375,14874.59375,-4374.6611328125
377745.922102407,-2790.72705078125,34.04170608520508,-32083.044921875,15601.5625,-11548.05078125,-4141.5771484375,14873.38671875,-4379.869140625
377745.925970848,-2795.0185546875,29.683116912841797,-32086.890625,15592.912109375,-11557.7294921875,-4148.86376953125,14868.693359375,-4388.13916015625
377745.930874228,-2797.14208984375,27.224424362182617,-32091.205078125,15587.7939453125,-11559.47265625,-4149.02001953125,14867.8662109375,-4391.73779296875
377745.935731295,-2790.570556640625,32.879417419433594,-32088.923828125,15591.6162109375,-11554.17578125,-4144.61669921875,14869.9453125,-4391.08984375
377745.939699291,-2781.8310546875,40.21078872680664,-32080.318359375,15599.1484375,-11548.6318359375,-4139.02880859375,14874.3486328125,-4391.849609375
377745.94273628,-2779.260498046875,47.05042266845703,-32071.490234375,15603.6630859375,-11546.6875,-4136.43603515625,14874.884765625,-4396.587890625
377745.946760071,-2773.382080078125,58.6733283996582,-32057.990234375,15616.3369140625,-11535.310546875,-4125.26025390625,14880.62890625,-4394.15185546875
377745.949731783,-2771.236328125,59.23212432861328,-32057.564453125,15618.3935546875,-11532.025390625,-4124.47802734375,14878.3935546875,-4392.34130859375
377745.953739529,-2767.391845703125,61.35553741455078,-32058.146484375,15621.052734375,-11529.6328125,-4126.3330078125,14873.365234375,-4392.14013671875
377745.958730066,-2770.52099609375,54.73942184448242,-32061.38671875,15611.3974609375,-11538.8203125,-4133.9775390625,14866.3017578125,-4393.66015625
377745.962662689,-2770.74462890625,55.00764465332031,-32057.876953125,15611.77734375,-11540.0263671875,-4135.318359375,14862.9267578125,-4397.54931640625
377745.966755038,-2767.74951171875,63.83658218383789,-32049.5859375,15626.841796875,-11530.7734375,-4133.44091796875,14858.7919921875,-4401.37158203125
377745.970741268,-2772.15283203125,60.77439498901367,-32054.615234375,15627.0654296875,-11531.689453125,-4138.29150390625,14852.287109375,-4403.8525390625
377745.974689208,-2772.13037109375,56.639320373535156,-32054.703125,15624.361328125,-11529.833984375,-4136.123046875,14853.78515625,-4399.31494140625
377745.977670037,-2771.2138671875,57.153411865234375,-32047.3046875,15628.5634765625,-11524.1572265625,-4129.84228515625,14856.66796875,-4397.77294921875
377745.981767492,-2768.397705078125,59.81326675415039,-32033.73828125,15634.4638671875,-11518.658203125,-4121.43798828125,14864.4912109375,-4392.4306640625
377745.986913014,-2770.6328125,57.958072662353516,-32029.021484375,15636.38671875,-11517.697265625,-4120.3427734375,14861.4287109375,-4395.626953125
377745.990973637,-2780.0205078125,47.27394104003906,-32041.11328125,15627.8701171875,-11521.6982421875,-4126.46728515625,14857.2265625,-4397.0126953125
377745.994806705,-2782.6357421875,43.161216735839844,-32048.19921875,15625.3447265625,-11518.30078125,-4123.62841796875,14863.619140625,-4388.31787109375
377745.998925311,-2783.70849609375,42.55772018432617,-32052.646484375,15623.66796875,-11519.5078125,-4125.64013671875,14865.474609375,-4387.06640625
377746.002597558,-2786.837890625,43.56354904174805,-32056.513671875,15622.6396484375,-11522.8828125,-4127.85302734375,14865.2509765625,-4388.78759765625
377746.00594233,-2790.70458984375,39.719051361083984,-32063.041015625,15618.1923828125,-11526.99609375,-4128.7470703125,14867.0166015625,-4388.8095703125
377746.009911785,-2794.258544921875,31.38184928894043,-32077.01171875,15609.228515625,-11532.5615234375,-4133.03857421875,14866.279296875,-4386.9990234375
377746.014752077,-2790.861083984375,28.92315673828125,-32084.56640625,15603.126953125,-11536.9873046875,-4136.4140625,14865.83203125,-4382.37255859375
377746.018670843,-2790.01171875,27.58205223083496,-32083.783203125,15598.6337890625,-11542.5302734375,-4140.10205078125,14865.6533203125,-4382.08203125
377746.022750064,-2785.385009765625,33.61702346801758,-32074.3515625,15603.619140625,-11537.1435546875,-4131.47412109375,14873.833984375,-4382.8642578125
377746.02689128,-2784.066162109375,37.34976577758789,-32066.86328125,15605.0263671875,-11533.5224609375,-4123.3828125,14880.986328125,-4383.490234375
377746.029863722,-2783.485107421875,42.17774200439453,-32064.8515625,15608.40234375,-11531.533203125,-4122.7568359375,14882.193359375,-4385.09912109375
377746.033883137,-2774.074951171875,55.40997314453125,-32054.16796875,15622.595703125,-11517.451171875,-4110.3515625,14892.69921875,-4379.8017578125
377746.038075406,-2767.458984375,65.0882797241211,-32042.634765625,15631.669921875,-11509.0029296875,-4101.5673828125,14900.41015625,-4377.54443359375
377746.04214624,-2756.32763671875,83.32730102539062,-32026.875,15646.3330078125,-11500.2412109375,-4093.029052734375,14907.607421875,-4376.203125
377746.046865826,-2753.66796875,89.83165740966797,-32021.01953125,15651.1162109375,-11497.603515625,-4092.537353515625,14908.1884765625,-4377.052734375
377746.051027463,-2755.098388671875,88.3564453125,-32024.751953125,15649.3056640625,-11498.5419921875,-4095.89013671875,14902.220703125,-4377.79052734375
377746.054892622,-2757.6240234375,80.77920532226562,-32033.40234375,15641.28125,-11504.4873046875,-4102.84130859375,14891.8046875,-4378.0810546875
377746.057965348,-2753.82421875,87.0823974609375,-32025.66796875,15654.4462890625,-11491.6796875,-4090.97265625,14894.8896484375,-4375.71142578125
377746.06193918,-2760.26171875,82.8802719116211,-32022.025390625,15656.5927734375,-11489.5341796875,-4085.87646484375,14892.2744140625,-4378.97509765625
377746.065948749,-2764.73193359375,76.4876708984375,-32018.068359375,15656.033203125,-11491.478515625,-4087.30712890625,14890.576171875,-4377.58935546875
377746.069945919,-2766.408447265625,72.26319122314453,-32020.193359375,15658.9169921875,-11489.8916015625,-4092.939697265625,14889.3466796875,-4373.96826171875
377746.074866803,-2775.080810546875,57.578094482421875,-32031.63671875,15649.3955078125,-11498.720703125,-4106.216796875,14880.8076171875,-4376.896484375
377746.078867985,-2779.372314453125,46.670440673828125,-32033.603515625,15641.8173828125,-11505.2470703125,-4112.69873046875,14878.05859375,-4377.49951171875
377746.082952676,-2782.8369140625,42.021278381347656,-32033.58203125,15638.46484375,-11509.2705078125,-4116.9453125,14875.80078125,-4382.439453125
377746.085968878,-2779.0146484375,47.363346099853516,-32031.703125,15641.326171875,-11510.2763671875,-4118.68896484375,14875.4658203125,-4383.37841796875
377746.089995222,-2784.200439453125,36.79096984863281,-32048.892578125,15624.5400390625,-11526.6162109375,-4134.7822265625,14864.9384765625,-4389.837890625
377746.094003697,-2785.4296875,29.61606216430664,-32063.7109375,15612.89453125,-11531.8017578125,-4138.82763671875,14862.7705078125,-4391.6259765625
377746.098432639,-2782.456787109375,29.951337814331055,-32068.29296875,15608.9833984375,-11532.2265625,-4135.005859375,14869.251953125,-4388.2060546875
377746.104311517,-2783.596923828125,31.270090103149414,-32068.607421875,15607.75390625,-11535.3779296875,-4135.7431640625,14872.828125,-4389.94970703125
377746.107398466,-2785.072021484375,28.744342803955078,-32070.373046875,15603.0595703125,-11539.1328125,-4136.3916015625,14876.0244140625,-4389.591796875
377746.111097334,-2783.798095703125,29.683116912841797,-32073.5234375,15601.4287109375,-11539.22265625,-4137.28564453125,14875.689453125,-4387.15576171875
377746.114373183,-2779.841796875,32.92411804199219,-32074.216796875,15601.2490234375,-11539.22265625,-4139.6103515625,14873.7890625,-4389.92724609375
377746.118312006,-2772.890380859375,39.406124114990234,-32066.638671875,15604.6689453125,-11537.5458984375,-4138.51513671875,14875.6220703125,-4392.251953125
377746.122361689,-2767.906005859375,50.045555114746094,-32054.16796875,15614.5263671875,-11530.0576171875,-4132.9716796875,14879.3779296875,-4392.92236328125
377746.126395326,-2762.96630859375,62.11549758911133,-32043.28125,15627.4013671875,-11512.6455078125,-4112.31884765625,14892.095703125,-4390.84375
377746.130353476,-2762.273193359375,63.27779006958008,-32045.96484375,15629.0322265625,-11505.068359375,-4101.544921875,14899.5615234375,-4385.2109375
377746.134846236,-2762.005126953125,63.680118560791016,-32049.919921875,15633.8603515625,-11502.69921875,-4100.24853515625,14896.8564453125,-4386.3955078125
377746.138866745,-2760.485107421875,65.33415222167969,-32045.896484375,15638.8447265625,-11502.54296875,-4101.63427734375,14891.40234375,-4387.669921875
377746.142287733,-2762.206298828125,64.82006072998047,-32039.392578125,15639.560546875,-11503.4150390625,-4099.1982421875,14894.2861328125,-4381.29931640625
377746.146256459,-2767.794189453125,61.8919792175293,-32041.806640625,15637.81640625,-11508.48828125,-4102.48388671875,14893.3916015625,-4381.32177734375
377746.150294108,-2767.54833984375,62.137847900390625,-32042.5,15642.5556640625,-11508.3095703125,-4106.32861328125,14888.318359375,-4379.8916015625
377746.154405055,-2761.803955078125,63.210731506347656,-32038.41015625,15647.875,-11505.158203125,-4108.85400390625,14882.685546875,-4377.74560546875
377746.158331479,-2765.76025390625,57.64514923095703,-32035.078125,15644.791015625,-11509.78515625,-4116.02880859375,14875.2197265625,-4382.6181640625
377746.163211156,-2767.704833984375,57.779258728027344,-32028.91015625,15647.025390625,-11511.751953125,-4120.5888671875,14869.8330078125,-4387.53564453125
377746.167198844,-2770.208251953125,52.83952331542969,-32030.09375,15641.6162109375,-11516.8037109375,-4126.28857421875,14866.234375,-4390.6875
377746.171158453,-2770.8564453125,51.49842071533203,-32035.794921875,15639.6494140625,-11515.9990234375,-4127.919921875,14865.6083984375,-4388.78759765625
377746.173908445,-2765.71533203125,52.9736328125,-32041.181640625,15636.498046875,-11516.3115234375,-4130.982421875,14863.6640625,-4386.4404296875
377746.178314412,-2762.54150390625,52.99598693847656,-32043.103515625,15632.2958984375,-11519.5078125,-4135.3857421875,14859.7529296875,-4388.11669921875
377746.182077828,-2764.575439453125,51.386661529541016,-32044.623046875,15625.3896484375,-11527.1748046875,-4141.01806640625,14855.7958984375,-4393.861328125
377746.186331362,-2761.6474609375,56.728729248046875,-32038.521484375,15628.98828125,-11523.486328125,-4134.55859375,14860.646484375,-4392.29638671875
