#377708.166415893,-2513.520751953125,235.1179962158203,-31899.537109375,15945.9130859375,-11454.77734375,-3800.288330078125,15106.806640625,-4345.58154296875
377708.170495115,-2503.5517578125,244.19281005859375,-31893.94921875,15962.185546875,-11438.6396484375,-3789.24658203125,15112.193359375,-4339.6806640625
377708.174619555,-2499.9755859375,246.27151489257812,-31890.619140625,15964.755859375,-11435.3310546875,-3784.910400390625,15116.1494140625,-4339.12158203125
377708.179173215,-2501.361328125,246.38328552246094,-31888.80859375,15963.4814453125,-11435.95703125,-3783.882080078125,15118.228515625,-4339.34521484375
377708.183316254,-2502.1884765625,249.06549072265625,-31887.513671875,15963.83984375,-11436.0693359375,-3783.25634765625,15121.71484375,-4335.0537109375
377708.18726857,-2508.3798828125,241.6670684814453,-31898.173828125,15953.0654296875,-11446.9541015625,-3791.75,15116.373046875,-4334.91943359375
377708.191287255,-2506.524658203125,236.41439819335938,-31904.455078125,15946.7177734375,-11449.4130859375,-3792.95703125,15116.7080078125,-4335.61279296875
377708.194361076,-2509.698486328125,231.7205352783203,-31908.322265625,15940.4599609375,-11456.029296875,-3798.075439453125,15113.400390625,-4341.91552734375
377708.198532195,-2506.05517578125,237.2190704345703,-31899.3359375,15944.5498046875,-11454.9111328125,-3795.23681640625,15116.7080078125,-4340.708984375
377708.202319678,-2506.45751953125,241.35414123535156,-31893.279296875,15949.2880859375,-11452.1845703125,-3789.5595703125,15118.0048828125,-4342.78759765625
377708.206280017,-2509.698486328125,244.5951385498047,-31896.654296875,15950.2275390625,-11449.8818359375,-3790.162841796875,15115.8369140625,-4345.71533203125
377708.211604958,-2517.365234375,241.71176147460938,-31904.25390625,15945.9130859375,-11452.4970703125,-3795.482666015625,15111.544921875,-4344.73193359375
377708.215712988,-2524.428466796875,237.57669067382812,-31901.169921875,15946.494140625,-11450.9775390625,-3794.85693359375,15112.103515625,-4341.6474609375
377708.221699079,-2508.9609375,231.07232666015625,-31895.9609375,15947.7236328125,-11452.966796875,-3798.902587890625,15108.05859375,-4346.72119140625
377708.224733151,-2507.709228515625,231.13938903808594,-31892.765625,15946.0029296875,-11456.0068359375,-3802.098876953125,15108.68359375,-4346.81103515625
377708.227797125,-2506.45751953125,236.72732543945312,-31892.787109375,15950.673828125,-11449.9267578125,-3796.01904296875,15115.2998046875,-4338.71923828125
377708.23158935,-2506.614013671875,234.0451202392578,-31901.4375,15945.935546875,-11451.6484375,-3797.7177734375,15114.65234375,-4335.14306640625
377708.235646326,-2508.08935546875,234.35804748535156,-31903.404296875,15944.3935546875,-11454.28515625,-3798.388427734375,15115.9033203125,-4335.72412109375
377708.239608852,-2508.24560546875,235.4085693359375,-31900.611328125,15943.677734375,-11456.4091796875,-3796.9130859375,15116.57421875,-4340.708984375
377708.243709954,-2511.24072265625,237.04025268554688,-31897.4140625,15942.5830078125,-11459.4267578125,-3799.9306640625,15117.2451171875,-4342.4296875
377708.247404446,-2502.88134765625,247.3891143798828,-31890.1953125,15953.423828125,-11451.7822265625,-3797.382568359375,15120.0615234375,-4336.75244140625
377708.25065805,-2500.86962890625,244.66220092773438,-31892.162109375,15952.0595703125,-11450.1279296875,-3797.874267578125,15119.5244140625,-4332.01416015625
377708.25458338,-2500.511962890625,247.1432342529297,-31889.994140625,15957.15625,-11447.0439453125,-3795.23681640625,15119.9267578125,-4329.73388671875
377708.258405143,-2500.132080078125,253.1111602783203,-31884.00390625,15965.9853515625,-11441.8798828125,-3790.006591796875,15121.4912109375,-4331.298828125
377708.262711555,-2508.24560546875,242.6058349609375,-31890.216796875,15955.14453125,-11450.0830078125,-3793.82861328125,15118.1162109375,-4339.74755859375
377708.267652132,-2511.218505859375,238.18019104003906,-31895.6484375,15951.9931640625,-11448.4736328125,-3790.297119140625,15120.59765625,-4336.72998046875
377708.271547923,-2515.822998046875,233.5757293701172,-31907.205078125,15946.78515625,-11452.6318359375,-3797.02490234375,15112.953125,-4338.38427734375
377708.27558156,-2515.800537109375,231.74288940429688,-31907.2265625,15943.611328125,-11452.2958984375,-3793.359375,15115.658203125,-4333.13134765625
377708.278447882,-2516.962890625,231.13938903808594,-31900.341796875,15943.767578125,-11450.3291015625,-3785.379638671875,15124.5537109375,-4326.0458984375
377708.282508505,-2524.04833984375,226.60198974609375,-31901.4375,15940.6162109375,-11455.8720703125,-3791.548828125,15120.3740234375,-4331.6337890625
377708.286480878,-2520.516845703125,229.4630126953125,-31901.169921875,15944.5498046875,-11451.9384765625,-3791.191162109375,15118.0712890625,-4331.94677734375
377708.290820475,-2520.025146484375,226.95960998535156,-31907.09375,15940.705078125,-11454.5986328125,-3793.962646484375,15113.2666015625,-4335.81396484375
377708.294609053,-2521.9697265625,223.71861267089844,-31905.9296875,15938.537109375,-11457.34765625,-3797.44970703125,15108.884765625,-4338.00439453125
377708.299405949,-2520.695556640625,224.9479522705078,-31898.419921875,15939.6552734375,-11458.8671875,-3799.61767578125,15105.845703125,-4342.8994140625
377708.303365922,-2529.703369140625,236.77203369140625,-31890.57421875,15944.572265625,-11455.224609375,-3796.3095703125,15107.4990234375,-4342.18408203125
377708.306391971,-2522.1708984375,237.2414093017578,-31888.7421875,15949.958984375,-11452.8330078125,-3797.270751953125,15109.7119140625,-4336.55126953125
377708.310421962,-2512.26904296875,224.5232696533203,-31899.359375,15942.1357421875,-11460.3203125,-3806.7255859375,15104.1689453125,-4338.697265625
377708.314691177,-2514.414794921875,227.38429260253906,-31900.54296875,15943.677734375,-11460.3427734375,-3807.463134765625,15101.6435546875,-4341.513671875
377708.31884078,-2514.951171875,229.3959503173828,-31896.095703125,15946.494140625,-11460.2314453125,-3805.853759765625,15103.6328125,-4340.95458984375
377708.324849846,-2520.5390625,227.18313598632812,-31898.263671875,15940.5263671875,-11467.4951171875,-3809.83251953125,15101.888671875,-4344.5087890625
377708.327953205,-2526.775390625,224.1656494140625,-31907.853515625,15933.4189453125,-11470.4462890625,-3811.12890625,15103.6103515625,-4345.6708984375
377708.33190005,-2520.315673828125,226.5125732421875,-31908.3671875,15936.5927734375,-11460.9912109375,-3801.1376953125,15113.8251953125,-4338.853515625
377708.334713495,-2515.510009765625,236.01206970214844,-31900.052734375,15949.1767578125,-11451.669921875,-3792.755859375,15119.0107421875,-4337.57958984375
377708.338746768,-2512.47021484375,244.2151641845703,-31891.0,15958.3857421875,-11445.166015625,-3783.3232421875,15126.095703125,-4334.875
377708.342631619,-2517.1640625,239.4989471435547,-31892.1171875,15952.73046875,-11450.75390625,-3785.513671875,15122.564453125,-4339.16650390625
377708.346831182,-2519.823974609375,234.2015838623047,-31896.185546875,15948.70703125,-11451.0673828125,-3786.1396484375,15121.8935546875,-4336.32763671875
377708.350795532,-2522.48388671875,226.78079223632812,-31904.56640625,15941.666015625,-11454.576171875,-3792.286376953125,15113.869140625,-4337.490234375
377708.355749236,-2519.17578125,227.0490264892578,-31901.884765625,15944.6396484375,-11449.099609375,-3787.927734375,15115.5009765625,-4336.95361328125
377708.35985362,-2525.791748046875,218.22007751464844,-31905.349609375,15935.765625,-11459.046875,-3797.360107421875,15107.455078125,-4345.4921875
377708.362607988,-2523.66845703125,219.11415100097656,-31904.5,15935.318359375,-11461.818359375,-3798.947265625,15106.3369140625,-4347.302734375
377708.366794423,-2531.759765625,211.6039581298828,-31915.453125,15927.0927734375,-11467.47265625,-3804.82568359375,15102.26953125,-4346.8779296875
377708.37078977,-2530.887939453125,211.35809326171875,-31920.236328125,15925.9755859375,-11467.8974609375,-3805.40673828125,15103.7216796875,-4339.18896484375
377708.374893789,-2521.9697265625,221.0811004638672,-31914.3125,15936.2353515625,-11464.701171875,-3804.065673828125,15104.1015625,-4337.490234375
377708.378676167,-2518.818115234375,227.25018310546875,-31906.2890625,15941.3984375,-11462.734375,-3803.9541015625,15103.9228515625,-4341.3125
377708.383802362,-2519.5556640625,228.52423095703125,-31901.34765625,15942.314453125,-11464.8359375,-3805.04931640625,15103.095703125,-4345.2236328125
377708.387606256,-2525.188232421875,223.2045135498047,-31904.544921875,15936.7265625,-11467.47265625,-3804.736328125,15102.9169921875,-4347.6376953125
377708.39090362,-2524.5400390625,230.08885192871094,-31905.70703125,15936.97265625,-11464.2548828125,-3802.992919921875,15105.0634765625,-4342.13916015625
377708.395945941,-2522.528564453125,235.98971557617188,-31903.76171875,15943.923828125,-11462.98046875,-3804.736328125,15103.2080078125,-4343.8154296875
377708.399990518,-2535.47021484375,230.15591430664062,-31903.986328125,15937.6435546875,-11470.177734375,-3809.05029296875,15102.1572265625,-4345.447265625
377708.403654013,-2531.759765625,224.38916015625,-31901.974609375,15939.2744140625,-11471.09375,-3809.989013671875,15102.828125,-4346.74365234375
377708.408612094,-2529.792724609375,221.7516632080078,-31901.99609375,15940.34765625,-11467.80859375,-3806.345703125,15104.8837890625,-4346.76611328125
377708.411779271,-2521.07568359375,222.3328094482422,-31903.560546875,15941.5771484375,-11460.87890625,-3799.058837890625,15110.1142578125,-4341.17822265625
377708.415636772,-2514.995849609375,226.55728149414062,-31898.0859375,15949.04296875,-11453.4140625,-3793.560302734375,15115.658203125,-4334.427734375
377708.419911822,-2519.06396484375,225.88673400878906,-31896.296875,15949.8916015625,-11452.8994140625,-3792.263916015625,15115.1435546875,-4340.57470703125
377708.422963397,-2518.192138671875,232.435791015625,-31890.6875,15954.4296875,-11449.79296875,-3789.24658203125,15120.4853515625,-4341.0439453125
377708.426715143,-2518.7734375,235.98971557617188,-31891.333984375,15956.240234375,-11448.6083984375,-3788.665283203125,15121.111328125,-4337.17724609375
377708.430708667,-2518.572265625,233.5757293701172,-31898.3984375,15951.166015625,-11452.1171875,-3791.593505859375,15119.63671875,-4336.037109375
377708.434848424,-2512.336181640625,235.98971557617188,-31898.599609375,15951.7470703125,-11452.6318359375,-3792.398193359375,15120.6865234375,-4335.41162109375
377708.438819702,-2506.725830078125,241.93528747558594,-31890.59765625,15956.0830078125,-11451.6259765625,-3790.498291015625,15125.2021484375,-4335.36669921875
377708.44363082,-2503.596435546875,251.34536743164062,-31881.232421875,15963.7724609375,-11448.2060546875,-3788.21826171875,15128.509765625,-4335.0986328125
377708.447974793,-2504.37890625,253.02174377441406,-31883.130859375,15961.6708984375,-11449.748046875,-3790.1181640625,15125.939453125,-4338.36181640625
377708.450954529,-2502.322509765625,253.424072265625,-31886.73046875,15959.7939453125,-11448.2509765625,-3790.1181640625,15125.42578125,-4336.01513671875
377708.454905021,-2497.136962890625,254.36285400390625,-31884.451171875,15961.2470703125,-11445.5458984375,-3788.374755859375,15128.8671875,-4331.09765625
377708.458743923,-2497.807373046875,254.00521850585938,-31881.478515625,15962.9228515625,-11446.3505859375,-3790.1181640625,15126.4755859375,-4331.09765625
377708.462781207,-2504.535400390625,246.83030700683594,-31886.037109375,15954.7646484375,-11456.296875,-3799.349609375,15118.18359375,-4337.04296875
377708.466947585,-2502.836669921875,249.98190307617188,-31885.5234375,15955.3681640625,-11455.73828125,-3798.477783203125,15122.36328125,-4329.9130859375
377708.471899831,-2519.309814453125,262.3647766113281,-31887.400390625,15960.9111328125,-11445.12109375,-3789.201904296875,15129.44921875,-4323.251953125
377708.474941561,-2518.3486328125,250.00425720214844,-31891.291015625,15957.24609375,-11444.4951171875,-3788.3525390625,15128.8896484375,-4326.15771484375
377708.478986503,-2505.25048828125,228.16661071777344,-31893.435546875,15947.5224609375,-11453.4140625,-3794.45458984375,15125.0234375,-4333.80224609375
377708.482795502,-2508.29052734375,237.48728942871094,-31889.2109375,15952.5966796875,-11453.16796875,-3793.716796875,15126.6103515625,-4334.4501953125
377708.487022781,-2510.369140625,241.331787109375,-31890.84375,15951.970703125,-11454.5537109375,-3793.962646484375,15128.2421875,-4330.44921875
377708.491040737,-2503.104736328125,240.5718231201172,-31896.251953125,15950.9423828125,-11455.7158203125,-3797.002685546875,15125.9619140625,-4328.52685546875
377708.494859218,-2507.1728515625,236.1685333251953,-31899.76171875,15947.5,-11459.2255859375,-3800.9140625,15119.8603515625,-4332.86328125
377708.499602872,-2511.933837890625,233.86630249023438,-31899.359375,15943.96875,-11464.0751953125,-3804.62451171875,15113.4892578125,-4340.5078125
377708.503762321,-2512.47021484375,233.32986450195312,-31896.07421875,15943.7001953125,-11464.1875,-3802.858642578125,15114.115234375,-4341.0888671875
377708.506816449,-2513.587890625,231.78758239746094,-31900.744140625,15943.4990234375,-11466.064453125,-3807.306640625,15108.86328125,-4343.8828125
377708.511015648,-2518.795654296875,228.5465850830078,-31903.94140625,15943.87890625,-11462.3994140625,-3807.373779296875,15106.2255859375,-4346.2744140625
377708.516725682,-2520.94140625,227.2725372314453,-31898.62109375,15947.8798828125,-11454.28515625,-3797.874267578125,15115.4345703125,-4337.95947265625
377708.520070089,-2526.104736328125,219.44943237304688,-31898.755859375,15939.095703125,-11461.662109375,-3801.495361328125,15113.5341796875,-4336.77490234375
377708.523004241,-2527.803466796875,220.34349060058594,-31893.16796875,15939.990234375,-11462.3544921875,-3802.00927734375,15111.4111328125,-4336.2607421875
377708.52689675,-2519.44384765625,229.35125732421875,-31893.212890625,15948.439453125,-11458.80078125,-3805.9208984375,15102.939453125,-4343.36865234375
377708.53171662,-2514.928955078125,231.11703491210938,-31898.978515625,15949.5791015625,-11457.548828125,-3809.363037109375,15099.5869140625,-4346.453125
377708.534751785,-2515.46533203125,225.1044158935547,-31903.515625,15944.259765625,-11462.0634765625,-3811.084228515625,15098.8935546875,-4348.17431640625
377708.538748956,-2519.44384765625,217.79539489746094,-31905.662109375,15937.62109375,-11469.619140625,-3815.688720703125,15094.8486328125,-4353.6953125
377708.542924086,-2517.499267578125,220.9022979736328,-31899.716796875,15941.107421875,-11463.5166015625,-3806.21142578125,15104.99609375,-4346.60986328125
377708.546939125,-2516.7841796875,221.14816284179688,-31902.779296875,15939.23046875,-11462.734375,-3802.858642578125,15111.142578125,-4338.6748046875
377708.551132124,-2523.66845703125,215.00143432617188,-31911.98828125,15931.8984375,-11467.96484375,-3806.83740234375,15107.65625,-4339.18896484375
377708.555732826,-2521.790771484375,217.4601287841797,-31909.1484375,15938.2685546875,-11462.3544921875,-3803.663330078125,15109.779296875,-4338.13818359375
377708.5598817,-2526.507080078125,216.38723754882812,-31906.244140625,15938.58203125,-11460.5439453125,-3799.975341796875,15112.505859375,-4340.73095703125
377708.562966825,-2520.3603515625,228.77011108398438,-31899.42578125,15944.125,-11458.5546875,-3797.092041015625,15116.6640625,-4337.17724609375
377708.566914035,-2528.7421875,235.87796020507812,-31905.3046875,15942.1806640625,-11463.2490234375,-3805.25048828125,15108.3486328125,-4339.56884765625
377708.570920687,-2529.23388671875,223.00335693359375,-31907.25,15940.50390625,-11463.8525390625,-3807.083251953125,15107.767578125,-4338.74169921875
377708.574950313,-2535.090087890625,225.59616088867188,-31907.00390625,15938.0458984375,-11466.5791015625,-3810.7265625,15106.9404296875,-4339.92626953125
377708.579038286,-2524.629638671875,226.49021911621094,-31899.494140625,15940.7724609375,-11465.86328125,-3810.055908203125,15106.4267578125,-4342.20654296875
377708.582979297,-2526.86474609375,216.56605529785156,-31905.484375,15932.9716796875,-11475.408203125,-3818.23681640625,15096.703125,-4351.37060546875
377708.587912945,-2525.009521484375,223.15982055664062,-31905.974609375,15936.3017578125,-11472.7255859375,-3818.348388671875,15097.9775390625,-4349.40380859375
377708.590928783,-2518.66162109375,222.6904296875,-31914.3125,15933.865234375,-11477.21875,-3825.076416015625,15091.517578125,-4353.58349609375
377708.594890215,-2517.7451171875,221.90811157226562,-31915.51953125,15932.748046875,-11476.7490234375,-3823.265869140625,15089.908203125,-4355.505859375
377708.598921664,-2515.1748046875,224.8809051513672,-31908.34375,15936.5703125,-11472.1220703125,-3817.4990234375,15093.1494140625,-4355.70703125
377708.602913364,-2522.885986328125,218.7565155029297,-31910.154296875,15931.4736328125,-11476.9951171875,-3821.857666015625,15089.5732421875,-4362.703125
377708.606952107,-2519.935791015625,221.30462646484375,-31908.658203125,15934.669921875,-11473.396484375,-3820.60595703125,15091.80859375,-4359.37255859375
377708.610969699,-2521.7685546875,217.84010314941406,-31914.693359375,15930.06640625,-11477.3974609375,-3826.99853515625,15085.662109375,-4360.80322265625
377708.615874173,-2519.64501953125,221.841064453125,-31909.037109375,15932.189453125,-11474.06640625,-3822.863525390625,15088.0087890625,-4354.8798828125
377708.618849168,-2520.7626953125,224.0315399169922,-31902.466796875,15934.9609375,-11474.513671875,-3823.757568359375,15085.2822265625,-4358.76904296875
377708.622917084,-2523.44482421875,224.38916015625,-31899.60546875,15933.955078125,-11476.078125,-3825.947998046875,15081.482421875,-4366.0107421875
377708.626932123,-2525.166015625,225.81967163085938,-31900.56640625,15936.6376953125,-11474.1337890625,-3826.328125,15079.5146484375,-4365.6982421875
377708.632865337,-2521.209716796875,226.8031463623047,-31901.125,15939.4755859375,-11467.205078125,-3817.387451171875,15087.5390625,-4358.8583984375
377708.635954109,-2520.919189453125,226.11024475097656,-31903.560546875,15938.6044921875,-11467.607421875,-3816.694580078125,15089.1259765625,-4356.869140625
377708.639012614,-2527.5576171875,221.14816284179688,-31904.119140625,15936.1005859375,-11467.6298828125,-3812.268798828125,15093.88671875,-4354.58935546875
377708.643906148,-2528.07177734375,219.8070526123047,-31903.046875,15935.876953125,-11468.3671875,-3810.480712890625,15097.4853515625,-4353.38232421875
377708.646971216,-2530.396240234375,219.36001586914062,-31907.427734375,15935.6982421875,-11468.880859375,-3809.564208984375,15099.1171875,-4350.8115234375
377708.65005233,-2531.5361328125,216.8342742919922,-31912.837890625,15933.1279296875,-11467.6298828125,-3810.078369140625,15099.453125,-4342.6982421875
377708.654788326,-2531.513916015625,215.89549255371094,-31914.826171875,15932.591796875,-11468.412109375,-3813.3193359375,15095.2734375,-4347.57080078125
377708.658986795,-2527.44580078125,218.39889526367188,-31909.349609375,15932.9716796875,-11470.2666015625,-3813.297119140625,15097.5302734375,-4348.822265625
377708.663002198,-2527.66943359375,230.737060546875,-31900.09765625,15943.0302734375,-11466.265625,-3810.100830078125,15103.9228515625,-4343.39111328125
377708.66707595,-2533.05615234375,232.03346252441406,-31905.416015625,15940.236328125,-11470.8486328125,-3816.359130859375,15100.6376953125,-4343.59228515625
377708.671977142,-2515.711181640625,226.087890625,-31906.869140625,15940.4814453125,-11468.7470703125,-3815.666259765625,15100.7041015625,-4337.40087890625
377708.674969276,-2518.706298828125,222.042236328125,-31911.33984375,15934.357421875,-11474.3349609375,-3820.20361328125,15096.2568359375,-4339.52392578125
377708.678931073,-2528.116455078125,213.90618896484375,-31913.060546875,15925.3720703125,-11480.392578125,-3819.33203125,15099.20703125,-4342.16162109375
377708.682899799,-2526.3505859375,221.19285583496094,-31904.521484375,15933.0166015625,-11474.9833984375,-3813.587646484375,15102.671875,-4343.21240234375
377708.687029709,-2525.83642578125,217.97421264648438,-31908.544921875,15930.53515625,-11474.6484375,-3812.537109375,15102.58203125,-4344.77685546875
377708.691066629,-2533.391357421875,209.81582641601562,-31922.29296875,15922.3095703125,-11483.7451171875,-3825.1435546875,15088.9697265625,-4350.56591796875
377708.695088597,-2535.67138671875,208.94410705566406,-31923.455078125,15920.767578125,-11486.025390625,-3830.79833984375,15083.314453125,-4352.77880859375
377708.699989424,-2537.45947265625,206.10543823242188,-31922.3359375,15915.3583984375,-11492.283203125,-3836.63232421875,15075.6484375,-4359.55126953125
377708.703035165,-2539.76171875,203.66909790039062,-31921.5546875,15913.7490234375,-11490.919921875,-3833.949951171875,15072.2509765625,-4366.0107421875
377708.70618739,-2536.47607421875,210.46401977539062,-31918.537109375,15922.890625,-11481.7109375,-3824.20458984375,15077.66015625,-4362.18896484375
377708.711038257,-2539.314697265625,206.97715759277344,-31923.90234375,15919.11328125,-11488.1484375,-3831.3125,15070.9765625,-4363.93212890625
377708.714984738,-2535.64892578125,209.07821655273438,-31919.51953125,15922.2431640625,-11482.962890625,-3826.886962890625,15076.1845703125,-4360.2216796875
377708.719115378,-2531.357421875,215.1355438232422,-31911.541015625,15929.1044921875,-11475.5869140625,-3816.02392578125,15087.4052734375,-4350.76708984375
377708.723155944,-2539.1357421875,206.150146484375,-31919.9453125,15916.23046875,-11489.466796875,-3824.674072265625,15084.9462890625,-4352.95751953125
377708.728010094,-2545.997802734375,199.60107421875,-31930.31640625,15908.4072265625,-11495.9267578125,-3830.79833984375,15083.11328125,-4350.34228515625
377708.73106641,-2537.392333984375,208.5641326904297,-31930.09375,15919.001953125,-11487.4775390625,-3827.3115234375,15084.2763671875,-4348.0625
377708.735016173,-2531.804443359375,214.33087158203125,-31925.197265625,15924.0751953125,-11481.6220703125,-3821.455322265625,15089.70703125,-4343.92724609375
377708.739166505,-2535.604248046875,212.3862762451172,-31923.5,15919.3369140625,-11485.2646484375,-3820.494384765625,15091.8759765625,-4346.20751953125
377708.743095117,-2535.3359375,212.5874481201172,-31920.01171875,15919.60546875,-11483.8564453125,-3816.269775390625,15094.3564453125,-4350.52099609375
377708.746187171,-2534.86669921875,216.16372680664062,-31917.77734375,15926.4892578125,-11476.279296875,-3810.391357421875,15098.0673828125,-4347.0791015625
377708.750165743,-2530.217529296875,221.3493194580078,-31917.62109375,15932.435546875,-11472.1669921875,-3809.20654296875,15097.8876953125,-4341.0888671875
377708.755079699,-2534.12890625,213.16859436035156,-31922.984375,15922.466796875,-11484.2373046875,-3820.7177734375,15088.90234375,-4343.97216796875
377708.759134852,-2532.07275390625,210.84400939941406,-31919.9453125,15918.755859375,-11491.009765625,-3826.64111328125,15085.482421875,-4342.96630859375
377708.763137856,-2527.44580078125,213.8614959716797,-31914.759765625,15923.5390625,-11492.9091796875,-3831.670166015625,15081.0126953125,-4349.2470703125
377708.767210514,-2530.284423828125,214.59910583496094,-31916.390625,15924.0537109375,-11494.98828125,-3837.705078125,15077.0341796875,-4351.12451171875
377708.771116151,-2535.9619140625,221.52813720703125,-31922.3359375,15923.3154296875,-11492.8642578125,-3836.162841796875,15076.05078125,-4349.51513671875
377708.774179396,-2537.7724609375,211.08987426757812,-31925.265625,15919.2705078125,-11492.216796875,-3834.687744140625,15077.32421875,-4352.8232421875
377708.778235643,-2530.709228515625,206.32894897460938,-31919.69921875,15919.91796875,-11488.193359375,-3826.64111328125,15086.935546875,-4348.53173828125
377708.7831372,-2530.128173828125,211.42515563964844,-31913.75390625,15925.3046875,-11482.046875,-3817.72265625,15095.2734375,-4343.74853515625
377708.787142028,-2535.1572265625,211.4698486328125,-31916.525390625,15927.1376953125,-11479.6328125,-3818.057861328125,15093.1943359375,-4344.75439453125
377708.791127529,-2532.385498046875,216.2531280517578,-31916.927734375,15929.1943359375,-11476.681640625,-3816.761474609375,15093.015625,-4340.619140625
377708.795237747,-2525.45654296875,225.48440551757812,-31908.9921875,15934.9833984375,-11472.859375,-3812.9169921875,15096.390625,-4333.55615234375
377708.799130621,-2524.607177734375,225.12677001953125,-31903.650390625,15935.474609375,-11474.2900390625,-3814.01220703125,15094.892578125,-4338.4287109375
377708.802248567,-2525.5458984375,223.6068572998047,-31898.30859375,15937.1064453125,-11468.12109375,-3806.21142578125,15101.3974609375,-4338.49609375
377708.806261783,-2530.597412109375,215.8284454345703,-31905.08203125,15930.333984375,-11472.8154296875,-3810.123046875,15101.2412109375,-4337.0654296875
377708.810999237,-2541.013427734375,210.41932678222656,-31917.955078125,15920.857421875,-11482.962890625,-3821.455322265625,15095.7197265625,-4336.72998046875
377708.815222504,-2545.23779296875,214.643798828125,-31920.4140625,15923.2490234375,-11485.8681640625,-3826.663330078125,15093.5966796875,-4335.03125
377708.819216028,-2526.3505859375,209.86053466796875,-31912.345703125,15926.7802734375,-11483.923828125,-3821.83544921875,15098.0,-4331.58935546875
377708.823217938,-2522.126220703125,219.24826049804688,-31901.28125,15934.357421875,-11475.9892578125,-3810.83837890625,15107.8349609375,-4326.0908203125
377708.826332238,-2530.06103515625,213.54856872558594,-31908.880859375,15927.71875,-11480.1240234375,-3815.286376953125,15103.4755859375,-4327.2978515625
377708.830252827,-2524.316650390625,221.48342895507812,-31908.03125,15935.6982421875,-11471.0712890625,-3808.7373046875,15105.0634765625,-4323.900390625
377708.834289746,-2525.27783203125,224.50091552734375,-31906.935546875,15938.537109375,-11470.1328125,-3808.580810546875,15103.029296875,-4331.81298828125
377708.839146813,-2524.584716796875,225.3726348876953,-31900.38671875,15938.693359375,-11469.1494140625,-3804.64697265625,15110.3154296875,-4329.35400390625
377708.843235516,-2525.724853515625,225.64085388183594,-31897.548828125,15937.6650390625,-11469.2392578125,-3803.462158203125,15114.80859375,-4327.00732421875
377708.847266965,-2523.422607421875,229.3959503173828,-31896.408203125,15939.0517578125,-11467.2275390625,-3801.7412109375,15119.4580078125,-4318.40185546875
377708.851268876,-2525.613037109375,225.1491241455078,-31905.908203125,15933.306640625,-11472.6142578125,-3809.273681640625,15113.4453125,-4318.4912109375
377708.85533424,-2529.5693359375,223.27157592773438,-31909.23828125,15930.333984375,-11476.212890625,-3815.688720703125,15104.4375,-4325.2861328125
377708.859224196,-2525.63525390625,224.5232696533203,-31905.349609375,15930.8701171875,-11480.458984375,-3821.20947265625,15100.3466796875,-4332.6396484375
377708.862341413,-2522.707275390625,226.73609924316406,-31900.833984375,15933.59765625,-11480.75,-3821.34375,15097.84375,-4334.33837890625
377708.866360099,-2528.697509765625,221.5057830810547,-31905.86328125,15929.8203125,-11483.677734375,-3826.03759765625,15092.5908203125,-4333.57861328125
377708.871234305,-2525.65771484375,222.4669189453125,-31907.875,15930.9375,-11480.4150390625,-3825.322265625,15094.021484375,-4328.01318359375
377708.875317173,-2526.909423828125,222.6904296875,-31905.23828125,15933.6865234375,-11473.8212890625,-3815.889892578125,15103.69921875,-4325.62158203125
377708.879247608,-2525.411865234375,221.81871032714844,-31899.1796875,15934.7373046875,-11472.994140625,-3813.140625,15108.013671875,-4325.4423828125
377708.883290362,-2521.097900390625,223.78565979003906,-31890.44140625,15937.1064453125,-11468.9033203125,-3807.03857421875,15115.478515625,-4321.95556640625
377708.88724596,-2521.723876953125,226.6466827392578,-31888.919921875,15938.8720703125,-11466.802734375,-3804.177490234375,15116.8427734375,-4322.0673828125
377708.890218766,-2515.26416015625,234.78273010253906,-31882.572265625,15946.740234375,-11456.7890625,-3793.493408203125,15126.8564453125,-4310.73486328125
377708.894179469,-2513.38671875,238.18019104003906,-31879.041015625,15950.5625,-11453.48046875,-3789.537109375,15132.1083984375,-4306.19775390625
377708.899288889,-2516.1806640625,237.84490966796875,-31879.109375,15951.8369140625,-11456.2744140625,-3791.772216796875,15132.2646484375,-4307.494140625
377708.903230629,-2522.327392578125,230.58059692382812,-31885.03125,15944.37109375,-11465.7294921875,-3800.3330078125,15126.23046875,-4315.76416015625
377708.9072154,-2524.517822265625,227.83132934570312,-31891.333984375,15941.8232421875,-11469.7080078125,-3805.80908203125,15124.083984375,-4316.54638671875
377708.911263625,-2527.803466796875,221.9751739501953,-31900.5,15936.279296875,-11471.0712890625,-3807.060791015625,15121.201171875,-4314.3115234375
377708.915361444,-2523.601318359375,226.1549530029297,-31898.890625,15940.83984375,-11466.0869140625,-3802.769287109375,15120.150390625,-4314.33349609375
377708.918399892,-2522.953125,226.69139099121094,-31893.705078125,15942.6943359375,-11466.84765625,-3803.126953125,15117.7587890625,-4317.61962890625
377708.922363147,-2524.428466796875,225.35028076171875,-31891.916015625,15939.7890625,-11471.9658203125,-3806.971435546875,15113.8916015625,-4323.00634765625
377708.927338732,-2525.3671875,224.97030639648438,-31893.345703125,15939.5205078125,-11471.228515625,-3807.9326171875,15112.9755859375,-4322.89453125
377708.932237007,-2522.64013671875,234.0004119873047,-31890.6640625,15946.6513671875,-11465.6845703125,-3806.1220703125,15112.7744140625,-4317.865234375
377708.936358166,-2519.376953125,238.73898315429688,-31886.685546875,15951.3896484375,-11462.130859375,-3803.61865234375,15114.2275390625,-4315.65234375
377708.939426516,-2517.208740234375,237.48728942871094,-31884.3828125,15950.361328125,-11464.388671875,-3804.088134765625,15113.4228515625,-4321.59814453125
377708.944220859,-2513.989990234375,243.6563720703125,-31878.03515625,15954.09375,-11461.21484375,-3798.142578125,15115.2333984375,-4320.5029296875
377708.947271706,-2514.727783203125,244.2151641845703,-31878.482421875,15957.111328125,-11456.185546875,-3792.9345703125,15118.630859375,-4317.6416015625
377708.95043013,-2516.5830078125,242.6058349609375,-31886.126953125,15955.7705078125,-11459.8955078125,-3799.662353515625,15111.6123046875,-4320.681640625
377708.955209522,-2523.9814453125,231.40760803222656,-31897.81640625,15943.96875,-11472.345703125,-3811.53125,15102.6494140625,-4325.33056640625
377708.959408356,-2527.624755859375,224.61268615722656,-31899.470703125,15938.984375,-11476.16796875,-3813.9228515625,15101.7099609375,-4327.833984375
377708.963412819,-2529.47998046875,224.8809051513672,-31896.162109375,15942.1806640625,-11471.8095703125,-3808.379638671875,15110.0703125,-4322.849609375
377708.967433328,-2533.994873046875,217.86245727539062,-31903.11328125,15934.7373046875,-11475.4970703125,-3809.921875,15111.5224609375,-4317.0380859375
377708.972349472,-2538.688720703125,207.40184020996094,-31914.111328125,15923.1142578125,-11483.87890625,-3817.566162109375,15106.046875,-4319.02734375
377708.975422928,-2531.312744140625,216.6778106689453,-31904.634765625,15932.79296875,-11474.044921875,-3809.05029296875,15114.607421875,-4314.892578125
377708.978381512,-2528.027099609375,223.58450317382812,-31892.36328125,15939.2080078125,-11468.9931640625,-3803.64111328125,15120.5078125,-4315.2724609375
377708.983361109,-2521.74609375,236.34735107421875,-31878.68359375,15952.8427734375,-11458.107421875,-3794.275634765625,15126.23046875,-4314.78076171875
377708.987431943,-2516.5380859375,243.8798828125,-31874.59375,15958.162109375,-11453.16796875,-3790.498291015625,15128.041015625,-4311.76318359375
377708.991465215,-2514.615966796875,242.76229858398438,-31879.712890625,15955.6806640625,-11455.2685546875,-3793.783935546875,15123.3017578125,-4310.37744140625
377708.995495935,-2511.598388671875,247.23265075683594,-31877.587890625,15957.603515625,-11456.2744140625,-3793.582763671875,15125.5146484375,-4307.15869140625
377708.999400479,-2513.7666015625,244.729248046875,-31880.986328125,15949.0869140625,-11469.373046875,-3804.579833984375,15116.5068359375,-4313.99853515625
377709.002425798,-2521.544921875,249.13253784179688,-31884.65234375,15946.5390625,-11473.0830078125,-3807.5302734375,15109.8017578125,-4321.01708984375
377709.006475845,-2539.76171875,245.4892120361328,-31892.51953125,15940.2138671875,-11475.0947265625,-3808.066650390625,15109.533203125,-4321.19580078125
377709.010308549,-2525.903564453125,227.4290008544922,-31896.162109375,15938.783203125,-11474.5361328125,-3811.352294921875,15105.3759765625,-4321.12841796875
377709.015659017,-2518.594482421875,223.49508666992188,-31894.912109375,15939.6767578125,-11475.1845703125,-3815.688720703125,15098.6923828125,-4328.638671875
377709.019713076,-2521.88037109375,226.3784637451172,-31889.970703125,15940.951171875,-11476.48046875,-3817.052001953125,15096.1669921875,-4334.94189453125
377709.023805425,-2524.5625,227.51840209960938,-31885.322265625,15944.7958984375,-11475.7431640625,-3814.861572265625,15096.748046875,-4333.80224609375
377709.026848613,-2526.507080078125,227.3619384765625,-31886.865234375,15946.6953125,-11474.6923828125,-3813.453369140625,15098.4248046875,-4327.8564453125
377709.030821715,-2523.713134765625,231.34056091308594,-31889.61328125,15949.109375,-11469.6630859375,-3809.40771484375,15102.9619140625,-4322.4921875
377709.034969495,-2521.142578125,232.18992614746094,-31888.919921875,15948.0810546875,-11467.673828125,-3806.1220703125,15106.001953125,-4319.40771484375
377709.038732181,-2518.527587890625,234.2686309814453,-31883.958984375,15948.8857421875,-11468.166015625,-3804.870361328125,15109.376953125,-4319.76513671875
377709.046654681,-2523.087158203125,230.69235229492188,-31886.08203125,15941.9794921875,-11473.8876953125,-3807.887939453125,15109.2431640625,-4324.19091796875
377709.04964645,-2522.103759765625,233.1510467529297,-31886.796875,15943.0078125,-11470.4013671875,-3802.23291015625,15114.115234375,-4317.14990234375
377709.052690732,-2527.3564453125,225.03736877441406,-31898.890625,15933.3515625,-11475.654296875,-3806.23388671875,15111.544921875,-4317.12744140625
377709.056486603,-2528.27294921875,225.05970764160156,-31901.86328125,15932.1220703125,-11476.8388671875,-3807.954833984375,15111.232421875,-4318.75927734375
377709.059822988,-2516.962890625,237.28611755371094,-31889.61328125,15944.572265625,-11468.3671875,-3797.181396484375,15124.083984375,-4311.80810546875
377709.062613823,-2519.309814453125,235.43092346191406,-31886.685546875,15943.4765625,-11470.892578125,-3799.774169921875,15122.9443359375,-4313.21630859375
377709.066579266,-2520.226318359375,234.87213134765625,-31885.703125,15944.9072265625,-11468.3671875,-3798.880126953125,15121.267578125,-4315.40673828125
377709.072772492,-2515.48779296875,240.6165313720703,-31882.013671875,15950.7412109375,-11462.935546875,-3795.03564453125,15122.318359375,-4312.634765625
377709.075957172,-2515.733642578125,240.75064086914062,-31878.951171875,15950.271484375,-11463.3603515625,-3797.360107421875,15121.849609375,-4314.087890625
377709.079883232,-2514.638427734375,243.4552001953125,-31870.615234375,15954.5859375,-11456.744140625,-3791.3251953125,15128.1298828125,-4311.517578125
377709.082922773,-2520.7626953125,241.15296936035156,-31871.822265625,15953.78125,-11460.87890625,-3797.293212890625,15125.0673828125,-4316.21142578125
377709.086619089,-2525.322509765625,232.5251922607422,-31884.49609375,15942.001953125,-11472.0556640625,-3805.362060546875,15120.642578125,-4314.5126953125
377709.090612612,-2528.9658203125,223.2045135498047,-31898.041015625,15930.736328125,-11479.6103515625,-3811.374755859375,15116.8427734375,-4310.466796875
377709.094644791,-2525.188232421875,229.1277313232422,-31892.498046875,15939.900390625,-11473.3291015625,-3807.954833984375,15118.7421875,-4308.298828125
377709.100645469,-2522.416748046875,231.4523162841797,-31888.4296875,15945.2646484375,-11469.8203125,-3803.7529296875,15120.6201171875,-4314.490234375
377709.104966833,-2527.401123046875,227.83132934570312,-31891.291015625,15941.5322265625,-11473.708984375,-3805.60791015625,15118.228515625,-4322.291015625
377709.108057793,-2527.401123046875,230.78176879882812,-31889.2109375,15947.232421875,-11468.8369140625,-3803.596435546875,15119.9267578125,-4320.279296875
377709.111954313,-2529.14453125,227.51840209960938,-31898.2421875,15942.26953125,-11474.759765625,-3811.44189453125,15110.7177734375,-4321.73193359375
377709.114802402,-2524.897705078125,231.58642578125,-31894.978515625,15944.818359375,-11471.02734375,-3809.1171875,15112.751953125,-4314.1103515625
377709.118825829,-2519.220458984375,237.55433654785156,-31884.94140625,15949.7802734375,-11463.7626953125,-3798.701416015625,15121.46875,-4306.57763671875
377709.122758452,-2526.1494140625,226.937255859375,-31893.123046875,15934.0224609375,-11477.9560546875,-3809.00537109375,15114.6298828125,-4312.81396484375
377709.126704203,-2526.328369140625,229.08302307128906,-31892.67578125,15937.21875,-11474.916015625,-3809.854736328125,15112.8642578125,-4313.21630859375
377709.131591902,-2516.515869140625,239.45423889160156,-31889.099609375,15947.8134765625,-11465.3271484375,-3802.41162109375,15117.736328125,-4309.662109375
377709.135601836,-2516.24755859375,238.82838439941406,-31889.724609375,15945.421875,-11465.953125,-3801.003662109375,15120.0390625,-4309.57275390625
377709.138743121,-2519.488525390625,233.32986450195312,-31893.123046875,15937.0400390625,-11476.1005859375,-3809.1171875,15113.8251953125,-4315.94287109375
377709.142634901,-2521.813232421875,229.61947631835938,-31896.498046875,15931.33984375,-11483.4990234375,-3816.381591796875,15108.9521484375,-4320.279296875
377709.146601439,-2525.68017578125,226.44552612304688,-31899.42578125,15930.4462890625,-11483.0078125,-3815.64404296875,15112.8642578125,-4317.26171875
377709.150621218,-2520.3603515625,230.84881591796875,-31895.357421875,15939.4755859375,-11469.88671875,-3801.361083984375,15125.828125,-4306.42138671875
377709.155035209,-2526.9541015625,225.64085388183594,-31897.97265625,15936.525390625,-11469.88671875,-3800.288330078125,15124.6650390625,-4309.4384765625
377709.159985267,-2531.55859375,228.65834045410156,-31891.06640625,15940.6611328125,-11469.216796875,-3800.601318359375,15123.2578125,-4313.35009765625
377709.163880693,-2530.75390625,227.45135498046875,-31889.279296875,15938.4482421875,-11474.6484375,-3805.764404296875,15118.3173828125,-4317.93212890625
#377737.191150503,-2720.74365234375,96.91716766357422,-32035.212890625,15689.6953125,-11487.1650390625,-4039.29541015625,14926.7626953125,-4336.59619140625
377737.195444881,-2714.6865234375,102.39334106445312,-32028.73046875,15692.109375,-11488.595703125,-4041.10595703125,14928.439453125,-4337.4677734375
377737.198524172,-2713.926513671875,105.23200988769531,-32025.466796875,15690.0078125,-11496.6865234375,-4046.6044921875,14926.3828125,-4342.6982421875
377737.202471017,-2718.016845703125,101.76749420166016,-32030.541015625,15680.173828125,-11509.830078125,-4057.378173828125,14922.046875,-4345.76025390625
377737.206236256,-2717.390869140625,104.76262664794922,-32033.984375,15683.4365234375,-11506.6552734375,-4054.8076171875,14925.064453125,-4341.513671875
377737.210239626,-2712.56298828125,109.99293518066406,-32031.45703125,15689.60546875,-11501.9169921875,-4051.454833984375,14931.412109375,-4334.53955078125
377737.215139359,-2708.629150390625,114.08330535888672,-32026.0703125,15690.5,-11504.599609375,-4050.7841796875,14938.4755859375,-4330.9189453125
377737.219070888,-2704.427001953125,121.92876434326172,-32015.54296875,15698.8818359375,-11497.357421875,-4042.13427734375,14948.9140625,-4326.671875
377737.223315671,-2710.484375,123.58279418945312,-32013.3984375,15706.3916015625,-11492.015625,-4039.340087890625,14949.31640625,-4331.1201171875
377737.227486789,-2716.608642578125,121.86170959472656,-32017.287109375,15709.833984375,-11487.947265625,-4037.32861328125,14947.6396484375,-4331.09765625
377737.233285804,-2712.65234375,119.38066864013672,-32016.146484375,15709.767578125,-11485.01953125,-4035.31689453125,14948.8916015625,-4327.0517578125
377737.236512787,-2716.832275390625,118.17367553710938,-32004.2109375,15716.181640625,-11475.5869140625,-4024.94580078125,14958.9716796875,-4322.4248046875
377737.240419883,-2719.089599609375,116.67610931396484,-31992.119140625,15722.41796875,-11468.255859375,-4017.34619140625,14963.62109375,-4321.7099609375
377737.244357611,-2719.0673828125,117.74899291992188,-31986.708984375,15726.7099609375,-11466.4892578125,-4020.296630859375,14959.1728515625,-4322.17919921875
377737.247397882,-2723.627197265625,110.93170928955078,-31995.11328125,15718.998046875,-11471.8544921875,-4027.158447265625,14950.43359375,-4322.849609375
377737.250353184,-2726.197509765625,107.91422271728516,-32001.23828125,15720.2724609375,-11470.0654296875,-4029.9970703125,14943.951171875,-4328.16943359375
377737.254459756,-2725.34814453125,108.83064270019531,-31997.728515625,15726.7763671875,-11460.65625,-4022.665771484375,14949.1591796875,-4326.6494140625
377737.258368311,-2728.812744140625,104.36029815673828,-32000.142578125,15721.1669921875,-11465.9306640625,-4024.588134765625,14947.8857421875,-4328.61669921875
377737.263334779,-2731.293701171875,98.03475189208984,-32009.10546875,15712.0244140625,-11474.15625,-4029.885498046875,14941.7607421875,-4332.95263671875
377737.267457032,-2726.711669921875,94.23495483398438,-32022.048828125,15703.9775390625,-11475.5869140625,-4026.80078125,14941.8955078125,-4327.20849609375
377737.271511456,-2730.824462890625,85.808349609375,-32038.431640625,15689.6953125,-11488.796875,-4039.362548828125,14926.6962890625,-4333.6904296875
377737.274543339,-2730.53369140625,87.03768920898438,-32041.13671875,15687.7509765625,-11494.4736328125,-4046.447998046875,14917.4423828125,-4342.36279296875
377737.27849529,-2733.14892578125,84.66841125488281,-32042.923828125,15680.5537109375,-11500.3974609375,-4051.0078125,14912.6591796875,-4346.78857421875
377737.282505953,-2729.77392578125,89.54109191894531,-32042.72265625,15680.77734375,-11502.341796875,-4055.075927734375,14910.8037109375,-4347.1015625
377737.286440035,-2730.109130859375,87.82000732421875,-32049.763671875,15673.6240234375,-11511.8857421875,-4064.932861328125,14903.5400390625,-4349.31396484375
377737.291225626,-2729.326904296875,89.31757354736328,-32049.83203125,15670.0029296875,-11516.826171875,-4069.135009765625,14901.7734375,-4350.431640625
377737.295436858,-2718.55322265625,108.78594207763672,-32030.853515625,15689.13671875,-11503.392578125,-4055.031005859375,14917.912109375,-4344.19580078125
377737.299330826,-2709.836181640625,122.62167358398438,-32015.87890625,15700.8486328125,-11496.798828125,-4045.866943359375,14931.1220703125,-4339.36767578125
377737.303576703,-2708.56201171875,130.1765594482422,-32010.669921875,15706.2578125,-11494.4072265625,-4042.6259765625,14938.36328125,-4336.97607421875
377737.307324437,-2706.05859375,137.66439819335938,-32009.642578125,15712.1142578125,-11491.61328125,-4042.603515625,14939.6376953125,-4335.41162109375
377737.312201196,-2700.940185546875,143.3640899658203,-32003.0703125,15720.1826171875,-11481.443359375,-4029.147705078125,14950.0537109375,-4327.431640625
377737.316574708,-2702.14697265625,142.85000610351562,-31993.662109375,15724.6533203125,-11474.916015625,-4019.983642578125,14958.9716796875,-4325.33056640625
377737.320556927,-2707.4443359375,140.279541015625,-31980.919921875,15727.4697265625,-11468.61328125,-4012.875732421875,14968.494140625,-4321.73193359375
377737.324329094,-2703.890625,148.90731811523438,-31966.83984375,15743.80859375,-11453.3466796875,-4001.386962890625,14978.26171875,-4317.75341796875
377737.328350697,-2700.604736328125,149.5108184814453,-31963.955078125,15752.0791015625,-11441.1201171875,-3992.71435546875,14982.888671875,-4316.39013671875
377737.331276826,-2698.503662109375,148.90731811523438,-31962.279296875,15756.2587890625,-11430.927734375,-3983.12548828125,14988.2529296875,-4313.4619140625
377737.334350282,-2699.643798828125,144.45932006835938,-31964.6484375,15753.576171875,-11433.900390625,-3985.8525390625,14985.7275390625,-4314.2666015625
377737.338317549,-2703.130615234375,141.91122436523438,-31965.1171875,15750.40234375,-11442.23828125,-3996.13427734375,14974.5732421875,-4321.642578125
377737.342341704,-2702.39306640625,146.24746704101562,-31965.720703125,15754.0234375,-11443.8701171875,-4001.185791015625,14965.9013671875,-4324.302734375
377737.347369073,-2706.05859375,137.6420440673828,-31980.048828125,15746.5361328125,-11447.267578125,-4005.052734375,14959.9775390625,-4324.50390625
377737.351373537,-2708.673828125,126.13089752197266,-31995.873046875,15736.5888671875,-11450.1728515625,-4006.52783203125,14959.5751953125,-4321.01708984375
377737.354539255,-2719.4697265625,104.98614501953125,-32015.07421875,15713.74609375,-11466.400390625,-4015.982666015625,14952.154296875,-4326.716796875
377737.358420824,-2736.77001953125,86.09892272949219,-32031.771484375,15692.8916015625,-11482.001953125,-4027.583251953125,14940.2412109375,-4337.78076171875
377737.36366736,-2738.982666015625,85.3836669921875,-32037.58203125,15692.5341796875,-11484.416015625,-4034.177001953125,14933.267578125,-4338.451171875
377737.367553305,-2738.0439453125,84.17666625976562,-32047.015625,15690.4775390625,-11488.39453125,-4042.849365234375,14926.1376953125,-4340.79833984375
377737.370584459,-2731.76318359375,85.0036849975586,-32050.099609375,15686.4091796875,-11495.9267578125,-4051.968994140625,14918.6943359375,-4341.35693359375
377737.375507896,-2729.75146484375,90.09988403320312,-32045.673828125,15687.7509765625,-11500.2412109375,-4056.30517578125,14915.140625,-4345.044921875
377737.379627961,-2736.16650390625,83.23789978027344,-32049.02734375,15676.462890625,-11515.1494140625,-4068.10693359375,14908.703125,-4353.80712890625
377737.383667069,-2733.75244140625,89.27286529541016,-32047.57421875,15676.708984375,-11521.921875,-4075.88525390625,14903.830078125,-4360.087890625
377737.387491749,-2723.202392578125,104.24853515625,-32038.341796875,15689.046875,-11509.78515625,-4062.92138671875,14918.9404296875,-4346.81103515625
377737.391630047,-2715.133544921875,112.8986587524414,-32029.044921875,15694.27734375,-11503.0791015625,-4054.852294921875,14931.61328125,-4341.2451171875
377737.396507171,-2708.78564453125,120.90058898925781,-32015.7890625,15701.162109375,-11499.5478515625,-4051.49951171875,14934.83203125,-4344.888671875
377737.40065568,-2699.710693359375,134.1328125,-31997.326171875,15715.3330078125,-11487.65625,-4039.451904296875,14943.6162109375,-4341.17822265625
377737.404679106,-2693.36279296875,143.92288208007812,-31983.603515625,15728.05078125,-11473.0166015625,-4023.33642578125,14956.9384765625,-4330.44921875
377737.408807558,-2685.875,152.14833068847656,-31975.33203125,15739.5400390625,-11454.732421875,-4004.002197265625,14975.5126953125,-4315.74169921875
377737.41267527,-2681.896484375,155.322265625,-31969.119140625,15746.7373046875,-11441.9248046875,-3988.75830078125,14988.6552734375,-4311.673828125
377737.415747632,-2678.76708984375,164.9335174560547,-31955.640625,15758.8291015625,-11431.8447265625,-3980.443359375,14995.71875,-4310.60107421875
377737.418916632,-2679.0576171875,162.89952087402344,-31948.376953125,15760.7509765625,-11429.966796875,-3977.73876953125,14998.04296875,-4311.6513671875
377737.422794554,-2679.482421875,160.4631805419922,-31946.208984375,15763.7470703125,-11425.787109375,-3973.603759765625,15003.5634765625,-4308.74560546875
377737.42669618,-2675.302734375,165.53701782226562,-31947.974609375,15769.6474609375,-11419.2158203125,-3968.887451171875,15007.69921875,-4302.6435546875
377737.430656883,-2672.754638671875,166.27462768554688,-31952.9140625,15767.546875,-11421.919921875,-3970.876708984375,15005.1064453125,-4303.0908203125
377737.435481494,-2681.091796875,157.75860595703125,-31961.072265625,15758.8515625,-11431.978515625,-3981.069091796875,14993.3935546875,-4312.54541015625
377737.438531976,-2686.5009765625,153.9141082763672,-31966.236328125,15755.8115234375,-11432.73828125,-3981.493896484375,14989.5048828125,-4316.6806640625
377737.44362535,-2699.0849609375,139.22901916503906,-31984.384765625,15742.4228515625,-11437.56640625,-3983.12548828125,14987.1572265625,-4316.099609375
377737.446776481,-2711.4453125,118.03956604003906,-32015.0078125,15718.5517578125,-11458.9345703125,-4005.2314453125,14968.8740234375,-4319.8994140625
377737.450789697,-2721.36962890625,99.42056274414062,-32039.146484375,15696.646484375,-11481.4208984375,-4027.247802734375,14950.2099609375,-4326.0458984375
377737.454472884,-2734.087646484375,82.94732666015625,-32054.5703125,15680.5087890625,-11495.8818359375,-4041.351806640625,14936.2626953125,-4338.6748046875
377737.458431035,-2738.580322265625,75.10186004638672,-32062.326171875,15670.361328125,-11509.181640625,-4052.93017578125,14926.8525390625,-4346.94482421875
377737.463798642,-2740.4580078125,74.7889404296875,-32064.3828125,15670.5625,-11514.1435546875,-4059.970947265625,14917.8896484375,-4352.75634765625
377737.467519391,-2742.96142578125,73.67134857177734,-32068.361328125,15675.1220703125,-11513.71875,-4066.408203125,14908.0771484375,-4356.0869140625
377737.471419194,-2743.117919921875,69.15629577636719,-32067.556640625,15672.796875,-11515.9990234375,-4070.29736328125,14905.2158203125,-4356.265625
377737.475420375,-2748.415283203125,67.74813842773438,-32057.54296875,15674.5859375,-11514.9931640625,-4069.51513671875,14905.88671875,-4357.11474609375
377737.479697613,-2747.74462890625,72.26319122314453,-32041.091796875,15682.8779296875,-11508.734375,-4064.08349609375,14910.15625,-4357.74072265625
377737.484629073,-2749.95751953125,78.40991973876953,-32030.541015625,15689.6953125,-11506.3203125,-4065.670654296875,14908.345703125,-4359.75244140625
377737.48873601,-2733.998291015625,92.67033386230469,-32014.134765625,15704.3798828125,-11489.3330078125,-4053.220703125,14917.8447265625,-4350.40966796875
377737.492888166,-2717.815673828125,107.93657684326172,-31991.380859375,15722.2392578125,-11468.412109375,-4035.585205078125,14932.775390625,-4341.75927734375
377737.496005747,-2713.121826171875,117.68193817138672,-31975.33203125,15734.287109375,-11459.44921875,-4031.13720703125,14934.67578125,-4345.15673828125
377737.499412148,-2711.75830078125,120.5653076171875,-31965.20703125,15736.701171875,-11458.3759765625,-4031.69580078125,14932.3515625,-4348.8671875
377737.502783906,-2710.08203125,124.78978729248047,-31956.7578125,15745.619140625,-11444.47265625,-4018.53076171875,14942.2529296875,-4342.6982421875
377737.506792381,-2703.689453125,130.24362182617188,-31956.78125,15752.66015625,-11433.275390625,-4011.556884765625,14949.583984375,-4331.90234375
377737.51095183,-2699.46484375,128.83544921875,-31964.26953125,15745.41796875,-11436.962890625,-4014.14990234375,14953.0712890625,-4323.58740234375
377737.515064236,-2701.811767578125,122.53226470947266,-31973.076171875,15733.794921875,-11446.0380859375,-4017.32373046875,14953.294921875,-4321.53076171875
377737.519804244,-2701.297607421875,123.62749481201172,-31982.1953125,15727.6484375,-11455.8720703125,-4022.263427734375,14954.4345703125,-4321.75439453125
377737.523036332,-2707.600830078125,116.43023681640625,-32004.0546875,15712.0244140625,-11474.111328125,-4036.32275390625,14949.3388671875,-4322.6484375
377737.526095201,-2707.913818359375,113.41275024414062,-32023.568359375,15701.3408203125,-11485.82421875,-4046.6044921875,14946.3876953125,-4321.53076171875
377737.530794,-2706.95263671875,113.07747650146484,-32030.072265625,15698.412109375,-11491.27734375,-4051.834716796875,14945.13671875,-4320.97216796875
377737.534832743,-2705.209228515625,117.32431030273438,-32025.423828125,15701.787109375,-11488.8857421875,-4049.733642578125,14946.96875,-4321.083984375
377737.540507404,-2707.064453125,115.58087158203125,-32024.126953125,15697.607421875,-11491.0322265625,-4046.850341796875,14951.7080078125,-4321.32958984375
377737.543955378,-2709.098388671875,113.72567749023438,-32026.115234375,15699.060546875,-11490.8525390625,-4047.49853515625,14949.1376953125,-4324.32470703125
377737.546920891,-2708.4501953125,108.89769744873047,-32029.177734375,15697.943359375,-11486.8076171875,-4042.245849609375,14952.5791015625,-4315.3173828125
377737.551979622,-2708.427978515625,103.66738891601562,-32031.81640625,15695.193359375,-11488.1708984375,-4044.749267578125,14949.115234375,-4311.58447265625
377737.555854262,-2710.797119140625,102.1698226928711,-32028.619140625,15696.580078125,-11488.998046875,-4045.956298828125,14943.5498046875,-4319.8544921875
377737.559857632,-2711.534912109375,107.08720397949219,-32019.232421875,15700.0888671875,-11489.556640625,-4046.649169921875,14944.80078125,-4321.3076171875
377737.563682312,-2712.227783203125,105.12025451660156,-32016.861328125,15697.5185546875,-11494.943359375,-4053.153564453125,14935.6142578125,-4327.99072265625
377737.567751687,-2705.25390625,105.41082763671875,-32015.611328125,15699.8203125,-11494.5185546875,-4056.439208984375,14929.4677734375,-4330.94091796875
377737.572705392,-2704.091796875,104.76262664794922,-32014.60546875,15701.0048828125,-11493.625,-4060.172119140625,14925.220703125,-4335.72412109375
377737.576654425,-2707.220947265625,104.60616302490234,-32007.7421875,15703.7548828125,-11491.970703125,-4062.072021484375,14917.4873046875,-4344.0166015625
377737.579692873,-2710.88671875,106.79663848876953,-31997.125,15709.4990234375,-11485.0859375,-4056.036865234375,14919.2978515625,-4346.14013671875
377737.583586841,-2712.339599609375,102.19217681884766,-31994.599609375,15706.861328125,-11482.001953125,-4052.035888671875,14923.455078125,-4342.78759765625
377737.586869983,-2713.18896484375,104.33794403076172,-31996.388671875,15715.8916015625,-11473.75390625,-4052.10302734375,14919.677734375,-4340.462890625
377737.590699039,-2708.517333984375,114.64209747314453,-31992.72265625,15732.9677734375,-11459.314453125,-4042.13427734375,14924.21484375,-4337.6689453125
377737.594711526,-2707.2880859375,115.40205383300781,-31993.59375,15731.6943359375,-11459.3818359375,-4040.234375,14927.5673828125,-4333.95849609375
377737.598764855,-2709.836181640625,112.7198486328125,-31999.271484375,15722.1279296875,-11466.265625,-4040.10009765625,14932.8427734375,-4330.248046875
377737.60277333,-2710.126708984375,107.71305847167969,-32012.927734375,15706.66015625,-11478.1572265625,-4044.481201171875,14934.3408203125,-4329.287109375
377737.606662558,-2712.540771484375,101.43221282958984,-32029.0,15693.8076171875,-11488.05859375,-4051.633544921875,14930.9873046875,-4329.689453125
377737.609791444,-2713.74755859375,101.09693908691406,-32034.474609375,15690.7236328125,-11489.8251953125,-4052.572509765625,14933.8935546875,-4325.55419921875
377737.614710505,-2708.338623046875,109.5011978149414,-32031.033203125,15698.9931640625,-11486.5390625,-4051.4326171875,14935.7265625,-4326.40380859375
377737.618685794,-2704.6728515625,117.43606567382812,-32026.875,15705.4755859375,-11487.03125,-4051.879638671875,14933.580078125,-4331.701171875
377737.622793096,-2706.05859375,115.692626953125,-32028.283203125,15702.033203125,-11489.4892578125,-4052.818359375,14932.2392578125,-4334.830078125
377737.626729365,-2707.109130859375,111.93753814697266,-32033.73828125,15698.1884765625,-11489.958984375,-4052.9970703125,14929.958984375,-4333.869140625
377737.630772484,-2705.4775390625,105.36612701416016,-32038.923828125,15689.046875,-11495.658203125,-4056.90869140625,14926.6513671875,-4333.60107421875
377737.634833472,-2709.523193359375,98.97352600097656,-32039.326171875,15684.1298828125,-11505.3369140625,-4067.88330078125,14917.46484375,-4340.060546875
377737.641015757,-2709.97021484375,101.67808532714844,-32030.720703125,15690.9248046875,-11503.6826171875,-4068.978515625,14917.0625,-4338.94287109375
377737.643824826,-2708.271484375,103.33211517333984,-32024.775390625,15694.5234375,-11498.51953125,-4062.2060546875,14925.9140625,-4334.13720703125
377737.647735204,-2711.199462890625,97.0065689086914,-32030.2734375,15689.3828125,-11503.75,-4068.442138671875,14921.9794921875,-4335.54541015625
377737.652091576,-2711.8701171875,94.3243637084961,-32030.474609375,15688.48828125,-11503.1240234375,-4069.4033203125,14921.2421875,-4334.20458984375
377737.655871766,-2710.2607421875,95.48664855957031,-32021.82421875,15692.7353515625,-11498.7880859375,-4065.067138671875,14923.8349609375,-4333.4892578125
377737.660795203,-2717.435791015625,91.48568725585938,-32017.666015625,15689.1142578125,-11504.1748046875,-4071.19140625,14921.9130859375,-4333.869140625
377737.663818699,-2714.708740234375,99.77819061279297,-32009.419921875,15699.619140625,-11492.484375,-4064.239990234375,14925.220703125,-4332.37158203125
377737.666954149,-2714.798095703125,99.12998962402344,-32015.431640625,15700.8935546875,-11492.015625,-4065.3798828125,14921.8681640625,-4331.34326171875
377737.671047593,-2714.8876953125,95.19608306884766,-32021.7578125,15696.736328125,-11495.859375,-4069.1796875,14919.275390625,-4330.248046875
377737.675018142,-2714.038330078125,90.14458465576172,-32025.7578125,15690.3662109375,-11502.1630859375,-4076.444091796875,14913.93359375,-4335.2998046875
377737.678846104,-2716.76513671875,89.60814666748047,-32026.763671875,15692.2431640625,-11499.9052734375,-4072.666748046875,14913.1064453125,-4339.6806640625
377737.683009565,-2726.95751953125,84.69075775146484,-32034.9453125,15685.068359375,-11506.0517578125,-4075.013671875,14912.0556640625,-4343.14501953125
377737.686878006,-2723.694091796875,92.96090698242188,-32038.56640625,15689.650390625,-11502.9228515625,-4074.27587890625,14912.8828125,-4340.306640625
377737.689929946,-2710.797119140625,101.05223846435547,-32036.509765625,15692.6904296875,-11501.7607421875,-4074.432373046875,14911.1396484375,-4340.35107421875
377737.693841054,-2711.98193359375,96.24661254882812,-32036.77734375,15685.068359375,-11508.689453125,-4079.461669921875,14908.94921875,-4345.33544921875
377737.698060309,-2706.438720703125,106.6178207397461,-32026.16015625,15695.4619140625,-11501.134765625,-4071.862060546875,14915.85546875,-4341.625
377737.702872886,-2704.136474609375,114.15036010742188,-32021.154296875,15702.4130859375,-11496.708984375,-4068.151611328125,14920.5048828125,-4340.8427734375
377737.706782899,-2702.035400390625,117.05608367919922,-32020.595703125,15708.716796875,-11489.6015625,-4062.49658203125,14925.7353515625,-4335.54541015625
377737.710778611,-2701.118896484375,120.36414337158203,-32018.494140625,15713.455078125,-11482.8515625,-4054.941650390625,14931.009765625,-4331.2763671875
377737.7149552,-2698.861328125,123.00164794921875,-32011.54296875,15717.58984375,-11479.029296875,-4050.0244140625,14936.9111328125,-4328.97412109375
377737.718899128,-2701.320068359375,119.44772338867188,-32011.318359375,15712.29296875,-11483.07421875,-4049.53271484375,14935.994140625,-4334.2490234375
377737.723832776,-2707.6455078125,111.82577514648438,-32015.857421875,15705.9453125,-11483.3203125,-4046.537353515625,14936.7763671875,-4335.00927734375
377737.727892305,-2707.019775390625,109.1659164428711,-32019.90234375,15703.84375,-11485.1982421875,-4050.046630859375,14934.8994140625,-4328.236328125
377737.731974443,-2709.701904296875,105.56729125976562,-32021.689453125,15701.8544921875,-11484.7060546875,-4048.034912109375,14938.5869140625,-4322.6484375
377737.735782349,-2714.530029296875,98.61589813232422,-32022.361328125,15695.8642578125,-11489.66796875,-4052.840576171875,14938.296875,-4326.38134765625
377737.741913215,-2719.76025390625,91.5303955078125,-32023.947265625,15689.6953125,-11495.748046875,-4057.333251953125,14935.9716796875,-4330.9189453125
377737.746083604,-2726.97998046875,86.18832397460938,-32028.73046875,15684.5322265625,-11501.693359375,-4063.636474609375,14930.0263671875,-4335.478515625
377737.749215772,-2729.125732421875,81.67327117919922,-32035.638671875,15682.185546875,-11503.146484375,-4068.866943359375,14923.1640625,-4337.087890625
377737.752917923,-2733.484130859375,78.40991973876953,-32039.9296875,15683.7275390625,-11506.0966796875,-4079.439208984375,14911.0498046875,-4343.078125
377737.756147823,-2731.56201171875,80.89096069335938,-32032.798828125,15690.5673828125,-11499.48046875,-4074.07470703125,14917.0625,-4337.244140625
377737.760071329,-2735.898193359375,79.99689483642578,-32031.123046875,15691.7294921875,-11498.4521484375,-4071.549072265625,14920.5498046875,-4337.84765625
377737.762932546,-2740.793212890625,71.43617248535156,-32044.376953125,15680.1064453125,-11511.662109375,-4084.89306640625,14908.3681640625,-4346.14013671875
377737.767145967,-2733.730224609375,70.98914337158203,-32054.123046875,15675.814453125,-11514.970703125,-4089.67626953125,14903.3388671875,-4343.77099609375
377737.771044311,-2732.6796875,73.15725708007812,-32058.59375,15674.697265625,-11516.1103515625,-4093.319580078125,14897.4375,-4348.62109375
377737.774268376,-2729.86328125,78.81224822998047,-32053.83203125,15677.6923828125,-11512.5791015625,-4088.67041015625,14896.87890625,-4352.48828125
377737.778048202,-2719.4697265625,88.98229217529297,-32045.337890625,15681.2236328125,-11511.3046875,-4085.429443359375,14900.0751953125,-4351.34814453125
377737.78198593,-2717.994384765625,97.45360565185547,-32041.671875,15689.7626953125,-11506.9912109375,-4083.127197265625,14901.6396484375,-4352.19775390625
377737.786001334,-2712.74169921875,104.74027252197266,-32040.107421875,15698.2109375,-11497.267578125,-4074.29833984375,14907.7197265625,-4346.4755859375
377737.790980931,-2699.531982421875,116.51964569091797,-32031.81640625,15706.8837890625,-11487.9248046875,-4064.88818359375,14917.62109375,-4338.60791015625
377737.794987582,-2702.14697265625,112.67514038085938,-32029.916015625,15701.2734375,-11489.0205078125,-4060.574462890625,14924.8857421875,-4336.439453125
377737.799062063,-2701.946044921875,114.6644515991211,-32023.03125,15703.53125,-11486.091796875,-4054.136962890625,14932.171875,-4333.2431640625
377737.803078925,-2706.036376953125,112.45162963867188,-32024.171875,15702.3466796875,-11486.6513671875,-4053.1982421875,14930.5625,-4335.5009765625
377737.807007173,-2717.0556640625,98.37002563476562,-32037.470703125,15690.208984375,-11495.3232421875,-4061.69189453125,14925.6455078125,-4337.33349609375
377737.811989687,-2715.87109375,96.47013092041016,-32037.1796875,15689.001953125,-11493.4677734375,-4057.89208984375,14929.6015625,-4332.505859375
377737.815211564,-2716.072265625,103.84620666503906,-32029.177734375,15696.9814453125,-11489.400390625,-4052.3935546875,14931.099609375,-4331.4775390625
377737.81991401,-2719.24609375,99.7558364868164,-32025.19921875,15695.08203125,-11490.3388671875,-4052.237060546875,14931.703125,-4334.2490234375
377737.824263818,-2718.6650390625,96.85010528564453,-32024.103515625,15692.0869140625,-11491.7919921875,-4053.421875,14933.22265625,-4333.53369140625
377737.828026504,-2720.900146484375,92.11154174804688,-32029.8046875,15685.6044921875,-11497.71484375,-4061.557861328125,14929.6689453125,-4331.0302734375
377737.832996984,-2716.697998046875,95.28548431396484,-32025.982421875,15691.505859375,-11492.6630859375,-4059.859130859375,14931.6806640625,-4326.60498046875
377737.836246941,-2717.033447265625,94.01143646240234,-32020.974609375,15692.6904296875,-11494.02734375,-4062.29541015625,14929.04296875,-4332.86328125
377737.839302163,-2721.4814453125,89.40697479248047,-32020.1484375,15688.935546875,-11497.4248046875,-4065.31298828125,14926.4052734375,-4340.8876953125
377737.842353739,-2729.95263671875,80.46627807617188,-32027.30078125,15681.08984375,-11504.0185546875,-4070.67724609375,14919.677734375,-4345.1123046875
377737.847206065,-2729.393798828125,85.74129486083984,-32029.53515625,15690.544921875,-11497.2236328125,-4071.4150390625,14915.1181640625,-4343.14501953125
377737.851022358,-2732.210205078125,86.45655059814453,-32033.87109375,15693.78515625,-11497.044921875,-4077.159423828125,14907.4736328125,-4347.77197265625
377737.85506183,-2729.34912109375,83.77433776855469,-32038.185546875,15687.7734375,-11504.0625,-4083.261474609375,14902.5341796875,-4353.76220703125
377737.858093713,-2727.96337890625,86.34478759765625,-32036.46484375,15689.0244140625,-11503.638671875,-4084.11083984375,14901.3271484375,-4353.76220703125
377737.862374598,-2727.15869140625,88.3564453125,-32040.17578125,15686.119140625,-11505.873046875,-4085.764892578125,14898.041015625,-4357.13720703125
377737.866381979,-2724.76708984375,92.64797973632812,-32048.064453125,15682.8779296875,-11509.4052734375,-4086.524658203125,14895.6494140625,-4357.4951171875
377737.870266101,-2719.201416015625,95.33019256591797,-32051.619140625,15681.5146484375,-11509.4052734375,-4084.133056640625,14894.2861328125,-4361.78662109375
377737.874131989,-2703.622314453125,108.9424057006836,-32036.017578125,15695.0146484375,-11496.1953125,-4067.749267578125,14905.8642578125,-4353.4267578125
377737.879118514,-2697.319091796875,119.31361389160156,-32021.421875,15704.5146484375,-11484.6396484375,-4050.650146484375,14923.1865234375,-4340.216796875
377737.883081041,-2699.710693359375,121.28056335449219,-32016.59375,15706.9951171875,-11480.9287109375,-4044.01171875,14932.8203125,-4334.115234375
377737.887148957,-2703.75634765625,116.63140106201172,-32021.400390625,15702.48046875,-11481.7783203125,-4043.6318359375,14936.0166015625,-4329.22021484375
377737.891186606,-2705.544677734375,112.67514038085938,-32023.052734375,15699.3515625,-11482.671875,-4044.481201171875,14936.9111328125,-4328.1025390625
377737.895129075,-2707.533935546875,111.15522766113281,-32016.66015625,15700.22265625,-11481.5771484375,-4043.2294921875,14939.1015625,-4329.17529296875
377737.900139669,-2707.0869140625,114.73150634765625,-32007.005859375,15706.6376953125,-11477.1513671875,-4038.71435546875,14943.6611328125,-4328.16943359375
377737.904205397,-2712.719482421875,110.32820892333984,-32009.53125,15702.5703125,-11484.728515625,-4046.31396484375,14938.408203125,-4332.14794921875
377737.908034089,-2718.6875,98.3476791381836,-32019.791015625,15691.2822265625,-11492.9765625,-4054.69580078125,14933.8935546875,-4329.845703125
377737.912083407,-2719.313232421875,95.50900268554688,-32018.650390625,15692.7578125,-11487.701171875,-4048.370361328125,14941.224609375,-4320.5029296875
377737.916417534,-2716.94384765625,99.64407348632812,-32006.55859375,15702.837890625,-11475.072265625,-4034.869873046875,14951.1484375,-4314.75830078125
377737.919044996,-2713.94873046875,103.30976104736328,-31999.517578125,15705.9677734375,-11477.5537109375,-4039.31787109375,14944.3095703125,-4322.38037109375
377737.925244786,-2721.14599609375,97.96769714355469,-32000.5234375,15702.5703125,-11483.1640625,-4046.649169921875,14935.0107421875,-4330.56103515625
377737.928196076,-2721.77197265625,96.17955780029297,-32004.92578125,15702.5703125,-11482.873046875,-4051.365478515625,14930.205078125,-4333.109375
377737.932035344,-2724.588134765625,87.4623794555664,-32016.302734375,15692.265625,-11491.0537109375,-4060.68603515625,14924.8408203125,-4335.72412109375
377737.935202155,-2721.34716796875,87.23886108398438,-32022.740234375,15688.48828125,-11497.87109375,-4066.251708984375,14919.2978515625,-4341.20068359375
377737.939064397,-2724.722412109375,86.03186798095703,-32029.2890625,15686.3203125,-11504.041015625,-4072.7783203125,14911.4072265625,-4350.0517578125
377737.942231209,-2726.599853515625,87.01534271240234,-32034.564453125,15689.806640625,-11505.6279296875,-4078.791015625,14903.5400390625,-4355.99755859375
377737.947193666,-2718.910888671875,93.09501647949219,-32037.359375,15695.171875,-11499.16796875,-4075.013671875,14906.3564453125,-4349.626953125
377737.951143064,-2719.4697265625,91.77626037597656,-32041.203125,15693.8076171875,-11498.1396484375,-4074.030029296875,14907.6298828125,-4346.56494140625
377737.95610698,-2720.497802734375,93.2291259765625,-32037.849609375,15693.3828125,-11495.8818359375,-4068.039794921875,14909.75390625,-4347.2353515625
377737.959111877,-2716.0498046875,97.18538665771484,-32030.25,15693.6962890625,-11492.5966796875,-4059.948486328125,14915.6767578125,-4346.654296875
377737.963102483,-2713.4794921875,102.03571319580078,-32025.7578125,15696.5126953125,-11488.9306640625,-4054.2041015625,14924.05859375,-4342.51904296875
377737.967074856,-2708.293701171875,112.74220275878906,-32022.47265625,15708.873046875,-11478.4921875,-4047.2080078125,14930.49609375,-4336.8642578125
377737.971107034,-2701.946044921875,119.35831451416016,-32016.080078125,15713.5224609375,-11472.5244140625,-4039.89892578125,14940.77734375,-4327.521484375
377737.975254085,-2702.080078125,119.6712417602539,-32012.48046875,15711.1533203125,-11476.369140625,-4042.581298828125,14939.302734375,-4330.248046875
377737.979282617,-2705.634033203125,118.66541290283203,-32007.51953125,15711.443359375,-11475.7880859375,-4038.73681640625,14942.3427734375,-4330.40478515625
377737.984161199,-2705.16455078125,119.78299713134766,-32003.5859375,15713.298828125,-11470.8486328125,-4029.8408203125,14948.4892578125,-4327.56591796875
377737.988070119,-2708.4501953125,114.2397689819336,-32010.0,15710.4150390625,-11469.1044921875,-4028.4326171875,14946.96875,-4325.55419921875
377737.992192371,-2706.997314453125,113.63626861572266,-32011.408203125,15713.7900390625,-11469.3955078125,-4032.075927734375,14942.7666015625,-4324.74951171875
377737.996242054,-2710.730224609375,107.71305847167969,-32014.783203125,15706.5263671875,-11479.6552734375,-4041.687255859375,14936.7548828125,-4330.18115234375
377738.000306324,-2710.08203125,109.76941680908203,-32008.212890625,15707.7109375,-11479.7666015625,-4040.681396484375,14939.75,-4327.87890625
377738.004192634,-2713.434814453125,108.2718505859375,-32009.28515625,15705.85546875,-11481.7333984375,-4042.8046875,14938.251953125,-4327.38720703125
377738.007238375,-2712.94287109375,105.88021087646484,-32016.7734375,15702.0556640625,-11485.0634765625,-4047.275146484375,14934.98828125,-4325.82275390625
377738.010315113,-2713.658203125,102.34864044189453,-32020.7734375,15699.015625,-11489.6015625,-4053.91357421875,14930.9208984375,-4327.23046875
377738.014346562,-2711.512451171875,104.2038345336914,-32014.001953125,15701.4521484375,-11491.61328125,-4058.450927734375,14927.6123046875,-4331.6787109375
377738.018361601,-2708.494873046875,112.63043975830078,-32002.51171875,15712.3818359375,-11483.119140625,-4050.29248046875,14932.552734375,-4333.75732421875
377738.023250759,-2707.310302734375,110.68583679199219,-32003.98828125,15712.1142578125,-11482.560546875,-4050.180908203125,14933.5576171875,-4334.31640625
377738.027293878,-2707.712646484375,105.7684555053711,-32014.42578125,15704.4248046875,-11489.4892578125,-4056.193359375,14928.7744140625,-4333.265625
377738.030339619,-2704.918701171875,107.4671859741211,-32020.7734375,15701.1171875,-11495.189453125,-4063.27880859375,14920.83984375,-4335.478515625
377738.034297769,-2701.18603515625,114.06095123291016,-32018.025390625,15707.3759765625,-11492.6416015625,-4062.02734375,14920.392578125,-4337.0654296875
377738.038347452,-2704.829345703125,117.2125473022461,-32018.046875,15708.470703125,-11492.9765625,-4063.189453125,14917.576171875,-4338.25
377738.042337693,-2706.841064453125,119.98416137695312,-32020.595703125,15705.744140625,-11492.216796875,-4059.456787109375,14920.1025390625,-4338.048828125
377738.046427125,-2711.020751953125,108.07068634033203,-32029.40234375,15703.9560546875,-11487.2763671875,-4054.29345703125,14921.64453125,-4340.41796875
377738.052418687,-2716.16162109375,96.89481353759766,-32033.89453125,15697.7197265625,-11488.39453125,-4052.7958984375,14926.025390625,-4332.97509765625
377738.05549506,-2714.37353515625,103.68974304199219,-32023.25390625,15704.134765625,-11480.50390625,-4044.749267578125,14934.876953125,-4328.99658203125
377738.059457951,-2705.432861328125,111.6693115234375,-32010.1796875,15710.6611328125,-11470.826171875,-4030.757080078125,14947.2822265625,-4324.66015625
377738.063481013,-2705.58935546875,116.63140106201172,-32006.603515625,15712.1591796875,-11471.5185546875,-4030.93603515625,14948.466796875,-4326.2470703125
377738.067429317,-2701.342529296875,121.72760009765625,-32005.240234375,15716.2265625,-11465.6181640625,-4025.593994140625,14954.3671875,-4317.4404296875
377738.072344731,-2697.408447265625,124.29804992675781,-32004.234375,15716.583984375,-11461.86328125,-4018.486083984375,14962.01171875,-4309.908203125
377738.07634336,-2696.78271484375,128.67898559570312,-32000.322265625,15718.5517578125,-11465.0595703125,-4022.4423828125,14960.4248046875,-4312.478515625
377738.080527242,-2692.848876953125,133.30580139160156,-31995.986328125,15723.916015625,-11464.1875,-4022.21875,14958.994140625,-4317.99951171875
377738.084431056,-2694.502685546875,127.53905487060547,-32001.462890625,15718.484375,-11471.787109375,-4030.82421875,14951.349609375,-4324.95068359375
377738.087430484,-2696.76025390625,123.11341094970703,-32008.79296875,15714.2373046875,-11475.2734375,-4035.89794921875,14948.578125,-4320.234375
377738.091292725,-2700.224853515625,120.54296112060547,-32012.705078125,15714.1923828125,-11474.9384765625,-4037.552001953125,14948.5556640625,-4317.14990234375
377738.09453393,-2705.209228515625,114.75385284423828,-32014.828125,15710.1474609375,-11480.236328125,-4040.345947265625,14945.29296875,-4319.81005859375
377738.098462907,-2715.55810546875,103.91326141357422,-32019.521484375,15700.71484375,-11489.51171875,-4044.838623046875,14941.8056640625,-4326.98486328125
377738.10251186,-2718.709716796875,99.97935485839844,-32022.875,15697.138671875,-11495.033203125,-4051.164306640625,14937.40234375,-4331.81298828125
377738.107384973,-2718.396728515625,94.97256469726562,-32028.84375,15695.2607421875,-11494.541015625,-4054.181640625,14932.216796875,-4335.0537109375
377738.111369015,-2713.859375,97.20773315429688,-32025.51171875,15700.71484375,-11487.052734375,-4047.744384765625,14935.1005859375,-4332.59521484375
377738.114455599,-2708.316162109375,101.90160369873047,-32020.640625,15705.251953125,-11487.388671875,-4049.241943359375,14933.513671875,-4333.8916015625
377738.11839041,-2712.339599609375,103.28741455078125,-32017.845703125,15708.91796875,-11485.533203125,-4051.767822265625,14931.501953125,-4337.37841796875
377738.122467079,-2718.57568359375,99.24174499511719,-32021.421875,15703.4638671875,-11486.830078125,-4050.158447265625,14934.630859375,-4336.9091796875
377738.126480659,-2717.74853515625,99.82289123535156,-32027.234375,15701.966796875,-11490.517578125,-4057.735595703125,14930.8310546875,-4334.76318359375
377738.130589419,-2708.629150390625,112.60808563232422,-32020.23828125,15721.5244140625,-11478.1123046875,-4052.259521484375,14933.8486328125,-4326.98486328125
377738.134589506,-2709.6796875,110.73054504394531,-32019.74609375,15719.1103515625,-11480.951171875,-4052.12548828125,14931.658203125,-4327.61083984375
377738.139453502,-2712.74169921875,103.91326141357422,-32022.71875,15706.146484375,-11491.009765625,-4058.0263671875,14926.3388671875,-4334.33837890625
377738.143488963,-2717.905029296875,100.09111022949219,-32027.234375,15700.267578125,-11496.798828125,-4065.201171875,14920.482421875,-4340.2841796875
377738.147540834,-2713.36767578125,103.80149841308594,-32028.484375,15701.2060546875,-11488.6845703125,-4055.8134765625,14929.2890625,-4332.61767578125
377738.153475142,-2707.936279296875,110.59642791748047,-32021.689453125,15707.2861328125,-11475.0947265625,-4038.22265625,14946.41015625,-4322.08984375
377738.156614238,-2704.35986328125,115.62557220458984,-32013.95703125,15711.599609375,-11473.59765625,-4035.987548828125,14949.181640625,-4323.14013671875
377738.160501642,-2701.58837890625,121.10175323486328,-32004.837890625,15717.388671875,-11468.7470703125,-4027.963134765625,14958.0107421875,-4319.2509765625
377738.164498813,-2700.604736328125,125.10271453857422,-31999.673828125,15719.2216796875,-11466.19921875,-4024.766845703125,14961.7880859375,-4311.6513671875
377738.168538285,-2694.905029296875,125.63915252685547,-32002.625,15716.875,-11468.1435546875,-4025.12451171875,14960.89453125,-4309.103515625
377738.171659148,-2690.121826171875,128.50018310546875,-31999.181640625,15722.75390625,-11461.572265625,-4019.40234375,14965.6328125,-4303.58251953125
377738.174621379,-2688.221923828125,130.84710693359375,-31991.359375,15728.5654296875,-11457.34765625,-4014.775634765625,14969.208984375,-4301.2353515625
377738.178372031,-2692.848876953125,123.6945571899414,-31992.431640625,15722.955078125,-11465.5732421875,-4022.196533203125,14964.11328125,-4308.9248046875
377738.182644163,-2693.2958984375,122.39815521240234,-31992.677734375,15723.46875,-11469.6416015625,-4029.013671875,14959.8662109375,-4313.57373046875
377738.18660122,-2695.419189453125,116.60905456542969,-32000.92578125,15720.205078125,-11475.251953125,-4037.864990234375,14949.78515625,-4316.703125
