#377705.168212997,-2516.806396484375,256.8439025878906,-31903.404296875,15990.83984375,-11440.0478515625,-3750.779296875,15120.59765625,-4351.72802734375
377705.170952413,-2498.67919921875,250.7418670654297,-31904.142578125,15992.583984375,-11436.7841796875,-3749.706298828125,15121.24609375,-4349.626953125
377705.174379237,-2495.7958984375,257.5144348144531,-31899.314453125,15998.57421875,-11434.236328125,-3748.588623046875,15121.8935546875,-4349.40380859375
377705.179427756,-2499.796630859375,254.94400024414062,-31898.330078125,15994.5283203125,-11436.8955078125,-3747.3369140625,15123.2578125,-4351.68359375
377705.183357827,-2501.5625,253.2005615234375,-31895.916015625,15993.3662109375,-11433.029296875,-3738.86572265625,15131.080078125,-4349.626953125
377705.187000171,-2506.27880859375,252.9099884033203,-31900.87890625,15994.796875,-11431.62109375,-3739.7822265625,15128.755859375,-4350.677734375
377705.191302207,-2502.3671875,259.7049255371094,-31897.2578125,16002.552734375,-11424.87109375,-3738.128173828125,15127.951171875,-4346.14013671875
377705.196259923,-2497.85205078125,260.2413635253906,-31895.916015625,15998.7978515625,-11430.212890625,-3744.408935546875,15120.865234375,-4355.3046875
377705.199170371,-2495.639404296875,267.416259765625,-31885.322265625,16007.783203125,-11422.255859375,-3735.401123046875,15128.0625,-4354.36572265625
377705.202494356,-2498.05322265625,277.8098449707031,-31881.701171875,16013.6171875,-11418.947265625,-3734.998779296875,15126.4541015625,-4358.74658203125
377705.207452437,-2498.299072265625,266.0751647949219,-31886.306640625,16010.0185546875,-11421.4951171875,-3740.47509765625,15120.150390625,-4362.814453125
377705.211442314,-2496.1533203125,263.9294128417969,-31888.943359375,16010.8896484375,-11420.7802734375,-3741.726806640625,15119.033203125,-4360.57958984375
377705.215459176,-2502.121337890625,275.8875732421875,-31883.51171875,16015.986328125,-11417.673828125,-3738.709228515625,15125.939453125,-4353.60595703125
377705.219497919,-2493.247802734375,268.265625,-31882.283203125,16013.818359375,-11419.439453125,-3739.223388671875,15127.9736328125,-4356.33251953125
377705.223410485,-2491.302978515625,266.2763366699219,-31879.66796875,16016.65625,-11416.5556640625,-3735.9599609375,15131.1923828125,-4353.8291015625
377705.227076533,-2495.013427734375,269.85260009765625,-31885.859375,16015.5615234375,-11417.6953125,-3736.7646484375,15130.07421875,-4352.53271484375
377705.230010684,-2499.9755859375,265.9410705566406,-31890.8203125,16011.671875,-11417.6513671875,-3734.43994140625,15132.4443359375,-4350.40966796875
377705.234166122,-2496.06396484375,262.722412109375,-31890.9765625,16007.1572265625,-11420.4228515625,-3734.596435546875,15132.935546875,-4351.8623046875
377705.239185103,-2496.26513671875,259.1461181640625,-31889.8828125,16003.2451171875,-11424.982421875,-3736.9658203125,15132.82421875,-4351.482421875
377705.24303057,-2500.802490234375,252.4405975341797,-31896.765625,15992.427734375,-11436.91796875,-3749.03564453125,15122.6982421875,-4358.634765625
377705.24728921,-2499.3720703125,265.0246276855469,-31895.044921875,16001.30078125,-11430.32421875,-3746.308837890625,15122.51953125,-4353.33740234375
377705.251456317,-2510.927978515625,263.817626953125,-31902.443359375,15996.96484375,-11432.7607421875,-3747.717041015625,15119.4130859375,-4354.72314453125
377705.255104496,-2500.400146484375,252.4405975341797,-31903.91796875,15992.4716796875,-11437.41015625,-3750.421630859375,15116.8203125,-4358.38916015625
377705.258195456,-2496.935791015625,257.0450744628906,-31895.357421875,15997.2109375,-11434.1240234375,-3745.45947265625,15124.375,-4352.73388671875
377705.26318344,-2500.69091796875,257.2015380859375,-31892.83203125,15998.7529296875,-11431.8447265625,-3743.201904296875,15124.5986328125,-4355.75146484375
377705.267208326,-2500.422607421875,258.3638000488281,-31896.185546875,15999.736328125,-11429.51953125,-3743.06787109375,15122.0947265625,-4359.57373046875
377705.271297029,-2500.5791015625,257.4920959472656,-31899.380859375,15996.6962890625,-11431.3974609375,-3746.018310546875,15118.787109375,-4358.18798828125
377705.275218347,-2504.602294921875,265.2481384277344,-31894.7109375,16000.048828125,-11428.5810546875,-3739.312744140625,15122.474609375,-4356.33251953125
377705.279392018,-2506.25634765625,260.420166015625,-31889.904296875,15997.3896484375,-11429.564453125,-3738.128173828125,15124.8662109375,-4356.98095703125
377705.284082065,-2497.27099609375,252.10533142089844,-31888.16015625,15995.8916015625,-11431.822265625,-3743.224365234375,15122.1845703125,-4359.88671875
377705.287068,-2501.495361328125,252.53001403808594,-31895.873046875,15993.2099609375,-11437.65625,-3753.05908203125,15114.0263671875,-4363.75341796875
377705.290134527,-2501.16015625,249.64663696289062,-31898.419921875,15991.8681640625,-11433.8779296875,-3750.9580078125,15114.9423828125,-4361.18310546875
377705.295359183,-2496.89111328125,254.69813537597656,-31892.453125,15999.3564453125,-11428.2236328125,-3747.225341796875,15115.6357421875,-4362.904296875
377705.299302382,-2496.98046875,258.6767272949219,-31887.400390625,16001.0107421875,-11428.916015625,-3745.302978515625,15118.0712890625,-4364.2451171875
377705.303076008,-2503.708251953125,259.8166809082031,-31886.060546875,15999.9150390625,-11430.123046875,-3744.27490234375,15119.8603515625,-4363.4404296875
377705.30717091,-2507.038818359375,267.6844787597656,-31886.619140625,16003.46875,-11424.982421875,-3741.5478515625,15125.2685546875,-4358.03125
377705.312021413,-2510.793701171875,263.03533935546875,-31896.07421875,15997.3447265625,-11429.2744140625,-3745.34765625,15123.525390625,-4357.40576171875
377705.315395359,-2501.718994140625,245.10922241210938,-31901.662109375,15984.984375,-11440.5390625,-3752.008544921875,15118.697265625,-4360.646484375
377705.318803219,-2505.7646484375,244.5951385498047,-31899.11328125,15985.095703125,-11441.544921875,-3752.388427734375,15118.4736328125,-4361.76416015625
377705.323119842,-2505.630615234375,250.4512939453125,-31892.408203125,15995.064453125,-11433.2529296875,-3746.800537109375,15121.15625,-4360.95947265625
377705.327172077,-2509.631591796875,247.4114532470703,-31898.890625,15991.041015625,-11437.41015625,-3750.04150390625,15117.8037109375,-4363.2392578125
377705.331167059,-2507.128173828125,253.7146453857422,-31898.7109375,15995.0419921875,-11436.716796875,-3751.986083984375,15114.048828125,-4363.0830078125
377705.335267067,-2501.96484375,255.1004638671875,-31898.263671875,15994.8408203125,-11437.96875,-3753.55078125,15111.2099609375,-4366.12255859375
377705.338262118,-2500.109619140625,259.1014099121094,-31891.55859375,15997.61328125,-11437.365234375,-3751.337890625,15113.1318359375,-4363.59716796875
377705.34224616,-2511.88916015625,261.9400939941406,-31892.072265625,15997.076171875,-11438.974609375,-3752.589599609375,15112.796875,-4363.93212890625
377705.346637541,-2506.27880859375,245.17628479003906,-31906.466796875,15985.029296875,-11447.2001953125,-3760.904541015625,15105.599609375,-4366.77099609375
377705.351500443,-2496.309814453125,251.725341796875,-31901.080078125,15993.65625,-11436.5380859375,-3752.008544921875,15113.869140625,-4356.466796875
377705.355292667,-2490.185546875,263.1470947265625,-31889.546875,16006.419921875,-11426.748046875,-3743.1572265625,15120.59765625,-4353.31494140625
377705.359272333,-2492.353515625,263.5494079589844,-31887.580078125,16003.4462890625,-11431.083984375,-3746.5771484375,15118.3173828125,-4360.087890625
377705.363375623,-2496.1533203125,260.4648742675781,-31890.798828125,15997.076171875,-11437.365234375,-3754.221435546875,15110.5166015625,-4370.861328125
377705.366644543,-2494.320556640625,260.8001403808594,-31893.63671875,15996.40625,-11438.416015625,-3758.579833984375,15103.38671875,-4374.97412109375
377705.370534864,-2493.806396484375,259.63787841796875,-31894.84375,15993.9248046875,-11438.4609375,-3760.211669921875,15101.8671875,-4371.95654296875
377705.374327088,-2493.717041015625,262.1412658691406,-31890.59765625,15999.8037109375,-11433.6103515625,-3757.931640625,15101.46484375,-4370.861328125
377705.379165557,-2492.420654296875,262.8788757324219,-31887.958984375,16000.3623046875,-11433.9453125,-3757.23876953125,15102.0234375,-4374.4375
377705.383478898,-2499.930908203125,255.7486572265625,-31895.55859375,15989.3427734375,-11444.7861328125,-3766.42529296875,15093.1943359375,-4382.23828125
377705.38727951,-2510.436279296875,262.96826171875,-31896.990234375,15994.4384765625,-11439.5556640625,-3762.84912109375,15094.490234375,-4380.4052734375
377705.391442241,-2502.434326171875,244.930419921875,-31905.595703125,15983.93359375,-11445.2998046875,-3765.44189453125,15091.5849609375,-4380.89697265625
377705.395259992,-2502.25537109375,241.95762634277344,-31907.16015625,15981.2958984375,-11447.69140625,-3765.12890625,15093.9765625,-4380.6513671875
377705.398278383,-2502.210693359375,245.66802978515625,-31904.611328125,15983.3974609375,-11451.71484375,-3768.05712890625,15092.5908203125,-4383.8251953125
377705.402330254,-2503.998779296875,250.63011169433594,-31898.30859375,15990.9970703125,-11445.0986328125,-3762.24560546875,15098.513671875,-4381.27734375
377705.407340848,-2506.502197265625,250.8759765625,-31901.908203125,15993.65625,-11440.2265625,-3758.915283203125,15100.927734375,-4377.2314453125
377705.411447419,-2511.196044921875,253.22291564941406,-31909.484375,15986.8388671875,-11445.5234375,-3764.05615234375,15097.8876953125,-4379.13134765625
377705.415358891,-2502.3447265625,254.29579162597656,-31904.1640625,15989.9912109375,-11444.5625,-3761.619873046875,15098.6923828125,-4378.70654296875
377705.419438478,-2501.495361328125,246.47268676757812,-31901.68359375,15986.638671875,-11448.7646484375,-3763.899658203125,15095.8984375,-4383.15478515625
377705.422477654,-2509.519775390625,237.15200805664062,-31908.478515625,15977.65234375,-11455.8720703125,-3770.314697265625,15093.3955078125,-4386.6865234375
377705.426450027,-2516.515869140625,229.23948669433594,-31919.23046875,15969.3828125,-11458.599609375,-3771.1640625,15093.2392578125,-4381.8583984375
377705.430467618,-2517.1640625,228.18896484375,-31922.224609375,15970.7685546875,-11453.3466796875,-3767.140625,15094.53515625,-4377.52197265625
377705.434520583,-2512.7607421875,227.11607360839844,-31922.537109375,15967.169921875,-11459.716796875,-3774.13671875,15087.830078125,-4382.50634765625
377705.439445844,-2510.033935546875,234.5592041015625,-31916.234375,15972.802734375,-11461.21484375,-3778.987060546875,15081.5712890625,-4388.4072265625
377705.443390866,-2516.717041015625,232.3687286376953,-31918.08984375,15967.7734375,-11468.2109375,-3784.84326171875,15077.0341796875,-4396.74462890625
377705.447364332,-2525.88134765625,241.86822509765625,-31920.01171875,15968.623046875,-11466.9140625,-3782.786865234375,15081.146484375,-4391.044921875
377705.451643029,-2505.518798828125,236.95083618164062,-31922.248046875,15966.3876953125,-11468.4345703125,-3783.614013671875,15082.755859375,-4385.2109375
377705.455305795,-2499.86376953125,236.77203369140625,-31919.36328125,15969.62890625,-11466.1767578125,-3781.333984375,15087.94140625,-4384.89794921875
377705.458467502,-2502.970703125,240.54946899414062,-31914.201171875,15973.2939453125,-11464.2548828125,-3776.9306640625,15093.9765625,-4383.78076171875
377705.462471236,-2503.9765625,239.40953063964844,-31913.75390625,15967.728515625,-11466.7578125,-3775.701416015625,15098.5361328125,-4380.96435546875
377705.467618582,-2502.635498046875,246.27151489257812,-31912.94921875,15975.8203125,-11456.6767578125,-3770.22509765625,15099.720703125,-4375.0634765625
377705.471587672,-2502.300048828125,248.9537353515625,-31915.20703125,15986.1240234375,-11448.2060546875,-3768.9287109375,15095.33984375,-4374.0576171875
377705.475484557,-2514.995849609375,239.9906768798828,-31923.185546875,15973.9873046875,-11457.4375,-3777.7353515625,15088.298828125,-4379.6904296875
377705.479554297,-2525.88134765625,235.94500732421875,-31922.91796875,15966.9013671875,-11464.0751953125,-3784.195068359375,15084.8125,-4383.087890625
377705.483672539,-2504.110595703125,229.30654907226562,-31915.02734375,15967.7734375,-11463.2265625,-3784.64208984375,15087.1591796875,-4379.8017578125
377705.486515522,-2503.529541015625,237.46493530273438,-31913.373046875,15974.0537109375,-11454.21875,-3774.7626953125,15093.126953125,-4374.884765625
377705.490508316,-2504.423583984375,248.8419647216797,-31910.6015625,15980.46875,-11447.580078125,-3768.146484375,15098.0673828125,-4374.79541015625
377705.494641144,-2501.07080078125,242.6952362060547,-31903.025390625,15984.984375,-11444.361328125,-3764.97265625,15098.4912109375,-4374.39306640625
377705.499480707,-2502.143798828125,247.54556274414062,-31893.435546875,15992.091796875,-11438.818359375,-3756.568359375,15105.9345703125,-4371.8671875
377705.50335717,-2499.5732421875,252.59706115722656,-31890.015625,15993.1875,-11437.0751953125,-3750.33203125,15110.5615234375,-4372.068359375
377705.507703696,-2502.300048828125,249.4678192138672,-31896.251953125,15989.8349609375,-11436.91796875,-3750.779296875,15110.7626953125,-4369.72119140625
377705.510817995,-2502.523681640625,251.3006591796875,-31902.623046875,15989.41015625,-11439.5556640625,-3757.775390625,15104.6162109375,-4372.4931640625
377705.514851997,-2492.26416015625,262.722412109375,-31893.1015625,15999.9599609375,-11430.8388671875,-3752.83544921875,15110.6728515625,-4367.75439453125
377705.518867401,-2489.3583984375,266.8351135253906,-31886.931640625,16003.6259765625,-11428.513671875,-3750.086181640625,15112.39453125,-4371.15185546875
377705.522592161,-2489.514892578125,266.5445556640625,-31882.103515625,16003.759765625,-11425.8984375,-3744.185302734375,15115.0546875,-4370.4365234375
377705.52752435,-2494.56640625,260.5542907714844,-31888.607421875,15996.4287109375,-11430.16796875,-3749.03564453125,15111.7685546875,-4368.4921875
377705.53151131,-2493.09130859375,261.4259948730469,-31891.22265625,15996.2275390625,-11429.654296875,-3751.718017578125,15110.7626953125,-4365.630859375
377705.535631374,-2494.119384765625,258.6990966796875,-31893.48046875,15994.103515625,-11433.185546875,-3757.5517578125,15106.4267578125,-4368.6259765625
377705.538623508,-2489.403076171875,263.817626953125,-31886.708984375,15997.5458984375,-11434.19140625,-3759.33984375,15105.1748046875,-4373.54345703125
377705.542587858,-2489.649169921875,279.6873779296875,-31876.896484375,16006.576171875,-11428.8271484375,-3753.885986328125,15109.8017578125,-4372.6943359375
377705.546663433,-2476.707275390625,271.1713562011719,-31878.548828125,16003.8935546875,-11429.4755859375,-3753.05908203125,15112.193359375,-4368.2236328125
377705.550851691,-2474.89697265625,273.5406494140625,-31879.82421875,16008.2744140625,-11425.787109375,-3751.04736328125,15114.00390625,-4364.15576171875
377705.55551147,-2479.47900390625,272.9371643066406,-31881.208984375,16006.0390625,-11429.162109375,-3753.796630859375,15112.3046875,-4364.267578125
377705.559612207,-2479.747314453125,275.4181823730469,-31876.873046875,16006.62109375,-11428.849609375,-3752.500244140625,15116.126953125,-4362.703125
377705.563522221,-2482.742431640625,278.0556945800781,-31873.72265625,16010.666015625,-11422.8818359375,-3745.34765625,15125.1572265625,-4357.71826171875
377705.566636885,-2487.9951171875,273.6747741699219,-31880.158203125,16010.15234375,-11420.19921875,-3744.27490234375,15125.4921875,-4355.99755859375
377705.57047834,-2481.512939453125,272.2218933105469,-31884.583984375,16007.783203125,-11419.751953125,-3743.425537109375,15123.7265625,-4352.37646484375
377705.574637424,-2485.804443359375,267.1927490234375,-31888.71875,16002.0166015625,-11425.09375,-3746.9794921875,15119.5693359375,-4360.95947265625
377705.578656839,-2492.510009765625,262.7447509765625,-31888.943359375,15995.556640625,-11430.9951171875,-3750.04150390625,15115.9482421875,-4365.34033203125
377705.582758671,-2494.9912109375,261.9400939941406,-31884.78515625,15996.6962890625,-11429.2744140625,-3744.83349609375,15119.033203125,-4362.255859375
377705.587611726,-2491.414794921875,267.1257019042969,-31885.30078125,16001.6357421875,-11425.5634765625,-3743.783203125,15117.2666015625,-4363.6640625
377705.591585557,-2490.7666015625,267.6844787597656,-31888.294921875,16000.7646484375,-11426.033203125,-3745.25830078125,15116.373046875,-4363.37353515625
377705.594579514,-2487.838623046875,267.93035888671875,-31887.53515625,15999.37890625,-11429.5419921875,-3747.962890625,15113.646484375,-4363.55224609375
377705.598533653,-2486.341064453125,269.6961364746094,-31882.3046875,16001.6357421875,-11428.7822265625,-3745.615966796875,15116.41796875,-4360.4677734375
377705.602586983,-2487.436279296875,271.8642578125,-31884.830078125,15998.037109375,-11434.0791015625,-3749.7509765625,15113.9365234375,-4362.8818359375
377705.606589258,-2491.9736328125,273.518310546875,-31891.447265625,15995.9365234375,-11435.0634765625,-3752.500244140625,15110.025390625,-4366.234375
377705.610726827,-2497.65087890625,259.1461181640625,-31899.248046875,15988.470703125,-11436.962890625,-3756.411865234375,15107.1640625,-4368.447265625
377705.615660111,-2494.09716796875,258.0732421875,-31899.962890625,15986.705078125,-11437.7451171875,-3755.495361328125,15108.5048828125,-4367.12841796875
377705.619692654,-2489.5595703125,243.9469451904297,-31903.76171875,15978.546875,-11444.048828125,-3758.24462890625,15107.6337890625,-4369.900390625
377705.622618782,-2489.514892578125,253.7593536376953,-31896.833984375,15991.33203125,-11438.6396484375,-3755.696533203125,15110.091796875,-4367.77685546875
377705.626564169,-2488.28564453125,257.9167785644531,-31896.408203125,15995.19921875,-11435.64453125,-3755.026123046875,15108.9072265625,-4363.52978515625
377705.630676211,-2490.744384765625,251.70298767089844,-31905.037109375,15987.8671875,-11438.416015625,-3757.57421875,15106.671875,-4364.33447265625
377705.634595706,-2495.840576171875,244.77395629882812,-31912.546875,15979.5078125,-11445.970703125,-3764.681884765625,15100.369140625,-4370.77197265625
377705.638631167,-2505.7646484375,238.56016540527344,-31916.2578125,15972.958984375,-11453.7490234375,-3773.779052734375,15092.1884765625,-4381.2099609375
377705.643624621,-2504.89306640625,236.6826171875,-31917.576171875,15971.4833984375,-11456.2080078125,-3776.26025390625,15090.3779296875,-4384.71923828125
377705.647652059,-2505.5859375,235.22975158691406,-31921.599609375,15971.953125,-11452.7431640625,-3775.25439453125,15090.5791015625,-4379.8916015625
377705.650796261,-2507.84326171875,232.90518188476562,-31925.466796875,15971.5732421875,-11449.6142578125,-3773.108642578125,15091.6298828125,-4372.873046875
377705.654590309,-2507.619873046875,232.435791015625,-31923.25390625,15969.9638671875,-11448.5634765625,-3769.755859375,15096.2119140625,-4368.2236328125
377705.658848219,-2508.893798828125,231.85464477539062,-31920.951171875,15967.7060546875,-11452.1171875,-3770.76171875,15098.513671875,-4370.57080078125
377705.662624763,-2515.398193359375,230.4017791748047,-31922.380859375,15965.068359375,-11457.2587890625,-3774.5615234375,15097.955078125,-4376.15869140625
377705.666723312,-2518.192138671875,231.74288940429688,-31927.9921875,15965.158203125,-11459.046875,-3777.7578125,15094.892578125,-4375.91259765625
377705.67160153,-2515.688720703125,234.98388671875,-31927.03125,15968.33203125,-11453.525390625,-3771.96875,15096.94921875,-4370.66015625
377705.675636261,-2523.7578125,240.7729949951172,-31923.119140625,15969.0693359375,-11450.91015625,-3767.3642578125,15101.3076171875,-4370.30224609375
377705.678657204,-2518.795654296875,235.63209533691406,-31917.822265625,15968.287109375,-11451.4248046875,-3767.587646484375,15102.7607421875,-4376.046875
377705.682611343,-2513.05126953125,229.73123168945312,-31918.3359375,15964.9345703125,-11455.380859375,-3771.96875,15101.822265625,-4378.57275390625
377705.686654826,-2515.018310546875,227.11607360839844,-31925.107421875,15963.0126953125,-11457.1689453125,-3775.790771484375,15095.228515625,-4380.62890625
377705.6906757,-2502.9931640625,241.0412139892578,-31918.984375,15976.244140625,-11446.6416015625,-3772.125,15097.240234375,-4374.6162109375
377705.696656322,-2503.86474609375,245.53392028808594,-31913.060546875,15982.9501953125,-11440.4501953125,-3767.095947265625,15100.32421875,-4371.15185546875
377705.699713732,-2509.117431640625,242.15879821777344,-31913.083984375,15978.7255859375,-11447.1103515625,-3772.43798828125,15091.80859375,-4383.0654296875
377705.703645261,-2508.692626953125,243.61166381835938,-31911.18359375,15977.228515625,-11449.546875,-3773.1533203125,15091.9423828125,-4383.646484375
377705.706664016,-2513.65478515625,238.0237274169922,-31919.677734375,15971.796875,-11451.0,-3773.980224609375,15091.763671875,-4383.04296875
377705.710701665,-2511.3525390625,237.57669067382812,-31922.134765625,15971.841796875,-11448.9208984375,-3772.5498046875,15093.484375,-4378.8408203125
377705.714863667,-2508.022216796875,239.8565673828125,-31923.119140625,15969.3154296875,-11450.44140625,-3772.974365234375,15093.08203125,-4376.001953125
377705.719106626,-2512.090087890625,234.87213134765625,-31919.564453125,15970.6123046875,-11450.7314453125,-3771.9462890625,15096.099609375,-4374.30322265625
377705.723221221,-2506.614013671875,234.44744873046875,-31913.8203125,15973.2939453125,-11449.234375,-3770.158203125,15098.4912109375,-4368.58154296875
377705.727932054,-2514.07958984375,229.99945068359375,-31919.564453125,15968.1083984375,-11451.9833984375,-3773.33203125,15095.0498046875,-4371.12939453125
377705.73178299,-2518.572265625,226.78079223632812,-31925.130859375,15964.7783203125,-11451.0673828125,-3772.773193359375,15094.982421875,-4370.97314453125
377705.735783807,-2519.309814453125,234.8944854736328,-31922.11328125,15968.8681640625,-11445.92578125,-3767.65478515625,15097.7763671875,-4369.498046875
377705.738793081,-2519.689697265625,238.40370178222656,-31918.26953125,15971.1484375,-11448.1611328125,-3770.04638671875,15096.4130859375,-4376.53857421875
377705.74300249,-2515.86767578125,221.68460083007812,-31925.578125,15959.525390625,-11460.7451171875,-3780.5517578125,15087.337890625,-4386.14990234375
377705.747156105,-2520.293212890625,222.5563201904297,-31929.802734375,15959.6591796875,-11457.6611328125,-3776.572998046875,15090.4892578125,-4380.91943359375
377705.752952202,-2516.404052734375,229.30654907226562,-31926.025390625,15966.8125,-11448.09375,-3766.87255859375,15098.849609375,-4372.2470703125
377705.755892553,-2512.090087890625,232.54754638671875,-31922.494140625,15968.0634765625,-11448.7646484375,-3766.87255859375,15098.849609375,-4371.91162109375
377705.759827364,-2517.96875,227.54075622558594,-31925.869140625,15959.16796875,-11458.8896484375,-3773.108642578125,15093.1494140625,-4377.052734375
377705.763115976,-2520.427490234375,230.08885192871094,-31922.806640625,15961.7607421875,-11455.58203125,-3769.3310546875,15095.33984375,-4377.0751953125
377705.766861523,-2512.090087890625,242.4717254638672,-31916.14453125,15980.46875,-11439.533203125,-3757.685791015625,15102.42578125,-4370.54833984375
377705.77115663,-2510.816162109375,241.44354248046875,-31920.28125,15979.2177734375,-11439.623046875,-3758.289306640625,15100.927734375,-4365.34033203125
377705.774916398,-2511.978515625,235.25210571289062,-31922.828125,15971.6181640625,-11444.2939453125,-3763.787841796875,15096.2119140625,-4367.75439453125
377705.779220622,-2514.1689453125,234.93917846679688,-31919.990234375,15970.0751953125,-11448.49609375,-3766.805419921875,15092.7021484375,-4372.71630859375
377705.783057337,-2512.514892578125,243.1646270751953,-31913.3515625,15979.6640625,-11444.31640625,-3765.397216796875,15091.5400390625,-4377.52197265625
377705.787948683,-2519.9580078125,238.56016540527344,-31920.392578125,15974.61328125,-11447.7587890625,-3770.292236328125,15088.0087890625,-4379.51123046875
377705.791229272,-2519.712158203125,240.1471405029297,-31924.236328125,15972.7802734375,-11448.7646484375,-3772.683837890625,15087.181640625,-4377.857421875
377705.796181883,-2509.407958984375,245.73507690429688,-31917.3515625,15979.0166015625,-11443.244140625,-3764.45849609375,15095.384765625,-4374.92919921875
377705.799025231,-2507.48583984375,242.0917510986328,-31915.095703125,15978.390625,-11444.0712890625,-3762.46923828125,15099.6982421875,-4377.6337890625
377705.802943632,-2513.65478515625,241.2647247314453,-31918.828125,15972.310546875,-11450.8212890625,-3768.25830078125,15098.111328125,-4378.72900390625
377705.807272654,-2515.48779296875,242.6952362060547,-31920.2578125,15973.0703125,-11448.98828125,-3766.7607421875,15098.2900390625,-4370.90576171875
377705.811042269,-2516.76171875,225.39498901367188,-31925.82421875,15967.2587890625,-11450.59765625,-3768.25830078125,15093.7080078125,-4373.54345703125
377705.816183415,-2515.800537109375,227.09371948242188,-31924.90625,15965.76171875,-11453.9501953125,-3772.05810546875,15089.2607421875,-4381.076171875
377705.820126249,-2512.716064453125,231.42996215820312,-31918.916015625,15968.1083984375,-11452.2958984375,-3768.43701171875,15093.08203125,-4382.841796875
377705.824258712,-2513.632568359375,231.0946807861328,-31917.419921875,15967.9970703125,-11451.0224609375,-3763.899658203125,15097.8876953125,-4379.51123046875
377705.82827594,-2510.503173828125,237.42022705078125,-31916.2578125,15974.5908203125,-11445.166015625,-3761.508056640625,15100.2578125,-4371.8447265625
377705.832223879,-2509.47509765625,250.5854034423828,-31913.0390625,15979.5078125,-11439.48828125,-3757.5517578125,15103.9228515625,-4363.6640625
377705.836933983,-2507.552734375,254.94400024414062,-31907.80859375,15985.2744140625,-11437.767578125,-3757.3505859375,15104.146484375,-4364.22265625
377705.841269569,-2499.26025390625,245.55625915527344,-31905.974609375,15981.474609375,-11443.0205078125,-3761.284423828125,15101.419921875,-4372.42578125
377705.844166523,-2507.128173828125,238.2919464111328,-31910.490234375,15971.751953125,-11451.0673828125,-3766.894775390625,15097.2177734375,-4380.31591796875
377705.848268719,-2509.519775390625,236.95083618164062,-31914.357421875,15970.8134765625,-11450.0390625,-3767.1630859375,15097.0615234375,-4381.18798828125
377705.85121454,-2507.910400390625,242.76229858398438,-31911.607421875,15979.0390625,-11442.1708984375,-3762.178466796875,15100.4140625,-4373.94580078125
377705.854991448,-2505.1611328125,248.79727172851562,-31905.416015625,15987.2197265625,-11436.6728515625,-3758.9599609375,15101.7998046875,-4373.23046875
377705.859010498,-2501.09326171875,255.12281799316406,-31897.75,15991.623046875,-11434.2587890625,-3754.1318359375,15108.4609375,-4370.0791015625
377705.863060546,-2499.528564453125,256.3298034667969,-31895.626953125,15993.1201171875,-11433.498046875,-3753.953125,15108.3037109375,-4370.12353515625
377705.86716493,-2502.434326171875,251.54653930664062,-31901.3046875,15989.8349609375,-11433.23046875,-3754.511962890625,15107.052734375,-4365.76513671875
377705.871258009,-2504.49072265625,252.1500244140625,-31904.076171875,15990.125,-11432.470703125,-3755.65185546875,15103.4755859375,-4365.2958984375
377705.875359475,-2502.411865234375,252.8652801513672,-31902.01953125,15991.041015625,-11429.8330078125,-3751.5615234375,15105.8681640625,-4364.33447265625
377705.879323825,-2504.222412109375,246.8526611328125,-31903.806640625,15984.08984375,-11436.8740234375,-3755.83056640625,15103.587890625,-4371.017578125
377705.883928174,-2504.89306640625,249.19960021972656,-31899.314453125,15985.453125,-11435.6669921875,-3752.45556640625,15111.6572265625,-4365.6982421875
377705.888245161,-2502.411865234375,253.44642639160156,-31898.599609375,15991.0634765625,-11429.3857421875,-3748.07470703125,15115.4345703125,-4358.4560546875
377705.891395198,-2504.334228515625,248.17141723632812,-31906.578125,15986.056640625,-11434.4150390625,-3756.43408203125,15107.3427734375,-4364.06640625
377705.895292813,-2500.623779296875,249.95956420898438,-31902.466796875,15988.716796875,-11429.8330078125,-3751.114501953125,15112.5732421875,-4360.91455078125
377705.899307123,-2497.5615234375,254.31814575195312,-31893.748046875,15990.7060546875,-11426.3681640625,-3743.112548828125,15118.4521484375,-4359.52880859375
377705.903311951,-2502.27783203125,252.84292602539062,-31893.525390625,15987.107421875,-11429.4755859375,-3743.224365234375,15119.033203125,-4361.65234375
377705.907153771,-2507.306884765625,248.50669860839844,-31900.87890625,15981.564453125,-11433.833984375,-3748.56640625,15115.8369140625,-4361.048828125
377705.911983122,-2516.493408203125,254.7651824951172,-31906.19921875,15978.033203125,-11433.296875,-3746.308837890625,15117.8037109375,-4357.62890625
377705.91522688,-2505.787109375,244.32691955566406,-31907.13671875,15976.4013671875,-11436.4931640625,-3750.197998046875,15114.1826171875,-4361.80859375
377705.918341544,-2501.5625,236.3920440673828,-31900.90234375,15978.4794921875,-11436.9853515625,-3750.33203125,15113.4453125,-4359.57373046875
377705.92347795,-2502.5908203125,237.33082580566406,-31900.833984375,15976.2001953125,-11440.0029296875,-3752.05322265625,15110.3154296875,-4359.72998046875
377705.927442299,-2503.216552734375,237.934326171875,-31904.142578125,15978.0546875,-11437.4765625,-3751.5615234375,15108.5947265625,-4358.54541015625
377705.931098136,-2503.08251953125,235.49798583984375,-31909.373046875,15974.0986328125,-11440.8525390625,-3755.83056640625,15105.6669921875,-4358.27734375
377705.935257221,-2507.530517578125,229.21713256835938,-31913.642578125,15962.1181640625,-11452.1171875,-3765.017333984375,15100.0341796875,-4365.6533203125
377705.939347382,-2506.435302734375,239.23072814941406,-31902.869140625,15973.31640625,-11443.4677734375,-3758.53515625,15106.7392578125,-4362.94873046875
377705.942940861,-2503.417724609375,247.23265075683594,-31897.03515625,15983.6650390625,-11435.3984375,-3751.7626953125,15110.740234375,-4360.98193359375
377705.946176231,-2509.7880859375,243.9469451904297,-31904.72265625,15980.5361328125,-11439.376953125,-3756.523681640625,15103.587890625,-4367.91064453125
377705.95004686,-2505.921142578125,247.50086975097656,-31905.439453125,15982.681640625,-11437.4765625,-3753.84130859375,15105.509765625,-4362.2109375
377705.95498379,-2499.036865234375,249.91485595703125,-31903.962890625,15984.6044921875,-11435.1298828125,-3749.214599609375,15109.935546875,-4361.54052734375
377705.959099478,-2506.725830078125,244.8633575439453,-31903.875,15978.501953125,-11439.734375,-3749.572265625,15110.94140625,-4365.67578125
377705.96306711,-2505.921142578125,245.39979553222656,-31901.4375,15982.2568359375,-11437.4765625,-3749.05810546875,15111.09765625,-4366.12255859375
377705.967204314,-2509.899658203125,241.4658966064453,-31909.708984375,15977.943359375,-11442.1708984375,-3756.411865234375,15103.6552734375,-4369.251953125
377705.972152184,-2514.1689453125,235.67678833007812,-31917.173828125,15968.3544921875,-11449.2783203125,-3763.05029296875,15098.7822265625,-4370.74951171875
377705.975012672,-2507.150390625,243.72341918945312,-31908.1875,15980.2900390625,-11440.337890625,-3756.568359375,15103.38671875,-4363.2841796875
377705.978061695,-2499.1708984375,254.3404998779297,-31894.0390625,15993.455078125,-11430.615234375,-3747.404052734375,15111.3212890625,-4361.6298828125
377705.982971639,-2500.936767578125,255.83807373046875,-31894.84375,15988.068359375,-11437.4765625,-3753.103759765625,15106.203125,-4365.94384765625
377705.987022781,-2503.57421875,254.29579162597656,-31902.220703125,15985.69921875,-11436.4716796875,-3752.723876953125,15104.4599609375,-4365.4072265625
377705.99115415,-2503.68603515625,250.71951293945312,-31907.94140625,15979.9326171875,-11438.259765625,-3754.46728515625,15106.3818359375,-4362.45703125
377705.995223525,-2506.815185546875,257.96148681640625,-31907.875,15981.6982421875,-11439.66796875,-3756.523681640625,15104.8173828125,-4369.2294921875
377705.99924841,-2513.721923828125,252.82058715820312,-31903.359375,15980.0224609375,-11442.2158203125,-3757.820068359375,15106.4931640625,-4369.654296875
377706.003051575,-2508.402099609375,242.3152618408203,-31905.416015625,15975.0595703125,-11446.931640625,-3761.485595703125,15102.537109375,-4373.6103515625
377706.006285122,-2503.57421875,235.43092346191406,-31913.931640625,15970.232421875,-11450.955078125,-3766.693603515625,15096.390625,-4372.71630859375
377706.011065608,-2505.1611328125,240.482421875,-31912.234375,15973.9873046875,-11445.4345703125,-3761.597412109375,15102.0234375,-4368.2236328125
377706.015192236,-2502.635498046875,246.87501525878906,-31906.6015625,15981.5869140625,-11438.9072265625,-3756.814208984375,15102.984375,-4369.2294921875
377706.019125954,-2498.902587890625,249.4678192138672,-31904.119140625,15980.6474609375,-11440.830078125,-3759.585693359375,15098.6708984375,-4371.53173828125
377706.023128958,-2498.500244140625,252.7088165283203,-31899.537109375,15982.4140625,-11439.578125,-3758.490478515625,15101.7998046875,-4369.56494140625
377706.027252305,-2499.729736328125,251.09950256347656,-31905.908203125,15979.396484375,-11441.8798828125,-3759.42919921875,15101.419921875,-4369.4755859375
377706.031184928,-2505.25048828125,241.17532348632812,-31920.927734375,15966.365234375,-11452.162109375,-3767.475830078125,15094.1328125,-4374.8173828125
377706.034270418,-2509.5869140625,239.45423889160156,-31924.080078125,15964.509765625,-11454.6435546875,-3769.755859375,15091.517578125,-4375.97998046875
377706.039065126,-2507.150390625,242.24819946289062,-31918.134765625,15969.181640625,-11452.6982421875,-3767.498291015625,15092.4345703125,-4374.79541015625
377706.043219105,-2510.3466796875,238.18019104003906,-31920.90625,15966.4990234375,-11454.12890625,-3768.884033203125,15089.640625,-4378.17041015625
377706.047241073,-2514.101806640625,241.2647247314453,-31921.7109375,15970.3212890625,-11450.306640625,-3764.7265625,15092.3671875,-4376.8515625
377706.051246266,-2509.87744140625,244.8633575439453,-31918.783203125,15973.7412109375,-11446.57421875,-3762.692626953125,15095.630859375,-4372.15771484375
377706.056100051,-2507.128173828125,244.81866455078125,-31916.01171875,15974.076171875,-11445.3671875,-3760.43505859375,15096.099609375,-4374.75048828125
377706.059230031,-2511.1513671875,244.5057373046875,-31913.083984375,15974.6357421875,-11446.57421875,-3759.719970703125,15099.453125,-4374.79541015625
377706.062351988,-2512.9619140625,245.7127227783203,-31907.5625,15976.78125,-11442.908203125,-3753.43896484375,15109.01953125,-4368.2236328125
377706.067184257,-2515.889892578125,240.97415161132812,-31915.095703125,15971.1708984375,-11449.4130859375,-3763.094970703125,15101.419921875,-4367.28515625
377706.071244516,-2517.119384765625,237.2414093017578,-31921.755859375,15968.220703125,-11451.2236328125,-3767.475830078125,15096.703125,-4369.36376953125
377706.07523184,-2518.974609375,233.59808349609375,-31922.671875,15964.041015625,-11454.4423828125,-3769.085205078125,15093.484375,-4374.16943359375
377706.079340235,-2520.47216796875,233.26280212402344,-31917.10546875,15964.2197265625,-11451.71484375,-3763.474853515625,15096.5244140625,-4373.6552734375
377706.083425291,-2518.527587890625,233.1957550048828,-31917.375,15962.38671875,-11453.3916015625,-3762.04443359375,15096.30078125,-4380.13720703125
377706.087262005,-2509.631591796875,250.5183563232422,-31917.12890625,15969.78515625,-11450.240234375,-3761.3740234375,15097.1953125,-4375.10791015625
377706.090738789,-2506.546875,245.95860290527344,-31915.609375,15974.9931640625,-11443.0205078125,-3758.490478515625,15099.7431640625,-4367.17333984375
377706.094560916,-2507.26220703125,238.9178009033203,-31913.57421875,15974.478515625,-11443.04296875,-3759.876220703125,15098.4697265625,-4372.470703125
377706.09937167,-2511.3525390625,238.2472381591797,-31913.396484375,15971.953125,-11449.435546875,-3766.44775390625,15091.40625,-4380.58447265625
377706.103429375,-2510.86083984375,240.88475036621094,-31907.3828125,15977.83203125,-11444.1376953125,-3763.27392578125,15094.4013671875,-4381.0537109375
377706.107496927,-2513.3642578125,236.52615356445312,-31913.462890625,15972.8466796875,-11447.8037109375,-3766.313720703125,15091.919921875,-4380.62890625
377706.111586724,-2515.3759765625,234.71566772460938,-31918.89453125,15969.78515625,-11449.703125,-3767.475830078125,15088.6123046875,-4381.76904296875
377706.115152487,-2519.197998046875,233.7098388671875,-31917.150390625,15967.974609375,-11450.396484375,-3766.73828125,15089.6181640625,-4383.0205078125
377706.118186923,-2513.341796875,240.01303100585938,-31907.16015625,15972.958984375,-11445.7919921875,-3760.9267578125,15097.4638671875,-4375.93505859375
377706.122760275,-2515.64404296875,236.6826171875,-31909.6640625,15966.5439453125,-11452.2958984375,-3763.05029296875,15100.01171875,-4371.95654296875
377706.127594003,-2516.806396484375,237.531982421875,-31914.6484375,15966.5888671875,-11451.603515625,-3764.525390625,15099.609375,-4369.2744140625
377706.131501099,-2523.04248046875,247.36676025390625,-31918.08984375,15967.9296875,-11451.24609375,-3766.87255859375,15096.345703125,-4366.435546875
377706.135403454,-2512.425537109375,242.24819946289062,-31914.3125,15969.3154296875,-11444.763671875,-3756.63525390625,15104.302734375,-4362.61328125
377706.139436362,-2506.614013671875,233.93336486816406,-31914.46875,15963.4814453125,-11448.5859375,-3757.03759765625,15105.599609375,-4370.72705078125
377706.143601282,-2510.9501953125,234.335693359375,-31914.693359375,15965.76171875,-11448.98828125,-3759.9658203125,15101.3525390625,-4380.4052734375
377706.146513917,-2518.818115234375,233.64279174804688,-31918.671875,15965.60546875,-11448.83203125,-3762.06689453125,15099.7431640625,-4380.98681640625
377706.150407521,-2518.035888671875,233.39691162109375,-31921.0859375,15964.5322265625,-11449.591796875,-3763.36328125,15100.078125,-4374.39306640625
377706.155323664,-2517.834716796875,233.86630249023438,-31918.537109375,15965.5830078125,-11448.0712890625,-3759.63037109375,15101.017578125,-4369.52001953125
377706.159346726,-2519.1533203125,237.6660919189453,-31910.6015625,15968.7119140625,-11445.7021484375,-3754.914306640625,15104.03515625,-4369.14013671875
377706.163623964,-2515.7783203125,241.01885986328125,-31906.087890625,15975.8642578125,-11441.6123046875,-3755.003662109375,15099.9443359375,-4375.77880859375
#377743.191707357,-2778.791259765625,81.71797943115234,-32036.46484375,15631.021484375,-11572.99609375,-4096.3369140625,14851.2587890625,-4372.91748046875
377743.195596585,-2775.661865234375,86.07656860351562,-32029.53515625,15635.783203125,-11568.0556640625,-4093.543212890625,14851.326171875,-4372.0458984375
377743.200557948,-2775.52783203125,88.46820831298828,-32022.048828125,15641.4599609375,-11560.12109375,-4082.412109375,14857.7412109375,-4371.2412109375
377743.20361317,-2771.638671875,92.11154174804688,-32009.77734375,15647.6962890625,-11550.2412109375,-4067.548095703125,14871.21875,-4365.630859375
377743.206653076,-2770.789306640625,97.49830627441406,-31996.544921875,15657.732421875,-11534.998046875,-4052.058349609375,14882.7080078125,-4358.6123046875
377743.210509483,-2776.980712890625,91.59745025634766,-32001.6640625,15654.0,-11535.5341796875,-4054.69580078125,14878.2373046875,-4362.0322265625
377743.214679872,-2775.907958984375,89.13875579833984,-32002.154296875,15653.0830078125,-11534.1259765625,-4054.651123046875,14878.8408203125,-4363.6865234375
377743.2186847,-2777.807861328125,88.51290893554688,-31999.5390625,15655.67578125,-11532.2265625,-4054.4052734375,14878.2822265625,-4366.56982421875
377743.222653791,-2781.205322265625,84.84722137451172,-31999.00390625,15656.7939453125,-11530.3486328125,-4055.142822265625,14872.9853515625,-4371.822265625
377743.226654608,-2785.764892578125,76.13004302978516,-32011.453125,15650.78125,-11537.9033203125,-4066.09521484375,14858.3447265625,-4380.271484375
377743.230710855,-2785.563720703125,69.46922302246094,-32027.345703125,15644.1875,-11544.720703125,-4077.89697265625,14843.9951171875,-4385.2109375
377743.234716777,-2787.173095703125,61.936683654785156,-32040.80078125,15633.4580078125,-11554.443359375,-4089.9892578125,14834.31640625,-4389.078125
377743.237794974,-2788.93896484375,56.728729248046875,-32048.087890625,15623.220703125,-11565.4853515625,-4099.89111328125,14826.8955078125,-4393.615234375
377743.241805637,-2785.4296875,60.215599060058594,-32048.04296875,15620.4267578125,-11570.5146484375,-4100.583984375,14828.2138671875,-4390.2626953125
377743.246694065,-2785.4521484375,60.88615036010742,-32056.55859375,15612.4248046875,-11582.919921875,-4110.68701171875,14824.5712890625,-4391.08984375
377743.250743383,-2786.6142578125,57.08635711669922,-32067.01953125,15605.4072265625,-11587.8818359375,-4112.36328125,14826.873046875,-4386.12744140625
377743.254690958,-2783.060302734375,57.26517105102539,-32068.271484375,15601.361328125,-11587.8369140625,-4108.89892578125,14834.115234375,-4376.94091796875
377743.258856607,-2781.25,59.29917907714844,-32062.9296875,15603.037109375,-11584.88671875,-4103.69091796875,14839.7705078125,-4376.650390625
377743.263739201,-2782.278076171875,63.70247268676758,-32056.0,15606.5693359375,-11583.3671875,-4097.3876953125,14844.173828125,-4380.96435546875
377743.266767437,-2775.95263671875,73.67134857177734,-32048.1328125,15614.458984375,-11577.2197265625,-4090.458740234375,14850.6328125,-4381.27734375
377743.272874964,-2773.2255859375,81.76268005371094,-32042.677734375,15623.35546875,-11567.7880859375,-4085.138916015625,14857.2939453125,-4375.4208984375
377743.276690163,-2775.170166015625,87.39531707763672,-32035.123046875,15629.9716796875,-11560.880859375,-4079.70751953125,14863.5751953125,-4371.8671875
377743.281787184,-2770.275146484375,95.95603942871094,-32015.1640625,15641.5048828125,-11548.095703125,-4066.29638671875,14873.38671875,-4367.91064453125
377743.284750874,-2773.56103515625,101.61103057861328,-31997.908203125,15652.4345703125,-11539.4013671875,-4056.461669921875,14879.064453125,-4367.8212890625
377743.288800192,-2775.483154296875,101.81219482421875,-31987.4921875,15657.9560546875,-11529.41015625,-4046.939697265625,14887.3125,-4361.607421875
377743.291872189,-2774.54443359375,97.65476989746094,-31982.865234375,15662.2470703125,-11517.33984375,-4038.177978515625,14893.7724609375,-4352.57763671875
377743.294899696,-2778.567626953125,93.81027221679688,-31979.400390625,15667.052734375,-11512.19921875,-4036.30029296875,14890.2626953125,-4353.494140625
377743.298666394,-2782.814453125,89.71990203857422,-31976.607421875,15668.8857421875,-11511.0146484375,-4037.52978515625,14883.3115234375,-4359.97607421875
377743.302871427,-2787.0390625,85.20484924316406,-31983.177734375,15663.8564453125,-11519.1953125,-4048.281005859375,14871.912109375,-4364.78173828125
377743.306999879,-2789.587158203125,80.46627807617188,-31998.84765625,15655.36328125,-11531.98046875,-4066.162353515625,14853.986328125,-4374.2587890625
377743.310940525,-2787.977783203125,74.63247680664062,-32018.44921875,15644.0078125,-11542.4189453125,-4082.68017578125,14837.6025390625,-4377.79052734375
377743.314772134,-2784.602783203125,71.9949722290039,-32030.609375,15635.8271484375,-11550.3759765625,-4093.07373046875,14829.3095703125,-4380.2490234375
377743.318697464,-2779.93115234375,74.76658630371094,-32032.798828125,15638.0849609375,-11554.8681640625,-4099.623046875,14825.7783203125,-4382.88671875
377743.321759615,-2782.501708984375,69.20100402832031,-32043.125,15625.7021484375,-11568.63671875,-4107.44580078125,14825.419921875,-4383.6689453125
377743.325858529,-2785.876708984375,63.38954544067383,-32055.62109375,15609.9443359375,-11585.04296875,-4117.392578125,14821.53125,-4384.2275390625
377743.331097407,-2783.485107421875,65.20003509521484,-32063.220703125,15608.4912109375,-11587.412109375,-4119.001953125,14822.5146484375,-4380.4052734375
377743.334910053,-2787.84375,59.366233825683594,-32070.662109375,15601.31640625,-11593.1572265625,-4120.90185546875,14824.81640625,-4379.82421875
377743.338890813,-2781.786376953125,64.97652435302734,-32061.833984375,15606.748046875,-11583.7919921875,-4105.3447265625,14841.3125,-4373.38720703125
377743.342890901,-2778.679443359375,72.06202697753906,-32052.71484375,15613.2744140625,-11578.6064453125,-4095.68896484375,14854.9697265625,-4367.17333984375
377743.346947877,-2777.807861328125,76.01828002929688,-32046.634765625,15619.9580078125,-11569.4638671875,-4081.69677734375,14867.798828125,-4359.77490234375
377743.352081365,-2775.997314453125,77.64996337890625,-32043.7734375,15625.9033203125,-11562.087890625,-4074.47705078125,14873.431640625,-4352.19775390625
377743.355153362,-2783.485107421875,67.81519317626953,-32047.193359375,15618.125,-11568.234375,-4078.254638671875,14870.1015625,-4356.17626953125
377743.3601986,-2779.037109375,77.13587188720703,-32029.513671875,15629.3232421875,-11556.5,-4064.441162109375,14879.869140625,-4357.8525390625
377743.363969673,-2772.465576171875,92.22329711914062,-32009.306640625,15645.796875,-11544.072265625,-4053.8017578125,14886.6865234375,-4358.97021484375
377743.367930012,-2771.8173828125,97.61006927490234,-31999.5390625,15652.0546875,-11538.529296875,-4051.857177734375,14885.8369140625,-4361.6748046875
377743.374064889,-2772.55517578125,99.35350036621094,-31995.62890625,15658.3583984375,-11531.3095703125,-4051.29833984375,14881.0087890625,-4363.30615234375
377743.377963963,-2774.276123046875,95.24078369140625,-31991.404296875,15659.5205078125,-11526.2353515625,-4048.88427734375,14877.0751953125,-4362.4345703125
377743.381322957,-2776.91357421875,93.45264434814453,-31986.28515625,15661.509765625,-11522.3466796875,-4045.240966796875,14875.0185546875,-4362.658203125
377743.38517754,-2784.4462890625,86.30008697509766,-31990.95703125,15656.927734375,-11527.0625,-4052.371337890625,14868.1123046875,-4366.56982421875
377743.388247349,-2796.2255859375,68.61985778808594,-32009.462890625,15639.626953125,-11543.0439453125,-4070.7890625,14853.091796875,-4374.92919921875
377743.391010105,-2797.72314453125,66.13880920410156,-32020.818359375,15642.2421875,-11542.2841796875,-4078.4111328125,14844.8212890625,-4376.404296875
377743.395014568,-2796.44921875,67.81519317626953,-32027.92578125,15645.103515625,-11547.9619140625,-4091.062255859375,14832.349609375,-4382.841796875
377743.399293265,-2790.4365234375,73.29136657714844,-32027.748046875,15642.5556640625,-11559.00390625,-4102.05908203125,14823.0732421875,-4387.8486328125
377743.402359063,-2796.359619140625,70.765625,-32036.8671875,15629.4130859375,-11577.2421875,-4115.5595703125,14814.982421875,-4393.54833984375
377743.406021464,-2791.50927734375,67.43521118164062,-32047.86328125,15618.236328125,-11586.0263671875,-4118.89013671875,14815.9208984375,-4392.408203125
377743.410160492,-2791.487060546875,63.501304626464844,-32060.314453125,15612.1572265625,-11589.916015625,-4122.3994140625,14815.2724609375,-4389.4580078125
377743.414317753,-2789.698974609375,62.38372039794922,-32065.4765625,15606.099609375,-11592.978515625,-4121.84033203125,14818.625,-4385.54638671875
377743.41910772,-2790.81640625,57.51103973388672,-32065.1875,15598.6123046875,-11596.509765625,-4119.7392578125,14825.197265625,-4384.8310546875
377743.423283215,-2790.14599609375,63.05427169799805,-32055.576171875,15606.0771484375,-11588.9775390625,-4112.85498046875,14832.1259765625,-4385.56884765625
377743.427305547,-2787.888427734375,68.79866790771484,-32047.39453125,15613.7666015625,-11580.3720703125,-4103.7578125,14843.4130859375,-4380.0029296875
377743.430238969,-2783.283935546875,75.45948791503906,-32040.30859375,15623.064453125,-11566.423828125,-4086.524658203125,14862.009765625,-4365.56396484375
377743.435285665,-2778.92529296875,83.95315551757812,-32028.240234375,15636.095703125,-11551.314453125,-4072.063232421875,14874.03515625,-4355.59521484375
377743.441157614,-2778.903076171875,85.07073974609375,-32017.755859375,15637.66015625,-11549.75,-4069.626708984375,14875.734375,-4354.5
377743.444287959,-2776.35498046875,91.26216888427734,-32002.7578125,15644.74609375,-11543.423828125,-4061.71435546875,14880.2490234375,-4353.15869140625
377743.448113004,-2773.583251953125,99.28644561767578,-31989.50390625,15654.7373046875,-11534.8408203125,-4053.8017578125,14884.5634765625,-4354.4326171875
377743.451338893,-2769.872802734375,101.7451400756836,-31983.892578125,15658.0,-11529.275390625,-4049.443115234375,14885.1884765625,-4352.6220703125
377743.455506,-2767.4140625,99.71112823486328,-31981.814453125,15657.28515625,-11528.068359375,-4052.259521484375,14881.8583984375,-4352.48828125
377743.4585532,-2764.083740234375,104.36029815673828,-31973.634765625,15668.3046875,-11521.921875,-4052.1923828125,14879.35546875,-4354.72314453125
377743.462058063,-2768.397705078125,95.91133880615234,-31979.154296875,15661.0849609375,-11527.2197265625,-4055.0087890625,14874.59375,-4357.4501953125
377743.466450537,-2778.187744140625,82.12030792236328,-31995.583984375,15647.8974609375,-11535.66796875,-4060.216796875,14869.810546875,-4360.40087890625
377743.470356539,-2788.581298828125,67.01052856445312,-32017.578125,15633.9951171875,-11548.7216796875,-4076.51123046875,14857.7861328125,-4363.216796875
377743.475391566,-2790.593017578125,61.377891540527344,-32032.083984375,15627.8037109375,-11555.2705078125,-4085.2060546875,14849.626953125,-4366.32373046875
377743.479348258,-2792.269287109375,60.662635803222656,-32042.455078125,15625.8359375,-11562.4677734375,-4093.632568359375,14836.931640625,-4374.97412109375
377743.483453371,-2795.91259765625,60.41676712036133,-32052.9375,15621.0302734375,-11575.4990234375,-4108.51904296875,14824.146484375,-4383.35595703125
377743.486015192,-2801.567626953125,56.080528259277344,-32067.376953125,15610.63671875,-11589.2900390625,-4121.86279296875,14814.3564453125,-4391.17919921875
377743.49137113,-2802.953369140625,47.47510528564453,-32082.93359375,15598.791015625,-11596.1298828125,-4125.88623046875,14812.1435546875,-4389.0556640625
377743.495439046,-2799.153564453125,49.1738395690918,-32088.09765625,15595.7734375,-11598.5439453125,-4127.205078125,14813.171875,-4385.79248046875
377743.498468742,-2795.778564453125,61.0426139831543,-32079.826171875,15605.384765625,-11595.34765625,-4124.50048828125,14815.49609375,-4385.8818359375
377743.502963689,-2797.90185546875,61.8919792175293,-32074.640625,15603.3505859375,-11599.1025390625,-4127.07080078125,14812.814453125,-4390.642578125
377743.506961589,-2795.10791015625,61.020263671875,-32072.763671875,15600.2880859375,-11599.4599609375,-4127.04833984375,14813.5068359375,-4394.37548828125
377743.511223511,-2790.190673828125,63.948341369628906,-32069.65625,15603.9990234375,-11590.4072265625,-4118.2197265625,14818.7822265625,-4390.2626953125
377743.514854185,-2789.20703125,60.75204086303711,-32068.986328125,15600.0869140625,-11590.2734375,-4115.5595703125,14820.4130859375,-4390.77685546875
377743.518398798,-2784.15576171875,65.98235321044922,-32058.5703125,15607.1953125,-11585.04296875,-4110.28466796875,14824.4814453125,-4390.798828125
377743.522576845,-2792.671630859375,64.08245086669922,-32052.9375,15607.6865234375,-11587.9716796875,-4113.7490234375,14823.3642578125,-4395.068359375
377743.526396055,-2789.408203125,74.47601318359375,-32038.453125,15621.4326171875,-11574.224609375,-4102.751953125,14834.1376953125,-4389.90478515625
377743.53014306,-2785.228515625,80.15335845947266,-32031.345703125,15629.099609375,-11565.6640625,-4094.90673828125,14840.0830078125,-4381.8134765625
377743.536234177,-2783.6416015625,80.5556869506836,-32025.2890625,15630.5078125,-11565.3740234375,-4095.7783203125,14840.708984375,-4380.98681640625
377743.539288306,-2782.32275390625,83.41670989990234,-32010.58203125,15637.3701171875,-11555.046875,-4083.015625,14850.3203125,-4380.47265625
377743.543305533,-2780.691162109375,86.4118423461914,-31999.517578125,15640.1865234375,-11552.7001953125,-4078.142822265625,14851.1474609375,-4384.56298828125
377743.546134658,-2774.790283203125,96.8724594116211,-31992.275390625,15651.4287109375,-11544.20703125,-4073.426513671875,14850.767578125,-4385.50146484375
377743.550143498,-2772.0185546875,97.52066040039062,-31997.572265625,15652.6357421875,-11541.4130859375,-4073.069091796875,14849.626953125,-4381.232421875
377743.554415266,-2775.259765625,90.74808502197266,-32006.021484375,15647.5400390625,-11540.451171875,-4069.1796875,14853.583984375,-4372.11279296875
377743.558136744,-2777.964111328125,84.80252075195312,-32011.69921875,15646.1767578125,-11538.3056640625,-4065.69287109375,14857.47265625,-4365.11669921875
377743.563325298,-2783.95458984375,75.34773254394531,-32026.294921875,15635.8271484375,-11547.9619140625,-4072.4208984375,14852.80078125,-4365.8994140625
377743.567277249,-2796.292724609375,61.86962890625,-32051.552734375,15618.482421875,-11566.4462890625,-4091.755126953125,14835.724609375,-4374.8623046875
377743.570431662,-2801.6123046875,54.4712028503418,-32071.37890625,15607.4189453125,-11579.9697265625,-4109.72607421875,14821.2177734375,-4381.14306640625
377743.574230815,-2798.21484375,57.98042678833008,-32073.994140625,15610.369140625,-11581.7353515625,-4115.42578125,14816.7255859375,-4382.037109375
377743.579235209,-2795.756103515625,62.406070709228516,-32071.556640625,15611.083984375,-11585.53515625,-4120.3427734375,14815.49609375,-4385.18896484375
377743.583481086,-2790.593017578125,68.41869354248047,-32061.54296875,15615.0625,-11579.208984375,-4112.07275390625,14823.185546875,-4381.59033203125
377743.58619461,-2792.470458984375,63.70247268676758,-32064.29296875,15609.408203125,-11582.00390625,-4112.7880859375,14826.4931640625,-4377.72314453125
377743.590280031,-2796.51611328125,54.2253303527832,-32076.1171875,15597.025390625,-11590.67578125,-4120.67822265625,14823.4306640625,-4375.287109375
377743.595156426,-2795.8232421875,54.65001678466797,-32075.646484375,15595.169921875,-11592.28515625,-4121.10302734375,14825.4423828125,-4372.828125
377743.598208366,-2795.2197265625,58.427459716796875,-32066.080078125,15601.31640625,-11587.4345703125,-4114.5986328125,14829.130859375,-4373.2529296875
377743.602470288,-2790.52587890625,65.5129623413086,-32053.853515625,15607.91015625,-11580.5732421875,-4103.5341796875,14836.685546875,-4368.51416015625
377743.606491526,-2789.587158203125,67.14463806152344,-32050.435546875,15606.30078125,-11579.388671875,-4099.3994140625,14840.396484375,-4365.98876953125
377743.61030709,-2788.894287109375,68.30693054199219,-32051.439453125,15606.5693359375,-11578.3603515625,-4100.0029296875,14837.736328125,-4369.58740234375
377743.614205434,-2784.692138671875,74.38660430908203,-32043.125,15617.07421875,-11568.9501953125,-4096.5380859375,14840.619140625,-4370.4140625
377743.618605567,-2776.53369140625,82.76850891113281,-32027.880859375,15626.9541015625,-11561.373046875,-4090.816162109375,14848.197265625,-4369.36376953125
377743.623492901,-2775.773681640625,88.4011459350586,-32017.15234375,15635.0224609375,-11555.3828125,-4086.435302734375,14851.728515625,-4371.0849609375
377743.626313639,-2784.490966796875,81.85208892822266,-32022.80859375,15630.4404296875,-11558.0419921875,-4087.821044921875,14849.91796875,-4377.11962890625
377743.630283094,-2786.4130859375,78.32051086425781,-32032.26171875,15628.0263671875,-11558.9140625,-4090.548095703125,14846.5654296875,-4377.0078125
377743.634309803,-2785.630859375,79.14752960205078,-32035.212890625,15630.75390625,-11555.1142578125,-4088.558837890625,14845.6708984375,-4375.17529296875
377743.638579383,-2787.195556640625,74.90069580078125,-32036.173828125,15629.658203125,-11554.443359375,-4087.48583984375,14842.67578125,-4374.83984375
377743.642590775,-2798.32666015625,63.076622009277344,-32041.716796875,15622.1708984375,-11561.6630859375,-4092.760986328125,14835.880859375,-4378.97509765625
377743.646333769,-2815.42578125,49.46440887451172,-32052.826171875,15612.939453125,-11568.9501953125,-4100.51708984375,14827.208984375,-4382.2158203125
377743.652256408,-2811.69287109375,48.302120208740234,-32056.8046875,15614.7275390625,-11566.3798828125,-4102.93115234375,14823.9453125,-4375.6669921875
377743.655468804,-2807.267333984375,51.02903366088867,-32056.537109375,15616.8505859375,-11567.720703125,-4108.85400390625,14819.2734375,-4372.873046875
377743.658403319,-2809.8154296875,49.46440887451172,-32060.447265625,15610.525390625,-11577.9130859375,-4121.52734375,14810.66796875,-4382.998046875
377743.662339589,-2811.91650390625,48.14565658569336,-32063.17578125,15602.1435546875,-11586.2724609375,-4127.04833984375,14809.7744140625,-4385.72509765625
377743.666412976,-2808.8095703125,50.29142379760742,-32064.091796875,15600.9814453125,-11588.3515625,-4127.89794921875,14810.7802734375,-4381.92529296875
377743.670386807,-2807.356689453125,51.09608840942383,-32070.373046875,15600.958984375,-11588.619140625,-4131.2060546875,14807.8291015625,-4382.484375
377743.674426644,-2801.187744140625,54.068870544433594,-32070.775390625,15601.6962890625,-11585.8251953125,-4126.10986328125,14814.1328125,-4377.79052734375
377743.680340895,-2800.62890625,53.554779052734375,-32067.7578125,15596.82421875,-11586.18359375,-4118.755859375,14824.548828125,-4372.0234375
377743.683490203,-2800.159423828125,57.734554290771484,-32060.984375,15598.5224609375,-11586.00390625,-4115.42578125,14830.1142578125,-4369.8330078125
377743.687617196,-2797.477294921875,65.6470718383789,-32053.853515625,15606.0107421875,-11579.25390625,-4108.27294921875,14837.6689453125,-4364.73681640625
377743.690360624,-2794.72802734375,64.12715148925781,-32056.111328125,15605.451171875,-11572.90625,-4101.142578125,14842.876953125,-4360.60205078125
377743.694434375,-2796.33740234375,58.6733283996582,-32057.318359375,15602.0537109375,-11573.5771484375,-4102.23779296875,14841.3349609375,-4361.0263671875
377743.69845999,-2799.868896484375,56.1699333190918,-32051.775390625,15601.40625,-11575.1640625,-4103.9814453125,14838.9658203125,-4365.8095703125
377743.702387872,-2798.013671875,59.29917907714844,-32040.263671875,15606.390625,-11569.3076171875,-4099.1533203125,14842.474609375,-4366.681640625
377743.7073434,-2793.94580078125,60.84144973754883,-32035.123046875,15608.916015625,-11567.7431640625,-4097.9912109375,14842.564453125,-4369.296875
377743.710397164,-2797.11962890625,57.93572235107422,-32042.388671875,15607.4189453125,-11571.69921875,-4106.1943359375,14834.5400390625,-4376.6728515625
377743.71452671,-2792.984619140625,60.70733642578125,-32040.33203125,15613.3193359375,-11566.3349609375,-4102.3720703125,14834.2265625,-4374.2587890625
377743.718689806,-2788.871826171875,64.10480499267578,-32037.849609375,15617.365234375,-11568.3916015625,-4106.03759765625,14829.4658203125,-4377.4775390625
377743.722612583,-2792.93994140625,65.55766296386719,-32035.99609375,15620.9189453125,-11567.318359375,-4105.65771484375,14825.599609375,-4381.0087890625
377743.72640189,-2797.611328125,71.25736236572266,-32035.861328125,15626.841796875,-11558.35546875,-4094.3701171875,14831.74609375,-4378.416015625
377743.730485123,-2796.001953125,69.2457046508789,-32045.0703125,15623.9814453125,-11554.98046875,-4090.3916015625,14837.69140625,-4371.59912109375
377743.735633562,-2796.650146484375,63.32249069213867,-32054.212890625,15617.3203125,-11560.12109375,-4094.59375,14838.8984375,-4368.71533203125
377743.73866107,-2799.466552734375,60.014434814453125,-32056.42578125,15613.095703125,-11565.5751953125,-4097.767578125,14837.78125,-4368.693359375
377743.741508429,-2794.660888671875,69.80449676513672,-32047.193359375,15618.9521484375,-11562.982421875,-4094.10205078125,14843.0107421875,-4363.19482421875
377743.746629883,-2789.251953125,80.309814453125,-32041.181640625,15622.8408203125,-11562.3115234375,-4092.760986328125,14846.38671875,-4360.40087890625
377743.750718586,-2787.977783203125,81.15918731689453,-32046.5234375,15620.8740234375,-11565.1279296875,-4097.3427734375,14843.279296875,-4360.51220703125
377743.754797442,-2780.31103515625,88.53526306152344,-32042.388671875,15627.7138671875,-11559.361328125,-4092.917236328125,14848.3310546875,-4354.701171875
377743.758792789,-2781.048828125,88.71407318115234,-32039.572265625,15626.283203125,-11562.177734375,-4094.59375,14848.822265625,-4358.076171875
377743.763588226,-2784.557861328125,84.22137451171875,-32038.8125,15618.5048828125,-11567.966796875,-4096.8291015625,14847.548828125,-4359.6181640625
377743.766498674,-2780.04296875,91.08335876464844,-32033.0234375,15625.5908203125,-11563.2060546875,-4093.3642578125,14851.8623046875,-4355.8408203125
377743.771392937,-2774.94677734375,96.51483154296875,-32035.236328125,15632.966796875,-11560.8359375,-4094.638427734375,14849.671875,-4354.8349609375
377743.775428033,-2779.171142578125,90.59162139892578,-32042.25390625,15626.1943359375,-11567.3857421875,-4101.791015625,14841.826171875,-4355.21484375
377743.778555096,-2777.181884765625,91.39628601074219,-32038.365234375,15625.92578125,-11567.3408203125,-4100.5390625,14842.51953125,-4355.19287109375
377743.785796389,-2774.566650390625,91.7092056274414,-32033.9609375,15624.40625,-11567.7880859375,-4097.27587890625,14846.095703125,-4355.3046875
377743.788515748,-2777.181884765625,84.24372863769531,-32038.56640625,15616.8505859375,-11572.8837890625,-4100.830078125,14843.48046875,-4359.8193359375
377743.791609261,-2778.32177734375,82.76850891113281,-32046.076171875,15616.359375,-11574.5830078125,-4107.26708984375,14837.490234375,-4360.087890625
377743.795489006,-2780.71337890625,79.66161346435547,-32049.4296875,15613.1630859375,-11576.6611328125,-4109.591796875,14835.9033203125,-4358.74658203125
377743.798523442,-2782.14404296875,77.5829086303711,-32045.62890625,15614.794921875,-11575.2080078125,-4110.88818359375,14831.791015625,-4365.36279296875
377743.802508943,-2787.50830078125,71.10089874267578,-32046.34375,15607.865234375,-11581.9365234375,-4116.9453125,14826.76171875,-4373.677734375
377743.8065816,-2789.72119140625,68.57514953613281,-32047.908203125,15605.0048828125,-11583.6123046875,-4119.3369140625,14825.3310546875,-4379.57861328125
377743.810599557,-2787.53076171875,71.30206298828125,-32048.84765625,15610.8603515625,-11575.0966796875,-4113.771484375,14826.716796875,-4378.93017578125
377743.814649604,-2787.84375,70.78797149658203,-32052.669921875,15614.861328125,-11570.447265625,-4113.7939453125,14823.9677734375,-4380.0703125
377743.818614683,-2789.676513671875,66.76466369628906,-32054.681640625,15612.7158203125,-11567.02734375,-4106.8203125,14826.9853515625,-4377.11962890625
377743.822486406,-2788.11181640625,67.03288269042969,-32054.771484375,15613.095703125,-11562.04296875,-4095.86767578125,14837.736328125,-4370.6376953125
377743.825622221,-2788.581298828125,68.48574829101562,-32057.251953125,15614.0126953125,-11559.919921875,-4091.28564453125,14844.9111328125,-4364.35693359375
377743.829602981,-2785.31787109375,75.3924331665039,-32055.798828125,15620.248046875,-11553.3935546875,-4086.323486328125,14850.275390625,-4355.103515625
377743.834826908,-2781.6298828125,81.87444305419922,-32052.111328125,15623.958984375,-11553.5048828125,-4088.29052734375,14852.7119140625,-4349.8955078125
377743.838682585,-2779.95361328125,86.59066009521484,-32045.607421875,15627.244140625,-11556.6787109375,-4092.313720703125,14848.755859375,-4355.32666015625
377743.842821248,-2768.8447265625,95.62076568603516,-32032.576171875,15636.0732421875,-11554.98046875,-4090.749267578125,14849.515625,-4356.466796875
377743.846669632,-2764.195556640625,100.06876373291016,-32026.98828125,15639.4931640625,-11553.83984375,-4089.609375,14848.5986328125,-4354.92431640625
377743.850542814,-2766.72119140625,95.62076568603516,-32034.453125,15633.0556640625,-11558.802734375,-4094.86181640625,14842.9892578125,-4353.98583984375
377743.853908372,-2768.263671875,91.03865814208984,-32039.416015625,15626.373046875,-11562.4677734375,-4097.9912109375,14842.0947265625,-4352.57763671875
377743.857770614,-2769.42578125,88.87053680419922,-32040.197265625,15621.701171875,-11567.0498046875,-4100.27099609375,14840.708984375,-4355.416015625
377743.862840284,-2776.01953125,81.00272369384766,-32043.841796875,15611.822265625,-11575.275390625,-4104.49560546875,14838.205078125,-4359.35009765625
377743.866615004,-2781.697021484375,72.12908172607422,-32052.490234375,15599.595703125,-11584.88671875,-4110.30712890625,14834.205078125,-4362.904296875
377743.870725223,-2777.092529296875,75.05715942382812,-32053.8984375,15606.189453125,-11578.0244140625,-4107.78125,14833.310546875,-4360.55712890625
377743.876923189,-2779.037109375,75.90652465820312,-32054.5703125,15611.576171875,-11577.130859375,-4113.72705078125,14823.5654296875,-4367.0615234375
377743.879616292,-2780.51220703125,76.28650665283203,-32048.109375,15613.341796875,-11572.7275390625,-4106.931640625,14828.4375,-4364.75927734375
377743.882749189,-2776.578369140625,78.27581024169922,-32040.353515625,15618.3935546875,-11566.625,-4098.46044921875,14836.373046875,-4364.4912109375
377743.886831692,-2787.84375,66.76466369628906,-32046.388671875,15607.8427734375,-11574.203125,-4106.84228515625,14832.1484375,-4368.93896484375
377743.890652726,-2787.776611328125,65.80353546142578,-32050.5234375,15609.8544921875,-11570.4697265625,-4109.3681640625,14826.3369140625,-4370.12353515625
377743.894590455,-2791.21875,62.04844284057617,-32055.375,15608.357421875,-11572.0341796875,-4114.21875,14817.216796875,-4375.6669921875
377743.898569026,-2793.431640625,60.26030349731445,-32054.078125,15608.71484375,-11569.9111328125,-4111.26806640625,14816.501953125,-4377.52197265625
377743.903084031,-2795.689208984375,60.68498611450195,-32049.98828125,15610.212890625,-11564.14453125,-4101.47802734375,14825.8896484375,-4371.2412109375
377743.906909805,-2802.484130859375,53.510074615478516,-32053.8984375,15604.04296875,-11564.1220703125,-4098.05810546875,14830.9638671875,-4368.71533203125
377743.909575193,-2799.578369140625,56.95224380493164,-32054.45703125,15612.6484375,-11551.42578125,-4087.1728515625,14839.0771484375,-4360.2666015625
377743.913688694,-2796.001953125,61.087318420410156,-32054.0546875,15619.4658203125,-11543.603515625,-4078.50048828125,14849.4033203125,-4350.76708984375
377743.919057031,-2794.2138671875,63.00956726074219,-32052.22265625,15619.6220703125,-11545.9501953125,-4075.863037109375,14856.6005859375,-4346.453125
377743.922972879,-2792.53759765625,66.45173645019531,-32048.7578125,15617.72265625,-11551.1806640625,-4078.545166015625,14857.2041015625,-4348.15185546875
377743.926939781,-2792.6044921875,72.15142822265625,-32047.751953125,15616.1806640625,-11557.0146484375,-4085.049560546875,14851.9970703125,-4353.76220703125
377743.930776496,-2778.590087890625,84.51194763183594,-32043.662109375,15625.6796875,-11549.90625,-4078.947509765625,14855.193359375,-4349.56005859375
377743.934841859,-2778.299560546875,81.98619842529297,-32050.2109375,15619.48828125,-11559.2265625,-4086.10009765625,14849.0009765625,-4351.4599609375
377743.938663258,-2780.691162109375,78.96871185302734,-32051.685546875,15612.89453125,-11569.8212890625,-4094.414794921875,14843.3916015625,-4356.220703125
377743.941635335,-2779.12646484375,79.37104797363281,-32047.595703125,15611.3076171875,-11573.3759765625,-4097.1865234375,14843.9501953125,-4358.94775390625
377743.94655002,-2785.31787109375,78.1417007446289,-32045.78515625,15611.7548828125,-11571.990234375,-4096.64990234375,14845.9619140625,-4361.92041015625
377743.950756147,-2786.390869140625,75.37007904052734,-32049.7421875,15607.2841796875,-11572.4814453125,-4097.208984375,14847.2802734375,-4354.65625
377743.954801818,-2787.4189453125,71.88320922851562,-32052.9609375,15603.931640625,-11574.001953125,-4100.87451171875,14845.08984375,-4352.17529296875
377743.958810293,-2789.385986328125,71.2350082397461,-32048.37890625,15607.2392578125,-11571.7666015625,-4100.2265625,14843.435546875,-4357.0478515625
377743.961871351,-2791.419921875,69.93860626220703,-32042.208984375,15607.865234375,-11572.0791015625,-4100.3603515625,14840.955078125,-4362.703125
377743.967121898,-2786.52490234375,74.8336410522461,-32035.794921875,15613.3193359375,-11567.408203125,-4097.87939453125,14839.61328125,-4365.228515625
377743.970847388,-2789.52001953125,66.58584594726562,-32044.310546875,15604.982421875,-11571.0283203125,-4104.27197265625,14831.5673828125,-4367.70947265625
377743.97393616,-2794.996337890625,59.45563888549805,-32055.28515625,15598.1201171875,-11577.890625,-4116.1630859375,14820.279296875,-4375.57763671875
377743.97974648,-2794.281005859375,61.62376022338867,-32055.240234375,15599.908203125,-11581.66796875,-4124.9248046875,14813.5068359375,-4380.74072265625
377743.982820665,-2796.180908203125,59.85797119140625,-32054.7265625,15597.78515625,-11579.9697265625,-4119.24755859375,14819.8544921875,-4379.466796875
377743.988722517,-2799.6005859375,61.10966873168945,-32057.095703125,15600.7802734375,-11577.0859375,-4117.6162109375,14817.015625,-4379.2880859375
377743.991787585,-2800.762939453125,59.969730377197266,-32063.578125,15602.5908203125,-11570.134765625,-4112.31884765625,14816.189453125,-4375.80078125
377743.994838796,-2797.94677734375,57.64514923095703,-32065.96875,15602.5458984375,-11565.708984375,-4105.92626953125,14821.173828125,-4370.81640625
377743.997861927,-2795.465576171875,59.589752197265625,-32061.923828125,15604.37890625,-11563.048828125,-4100.78515625,14826.60546875,-4368.55908203125
377744.001826642,-2802.037109375,55.298213958740234,-32062.83984375,15599.662109375,-11565.306640625,-4097.85693359375,14831.5224609375,-4366.34619140625
377744.006761019,-2802.394775390625,57.55574035644531,-32063.623046875,15599.8193359375,-11563.5634765625,-4093.140869140625,14838.7197265625,-4362.77001953125
377744.010803408,-2798.684326171875,63.568359375,-32066.68359375,15604.7138671875,-11562.5576171875,-4095.26416015625,14839.7255859375,-4360.53466796875
377744.014853456,-2787.0390625,76.19709777832031,-32058.03515625,15616.224609375,-11553.884765625,-4086.88232421875,14848.509765625,-4353.71728515625
377744.018915538,-2779.0146484375,83.1037826538086,-32048.712890625,15621.388671875,-11552.56640625,-4082.814453125,14854.1875,-4352.55517578125
377744.02277705,-2777.070068359375,85.69658660888672,-32040.599609375,15622.6181640625,-11555.8515625,-4085.116455078125,14852.599609375,-4358.478515625
377744.025906665,-2781.406494140625,81.98619842529297,-32039.37109375,15617.7451171875,-11563.9208984375,-4093.520751953125,14846.095703125,-4364.46875
377744.029906753,-2784.602783203125,78.52167510986328,-32041.986328125,15615.7783203125,-11566.71484375,-4099.13134765625,14843.48046875,-4363.93212890625
377744.034717506,-2781.25,84.958984375,-32034.51953125,15624.7861328125,-11555.8740234375,-4089.229248046875,14852.1533203125,-4357.8974609375
377744.038868933,-2781.25,84.13196563720703,-32029.669921875,15622.998046875,-11556.9921875,-4088.961181640625,14853.44921875,-4356.13134765625
377744.042838388,-2777.51708984375,85.8530502319336,-32023.8359375,15622.953125,-11558.220703125,-4088.49169921875,14853.337890625,-4357.2265625
377744.046804196,-2785.876708984375,78.54402923583984,-32031.97265625,15612.5595703125,-11568.369140625,-4100.24853515625,14845.9169921875,-4366.279296875
377744.050739007,-2785.6083984375,78.36521911621094,-32040.0859375,15611.240234375,-11568.369140625,-4104.80859375,14839.8818359375,-4371.35302734375
377744.05397766,-2782.501708984375,80.60038757324219,-32039.013671875,15616.26953125,-11562.3115234375,-4102.10400390625,14840.41796875,-4371.73291015625
377744.058034636,-2784.982666015625,75.41478729248047,-32039.080078125,15609.921875,-11567.0498046875,-4105.47900390625,14839.6806640625,-4372.2470703125
377744.063963109,-2785.0498046875,74.23014068603516,-32037.91796875,15606.904296875,-11571.2294921875,-4107.826171875,14838.7197265625,-4370.54833984375
377744.066906377,-2784.71435546875,75.30302429199219,-32040.578125,15611.77734375,-11569.4638671875,-4108.83154296875,14838.451171875,-4368.51416015625
377744.0709732,-2790.52587890625,65.98235321044922,-32053.67578125,15603.0595703125,-11577.890625,-4122.1982421875,14824.6376953125,-4374.0576171875
377744.074976205,-2791.062255859375,62.718994140625,-32054.279296875,15602.27734375,-11573.7333984375,-4118.9345703125,14823.5654296875,-4372.0458984375
377744.078013923,-2788.380126953125,66.47409057617188,-32049.4296875,15607.10546875,-11567.7880859375,-4111.64794921875,14826.158203125,-4366.72607421875
377744.081951651,-2797.298583984375,61.82492446899414,-32051.08203125,15604.22265625,-11568.078125,-4107.89306640625,14826.9404296875,-4367.32958984375
377744.085978725,-2802.841796875,57.55574035644531,-32054.927734375,15603.529296875,-11564.4794921875,-4100.2265625,14833.0419921875,-4366.837890625
377744.091852497,-2802.6181640625,53.89005661010742,-32064.337890625,15599.3046875,-11565.3515625,-4099.06396484375,14834.2490234375,-4363.59716796875
377744.097908605,-2799.958251953125,53.44301986694336,-32069.814453125,15594.767578125,-11571.7666015625,-4105.27783203125,14831.34375,-4360.2890625
377744.101846699,-2797.611328125,56.505210876464844,-32066.28125,15596.64453125,-11571.4755859375,-4104.40625,14833.712890625,-4359.99853515625
377744.104921978,-2794.4150390625,60.28265380859375,-32060.984375,15597.427734375,-11574.4931640625,-4104.67431640625,14834.271484375,-4361.76416015625
377744.108005645,-2794.83984375,61.936683654785156,-32060.24609375,15595.326171875,-11577.041015625,-4105.27783203125,14836.484375,-4363.8427734375
377744.111013095,-2785.586181640625,74.43131256103516,-32050.79296875,15608.71484375,-11560.7021484375,-4090.7939453125,14851.9072265625,-4355.14794921875
377744.114826106,-2784.826171875,78.81224822998047,-32047.86328125,15613.6318359375,-11556.947265625,-4091.173828125,14851.5947265625,-4356.71240234375
377744.117898468,-2784.602783203125,80.82390594482422,-32040.734375,15616.4482421875,-11554.7119140625,-4089.07275390625,14853.13671875,-4358.97021484375
377744.122878064,-2789.14013671875,81.04742431640625,-32036.80078125,15617.07421875,-11556.9697265625,-4090.27978515625,14852.935546875,-4361.71923828125
377744.126958379,-2787.977783203125,76.57707977294922,-32040.599609375,15612.89453125,-11562.4677734375,-4094.794921875,14851.83984375,-4362.59130859375
377744.131241817,-2788.447265625,70.27388763427734,-32048.19921875,15606.4345703125,-11562.9375,-4092.649169921875,14855.8857421875,-4355.77392578125
377744.13422447,-2788.0224609375,66.51879119873047,-32050.30078125,15601.80859375,-11563.8759765625,-4092.939697265625,14857.1376953125,-4351.4599609375
377744.138117344,-2783.14990234375,76.39826202392578,-32040.01953125,15613.2744140625,-11558.66796875,-4089.452880859375,14855.39453125,-4353.15869140625
377744.142076588,-2782.72509765625,81.22624206542969,-32034.966796875,15618.572265625,-11559.80859375,-4092.87255859375,14849.8955078125,-4362.0322265625
377744.148006885,-2783.462646484375,80.82390594482422,-32034.609375,15617.96875,-11557.70703125,-4090.90576171875,14849.5830078125,-4366.435546875
377744.151006312,-2783.14990234375,79.54985809326172,-32040.287109375,15617.4541015625,-11554.5556640625,-4088.715087890625,14854.34375,-4360.98193359375
377744.154868553,-2781.294677734375,78.4322738647461,-32043.6171875,15617.7001953125,-11552.7001953125,-4087.955322265625,14857.7861328125,-4354.92431640625
377744.159056447,-2779.260498046875,76.35356140136719,-32043.55078125,15616.560546875,-11554.4208984375,-4091.240966796875,14853.494140625,-4355.97509765625
377744.161959236,-2793.386962890625,68.12812042236328,-32049.517578125,15609.02734375,-11562.2890625,-4100.5615234375,14843.2568359375,-4364.22265625
377744.166099723,-2791.71044921875,71.30206298828125,-32048.423828125,15611.5087890625,-11560.03125,-4102.193359375,14841.111328125,-4362.45703125
377744.170084859,-2795.286865234375,65.78118133544922,-32058.302734375,15605.98828125,-11563.9208984375,-4108.5634765625,14832.1484375,-4362.904296875
377744.174126154,-2794.12451171875,65.33415222167969,-32060.158203125,15605.18359375,-11561.2607421875,-4104.45068359375,14834.47265625,-4355.8408203125
377744.178990514,-2789.296630859375,70.58680725097656,-32053.36328125,15609.20703125,-11558.802734375,-4100.04736328125,14838.205078125,-4353.31494140625
377744.182997895,-2790.078857421875,71.07854461669922,-32049.09375,15612.2685546875,-11558.66796875,-4098.12548828125,14841.06640625,-4352.2421875
377744.186947293,-2797.857177734375,64.2389144897461,-32056.224609375,15606.390625,-11561.126953125,-4095.06298828125,14844.5087890625,-4353.58349609375
