#377714.184846053,-2769.91748046875,-29.459598541259766,-32133.962890625,15643.6953125,-11675.92578125,-4113.68212890625,14843.48046875,-4552.06689453125
377714.187854962,-2771.638671875,-32.85706329345703,-32142.92578125,15641.169921875,-11675.3447265625,-4113.3916015625,14844.2626953125,-4550.45751953125
377714.190964156,-2775.05859375,-41.529541015625,-32151.84375,15630.9326171875,-11682.4072265625,-4117.5712890625,14842.8095703125,-4552.62548828125
377714.194730489,-2777.964111328125,-46.87160873413086,-32152.91796875,15625.232421875,-11687.4365234375,-4118.48779296875,14845.0,-4555.30810546875
377714.197959295,-2775.281982421875,-37.930912017822266,-32139.55078125,15637.5263671875,-11678.4287109375,-4111.1337890625,14851.7060546875,-4553.7880859375
377714.200917879,-2768.464599609375,-24.855140686035156,-32125.9609375,15650.37890625,-11667.07421875,-4101.9697265625,14860.5126953125,-4548.333984375
377714.203882298,-2770.6552734375,-28.07379150390625,-32133.583984375,15643.1142578125,-11672.3046875,-4106.90966796875,14858.5458984375,-4548.7138671875
377714.20788895,-2770.878662109375,-27.738513946533203,-32138.052734375,15641.5498046875,-11673.466796875,-4107.69189453125,14857.5400390625,-4548.4013671875
377714.210913904,-2773.784423828125,-27.649106979370117,-32137.13671875,15643.0029296875,-11674.0029296875,-4108.1611328125,14855.9306640625,-4552.5361328125
377714.213964386,-2769.13525390625,-26.93385124206543,-32130.587890625,15644.0751953125,-11673.958984375,-4105.7919921875,14855.6171875,-4555.12890625
377714.217922171,-2766.385986328125,-21.748247146606445,-32121.177734375,15652.4345703125,-11666.8505859375,-4098.70654296875,14859.037109375,-4552.9609375
377714.220946032,-2768.8447265625,-23.022296905517578,-32123.904296875,15652.099609375,-11664.90625,-4097.4326171875,14859.328125,-4550.41259765625
377714.224733151,-2768.598876953125,-23.42462730407715,-32126.341796875,15653.59765625,-11665.62109375,-4100.06982421875,14855.1708984375,-4548.4013671875
377714.227959404,-2768.95654296875,-25.056304931640625,-32123.859375,15654.021484375,-11668.5498046875,-4103.556640625,14851.9072265625,-4551.150390625
377714.231030672,-2771.0576171875,-26.308002471923828,-32119.14453125,15655.072265625,-11667.2529296875,-4101.34375,14852.4208984375,-4553.09521484375
377714.234838577,-2774.8349609375,-26.240947723388672,-32114.47265625,15656.8154296875,-11663.966796875,-4097.56640625,14852.779296875,-4552.5810546875
377714.237933184,-2780.244140625,-30.823055267333984,-32122.384765625,15651.9658203125,-11665.7998046875,-4102.23779296875,14842.83203125,-4560.47119140625
377714.241024509,-2780.8251953125,-32.790008544921875,-32129.314453125,15649.283203125,-11665.912109375,-4103.9814453125,14839.4794921875,-4564.69580078125
377714.244891491,-2783.082763671875,-38.556758880615234,-32135.884765625,15642.7119140625,-11671.767578125,-4107.49072265625,14836.1044921875,-4566.05908203125
377714.247988286,-2785.83203125,-42.580074310302734,-32137.62890625,15637.1689453125,-11675.4111328125,-4107.04345703125,14839.859375,-4564.986328125
377714.251841776,-2792.783447265625,-54.33708953857422,-32146.927734375,15624.62890625,-11685.40234375,-4112.72119140625,14840.060546875,-4566.1708984375
377714.25497212,-2793.431640625,-56.460506439208984,-32159.064453125,15620.7177734375,-11693.0693359375,-4124.2099609375,14831.544921875,-4568.67431640625
377714.258068186,-2783.864990234375,-47.139827728271484,-32156.470703125,15627.333984375,-11684.8662109375,-4112.9443359375,14841.71484375,-4557.9453125
377714.261907818,-2779.171142578125,-41.887168884277344,-32151.8671875,15629.658203125,-11682.83203125,-4109.07763671875,14846.85546875,-4556.26904296875
377714.265302185,-2779.774658203125,-39.76375198364258,-32151.240234375,15629.9716796875,-11689.4033203125,-4118.28662109375,14840.1953125,-4565.81298828125
377714.270434215,-2780.288818359375,-40.7025260925293,-32151.12890625,15626.73046875,-11690.6328125,-4116.72216796875,14842.4296875,-4565.947265625
377714.274276764,-2775.684326171875,-35.06988525390625,-32148.89453125,15632.630859375,-11682.67578125,-4110.7763671875,14846.85546875,-4560.515625
377714.276981901,-2771.683349609375,-29.794876098632812,-32145.25,15640.4990234375,-11677.0205078125,-4106.64111328125,14850.1416015625,-4557.1181640625
377714.279992998,-2775.013671875,-33.88524627685547,-32144.646484375,15637.458984375,-11679.859375,-4108.138671875,14850.521484375,-4558.21337890625
377714.282966169,-2771.303466796875,-30.04074478149414,-32136.130859375,15640.208984375,-11679.345703125,-4104.92041015625,14854.90234375,-4559.3759765625
377714.287139111,-2773.15869140625,-29.101970672607422,-32131.59375,15642.2646484375,-11679.76953125,-4105.7919921875,14854.208984375,-4561.45458984375
377714.292937761,-2773.51611328125,-30.756000518798828,-32135.03515625,15640.431640625,-11677.5126953125,-4105.5458984375,14852.130859375,-4560.404296875
377714.296025074,-2774.8349609375,-32.27592086791992,-32136.82421875,15638.9794921875,-11676.931640625,-4105.7919921875,14848.8896484375,-4560.11328125
377714.29989935,-2781.92041015625,-39.026145935058594,-32138.166015625,15637.2578125,-11681.06640625,-4110.12841796875,14842.2958984375,-4570.7529296875
377714.304004098,-2789.408203125,-46.73749923706055,-32140.556640625,15630.3515625,-11687.75,-4113.32470703125,14838.5185546875,-4581.19140625
377714.308253622,-2790.4140625,-45.9775390625,-32138.208984375,15631.826171875,-11687.2578125,-4113.43603515625,14836.7978515625,-4586.06396484375
377714.312344512,-2789.274169921875,-45.53050231933594,-32139.21484375,15635.8720703125,-11685.0673828125,-4114.1513671875,14836.0595703125,-4582.86767578125
377714.315986127,-2784.692138671875,-41.037803649902344,-32137.5625,15642.0634765625,-11680.4404296875,-4113.25732421875,14833.7578125,-4579.9619140625
377714.320137554,-2781.54052734375,-35.96395492553711,-32131.59375,15647.271484375,-11673.9140625,-4107.5576171875,14832.5283203125,-4577.7041015625
377714.325240045,-2778.0537109375,-33.10293197631836,-32129.447265625,15649.037109375,-11673.9140625,-4107.8037109375,14831.34375,-4580.00634765625
377714.328129706,-2784.93798828125,-42.915348052978516,-32139.328125,15640.365234375,-11679.0771484375,-4110.396484375,14833.064453125,-4581.3701171875
377714.332030967,-2796.6279296875,-55.67819595336914,-32159.9140625,15626.3505859375,-11691.28125,-4124.09814453125,14823.7666015625,-4586.1533203125
377714.335122292,-2793.297607421875,-52.437191009521484,-32160.046875,15626.4169921875,-11690.275390625,-4122.734375,14828.7958984375,-4575.60302734375
377714.339069138,-2789.184814453125,-53.42066955566406,-32156.806640625,15621.4111328125,-11693.3818359375,-4121.63916015625,14834.4501953125,-4569.88134765625
377714.343051721,-2783.373291015625,-49.151485443115234,-32151.62109375,15620.5390625,-11696.712890625,-4119.31494140625,14839.2783203125,-4568.45068359375
377714.347192207,-2784.021484375,-48.32447052001953,-32150.8828125,15620.4267578125,-11702.6806640625,-4126.556640625,14833.9140625,-4574.28466796875
377714.351127018,-2784.51318359375,-48.79385757446289,-32157.96875,15618.5048828125,-11706.681640625,-4134.04443359375,14828.28125,-4574.44091796875
377714.355216086,-2776.51123046875,-43.049461364746094,-32154.75,15622.4169921875,-11697.6064453125,-4122.91357421875,14837.736328125,-4565.20947265625
377714.358393838,-2772.085693359375,-38.62381362915039,-32149.2734375,15625.03125,-11696.7568359375,-4122.66748046875,14835.6572265625,-4572.63037109375
377714.362474153,-2775.4384765625,-35.36045837402344,-32143.26171875,15628.9208984375,-11694.8125,-4120.1640625,14834.6962890625,-4577.83837890625
377714.367015414,-2778.701904296875,-36.99213790893555,-32141.451171875,15628.9208984375,-11693.2705078125,-4116.7666015625,14838.9208984375,-4577.43603515625
377714.371096459,-2776.578369140625,-38.176780700683594,-32144.1328125,15629.4794921875,-11690.5654296875,-4115.2021484375,14843.9951171875,-4570.7529296875
377714.375087794,-2774.387939453125,-39.92021560668945,-32147.330078125,15629.994140625,-11689.5595703125,-4116.27490234375,14843.97265625,-4568.7412109375
377714.379021876,-2768.75537109375,-33.28174591064453,-32139.126953125,15639.8955078125,-11682.1171875,-4109.994140625,14849.3369140625,-4565.81298828125
377714.383308961,-2767.861328125,-27.514997482299805,-32131.861328125,15645.0810546875,-11680.552734375,-4109.390625,14848.5986328125,-4571.24462890625
377714.38817405,-2768.978759765625,-24.832788467407227,-32129.873046875,15645.4609375,-11681.7373046875,-4111.0,14841.0888671875,-4581.25830078125
377714.392318183,-2770.34228515625,-27.984384536743164,-32137.44921875,15638.7783203125,-11687.4814453125,-4120.27587890625,14830.583984375,-4590.08740234375
377714.397556697,-2766.497802734375,-21.748247146606445,-32134.96875,15645.7744140625,-11678.7197265625,-4115.04541015625,14833.421875,-4585.66162109375
377714.401580853,-2764.32958984375,-15.802682876586914,-32125.357421875,15653.9326171875,-11671.052734375,-4107.4013671875,14839.099609375,-4579.9169921875
377714.404579551,-2765.804931640625,-14.126302719116211,-32118.025390625,15656.681640625,-11668.326171875,-4104.361328125,14839.189453125,-4582.30859375
377714.408500869,-2771.14697265625,-17.47906494140625,-32118.673828125,15659.140625,-11665.353515625,-4102.4169921875,14838.294921875,-4581.43701171875
377714.411579431,-2779.193603515625,-31.895938873291016,-32134.41015625,15647.271484375,-11672.70703125,-4109.748046875,14831.9697265625,-4581.23583984375
377714.415501114,-2788.380126953125,-46.983367919921875,-32149.966796875,15632.921875,-11686.0732421875,-4123.09228515625,14821.4189453125,-4588.05322265625
377714.41959711,-2790.794189453125,-52.07956314086914,-32150.390625,15629.6142578125,-11691.1474609375,-4126.44482421875,14819.921875,-4590.19873046875
377714.423676331,-2793.54345703125,-59.45563888549805,-32150.951171875,15622.9306640625,-11696.109375,-4126.3779296875,14821.732421875,-4591.71875
377714.428139188,-2797.52197265625,-65.69178009033203,-32153.56640625,15614.6376953125,-11701.8984375,-4127.85302734375,14824.8837890625,-4589.349609375
377714.43105474,-2797.164306640625,-68.12812042236328,-32159.130859375,15609.51953125,-11705.0947265625,-4130.31201171875,14825.263671875,-4582.86767578125
377714.434298498,-2791.397705078125,-67.01052856445312,-32161.388671875,15607.6865234375,-11706.6142578125,-4131.9658203125,14826.626953125,-4576.69873046875
377714.439396978,-2795.175048828125,-71.01148986816406,-32165.94921875,15601.16015625,-11715.0634765625,-4140.61572265625,14820.771484375,-4583.9853515625
377714.443134866,-2795.0185546875,-65.78118133544922,-32159.890625,15604.333984375,-11713.4091796875,-4140.25830078125,14821.4189453125,-4590.9365234375
377714.44716121,-2789.654052734375,-54.8958854675293,-32150.5703125,15613.1630859375,-11706.123046875,-4130.8037109375,14829.1533203125,-4589.5283203125
377714.45115838,-2792.33642578125,-59.14271545410156,-32159.376953125,15608.3125,-11710.9501953125,-4137.24072265625,14823.4091796875,-4593.81982421875
377714.455236143,-2787.597900390625,-57.64514923095703,-32156.740234375,15612.380859375,-11703.6865234375,-4130.22216796875,14829.0634765625,-4587.27099609375
377714.460093939,-2788.6484375,-59.366233825683594,-32155.041015625,15610.3017578125,-11707.955078125,-4134.89404296875,14824.8388671875,-4592.07666015625
377714.464505741,-2790.52587890625,-59.29917907714844,-32146.30078125,15615.7783203125,-11698.7685546875,-4123.09228515625,14834.205078125,-4590.7353515625
377714.484314361,-2793.453857421875,-61.60140609741211,-32143.91015625,15616.2470703125,-11697.8525390625,-4122.51123046875,14833.7578125,-4589.81884765625
377714.488153629,-2796.896240234375,-63.45660400390625,-32147.12890625,15618.3486328125,-11697.583984375,-4126.556640625,14825.263671875,-4591.71875
377714.491553466,-2795.577392578125,-59.7685661315918,-32141.33984375,15625.7021484375,-11690.1630859375,-4121.88525390625,14825.017578125,-4587.44970703125
377714.494338102,-2796.248046875,-62.67428970336914,-32137.986328125,15621.8349609375,-11693.158203125,-4123.337890625,14822.73828125,-4592.68017578125
377714.498607682,-2795.286865234375,-58.82979202270508,-32130.654296875,15631.87109375,-11686.3857421875,-4122.71240234375,14818.55859375,-4601.3076171875
377714.50158924,-2796.493896484375,-60.41676712036133,-32130.833984375,15633.5029296875,-11684.6201171875,-4121.25927734375,14819.0498046875,-4601.08447265625
377714.505584587,-2799.71240234375,-65.28944396972656,-32140.310546875,15628.2724609375,-11686.36328125,-4123.82958984375,14819.3857421875,-4601.19580078125
377714.508357918,-2798.460693359375,-65.49060821533203,-32148.267578125,15626.4619140625,-11687.861328125,-4122.71240234375,14823.69921875,-4595.7646484375
377714.511465288,-2796.11376953125,-67.1222915649414,-32153.029296875,15618.236328125,-11696.1318359375,-4122.91357421875,14827.6552734375,-4592.25537109375
377714.515411404,-2796.2255859375,-66.20586395263672,-32154.68359375,15612.537109375,-11703.2841796875,-4124.3662109375,14829.2197265625,-4593.61865234375
377714.518343003,-2791.822265625,-57.19811248779297,-32150.34765625,15616.1357421875,-11705.4072265625,-4125.8193359375,14828.125,-4593.68603515625
377714.52143214,-2783.775634765625,-47.94449234008789,-32148.46875,15619.5107421875,-11701.294921875,-4123.04736328125,14831.5224609375,-4586.62255859375
377714.524703248,-2779.282958984375,-46.58103561401367,-32152.291015625,15617.23046875,-11702.345703125,-4123.69580078125,14831.65625,-4585.88525390625
377714.528406857,-2774.902099609375,-44.3011589050293,-32149.38671875,15617.029296875,-11702.412109375,-4123.8076171875,14832.5283203125,-4585.81787109375
377714.531474478,-2782.904052734375,-49.196189880371094,-32149.876953125,15613.7216796875,-11703.865234375,-4125.2158203125,14830.6728515625,-4591.6962890625
377714.534693073,-2776.109130859375,-47.318641662597656,-32148.939453125,15613.587890625,-11707.1064453125,-4129.9765625,14827.8115234375,-4591.763671875
377714.538424033,-2777.830078125,-48.59269332885742,-32154.34765625,15612.6708984375,-11706.927734375,-4129.3955078125,14828.125,-4589.3046875
377714.54169113,-2780.93701171875,-51.61017608642578,-32155.822265625,15610.927734375,-11706.14453125,-4127.80859375,14828.572265625,-4587.494140625
377714.544814546,-2774.879638671875,-46.983367919921875,-32148.15625,15616.0234375,-11702.1884765625,-4123.82958984375,14833.7578125,-4585.5498046875
377714.54854587,-2775.95263671875,-42.08833312988281,-32140.265625,15622.998046875,-11699.7080078125,-4123.44970703125,14832.1484375,-4591.42822265625
377714.551538733,-2784.93798828125,-48.525638580322266,-32143.841796875,15616.8955078125,-11705.7646484375,-4128.23291015625,14824.4140625,-4599.25146484375
377714.554598696,-2783.73095703125,-45.9998893737793,-32146.63671875,15620.494140625,-11702.4345703125,-4126.9365234375,14823.54296875,-4598.02197265625
377714.558366488,-2778.03125,-43.2059211730957,-32146.14453125,15623.01953125,-11699.796875,-4126.22119140625,14823.7666015625,-4593.9765625
377714.561470576,-2778.701904296875,-43.29533004760742,-32143.10546875,15625.166015625,-11696.98046875,-4124.7236328125,14823.54296875,-4596.88232421875
377714.564808784,-2783.775634765625,-46.06694412231445,-32138.92578125,15624.5625,-11697.517578125,-4124.58984375,14822.9169921875,-4602.44775390625
377714.568889464,-2782.8369140625,-46.96101379394531,-32137.919921875,15625.1435546875,-11696.3544921875,-4121.572265625,14826.4931640625,-4601.48681640625
377714.571805746,-2791.978759765625,-55.27586364746094,-32148.447265625,15618.52734375,-11698.8583984375,-4123.02490234375,14826.158203125,-4597.9775390625
377714.574391635,-2795.30908203125,-60.99790954589844,-32153.833984375,15616.8505859375,-11693.44921875,-4117.90673828125,14827.9462890625,-4594.22216796875
377714.57869513,-2791.71044921875,-53.95711135864258,-32144.759765625,15632.0947265625,-11679.658203125,-4106.775390625,14836.57421875,-4588.63427734375
377714.583692596,-2793.073974609375,-53.130096435546875,-32139.841796875,15635.044921875,-11677.9150390625,-4102.0146484375,14844.44140625,-4584.83447265625
377714.587761241,-2791.978759765625,-50.38083267211914,-32136.421875,15639.2470703125,-11674.0703125,-4095.644287109375,14850.4541015625,-4580.63232421875
377714.591483449,-2787.91064453125,-47.832733154296875,-32141.361328125,15638.0400390625,-11676.3720703125,-4099.28759765625,14844.4189453125,-4586.22021484375
377714.594486158,-2780.6240234375,-45.664615631103516,-32143.6640625,15631.0,-11682.8095703125,-4104.607421875,14841.5810546875,-4587.6953125
377714.59947633,-2779.685302734375,-42.71418380737305,-32142.79296875,15623.8466796875,-11691.6162109375,-4110.70947265625,14840.4404296875,-4589.05908203125
377714.603331643,-2781.987548828125,-43.340030670166016,-32145.4296875,15616.158203125,-11702.0546875,-4118.5771484375,14834.96484375,-4594.7138671875
377714.606611868,-2780.758056640625,-47.09512710571289,-32149.744140625,15610.927734375,-11705.876953125,-4121.013671875,14831.74609375,-4599.43017578125
377714.611495921,-2777.11474609375,-46.17870330810547,-32154.37109375,15608.759765625,-11707.59765625,-4123.583984375,14832.5732421875,-4594.19970703125
377714.615773888,-2779.774658203125,-50.82786560058594,-32159.376953125,15604.3564453125,-11712.3583984375,-4129.126953125,14825.9794921875,-4596.14453125
377714.619516882,-2776.578369140625,-45.597557067871094,-32150.056640625,15613.05078125,-11705.1396484375,-4122.1982421875,14832.39453125,-4593.26123046875
377714.623514781,-2778.54541015625,-44.23410415649414,-32146.525390625,15613.900390625,-11710.369140625,-4130.44580078125,14827.1640625,-4599.9443359375
377714.627807336,-2782.166259765625,-48.70445251464844,-32144.69140625,15611.21875,-11709.7431640625,-4128.5234375,14828.125,-4601.12890625
377714.631525167,-2783.73095703125,-49.91144561767578,-32145.4296875,15614.7724609375,-11699.953125,-4118.599609375,14835.0986328125,-4593.99853515625
377714.636422713,-2783.864990234375,-48.995025634765625,-32144.669921875,15621.0087890625,-11694.6787109375,-4116.43115234375,14833.220703125,-4592.7470703125
377714.640733501,-2780.981689453125,-44.14469528198242,-32136.7578125,15626.373046875,-11691.0126953125,-4114.330078125,14834.6513671875,-4594.37890625
377714.646772105,-2782.166259765625,-43.384735107421875,-32128.93359375,15628.6298828125,-11689.42578125,-4115.4033203125,14833.19921875,-4598.111328125
377714.649543248,-2781.31689453125,-41.1048583984375,-32122.318359375,15635.5595703125,-11682.1171875,-4110.86572265625,14833.5791015625,-4595.7197265625
377714.652866869,-2782.881591796875,-41.90951919555664,-32125.134765625,15640.365234375,-11674.4501953125,-4106.015625,14832.3271484375,-4595.65283203125
377714.656564643,-2786.279052734375,-46.35751724243164,-32128.95703125,15640.9462890625,-11672.5283203125,-4106.5966796875,14828.884765625,-4598.111328125
377714.659562247,-2783.90966796875,-43.49649429321289,-32121.736328125,15647.271484375,-11666.158203125,-4098.88525390625,14833.869140625,-4598.55859375
377714.662555111,-2786.4130859375,-46.78219985961914,-32120.171875,15643.9638671875,-11667.3642578125,-4095.554931640625,14840.7314453125,-4598.71484375
377714.666526754,-2786.480224609375,-50.20201873779297,-32122.765625,15641.3486328125,-11666.7392578125,-4088.89404296875,14849.962890625,-4595.22802734375
377714.677543131,-2790.54833984375,-56.885189056396484,-32135.7734375,15632.4296875,-11674.271484375,-4095.219482421875,14849.6943359375,-4591.00341796875
377714.681542125,-2787.30712890625,-54.56060791015625,-32141.7421875,15628.8984375,-11678.9873046875,-4098.7734375,14849.6494140625,-4581.99609375
377714.684846053,-2782.099365234375,-51.386661529541016,-32140.736328125,15623.35546875,-11683.837890625,-4097.67822265625,14853.3603515625,-4578.3525390625
377714.687638712,-2777.986572265625,-47.184532165527344,-32139.841796875,15617.7001953125,-11692.0634765625,-4103.10986328125,14849.0009765625,-4587.5390625
377714.691498036,-2771.884521484375,-38.735572814941406,-32136.734375,15624.0478515625,-11691.6162109375,-4106.73046875,14844.7998046875,-4591.0927734375
377714.69448397,-2776.82421875,-44.703487396240234,-32148.0,15612.9169921875,-11701.80859375,-4116.0068359375,14835.6123046875,-4596.43505859375
377714.697762007,-2779.193603515625,-46.8492546081543,-32154.302734375,15608.46875,-11703.9541015625,-4116.67724609375,14834.16015625,-4594.736328125
377714.701709217,-2772.33154296875,-42.37890625,-32147.216796875,15615.7333984375,-11699.931640625,-4112.45263671875,14835.166015625,-4595.60791015625
377714.704633887,-2774.72314453125,-41.86481857299805,-32141.517578125,15618.3037109375,-11700.0654296875,-4114.28564453125,14834.361328125,-4598.24560546875
377714.707655195,-2775.416015625,-39.13790512084961,-32139.193359375,15622.259765625,-11700.5126953125,-4115.47021484375,14832.3720703125,-4597.46337890625
377714.711581254,-2775.75146484375,-40.099029541015625,-32143.015625,15621.3662109375,-11702.904296875,-4120.32080078125,14826.314453125,-4598.67041015625
377714.71562729,-2777.606689453125,-40.92604446411133,-32142.546875,15623.6015625,-11696.9580078125,-4117.12451171875,14824.0791015625,-4598.46923828125
377714.719708699,-2775.192626953125,-38.132076263427734,-32135.7734375,15628.5859375,-11690.1630859375,-4110.955078125,14827.275390625,-4602.5595703125
377714.72371608,-2773.8291015625,-36.27688217163086,-32128.21875,15632.4521484375,-11687.8388671875,-4110.64208984375,14827.96875,-4607.85693359375
377714.727692464,-2773.270263671875,-32.65589904785156,-32122.384765625,15638.1748046875,-11682.1171875,-4106.84228515625,14833.0419921875,-4605.62158203125
377714.73299589,-2775.259765625,-31.426551818847656,-32126.2734375,15640.2529296875,-11675.92578125,-4103.84716796875,14834.205078125,-4603.60986328125
377714.736696581,-2777.0478515625,-34.22052001953125,-32130.7890625,15637.6376953125,-11680.552734375,-4111.69287109375,14826.3369140625,-4605.84521484375
377714.739958208,-2774.11962890625,-31.270090103149414,-32117.087890625,15648.970703125,-11668.0126953125,-4100.91943359375,14834.0478515625,-4600.369140625
377714.74278624,-2774.72314453125,-31.627717971801758,-32104.16796875,15655.4521484375,-11657.6640625,-4089.005859375,14841.5361328125,-4598.4912109375
377714.746581017,-2787.865966796875,-41.171913146972656,-32110.248046875,15647.6962890625,-11666.314453125,-4096.67236328125,14834.427734375,-4604.1015625
377714.750654403,-2792.11279296875,-42.311851501464844,-32121.15625,15642.734375,-11665.6884765625,-4095.532470703125,14835.2548828125,-4599.00537109375
377714.757999628,-2786.100341796875,-44.83760070800781,-32132.107421875,15637.34765625,-11669.130859375,-4094.86181640625,14837.2890625,-4592.83642578125
377714.761920581,-2779.662841796875,-54.627662658691406,-32137.5390625,15631.1787109375,-11677.9375,-4098.7958984375,14835.322265625,-4590.5791015625
377714.764832123,-2779.93115234375,-55.40997314453125,-32141.2265625,15623.1767578125,-11686.251953125,-4101.29931640625,14835.5009765625,-4591.22705078125
377714.767986536,-2791.375244140625,-67.32345581054688,-32156.046875,15602.92578125,-11704.982421875,-4114.26318359375,14830.337890625,-4596.5693359375
377714.77164602,-2795.689208984375,-71.81615447998047,-32168.33984375,15596.82421875,-11712.068359375,-4122.7568359375,14825.5322265625,-4597.01611328125
377714.774684832,-2793.990478515625,-71.68204498291016,-32174.353515625,15596.9580078125,-11713.4541015625,-4126.62353515625,14822.849609375,-4596.01025390625
377714.7927113,-2788.13427734375,-65.5129623413086,-32167.490234375,15599.8193359375,-11711.0400390625,-4122.82373046875,14827.9013671875,-4589.3271484375
377714.795726043,-2792.33642578125,-67.07758331298828,-32164.96484375,15597.1591796875,-11715.353515625,-4126.1767578125,14824.2353515625,-4599.36328125
377714.799669242,-2791.2412109375,-62.24960708618164,-32158.1484375,15604.5126953125,-11708.693359375,-4122.01953125,14825.263671875,-4604.7724609375
377714.80274598,-2777.964111328125,-49.86674118041992,-32149.51953125,15617.4765625,-11696.6455078125,-4114.44189453125,14829.98046875,-4601.01708984375
377714.805818342,-2777.2490234375,-45.46344757080078,-32149.7890625,15619.48828125,-11695.70703125,-4116.6103515625,14826.1806640625,-4599.765625
377714.809633905,-2767.593017578125,-33.013526916503906,-32136.041015625,15630.6640625,-11689.6943359375,-4112.85498046875,14825.599609375,-4596.501953125
377714.812833902,-2763.592041015625,-26.129188537597656,-32126.990234375,15635.6044921875,-11690.7890625,-4114.330078125,14820.4580078125,-4598.8935546875
377714.81673881,-2763.2568359375,-19.580127716064453,-32120.8203125,15640.208984375,-11691.68359375,-4118.28662109375,14816.2119140625,-4604.39208984375
377714.819733133,-2762.56396484375,-15.623868942260742,-32121.021484375,15643.8515625,-11688.375,-4117.66064453125,14815.49609375,-4604.61572265625
377714.822793825,-2757.15478515625,-14.975668907165527,-32119.591796875,15647.6064453125,-11678.541015625,-4110.7763671875,14819.765625,-4600.1455078125
377714.826759998,-2758.406494140625,-18.52959632873535,-32115.947265625,15648.1884765625,-11677.2890625,-4110.23974609375,14818.9609375,-4605.2861328125
377714.829718582,-2760.708740234375,-14.036895751953125,-32099.720703125,15656.7490234375,-11668.0576171875,-4098.70654296875,14828.83984375,-4600.88330078125
377714.832769428,-2753.623046875,-8.404255867004395,-32084.296875,15665.48828125,-11656.1220703125,-4083.1943359375,14846.453125,-4587.40478515625
377714.836792855,-2756.171142578125,-13.880433082580566,-32087.8515625,15663.2978515625,-11653.0146484375,-4080.445068359375,14852.9130859375,-4578.88916015625
377714.839815257,-2757.400634765625,-17.836692810058594,-32094.35546875,15660.1689453125,-11653.73046875,-4081.562744140625,14848.353515625,-4577.3017578125
377714.842867926,-2763.837890625,-26.95620346069336,-32104.435546875,15651.048828125,-11662.0,-4087.530517578125,14843.6591796875,-4577.9052734375
377714.848788012,-2774.65625,-40.59076690673828,-32114.78515625,15640.87890625,-11670.337890625,-4092.984375,14839.748046875,-4581.19140625
377714.851814061,-2773.91845703125,-39.74140167236328,-32117.982421875,15644.857421875,-11669.9794921875,-4093.856201171875,14840.1728515625,-4581.63818359375
377714.854796348,-2779.104248046875,-48.23506546020508,-32134.029296875,15634.2177734375,-11677.1328125,-4099.86865234375,14838.5634765625,-4580.900390625
377714.857910283,-2777.584228515625,-50.71610641479492,-32141.00390625,15628.65234375,-11676.5732421875,-4098.90771484375,14844.8212890625,-4569.27783203125
377714.861871351,-2774.14208984375,-48.36917495727539,-32138.43359375,15632.20703125,-11674.71875,-4098.974609375,14841.759765625,-4573.30126953125
377714.864868225,-2771.973876953125,-47.29629135131836,-32135.1484375,15626.9765625,-11681.37890625,-4103.86962890625,14839.1669921875,-4577.81591796875
377714.867844314,-2763.4580078125,-38.42264938354492,-32129.537109375,15630.3515625,-11681.6474609375,-4104.205078125,14839.412109375,-4581.88427734375
377714.872837768,-2766.05078125,-39.719051361083984,-32133.560546875,15628.98828125,-11680.150390625,-4099.779296875,14842.5419921875,-4581.25830078125
377714.87589846,-2760.686279296875,-32.81236267089844,-32129.8046875,15632.810546875,-11672.349609375,-4087.91064453125,14853.248046875,-4568.1826171875
377714.880919629,-2756.0595703125,-23.491683959960938,-32123.123046875,15640.5888671875,-11667.7001953125,-4084.580078125,14857.2265625,-4571.24462890625
377714.885924753,-2748.8623046875,-11.600555419921875,-32110.001953125,15651.0712890625,-11661.2177734375,-4076.220703125,14867.173828125,-4568.89794921875
377714.889751621,-2747.029296875,-4.962087154388428,-32105.8671875,15653.6865234375,-11662.5146484375,-4075.37109375,14868.8720703125,-4571.2001953125
377714.892884154,-2744.794189453125,0.37997967004776,-32107.431640625,15656.369140625,-11663.0732421875,-4077.025146484375,14864.669921875,-4572.42919921875
377714.896817142,-2734.601806640625,11.757017135620117,-32100.189453125,15668.595703125,-11654.333984375,-4074.70068359375,14862.9267578125,-4569.05419921875
377714.900799361,-2729.2373046875,20.273033142089844,-32087.0234375,15679.033203125,-11645.0576171875,-4067.88330078125,14866.16796875,-4566.1484375
377714.903807905,-2725.83984375,26.352706909179688,-32072.763671875,15690.455078125,-11636.072265625,-4061.155517578125,14868.693359375,-4568.71875
377714.908046853,-2734.55712890625,13.098122596740723,-32074.171875,15681.7158203125,-11644.119140625,-4072.130126953125,14856.958984375,-4581.23583984375
377714.91095183,-2737.14990234375,6.012619495391846,-32074.439453125,15681.9619140625,-11639.7158203125,-4071.8173828125,14856.623046875,-4580.09619140625
377714.91473749,-2737.485107421875,3.4198169708251953,-32075.69140625,15686.1865234375,-11636.720703125,-4072.756103515625,14854.41015625,-4575.7373046875
377714.918867036,-2738.73681640625,-2.391636610031128,-32076.966796875,15679.1455078125,-11644.990234375,-4078.9921875,14853.404296875,-4569.65771484375
377714.923228514,-2739.4521484375,-5.498528957366943,-32076.294921875,15674.8984375,-11649.9306640625,-4081.652099609375,14857.361328125,-4563.04150390625
377714.927353684,-2746.626953125,-13.098122596740723,-32086.98046875,15666.4267578125,-11656.7919921875,-4084.78125,14857.2939453125,-4564.1591796875
377714.931199151,-2744.861328125,-13.34399127960205,-32097.708984375,15663.8564453125,-11651.830078125,-4077.181640625,14865.720703125,-4552.7373046875
377714.934028276,-2747.8564453125,-19.69188690185547,-32113.578125,15652.2109375,-11655.7646484375,-4076.823974609375,14867.642578125,-4550.05517578125
377714.938907588,-2756.618408203125,-28.878454208374023,-32124.91015625,15638.9345703125,-11666.0908203125,-4082.70263671875,14866.5478515625,-4551.68701171875
377714.942863915,-2760.217041015625,-37.707393646240234,-32132.689453125,15627.0205078125,-11678.2724609375,-4089.743408203125,14862.30078125,-4558.43701171875
377714.946919433,-2762.4521484375,-40.16608428955078,-32138.052734375,15619.130859375,-11686.654296875,-4093.7666015625,14858.8583984375,-4561.7900390625
377714.950960363,-2770.610595703125,-47.09512710571289,-32149.83203125,15608.46875,-11695.908203125,-4103.3330078125,14849.7841796875,-4567.24365234375
377714.954991083,-2765.402587890625,-38.57910919189453,-32147.59765625,15617.4541015625,-11690.833984375,-4104.24951171875,14847.392578125,-4568.45068359375
377714.958816858,-2761.96044921875,-37.59563446044922,-32146.16796875,15616.6943359375,-11695.9306640625,-4110.9775390625,14838.9208984375,-4574.82080078125
377714.963864283,-2760.306396484375,-32.43238067626953,-32136.48828125,15621.4775390625,-11694.56640625,-4111.29052734375,14835.3671875,-4577.9052734375
377714.967054434,-2752.4384765625,-18.79781723022461,-32122.966796875,15635.89453125,-11686.0732421875,-4106.70849609375,14835.3671875,-4578.53125
377714.970908653,-2742.8271484375,-9.901823043823242,-32114.115234375,15648.2548828125,-11674.0478515625,-4097.2314453125,14840.91015625,-4571.66943359375
377714.975952067,-2745.4423828125,-14.327467918395996,-32119.166015625,15643.896484375,-11676.484375,-4101.232421875,14835.27734375,-4580.07373046875
377714.981141715,-2744.280029296875,-12.58403205871582,-32112.193359375,15647.0927734375,-11671.8125,-4096.04638671875,14840.8427734375,-4579.3583984375
377714.984968948,-2745.621337890625,-12.829901695251465,-32101.93359375,15649.73046875,-11666.515625,-4088.11181640625,14853.6728515625,-4572.00439453125
377714.989064215,-2755.54541015625,-23.42462730407715,-32108.302734375,15638.017578125,-11674.1591796875,-4093.140869140625,14853.3603515625,-4571.49072265625
377714.992073488,-2752.393798828125,-14.953316688537598,-32102.9609375,15653.798828125,-11658.46875,-4083.775390625,14858.9482421875,-4561.72265625
377714.996193553,-2751.812744140625,-17.344953536987305,-32106.0234375,15656.3017578125,-11653.39453125,-4079.662841796875,14860.9150390625,-4563.9130859375
377714.999033619,-2748.795166015625,-16.56264305114746,-32104.279296875,15656.525390625,-11652.9033203125,-4077.71826171875,14863.2392578125,-4565.41064453125
377715.003962161,-2746.0458984375,-12.13699722290039,-32098.1328125,15659.4306640625,-11653.328125,-4076.578125,14864.8037109375,-4564.65087890625
377715.00798814,-2747.34228515625,-11.645258903503418,-32098.333984375,15658.8271484375,-11655.5185546875,-4076.555908203125,14865.0498046875,-4565.61181640625
377715.01110171,-2747.6328125,-12.405218124389648,-32105.46484375,15655.0498046875,-11656.658203125,-4076.131103515625,14866.078125,-4560.89599609375
377715.016050674,-2743.207275390625,-11.757017135620117,-32112.662109375,15652.61328125,-11659.36328125,-4079.796875,14864.3349609375,-4558.21337890625
377715.019082193,-2745.285888671875,-15.847386360168457,-32117.556640625,15647.00390625,-11664.1240234375,-4081.965087890625,14863.306640625,-4559.9794921875
377715.022122828,-2748.079833984375,-20.250680923461914,-32119.859375,15639.1357421875,-11673.8017578125,-4090.123291015625,14855.86328125,-4565.791015625
377715.026976613,-2752.080810546875,-24.609270095825195,-32123.32421875,15632.318359375,-11684.5751953125,-4101.83544921875,14848.7333984375,-4570.126953125
377715.030969043,-2753.265625,-25.19041633605957,-32123.837890625,15638.6884765625,-11668.7724609375,-4086.032958984375,14859.640625,-4564.22607421875
377715.035112811,-2749.13037109375,-23.514034271240234,-32126.072265625,15640.9912109375,-11663.498046875,-4080.400390625,14864.46875,-4560.962890625
377715.039177081,-2749.510498046875,-21.323564529418945,-32122.697265625,15642.6005859375,-11662.9833984375,-4078.6123046875,14867.5087890625,-4556.9169921875
377715.04401409,-2751.209228515625,-18.730762481689453,-32118.541015625,15644.298828125,-11664.50390625,-4078.6123046875,14868.40234375,-4558.28076171875
377715.047063478,-2750.784423828125,-16.227367401123047,-32115.1875,15645.39453125,-11664.5703125,-4075.9970703125,14871.30859375,-4556.380859375
377715.05025837,-2752.86328125,-19.803646087646484,-32119.658203125,15645.662109375,-11661.798828125,-4076.421630859375,14868.5146484375,-4556.3359375
377715.055069488,-2744.190673828125,-18.55194854736328,-32122.630859375,15645.8408203125,-11663.609375,-4081.67431640625,14864.5810546875,-4556.6044921875
377715.060414486,-2744.056640625,-20.474197387695312,-32120.10546875,15642.2646484375,-11666.42578125,-4082.233154296875,14864.71484375,-4560.359375
377715.064469639,-2744.816650390625,-16.33912467956543,-32114.2265625,15646.2431640625,-11666.1357421875,-4083.216796875,14861.25,-4570.08251953125
377715.069189954,-2745.397705078125,-11.958183288574219,-32108.705078125,15656.1455078125,-11660.3681640625,-4082.255615234375,14858.6796875,-4572.7421875
377715.073277198,-2740.92724609375,-9.745360374450684,-32108.19140625,15658.380859375,-11655.8759765625,-4081.339111328125,14859.3505859375,-4566.193359375
377715.076342266,-2747.297607421875,-20.854177474975586,-32119.814453125,15645.416015625,-11665.912109375,-4091.08447265625,14850.23046875,-4570.88720703125
377715.080094741,-2753.578369140625,-27.023258209228516,-32121.669921875,15636.744140625,-11669.0859375,-4091.352783203125,14852.8681640625,-4567.82470703125
377715.08328708,-2746.113037109375,-17.188491821289062,-32109.912109375,15646.2880859375,-11659.2509765625,-4080.042724609375,14865.4970703125,-4559.7783203125
377715.090385786,-2742.4697265625,-10.125340461730957,-32107.140625,15651.3623046875,-11658.2001953125,-4080.936767578125,14865.4521484375,-4561.65576171875
377715.09338339,-2745.621337890625,-11.444092750549316,-32117.01953125,15646.2880859375,-11663.744140625,-4086.47998046875,14862.5693359375,-4562.66162109375
377715.096560778,-2740.6591796875,-7.197261810302734,-32118.517578125,15647.919921875,-11661.1064453125,-4083.7978515625,14866.1005859375,-4558.21337890625
377715.100294655,-2733.4619140625,0.75995934009552,-32110.828125,15654.5810546875,-11657.3955078125,-4080.243896484375,14870.1240234375,-4552.9609375
377715.103221512,-2729.706787109375,3.5762791633605957,-32105.8671875,15654.625,-11660.279296875,-4078.67919921875,14872.8955078125,-4552.06689453125
377715.106410569,-2737.57470703125,-2.3692848682403564,-32109.17578125,15648.2548828125,-11667.23046875,-4083.5966796875,14869.5654296875,-4556.64892578125
377715.112471054,-2747.297607421875,1.2293459177017212,-32114.78515625,15648.9033203125,-11666.76171875,-4083.954345703125,14868.6259765625,-4554.1904296875
377715.115377854,-2747.297607421875,-1.8551948070526123,-32119.703125,15647.1376953125,-11668.7060546875,-4086.50244140625,14863.10546875,-4556.380859375
377715.119527822,-2744.36962890625,-19.580127716064453,-32128.197265625,15634.1064453125,-11680.619140625,-4097.11962890625,14852.7119140625,-4568.27197265625
377715.123372195,-2742.514404296875,-19.490720748901367,-32125.916015625,15633.837890625,-11680.8203125,-4095.10791015625,14855.818359375,-4567.06494140625
377715.1275641,-2736.904052734375,-12.60638427734375,-32117.421875,15642.33203125,-11674.0478515625,-4088.7822265625,14863.6865234375,-4560.22509765625
377715.132338021,-2742.089599609375,-17.00967788696289,-32121.55859375,15640.0517578125,-11672.103515625,-4085.5859375,14867.486328125,-4556.69384765625
377715.136434382,-2742.55908203125,-15.847386360168457,-32121.9375,15642.48828125,-11668.3037109375,-4081.942626953125,14870.7724609375,-4550.05517578125
377715.140485159,-2741.508544921875,-15.512110710144043,-32118.853515625,15641.8173828125,-11669.33203125,-4083.1943359375,14871.912109375,-4548.37890625
377715.144337919,-2740.189697265625,-12.785198211669922,-32109.845703125,15642.1533203125,-11671.208984375,-4086.27880859375,14871.0849609375,-4553.51953125
377715.14848971,-2738.312255859375,-7.867814064025879,-32101.240234375,15645.55078125,-11669.3544921875,-4085.47412109375,14868.849609375,-4558.28076171875
377715.153281865,-2741.240234375,-6.861985683441162,-32102.6484375,15650.892578125,-11661.9775390625,-4081.026123046875,14863.75390625,-4562.52734375
377715.156367356,-2737.97705078125,-7.912517547607422,-32106.76171875,15653.10546875,-11656.345703125,-4077.762939453125,14861.2275390625,-4559.66650390625
377715.159674566,-2737.4404296875,-8.024276733398438,-32105.732421875,15655.1171875,-11647.4716796875,-4063.8154296875,14872.873046875,-4554.97265625
377715.163432876,-2749.085693359375,-19.557775497436523,-32112.974609375,15646.19921875,-11654.6240234375,-4069.11279296875,14870.3701171875,-4558.21337890625
#377744.190029501,-2795.599853515625,65.0882797241211,-32061.029296875,15605.943359375,-11558.6904296875,-4092.69384765625,14847.7275390625,-4349.51513671875
377744.194057304,-2788.51416015625,74.27484893798828,-32055.59765625,15614.458984375,-11549.6376953125,-4085.6083984375,14853.4716796875,-4345.78271484375
377744.20005543,-2781.94287109375,83.1037826538086,-32045.29296875,15620.896484375,-11547.7607421875,-4082.88134765625,14853.650390625,-4351.2587890625
377744.203094242,-2773.8291015625,90.70337677001953,-32030.966796875,15626.2607421875,-11544.876953125,-4080.221435546875,14857.6962890625,-4350.72216796875
377744.206375925,-2777.33837890625,86.74712371826172,-32030.384765625,15622.1484375,-11545.212890625,-4079.640380859375,14858.076171875,-4354.8125
377744.211091499,-2775.080810546875,88.46820831298828,-32031.859375,15622.8857421875,-11541.748046875,-4075.50537109375,14863.3740234375,-4349.4482421875
377744.215334458,-2776.0419921875,88.1776351928711,-32036.197265625,15621.3212890625,-11544.876953125,-4080.802734375,14861.80859375,-4348.017578125
377744.219284586,-2778.590087890625,84.44489288330078,-32039.638671875,15619.533203125,-11552.72265625,-4090.5703125,14854.9248046875,-4353.53857421875
377744.222407637,-2779.6181640625,81.33799743652344,-32038.833984375,15616.224609375,-11556.9921875,-4093.587890625,14853.3603515625,-4353.15869140625
377744.226215543,-2783.462646484375,77.64996337890625,-32042.43359375,15610.9052734375,-11561.126953125,-4097.4326171875,14849.7392578125,-4356.4892578125
377744.230242616,-2782.2333984375,77.85112762451172,-32046.544921875,15610.6591796875,-11560.7470703125,-4098.416015625,14846.38671875,-4355.72900390625
377744.234236869,-2781.585205078125,79.57221221923828,-32046.568359375,15613.05078125,-11558.19921875,-4097.25341796875,14844.083984375,-4357.62890625
377744.239169787,-2779.2158203125,81.94149780273438,-32042.09765625,15615.107421875,-11557.4609375,-4095.80078125,14842.02734375,-4360.4677734375
377744.243140701,-2777.964111328125,82.56734466552734,-32039.861328125,15611.5537109375,-11563.451171875,-4101.9697265625,14835.8583984375,-4366.4580078125
377744.24622218,-2781.71923828125,80.22041320800781,-32041.427734375,15610.927734375,-11560.1884765625,-4099.31005859375,14836.841796875,-4367.91064453125
377744.250116877,-2785.183837890625,76.5323715209961,-32048.19921875,15611.1513671875,-11557.2158203125,-4101.142578125,14834.5625,-4366.279296875
377744.254153432,-2786.2119140625,78.07464599609375,-32049.271484375,15618.3486328125,-11554.0859375,-4106.66357421875,14828.572265625,-4368.2236328125
377744.258158625,-2786.055419921875,77.24762725830078,-32045.94140625,15619.64453125,-11553.3037109375,-4106.5517578125,14829.8232421875,-4365.76513671875
377744.262203931,-2791.71044921875,71.14559936523438,-32045.181640625,15617.0078125,-11553.03515625,-4103.06494140625,14833.9814453125,-4363.2841796875
377744.266262002,-2799.891357421875,60.662635803222656,-32052.423828125,15607.3515625,-11560.5908203125,-4107.736328125,14831.41015625,-4364.4462890625
377744.27117851,-2804.160400390625,51.47606658935547,-32063.443359375,15598.74609375,-11563.0712890625,-4108.7646484375,14831.25390625,-4362.412109375
377744.274198724,-2804.361572265625,42.08833312988281,-32072.115234375,15588.9560546875,-11568.525390625,-4111.0224609375,14832.595703125,-4360.19970703125
377744.27814484,-2802.037109375,45.10581970214844,-32068.427734375,15589.08984375,-11569.240234375,-4109.30126953125,14836.7080078125,-4356.10888671875
377744.282167902,-2802.864013671875,48.0786018371582,-32066.349609375,15585.87109375,-11571.4306640625,-4107.04345703125,14841.1787109375,-4354.455078125
377744.286221231,-2798.572509765625,57.533390045166016,-32062.03515625,15593.4482421875,-11566.71484375,-4104.1376953125,14842.876953125,-4354.74560546875
377744.29024794,-2793.096435546875,64.35066986083984,-32059.017578125,15602.3896484375,-11556.947265625,-4096.001953125,14848.21875,-4349.4482421875
377744.294260426,-2786.457763671875,67.2116928100586,-32055.91015625,15603.015625,-11557.4384765625,-4096.3818359375,14847.2802734375,-4347.1015625
377744.299094884,-2787.15087890625,67.5916748046875,-32052.69140625,15601.3837890625,-11562.8701171875,-4100.5390625,14843.2568359375,-4352.4208984375
377744.303175928,-2784.22265625,74.43131256103516,-32047.015625,15605.49609375,-11564.0546875,-4101.947265625,14844.2626953125,-4356.91357421875
377744.306247561,-2785.02734375,74.7889404296875,-32047.998046875,15605.541015625,-11563.853515625,-4100.69580078125,14848.4873046875,-4357.2265625
377744.311275659,-2787.575439453125,70.74327087402344,-32056.1796875,15602.9931640625,-11567.3857421875,-4106.46240234375,14845.044921875,-4356.77978515625
377744.315157593,-2787.84375,69.60333251953125,-32056.9609375,15606.2333984375,-11562.3115234375,-4102.3720703125,14846.8779296875,-4350.7001953125
377744.318271892,-2785.899169921875,72.2184829711914,-32049.541015625,15612.939453125,-11554.9580078125,-4094.660888671875,14849.4033203125,-4350.74462890625
377744.32228219,-2788.13427734375,74.81128692626953,-32044.376953125,15616.001953125,-11554.041015625,-4090.950439453125,14850.6103515625,-4355.37158203125
377744.327215838,-2787.6201171875,79.75102233886719,-32039.99609375,15619.6669921875,-11552.2529296875,-4089.29638671875,14849.8955078125,-4357.98681640625
377744.330197396,-2789.184814453125,77.13587188720703,-32047.08203125,15615.8447265625,-11556.9921875,-4098.68408203125,14838.451171875,-4367.95556640625
377744.334188367,-2789.385986328125,76.01828002929688,-32049.65234375,15614.5263671875,-11558.3330078125,-4102.93115234375,14832.349609375,-4371.666015625
377744.338269047,-2789.54248046875,75.77241516113281,-32047.41796875,15615.4423828125,-11560.0537109375,-4107.28955078125,14827.0517578125,-4375.3984375
377744.342285545,-2793.878662109375,72.12908172607422,-32049.541015625,15611.9111328125,-11569.4638671875,-4120.208984375,14815.8310546875,-4383.75830078125
377744.346314077,-2789.74365234375,75.41478729248047,-32047.23828125,15613.9453125,-11570.3134765625,-4122.04150390625,14814.7587890625,-4380.875
377744.350349902,-2789.251953125,74.5430679321289,-32051.150390625,15615.0625,-11563.8759765625,-4116.54296875,14820.7490234375,-4372.4931640625
377744.355289385,-2792.71630859375,70.36328887939453,-32056.916015625,15613.8779296875,-11562.087890625,-4115.31396484375,14822.291015625,-4370.4814453125
377744.35828626,-2790.8388671875,68.93277740478516,-32055.75390625,15612.537109375,-11560.3447265625,-4109.5693359375,14828.5048828125,-4368.693359375
377744.362182051,-2789.564697265625,67.9716567993164,-32052.982421875,15608.7373046875,-11563.8759765625,-4108.384765625,14831.9248046875,-4367.30712890625
377744.366246321,-2790.212890625,64.55184173583984,-32056.42578125,15602.2109375,-11567.810546875,-4107.66943359375,14836.126953125,-4363.0380859375
377744.37029491,-2798.371337890625,54.85118103027344,-32068.31640625,15591.99609375,-11568.16796875,-4105.61328125,14842.072265625,-4353.53857421875
377744.37436939,-2802.171142578125,50.425537109375,-32071.869140625,15589.849609375,-11564.904296875,-4101.142578125,14846.654296875,-4347.72705078125
377744.378370937,-2803.93701171875,50.492591857910156,-32070.685546875,15590.095703125,-11568.3466796875,-4103.64599609375,14842.4072265625,-4352.8681640625
377744.38329875,-2806.015625,53.10774612426758,-32065.431640625,15590.69921875,-11570.4248046875,-4103.5341796875,14842.5419921875,-4358.4111328125
377744.386320787,-2804.0263671875,58.2486457824707,-32061.095703125,15594.3427734375,-11568.5703125,-4100.0029296875,14847.01171875,-4360.91455078125
377744.390272008,-2801.90283203125,59.83562088012695,-32065.833984375,15591.2138671875,-11572.705078125,-4107.11083984375,14841.71484375,-4363.75341796875
377744.394279754,-2802.774658203125,59.47799301147461,-32072.40625,15587.9052734375,-11576.236328125,-4113.212890625,14834.62890625,-4369.18505859375
377744.398326155,-2800.4052734375,63.88128662109375,-32068.0703125,15594.7451171875,-11571.8779296875,-4111.9609375,14832.1484375,-4374.92919921875
377744.402342288,-2795.175048828125,69.64803314208984,-32060.806640625,15600.9365234375,-11569.9560546875,-4108.27294921875,14835.7470703125,-4372.2919921875
377744.406410934,-2793.4091796875,70.49739837646484,-32057.140625,15602.880859375,-11567.318359375,-4103.48974609375,14843.078125,-4365.8544921875
377744.410536833,-2794.34814453125,72.5090560913086,-32059.6875,15606.546875,-11561.640625,-4099.86865234375,14847.615234375,-4359.6630859375
377744.41446581,-2791.21875,72.53141021728516,-32057.296875,15607.6201171875,-11560.1884765625,-4100.13671875,14845.849609375,-4357.58447265625
377744.417334685,-2785.72021484375,78.1864013671875,-32046.232421875,15615.666015625,-11556.6787109375,-4098.3935546875,14843.63671875,-4359.841796875
377744.422545119,-2782.792236328125,86.09892272949219,-32036.486328125,15623.3330078125,-11557.2822265625,-4102.12646484375,14838.18359375,-4364.53564453125
377744.426578391,-2784.71435546875,87.28356170654297,-32032.44140625,15625.076171875,-11555.5615234375,-4101.47802734375,14834.5400390625,-4367.6875
377744.430370616,-2785.966064453125,86.92593383789062,-32036.0625,15628.294921875,-11552.0966796875,-4104.24951171875,14829.9580078125,-4367.8662109375
377744.434584036,-2787.93310546875,84.42253875732422,-32040.0859375,15628.5859375,-11551.0458984375,-4108.04931640625,14828.5048828125,-4365.4521484375
377744.438552397,-2792.51513671875,77.53820037841797,-32040.443359375,15623.3779296875,-11550.8671875,-4105.3671875,14831.25390625,-4364.4462890625
377744.442657875,-2795.488037109375,72.5090560913086,-32039.66015625,15618.9970703125,-11553.03515625,-4105.27783203125,14834.875,-4362.0322265625
377744.445717109,-2798.416015625,66.13880920410156,-32042.87890625,15613.54296875,-11554.5556640625,-4102.86376953125,14839.6357421875,-4357.74072265625
377744.451741855,-2802.93115234375,58.36040496826172,-32053.83203125,15607.0166015625,-11556.2314453125,-4102.193359375,14838.09375,-4356.73486328125
377744.454512998,-2799.220703125,59.500343322753906,-32054.32421875,15609.7431640625,-11550.666015625,-4095.644287109375,14844.888671875,-4349.56005859375
377744.458548824,-2796.53857421875,62.38372039794922,-32049.138671875,15611.1064453125,-11547.8056640625,-4090.458740234375,14853.091796875,-4346.11767578125
377744.462530678,-2805.456787109375,54.33708953857422,-32052.625,15601.2939453125,-11555.0693359375,-4094.526611328125,14850.1640625,-4351.59423828125
377744.466524566,-2805.456787109375,55.365272521972656,-32050.076171875,15602.92578125,-11550.755859375,-4084.69189453125,14859.529296875,-4346.16259765625
377744.470424004,-2798.192626953125,60.819095611572266,-32052.201171875,15602.166015625,-11550.2861328125,-4083.68603515625,14860.6689453125,-4338.451171875
377744.475783953,-2795.666748046875,63.27779006958008,-32056.111328125,15599.0361328125,-11554.4658203125,-4090.235107421875,14854.8798828125,-4340.865234375
377744.478730868,-2782.14404296875,80.75685119628906,-32040.689453125,15617.56640625,-11542.306640625,-4080.66845703125,14861.33984375,-4337.17724609375
377744.48353214,-2775.773681640625,91.32923126220703,-32034.162109375,15623.1767578125,-11543.3798828125,-4083.216796875,14860.580078125,-4339.56884765625
377744.487588022,-2780.199462890625,84.91427612304688,-32043.39453125,15612.2236328125,-11556.1875,-4094.70556640625,14851.125,-4351.19189453125
377744.492430867,-2780.378173828125,81.98619842529297,-32052.646484375,15609.51953125,-11560.2548828125,-4098.68408203125,14848.1748046875,-4352.55517578125
377744.495512345,-2775.14794921875,81.80738830566406,-32056.6484375,15609.3408203125,-11561.037109375,-4101.47802734375,14847.3251953125,-4350.96826171875
377744.498889573,-2779.32763671875,78.81224822998047,-32052.916015625,15612.3134765625,-11555.7177734375,-4097.3427734375,14849.0458984375,-4351.34814453125
377744.50383562,-2784.200439453125,79.57221221923828,-32047.08203125,15616.0908203125,-11552.833984375,-4092.358642578125,14851.68359375,-4350.92333984375
377744.50692111,-2785.161376953125,77.04646301269531,-32048.021484375,15613.990234375,-11557.103515625,-4098.3935546875,14845.24609375,-4359.77490234375
377744.510388047,-2786.077880859375,76.21945190429688,-32050.255859375,15615.62109375,-11554.7119140625,-4099.9580078125,14841.55859375,-4358.232421875
377744.51442606,-2788.13427734375,72.10672760009766,-32051.775390625,15612.9169921875,-11556.6123046875,-4104.9873046875,14835.3671875,-4359.95361328125
377744.518514034,-2785.13916015625,76.21945190429688,-32043.23828125,15619.64453125,-11555.29296875,-4108.04931640625,14828.5498046875,-4367.44140625
377744.522957563,-2778.34423828125,89.65284729003906,-32029.55859375,15634.7548828125,-11547.58203125,-4105.009765625,14827.208984375,-4369.76611328125
377744.526873046,-2777.897216796875,90.12223052978516,-32027.033203125,15636.1181640625,-11546.93359375,-4104.361328125,14830.986328125,-4365.83203125
377744.529708736,-2784.22265625,77.06881713867188,-32036.666015625,15627.04296875,-11549.0126953125,-4105.3896484375,14831.857421875,-4363.462890625
377744.534031558,-2787.240234375,68.15046691894531,-32041.8515625,15622.998046875,-11547.0673828125,-4102.50634765625,14834.8974609375,-4358.38916015625
377744.538915975,-2788.51416015625,66.89877319335938,-32036.419921875,15624.361328125,-11541.2119140625,-4091.88916015625,14846.2744140625,-4351.3037109375
377744.542848599,-2789.564697265625,67.18934631347656,-32029.69140625,15623.35546875,-11541.703125,-4089.564453125,14853.8515625,-4346.2294921875
377744.546593416,-2794.10205078125,61.936683654785156,-32033.537109375,15613.85546875,-11549.951171875,-4095.912353515625,14854.052734375,-4346.453125
377744.550626324,-2795.33154296875,56.840484619140625,-32043.1484375,15605.2275390625,-11552.3876953125,-4095.5771484375,14856.154296875,-4343.34619140625
377744.553686287,-2790.593017578125,58.472164154052734,-32045.80859375,15605.294921875,-11548.9677734375,-4088.603515625,14861.6748046875,-4336.6181640625
377744.557612711,-2786.301513671875,61.132022857666016,-32047.126953125,15602.076171875,-11554.4658203125,-4091.956298828125,14860.5126953125,-4339.6806640625
377744.561690109,-2786.390869140625,67.30110168457031,-32044.556640625,15605.8984375,-11552.611328125,-4091.129150390625,14859.796875,-4347.1015625
377744.567657237,-2783.485107421875,75.52654266357422,-32043.953125,15609.0947265625,-11552.87890625,-4091.151611328125,14858.5234375,-4350.4541015625
377744.570953143,-2777.31591796875,85.11544036865234,-32046.947265625,15614.2353515625,-11550.0625,-4089.67626953125,14858.5009765625,-4348.39794921875
377744.576545024,-2769.671630859375,92.08918762207031,-32047.640625,15619.2646484375,-11546.888671875,-4088.40234375,14857.9423828125,-4347.6826171875
377744.579826343,-2770.007080078125,89.49638366699219,-32051.8203125,15614.3251953125,-11556.4326171875,-4098.10302734375,14850.23046875,-4355.95263671875
377744.582942101,-2772.309326171875,85.67424011230469,-32051.775390625,15610.615234375,-11558.1767578125,-4096.404296875,14855.6845703125,-4355.12548828125
377744.58568334,-2775.05859375,87.03768920898438,-32050.748046875,15615.15234375,-11555.0029296875,-4095.040771484375,14856.310546875,-4356.10888671875
377744.589881445,-2776.35498046875,88.64701843261719,-32054.369140625,15621.388671875,-11550.2197265625,-4096.2255859375,14852.935546875,-4357.13720703125
377744.594822386,-2783.32861328125,76.5323715209961,-32065.5,15608.603515625,-11562.9150390625,-4110.75390625,14839.345703125,-4362.97119140625
377744.598845448,-2787.84375,67.39051055908203,-32067.421875,15600.1318359375,-11570.9619140625,-4121.23681640625,14827.6552734375,-4370.74951171875
377744.603726948,-2784.91552734375,73.82781219482422,-32056.55859375,15612.0009765625,-11560.6796875,-4115.939453125,14825.1298828125,-4377.11962890625
377744.607627844,-2789.698974609375,75.28067779541016,-32054.01171875,15617.41015625,-11561.9990234375,-4121.70654296875,14814.8701171875,-4386.4404296875
377744.610960947,-2792.090576171875,76.19709777832031,-32052.490234375,15621.0302734375,-11559.517578125,-4122.5556640625,14813.841796875,-4386.10498046875
377744.613877229,-2788.983642578125,75.99593353271484,-32048.490234375,15624.673828125,-11553.1474609375,-4118.28662109375,14818.9609375,-4380.96435546875
377744.617770103,-2789.654052734375,68.97748565673828,-32045.427734375,15619.935546875,-11553.7509765625,-4116.25244140625,14821.9111328125,-4378.50537109375
377744.622841962,-2790.74951171875,69.1115951538086,-32037.783203125,15621.947265625,-11551.9853515625,-4110.30712890625,14829.1533203125,-4373.6552734375
377744.626657525,-2790.078857421875,71.48088073730469,-32032.91015625,15628.3173828125,-11545.4580078125,-4102.4169921875,14839.009765625,-4367.32958984375
377744.630662353,-2789.587158203125,68.12812042236328,-32037.134765625,15626.9765625,-11540.6748046875,-4097.3427734375,14847.212890625,-4357.6962890625
377744.634639102,-2795.71142578125,58.82979202270508,-32046.6796875,15615.8896484375,-11547.939453125,-4103.5341796875,14844.7548828125,-4356.15380859375
377744.639060021,-2795.73388671875,54.51590347290039,-32051.150390625,15607.9775390625,-11555.3154296875,-4108.45166015625,14843.1455078125,-4359.037109375
377744.642043403,-2795.80078125,54.85118103027344,-32054.123046875,15603.7529296875,-11560.2998046875,-4109.72607421875,14844.8662109375,-4363.39599609375
377744.646099285,-2793.2080078125,59.25447463989258,-32053.810546875,15604.0654296875,-11561.08203125,-4109.27880859375,14848.419921875,-4357.74072265625
377744.651047885,-2797.52197265625,56.840484619140625,-32065.857421875,15596.845703125,-11567.6533203125,-4117.5712890625,14839.61328125,-4362.99365234375
377744.654763163,-2793.74462890625,60.97555923461914,-32066.6171875,15601.4501953125,-11557.6171875,-4106.73046875,14847.615234375,-4358.56787109375
377744.659045507,-2787.396728515625,69.26805877685547,-32060.203125,15609.1845703125,-11549.2138671875,-4095.756103515625,14859.3056640625,-4353.94091796875
377744.6627276,-2777.360595703125,79.25928497314453,-32052.580078125,15613.7890625,-11548.5654296875,-4093.520751953125,14863.26171875,-4352.15283203125
377744.666132908,-2782.92626953125,77.87347412109375,-32058.01171875,15610.7490234375,-11551.806640625,-4095.5771484375,14860.9375,-4360.244140625
377744.669743161,-2785.586181640625,77.96288299560547,-32062.66015625,15609.36328125,-11552.208984375,-4095.644287109375,14862.1220703125,-4358.634765625
377744.674018576,-2777.762939453125,87.37297058105469,-32058.59375,15619.1083984375,-11544.3408203125,-4089.87744140625,14866.189453125,-4355.05859375
377744.678777546,-2772.55517578125,93.34088134765625,-32051.150390625,15629.6142578125,-11538.015625,-4084.848388671875,14869.900390625,-4354.36572265625
377744.682786386,-2779.305419921875,86.03186798095703,-32050.14453125,15625.7021484375,-11540.451171875,-4084.647216796875,14868.89453125,-4357.6962890625
377744.686989595,-2782.6357421875,82.70145416259766,-32052.84765625,15624.0478515625,-11544.228515625,-4092.06787109375,14861.09375,-4362.54638671875
377744.690756658,-2785.92138671875,76.5323715209961,-32058.236328125,15621.298828125,-11544.162109375,-4096.3818359375,14853.2705078125,-4361.33935546875
377744.694071162,-2781.384033203125,79.59455871582031,-32052.71484375,15625.8359375,-11542.1953125,-4100.87451171875,14847.8837890625,-4360.40087890625
377744.698087295,-2778.32177734375,82.90261840820312,-32041.26953125,15632.408203125,-11539.423828125,-4103.8251953125,14841.669921875,-4365.0947265625
377744.701804397,-2783.976806640625,77.0911636352539,-32036.107421875,15630.619140625,-11542.26171875,-4107.2001953125,14837.333984375,-4370.34716796875
377744.706678968,-2791.822265625,67.52462005615234,-32038.208984375,15625.2998046875,-11546.77734375,-4110.91064453125,14835.43359375,-4372.26953125
377744.710802314,-2797.52197265625,58.02512741088867,-32045.740234375,15618.974609375,-11549.1240234375,-4113.70458984375,14835.2099609375,-4367.8662109375
377744.715066789,-2797.92431640625,51.25254821777344,-32048.9140625,15614.6826171875,-11549.50390625,-4111.91650390625,14836.9541015625,-4362.97119140625
377744.718821452,-2803.33349609375,42.84829330444336,-32051.373046875,15608.06640625,-11555.2255859375,-4116.22998046875,14833.712890625,-4368.0673828125
377744.721809575,-2807.848388671875,40.993099212646484,-32050.63671875,15603.9990234375,-11559.875,-4118.64404296875,14833.623046875,-4371.57666015625
377744.725808933,-2808.183837890625,45.9998893737793,-32049.65234375,15607.150390625,-11556.455078125,-4112.05029296875,14841.423828125,-4367.642578125
377744.730096018,-2803.6240234375,50.71610641479492,-32054.435546875,15607.7763671875,-11554.1533203125,-4109.27880859375,14847.794921875,-4360.31103515625
377744.733909758,-2802.8193359375,49.576168060302734,-32063.533203125,15601.115234375,-11556.09765625,-4111.357421875,14849.314453125,-4361.98779296875
377744.738006483,-2800.8076171875,51.45371627807617,-32064.158203125,15598.0087890625,-11557.662109375,-4108.4072265625,14855.21484375,-4359.4169921875
377744.742889807,-2794.973876953125,58.18159103393555,-32060.11328125,15600.3779296875,-11558.9814453125,-4107.04345703125,14858.7470703125,-4355.6845703125
377744.746940948,-2802.796875,52.5489501953125,-32068.0703125,15593.4482421875,-11563.048828125,-4108.5634765625,14855.5947265625,-4359.50634765625
377744.749971373,-2801.590087890625,51.99015808105469,-32073.43359375,15594.0302734375,-11559.16015625,-4102.595703125,14860.982421875,-4355.908203125
377744.753789489,-2798.4384765625,52.81717300415039,-32076.697265625,15596.3544921875,-11558.421875,-4102.5732421875,14859.5068359375,-4355.95263671875
377744.757802705,-2797.11962890625,54.292388916015625,-32075.513671875,15597.337890625,-11557.908203125,-4102.52880859375,14858.478515625,-4358.79150390625
377744.761918393,-2791.62109375,60.640281677246094,-32064.203125,15604.2666015625,-11547.5595703125,-4088.715087890625,14871.017578125,-4354.32080078125
377744.766771084,-2792.31396484375,69.89390563964844,-32056.40234375,15618.974609375,-11539.625,-4086.2119140625,14869.2294921875,-4357.4501953125
377744.770820767,-2794.03515625,67.85989379882812,-32061.923828125,15616.42578125,-11543.4912109375,-4093.431396484375,14863.060546875,-4358.5009765625
377744.774852946,-2793.31982421875,61.60140609741211,-32065.701171875,15609.2509765625,-11548.8330078125,-4099.220703125,14861.607421875,-4357.18212890625
377744.777924213,-2792.626953125,62.89780807495117,-32059.95703125,15613.0068359375,-11546.576171875,-4098.46044921875,14863.0830078125,-4359.75244140625
377744.781898409,-2783.93212890625,75.66065216064453,-32044.48828125,15629.4794921875,-11536.1826171875,-4093.140869140625,14866.681640625,-4359.640625
377744.785909802,-2789.810546875,73.60429382324219,-32043.52734375,15627.1328125,-11540.4287109375,-4097.7900390625,14859.3505859375,-4365.2734375
377744.789982459,-2793.297607421875,67.74813842773438,-32051.060546875,15621.5224609375,-11546.53125,-4109.68115234375,14847.8837890625,-4371.8671875
377744.794851924,-2785.161376953125,74.90069580078125,-32044.779296875,15629.8818359375,-11539.78125,-4106.66357421875,14848.4423828125,-4369.96728515625
377744.798838519,-2779.72998046875,77.2923355102539,-32034.564453125,15634.0390625,-11537.6796875,-4105.3671875,14849.1357421875,-4370.056640625
377744.80291774,-2778.590087890625,78.29816436767578,-32026.451171875,15634.4638671875,-11538.775390625,-4106.06005859375,14850.2080078125,-4367.642578125
377744.805976245,-2783.775634765625,73.2690200805664,-32026.630859375,15630.91015625,-11539.7138671875,-4106.70849609375,14848.6884765625,-4370.30224609375
377744.809956275,-2789.408203125,64.46243286132812,-32034.474609375,15624.830078125,-11538.9990234375,-4105.166015625,14851.125,-4367.0615234375
377744.814027474,-2789.52001953125,60.93085479736328,-32039.4375,15623.8916015625,-11537.5009765625,-4102.86376953125,14857.62890625,-4360.4453125
377744.818075698,-2789.14013671875,58.807437896728516,-32044.04296875,15621.0302734375,-11539.6689453125,-4102.86376953125,14858.92578125,-4360.19970703125
377744.822080162,-2786.837890625,61.087318420410156,-32043.21484375,15621.052734375,-11537.2548828125,-4096.64990234375,14867.93359375,-4354.09765625
377744.826948898,-2792.53759765625,56.728729248046875,-32053.474609375,15611.7998046875,-11547.0673828125,-4103.802734375,14863.6416015625,-4355.86328125
377744.831007698,-2796.91845703125,49.375003814697266,-32072.0703125,15598.8134765625,-11557.7294921875,-4111.49169921875,14858.43359375,-4356.17626953125
377744.834005302,-2798.2373046875,43.31768035888672,-32084.54296875,15589.9619140625,-11561.484375,-4112.5419921875,14860.982421875,-4353.4267578125
377744.837968193,-2798.863037109375,41.373077392578125,-32087.60546875,15584.4853515625,-11564.1669921875,-4112.11767578125,14863.552734375,-4352.8681640625
377744.842083517,-2795.063232421875,49.03972625732422,-32078.5078125,15591.2353515625,-11555.650390625,-4100.44970703125,14870.0341796875,-4352.041015625
377744.846047137,-2797.589111328125,50.4478874206543,-32076.765625,15593.60546875,-11555.046875,-4099.84619140625,14868.40234375,-4355.416015625
377744.850096455,-2797.968994140625,52.5265998840332,-32078.306640625,15596.7568359375,-11551.9853515625,-4098.05810546875,14871.6435546875,-4350.8564453125
377744.854912679,-2792.559814453125,60.483821868896484,-32071.78125,15608.625,-11541.5693359375,-4091.755126953125,14878.349609375,-4346.00634765625
377744.859072493,-2786.12255859375,65.28944396972656,-32063.33203125,15616.4931640625,-11538.5966796875,-4091.956298828125,14876.337890625,-4348.80029296875
377744.862037641,-2782.792236328125,70.69857025146484,-32056.40234375,15616.8505859375,-11545.927734375,-4100.44970703125,14868.5146484375,-4356.064453125
377744.866076019,-2780.51220703125,77.04646301269531,-32051.640625,15620.6728515625,-11547.8720703125,-4107.64697265625,14860.7138671875,-4362.2783203125
377744.87004985,-2778.791259765625,79.97454071044922,-32050.14453125,15626.171875,-11537.166015625,-4097.56640625,14866.7265625,-4358.232421875
377744.87408677,-2776.55615234375,80.66744232177734,-32050.076171875,15626.3056640625,-11536.875,-4098.9970703125,14862.189453125,-4363.0830078125
377744.878147757,-2775.34912109375,82.61204528808594,-32040.509765625,15632.9443359375,-11531.5556640625,-4095.28662109375,14858.27734375,-4370.50341796875
377744.882973827,-2773.963134765625,84.31078338623047,-32027.859375,15638.3310546875,-11528.158203125,-4094.414794921875,14858.6123046875,-4371.4423828125
377744.887068729,-2777.13720703125,84.19902038574219,-32021.9140625,15644.9697265625,-11524.3583984375,-4097.767578125,14851.974609375,-4375.599609375
377744.890103895,-2777.472412109375,82.72380828857422,-32022.896484375,15644.8125,-11523.8662109375,-4103.1767578125,14844.5537109375,-4375.33154296875
377744.894055845,-2776.623046875,78.94635772705078,-32021.421875,15642.779296875,-11522.3017578125,-4104.9873046875,14842.5419921875,-4372.51513671875
377744.898098235,-2781.071044921875,70.67621612548828,-32021.154296875,15638.7109375,-11523.822265625,-4105.76953125,14842.2060546875,-4371.666015625
377744.902151929,-2787.955322265625,61.512001037597656,-32021.400390625,15631.40234375,-11528.6279296875,-4105.05419921875,14847.8388671875,-4369.16259765625
377744.90604225,-2797.857177734375,49.419708251953125,-32032.59765625,15616.6943359375,-11541.5693359375,-4113.12353515625,14846.140625,-4371.39794921875
377744.910054737,-2797.92431640625,44.34585952758789,-32045.31640625,15612.044921875,-11538.0595703125,-4106.88720703125,14852.80078125,-4364.4462890625
377744.914986197,-2797.94677734375,45.195228576660156,-32053.474609375,15612.447265625,-11535.0419921875,-4100.89697265625,14864.423828125,-4354.65625
377744.918285385,-2800.248779296875,42.334205627441406,-32063.197265625,15603.6630859375,-11546.330078125,-4107.625,14862.814453125,-4356.60107421875
377744.92209876,-2798.93017578125,46.06694412231445,-32065.90234375,15601.4287109375,-11550.0625,-4106.8203125,14865.8994140625,-4356.10888671875
377744.926393867,-2797.52197265625,45.172874450683594,-32071.892578125,15595.416015625,-11556.0302734375,-4108.83154296875,14864.55859375,-4359.4619140625
377744.930109511,-2797.879638671875,43.83177185058594,-32081.2578125,15589.6484375,-11558.1767578125,-4110.91064453125,14862.14453125,-4358.36669921875
377744.934098293,-2787.91064453125,56.95224380493164,-32073.94921875,15602.0537109375,-11549.4150390625,-4105.88134765625,14864.9833984375,-4352.60009765625
377744.938998391,-2784.401611328125,62.786048889160156,-32068.96484375,15606.7255859375,-11551.828125,-4108.5859375,14862.591796875,-4355.37158203125
377744.94303057,-2780.869873046875,68.2622299194336,-32061.923828125,15610.9501953125,-11550.5322265625,-4103.9814453125,14865.8095703125,-4356.60107421875
377744.946098556,-2775.371337890625,77.42644500732422,-32052.37890625,15622.6396484375,-11540.3623046875,-4095.26416015625,14873.7451171875,-4355.21484375
377744.950123076,-2774.14208984375,82.05325317382812,-32052.333984375,15627.982421875,-11536.517578125,-4094.28076171875,14874.638671875,-4352.287109375
377744.954154161,-2766.072998046875,89.1611099243164,-32047.685546875,15635.1123046875,-11530.3486328125,-4091.3974609375,14874.83984375,-4349.91748046875
377744.958172482,-2769.828125,86.90357971191406,-32044.287109375,15634.5986328125,-11530.5048828125,-4092.89501953125,14869.4755859375,-4353.6953125
377744.962138655,-2775.103271484375,83.14849090576172,-32039.9296875,15630.6865234375,-11538.037109375,-4100.49462890625,14863.306640625,-4360.0205078125
377744.966122332,-2776.176025390625,81.60621643066406,-32034.38671875,15628.8095703125,-11540.65234375,-4105.50146484375,14859.439453125,-4361.4287109375
377744.971071297,-2778.8583984375,75.83946990966797,-32037.224609375,15624.00390625,-11543.357421875,-4112.52001953125,14848.5546875,-4365.31787109375
377744.975166199,-2775.661865234375,77.11351776123047,-32033.42578125,15626.484375,-11543.2451171875,-4117.6162109375,14837.84765625,-4370.99560546875
377744.979194001,-2779.75244140625,72.48670959472656,-32028.73046875,15625.232421875,-11546.0615234375,-4122.1533203125,14829.689453125,-4381.18798828125
377744.983253166,-2784.2451171875,71.77145385742188,-32018.91796875,15631.3349609375,-11541.1669921875,-4121.572265625,14823.990234375,-4391.15673828125
377744.986179294,-2785.474365234375,74.05133056640625,-32008.771484375,15640.365234375,-11531.82421875,-4114.88916015625,14826.3369140625,-4390.91064453125
377744.990238823,-2793.833984375,63.255435943603516,-32017.779296875,15634.375,-11534.3271484375,-4117.12451171875,14824.1689453125,-4387.91552734375
377744.994257144,-2794.795166015625,59.85797119140625,-32023.58984375,15633.97265625,-11530.080078125,-4113.5927734375,14831.34375,-4381.478515625
377744.99918204,-2795.465576171875,56.05817413330078,-32022.65234375,15634.84375,-11521.3408203125,-4100.47216796875,14849.76171875,-4369.98974609375
377745.002157764,-2807.781494140625,41.23896789550781,-32035.794921875,15618.7734375,-11534.05859375,-4107.4013671875,14850.56640625,-4372.76123046875
377745.005341351,-2809.837890625,40.68017578125,-32044.17578125,15613.8330078125,-11538.08203125,-4106.68603515625,14857.0478515625,-4365.34033203125
377745.010160856,-2809.592041015625,37.68503952026367,-32059.80078125,15608.2451171875,-11540.4072265625,-4105.65771484375,14865.4296875,-4354.0302734375
377745.015310755,-2810.1953125,32.27592086791992,-32076.7421875,15597.2705078125,-11546.375,-4106.26123046875,14872.962890625,-4346.11767578125
377745.019134341,-2807.244873046875,35.58397674560547,-32079.46875,15596.7119140625,-11546.330078125,-4100.09228515625,14880.0478515625,-4342.78759765625
377745.022306258,-2803.378173828125,41.77540969848633,-32075.71484375,15597.78515625,-11544.4970703125,-4093.4091796875,14885.1220703125,-4339.61376953125
377745.027182653,-2799.2431640625,47.452754974365234,-32072.49609375,15600.1318359375,-11541.14453125,-4087.7763671875,14889.8154296875,-4337.2890625
377745.031272085,-2792.91748046875,51.27490234375,-32076.49609375,15599.7744140625,-11542.3515625,-4091.28564453125,14884.49609375,-4340.91015625
377745.034293393,-2796.33740234375,47.788028717041016,-32082.017578125,15593.8955078125,-11549.4814453125,-4101.27685546875,14874.3486328125,-4350.23046875
377745.03826613,-2791.93408203125,53.28656005859375,-32072.65234375,15599.595703125,-11545.771484375,-4097.96875,14877.09765625,-4351.57177734375
377745.042264394,-2790.95068359375,54.51590347290039,-32066.349609375,15599.908203125,-11549.861328125,-4103.0205078125,14872.314453125,-4359.75244140625
377745.046359661,-2792.760986328125,56.34874725341797,-32061.9453125,15604.37890625,-11551.5830078125,-4109.1669921875,14862.658203125,-4371.0849609375
377745.050396945,-2785.0498046875,69.02218627929688,-32050.009765625,15618.9970703125,-11540.138671875,-4103.86962890625,14865.5419921875,-4365.34033203125
377745.054404326,-2775.997314453125,82.92497253417969,-32035.4140625,15632.83203125,-11525.8330078125,-4089.9892578125,14876.1591796875,-4356.37744140625
377745.059319376,-2768.800048828125,93.85497283935547,-32018.671875,15646.9140625,-11513.4287109375,-4080.824951171875,14879.7353515625,-4357.4951171875
377745.062379703,-2769.694091796875,94.65963745117188,-32010.984375,15647.517578125,-11516.2890625,-4085.831787109375,14873.923828125,-4365.98876953125
377745.065513695,-2770.588134765625,96.1572036743164,-32005.88671875,15648.1884765625,-11518.8818359375,-4094.012451171875,14868.783203125,-4371.37548828125
377745.070314602,-2773.203369140625,89.5857925415039,-32010.783203125,15644.1650390625,-11522.5927734375,-4104.45068359375,14858.92578125,-4373.92333984375
377745.074346416,-2774.410400390625,84.62370300292969,-32009.10546875,15648.9931640625,-11517.2060546875,-4106.64111328125,14851.6162109375,-4372.58251953125
377745.078414333,-2773.31494140625,82.83556365966797,-31999.740234375,15655.630859375,-11510.5,-4101.45556640625,14852.1533203125,-4369.74365234375
377745.084404071,-2783.887451171875,67.2116928100586,-32004.3671875,15644.6787109375,-11519.462890625,-4107.71435546875,14846.3642578125,-4374.32568359375
377745.087542803,-2794.772705078125,51.02903366088867,-32013.822265625,15631.513671875,-11524.3359375,-4107.51318359375,14846.7216796875,-4371.93408203125
377745.090490812,-2801.74658203125,40.568416595458984,-32028.1953125,15624.607421875,-11527.2197265625,-4109.05517578125,14849.5830078125,-4364.71435546875
377745.094362899,-2808.2060546875,29.347841262817383,-32045.16015625,15613.6767578125,-11537.4560546875,-4117.99609375,14847.705078125,-4361.18310546875
377745.098429722,-2808.966064453125,28.185550689697266,-32054.525390625,15610.0556640625,-11539.6025390625,-4114.978515625,14851.9970703125,-4357.00341796875
377745.102419234,-2813.3916015625,23.715200424194336,-32062.146484375,15602.43359375,-11544.564453125,-4110.75390625,14858.4560546875,-4356.0419921875
377745.106589623,-2814.50927734375,23.60344123840332,-32067.130859375,15598.9248046875,-11546.0390625,-4108.25048828125,14864.87109375,-4354.76806640625
377745.110557984,-2805.12158203125,35.33810806274414,-32069.701171875,15604.6025390625,-11541.0771484375,-4104.92041015625,14869.1630859375,-4353.80712890625
377745.116457284,-2799.73486328125,42.20009231567383,-32071.646484375,15606.4345703125,-11538.1044921875,-4102.23779296875,14871.46484375,-4354.54443359375
377745.119477862,-2796.806640625,43.340030670166016,-32073.390625,15599.4833984375,-11544.0498046875,-4104.65185546875,14870.8837890625,-4356.33251953125
377745.122564446,-2786.63671875,57.913368225097656,-32060.60546875,15610.369140625,-11537.5458984375,-4097.87939453125,14877.857421875,-4354.4326171875
377745.126353753,-2787.91064453125,64.90946960449219,-32055.798828125,15618.37109375,-11534.3046875,-4098.10302734375,14877.1865234375,-4356.98095703125
377745.130578479,-2787.888427734375,62.718994140625,-32060.693359375,15616.2470703125,-11536.8525390625,-4102.5732421875,14871.5322265625,-4360.40087890625
377745.134489951,-2782.904052734375,64.35066986083984,-32059.53125,15616.2919921875,-11536.5400390625,-4103.24365234375,14867.3525390625,-4366.234375
377745.138678574,-2775.34912109375,74.02897644042969,-32046.388671875,15623.35546875,-11532.29296875,-4099.24267578125,14869.9892578125,-4366.39111328125
377745.143354763,-2773.35986328125,79.32633972167969,-32033.669921875,15628.853515625,-11530.416015625,-4096.64990234375,14870.1904296875,-4371.35302734375
377745.146384823,-2775.661865234375,81.33799743652344,-32023.74609375,15636.587890625,-11521.072265625,-4091.1962890625,14872.5380859375,-4376.15869140625
377745.149458279,-2770.34228515625,91.17276763916016,-32014.626953125,15648.6572265625,-11511.103515625,-4089.3857421875,14874.9521484375,-4371.666015625
377745.154345249,-2764.6650390625,96.29131317138672,-32008.345703125,15653.8427734375,-11507.5048828125,-4091.46435546875,14872.314453125,-4368.0224609375
377745.158575809,-2763.815673828125,94.7490463256836,-32002.310546875,15654.021484375,-11511.505859375,-4098.9970703125,14865.5869140625,-4370.32470703125
377745.162426746,-2761.111083984375,96.22425842285156,-31992.095703125,15657.576171875,-11510.455078125,-4100.04736328125,14866.369140625,-4367.486328125
377745.166534047,-2767.391845703125,85.808349609375,-31997.796875,15647.8974609375,-11519.4189453125,-4108.29541015625,14858.6123046875,-4373.275390625
377745.170528665,-2777.2490234375,73.00080108642578,-32013.443359375,15639.76171875,-11523.8662109375,-4112.5869140625,14851.3486328125,-4377.16455078125
377745.174623567,-2779.8193359375,69.22335052490234,-32020.572265625,15642.935546875,-11516.84765625,-4106.171875,14854.25390625,-4371.97900390625
377745.177887017,-2785.966064453125,59.545047760009766,-32030.876953125,15634.6650390625,-11521.9443359375,-4107.04345703125,14855.9306640625,-4370.12353515625
377745.182473132,-2796.560791015625,48.682098388671875,-32041.494140625,15625.12109375,-11529.0966796875,-4108.49658203125,14859.9091796875,-4368.38037109375
377745.186557824,-2804.00390625,39.29436492919922,-32051.8203125,15616.470703125,-11532.091796875,-4104.5849609375,14866.994140625,-4361.294921875
