#377709.166827608,-2533.704345703125,219.24826049804688,-31902.2421875,15925.8193359375,-11489.04296875,-3820.851806640625,15106.716796875,-4324.21337890625
377709.174106827,-2536.83349609375,215.38140869140625,-31910.669921875,15920.87890625,-11494.3173828125,-3830.10546875,15099.1171875,-4327.4541015625
377709.177096043,-2539.001708984375,212.36392211914062,-31911.876953125,15921.1025390625,-11494.7197265625,-3832.966552734375,15098.447265625,-4328.236328125
377709.180066297,-2535.492431640625,214.46498107910156,-31905.283203125,15925.908203125,-11494.6083984375,-3831.40185546875,15098.2236328125,-4326.91796875
377709.184057997,-2533.86083984375,215.6272735595703,-31899.380859375,15928.0986328125,-11492.9091796875,-3827.043212890625,15101.28515625,-4323.74365234375
377709.188116067,-2539.42626953125,213.63796997070312,-31901.548828125,15930.0439453125,-11490.3837890625,-3826.529296875,15099.9443359375,-4326.40380859375
377709.191922514,-2537.526611328125,219.18121337890625,-31902.578125,15937.1962890625,-11484.169921875,-3825.21044921875,15100.1455078125,-4328.03515625
377709.194942728,-2532.65380859375,233.64279174804688,-31900.587890625,15943.119140625,-11476.9052734375,-3818.460205078125,15103.2744140625,-4326.98486328125
377709.198552616,-2533.793701171875,227.78662109375,-31901.34765625,15938.7158203125,-11479.990234375,-3816.60498046875,15102.26953125,-4328.12451171875
377709.202616886,-2533.704345703125,215.89549255371094,-31904.455078125,15932.748046875,-11483.2529296875,-3816.60498046875,15101.017578125,-4331.54443359375
377709.207037805,-2536.408935546875,216.16372680664062,-31910.087890625,15929.9541015625,-11484.326171875,-3816.560302734375,15101.1962890625,-4328.16943359375
377709.210755272,-2539.560546875,210.5310821533203,-31919.1171875,15922.466796875,-11488.86328125,-3822.41650390625,15098.513671875,-4326.26953125
377709.215640783,-2539.091064453125,211.4698486328125,-31915.005859375,15922.623046875,-11484.7958984375,-3817.923828125,15103.095703125,-4319.51953125
377709.219651446,-2530.150390625,222.53396606445312,-31903.60546875,15930.22265625,-11480.2578125,-3812.760498046875,15108.5498046875,-4315.6748046875
377709.222967773,-2531.24560546875,222.6904296875,-31904.052734375,15926.6240234375,-11486.29296875,-3817.72265625,15105.443359375,-4318.916015625
377709.226955827,-2537.124267578125,214.04029846191406,-31912.994140625,15914.3525390625,-11496.798828125,-3827.490478515625,15100.3916015625,-4321.95556640625
377709.230995299,-2537.213623046875,216.4766387939453,-31913.6640625,15918.1298828125,-11493.37890625,-3826.3056640625,15105.197265625,-4312.56787109375
377709.234943603,-2543.718017578125,230.2453155517578,-31908.45703125,15928.0546875,-11489.1767578125,-3825.769287109375,15107.857421875,-4312.18798828125
377709.238893366,-2538.46533203125,221.79635620117188,-31906.04296875,15923.337890625,-11495.5244140625,-3829.21142578125,15104.50390625,-4316.36767578125
377709.243999504,-2534.26318359375,211.8721923828125,-31904.298828125,15920.07421875,-11497.2900390625,-3826.283447265625,15105.2861328125,-4319.83203125
377709.247813608,-2531.603271484375,222.7798309326172,-31896.23046875,15934.1337890625,-11483.8564453125,-3814.23583984375,15113.2216796875,-4313.037109375
377709.25080246,-2530.66455078125,223.6068572998047,-31899.001953125,15934.5361328125,-11482.1357421875,-3813.565185546875,15112.505859375,-4311.02587890625
377709.255060736,-2529.748046875,220.47760009765625,-31900.72265625,15930.892578125,-11484.8408203125,-3817.1416015625,15110.94140625,-4313.640625
377709.259109325,-2536.408935546875,216.2084197998047,-31903.0703125,15927.5400390625,-11489.5791015625,-3823.19873046875,15104.951171875,-4319.18408203125
377709.265064783,-2533.525634765625,228.79244995117188,-31896.07421875,15940.75,-11484.9072265625,-3823.19873046875,15104.03515625,-4318.87109375
377709.267909225,-2531.402099609375,234.38038635253906,-31892.943359375,15947.8359375,-11478.89453125,-3817.275634765625,15108.9970703125,-4314.15478515625
377709.270905371,-2528.65283203125,231.98875427246094,-31895.470703125,15948.1708984375,-11476.4140625,-3815.889892578125,15110.2490234375,-4308.56689453125
377709.276101583,-2527.222412109375,232.3463897705078,-31892.900390625,15952.08203125,-11472.30078125,-3813.855712890625,15108.8408203125,-4312.076171875
377709.279160452,-2528.496337890625,231.18409729003906,-31890.6640625,15950.1826171875,-11474.4248046875,-3816.470947265625,15104.3251953125,-4321.240234375
377709.282810819,-2530.887939453125,228.7477569580078,-31893.748046875,15941.8232421875,-11482.1806640625,-3823.19873046875,15099.966796875,-4325.0849609375
377709.287166826,-2532.765625,229.37359619140625,-31895.783203125,15941.6220703125,-11475.5419921875,-3814.973388671875,15107.65625,-4315.9208984375
377709.291218332,-2530.86572265625,227.3619384765625,-31902.130859375,15938.4921875,-11474.5361328125,-3813.989990234375,15109.0419921875,-4310.869140625
377709.294872346,-2532.609130859375,222.10928344726562,-31909.26171875,15929.88671875,-11481.9794921875,-3819.063720703125,15104.6611328125,-4310.77978515625
377709.299153596,-2534.598388671875,219.36001586914062,-31910.267578125,15925.0595703125,-11487.7236328125,-3822.058837890625,15102.828125,-4314.8701171875
377709.303888862,-2532.5419921875,222.3328094482422,-31906.087890625,15927.4951171875,-11488.7744140625,-3822.193115234375,15103.296875,-4316.30078125
377709.3070936,-2534.77734375,217.1024932861328,-31910.826171875,15920.8125,-11493.736328125,-3827.468017578125,15100.4140625,-4315.9208984375
377709.310821277,-2538.46533203125,214.15206909179688,-31915.20703125,15916.8564453125,-11495.6806640625,-3829.345458984375,15097.798828125,-4313.9091796875
377709.314903416,-2540.521728515625,210.55343627929688,-31918.89453125,15912.810546875,-11499.3466796875,-3831.580810546875,15093.88671875,-4316.703125
377709.320023047,-2544.1650390625,207.0218505859375,-31920.123046875,15910.798828125,-11504.9345703125,-3837.01220703125,15090.0205078125,-4323.94482421875
377709.325148148,-2550.53515625,203.31146240234375,-31921.576171875,15907.7138671875,-11510.8359375,-3842.42138671875,15088.7685546875,-4330.091796875
377709.329146412,-2549.931640625,206.0383758544922,-31923.90234375,15908.4072265625,-11512.869140625,-3847.048095703125,15088.0087890625,-4330.8515625
377709.333141758,-2551.876220703125,212.296875,-31927.09765625,15911.2900390625,-11510.5,-3847.78564453125,15085.884765625,-4328.95166015625
377709.336939453,-2558.872314453125,213.32504272460938,-31926.8515625,15911.2236328125,-11510.8359375,-3847.22705078125,15086.8466796875,-4328.236328125
377709.340910002,-2543.583740234375,206.5077667236328,-31918.58203125,15915.08984375,-11509.5166015625,-3845.1259765625,15089.8642578125,-4327.00732421875
377709.344228153,-2546.44482421875,205.12196350097656,-31912.591796875,15919.962890625,-11503.2578125,-3836.900390625,15097.4638671875,-4321.79931640625
377709.347932127,-2547.003662109375,203.80320739746094,-31914.693359375,15920.4990234375,-11501.3583984375,-3834.866455078125,15099.318359375,-4316.14404296875
377709.353918218,-2550.42333984375,200.07046508789062,-31919.587890625,15918.8896484375,-11500.9560546875,-3836.475830078125,15095.3173828125,-4317.19482421875
377709.358040835,-2550.311767578125,205.6584014892578,-31912.5234375,15927.673828125,-11491.9482421875,-3828.60791015625,15098.2900390625,-4315.7197265625
377709.362123339,-2551.004638671875,212.69920349121094,-31903.962890625,15938.380859375,-11484.2587890625,-3823.82470703125,15098.24609375,-4319.2509765625
377709.36495757,-2536.07373046875,222.86924743652344,-31894.955078125,15943.5439453125,-11480.4375,-3817.879150390625,15101.7099609375,-4318.267578125
377709.36797049,-2531.826904296875,227.29489135742188,-31892.787109375,15944.37109375,-11477.1962890625,-3814.7275390625,15101.5986328125,-4316.9267578125
377709.371279524,-2532.206787109375,221.81871032714844,-31902.578125,15935.474609375,-11482.001953125,-3819.62255859375,15094.6025390625,-4319.921875
377709.375215794,-2534.822021484375,217.99656677246094,-31908.412109375,15926.9140625,-11488.8193359375,-3824.271728515625,15093.26171875,-4320.234375
377709.379002913,-2534.285400390625,219.36001586914062,-31905.7734375,15925.8642578125,-11490.2275390625,-3822.64013671875,15097.4638671875,-4316.8369140625
377709.383318442,-2530.84326171875,224.99266052246094,-31900.611328125,15932.1220703125,-11487.9921875,-3820.293212890625,15101.017578125,-4318.22314453125
377709.388265948,-2539.717041015625,215.11318969726562,-31911.18359375,15919.7841796875,-11500.173828125,-3832.63134765625,15092.45703125,-4329.0634765625
377709.391331381,-2543.65087890625,211.69337463378906,-31918.0,15915.2470703125,-11502.9453125,-3837.99560546875,15087.0029296875,-4328.79541015625
377709.394120392,-2538.9345703125,213.30270385742188,-31914.9375,15918.8896484375,-11497.603515625,-3833.458251953125,15091.9873046875,-4321.79931640625
377709.399038359,-2536.118408203125,214.04029846191406,-31913.9765625,15917.4814453125,-11500.6650390625,-3836.274658203125,15090.6689453125,-4325.77783203125
377709.403349877,-2542.33203125,211.40280151367188,-31916.16796875,15913.5703125,-11508.130859375,-3840.879150390625,15086.17578125,-4332.34912109375
377709.40726536,-2540.722900390625,216.4542999267578,-31913.865234375,15917.302734375,-11505.0458984375,-3836.386474609375,15092.255859375,-4325.666015625
377709.411378496,-2542.3544921875,213.19093322753906,-31922.60546875,15910.84375,-11512.9140625,-3846.668212890625,15083.359375,-4327.0517578125
377709.415956224,-2539.404052734375,217.19189453125,-31919.095703125,15918.7783203125,-11508.376953125,-3845.19287109375,15083.716796875,-4323.58740234375
377709.419297714,-2536.63232421875,223.29393005371094,-31914.580078125,15924.8583984375,-11507.9296875,-3845.21533203125,15084.0302734375,-4327.2529296875
377709.422140697,-2539.404052734375,223.78565979003906,-31910.333984375,15928.5458984375,-11502.38671875,-3837.459228515625,15091.4287109375,-4326.33642578125
377709.427268351,-2545.84130859375,218.26478576660156,-31917.53125,15923.78515625,-11505.8291015625,-3839.672119140625,15090.712890625,-4328.1025390625
377709.431047812,-2548.903564453125,212.14041137695312,-31925.578125,15917.4814453125,-11509.896484375,-3844.20947265625,15087.337890625,-4325.01806640625
377709.435067591,-2550.04345703125,208.29591369628906,-31924.080078125,15917.3701171875,-11506.2529296875,-3842.01904296875,15088.947265625,-4321.37451171875
377709.439047622,-2546.176513671875,214.7108612060547,-31910.736328125,15929.7080078125,-11495.099609375,-3833.257080078125,15096.0556640625,-4320.94970703125
377709.444029042,-2543.5615234375,223.71861267089844,-31898.0859375,15943.4765625,-11483.3876953125,-3822.64013671875,15104.2138671875,-4322.53662109375
377709.44735011,-2545.908447265625,219.74000549316406,-31900.611328125,15938.1123046875,-11485.3994140625,-3821.455322265625,15105.80078125,-4322.00048828125
377709.450142404,-2547.674072265625,216.2084197998047,-31909.283203125,15931.7646484375,-11486.740234375,-3821.3212890625,15105.6220703125,-4318.2900390625
377709.455011505,-2546.422607421875,220.34349060058594,-31911.205078125,15929.41796875,-11486.94140625,-3820.158935546875,15107.72265625,-4316.5244140625
377709.459016698,-2554.62548828125,227.0043182373047,-31908.9921875,15928.322265625,-11486.6513671875,-3815.84521484375,15113.154296875,-4313.640625
377709.463198027,-2546.422607421875,211.08987426757812,-31912.703125,15917.548828125,-11495.8154296875,-3821.276611328125,15111.09765625,-4316.8818359375
377709.467239323,-2545.774169921875,205.59133911132812,-31919.9453125,15911.603515625,-11503.59375,-3831.290283203125,15105.5546875,-4319.228515625
377709.471473165,-2542.890869140625,218.5330047607422,-31923.140625,15917.302734375,-11497.669921875,-3830.99951171875,15103.9228515625,-4316.658203125
377709.475191726,-2539.06884765625,214.30853271484375,-31922.0234375,15917.8173828125,-11497.669921875,-3830.284423828125,15103.140625,-4314.3115234375
377709.478199541,-2537.86181640625,210.41932678222656,-31916.033203125,15918.3310546875,-11501.58203125,-3833.480712890625,15100.5029296875,-4318.0439453125
377709.483163456,-2538.5546875,219.60589599609375,-31909.5078125,15925.6181640625,-11501.9169921875,-3836.542724609375,15096.94921875,-4323.54248046875
377709.487355726,-2541.214599609375,220.03057861328125,-31909.619140625,15926.6904296875,-11502.095703125,-3836.587646484375,15096.1220703125,-4325.0849609375
377709.491208121,-2537.548828125,222.73513793945312,-31909.57421875,15930.490234375,-11495.255859375,-3828.451416015625,15102.3134765625,-4319.2958984375
377709.49521842,-2538.085205078125,221.68460083007812,-31909.998046875,15927.40625,-11496.3740234375,-3829.099609375,15104.03515625,-4318.4462890625
377709.499253516,-2541.415771484375,217.9518585205078,-31908.634765625,15923.0029296875,-11499.5703125,-3830.351318359375,15107.275390625,-4316.01025390625
377709.503386344,-2548.076416015625,214.88966369628906,-31907.583984375,15922.130859375,-11501.5146484375,-3832.20654296875,15105.4208984375,-4324.4814453125
377709.506525806,-2550.803466796875,210.84400939941406,-31913.216796875,15920.1865234375,-11503.2138671875,-3835.82763671875,15102.6044921875,-4322.98388671875
377709.510509118,-2549.708251953125,208.89939880371094,-31919.453125,15919.4716796875,-11502.3642578125,-3836.20751953125,15103.7216796875,-4317.26171875
377709.515159416,-2553.284423828125,204.92079162597656,-31925.2421875,15916.1181640625,-11504.6884765625,-3837.21337890625,15103.6328125,-4320.56982421875
377709.519453794,-2557.330078125,202.9761962890625,-31925.7109375,15915.873046875,-11509.2041015625,-3840.00732421875,15101.978515625,-4324.74951171875
377709.523345574,-2555.989013671875,206.01602172851562,-31921.62109375,15919.650390625,-11506.8125,-3837.772216796875,15101.7548828125,-4325.509765625
377709.527550242,-2553.955078125,214.1297149658203,-31918.08984375,15925.23828125,-11502.431640625,-3836.654541015625,15102.4482421875,-4323.453125
377709.531185658,-2549.23876953125,215.9178466796875,-31922.962890625,15920.07421875,-11504.0185546875,-3836.878173828125,15102.470703125,-4318.8486328125
377709.534279171,-2547.472900390625,210.79930114746094,-31926.046875,15910.9326171875,-11509.5166015625,-3842.80126953125,15096.7705078125,-4323.8779296875
377709.538240238,-2539.292236328125,224.79148864746094,-31911.2734375,15926.2666015625,-11496.8212890625,-3831.468994140625,15101.8671875,-4325.21923828125
377709.543420404,-2541.281494140625,224.32211303710938,-31907.830078125,15924.58984375,-11496.8876953125,-3828.272705078125,15104.4599609375,-4327.00732421875
377709.547258942,-2541.594482421875,222.93629455566406,-31911.31640625,15919.806640625,-11497.6474609375,-3827.378662109375,15105.599609375,-4325.0400390625
377709.551304249,-2538.800537109375,223.69625854492188,-31916.5703125,15920.56640625,-11495.14453125,-3827.40087890625,15103.8115234375,-4323.6318359375
377709.555374718,-2543.9638671875,219.7176513671875,-31915.453125,15921.4609375,-11492.4619140625,-3825.076416015625,15104.2587890625,-4323.8779296875
377709.559438623,-2545.5732421875,217.39306640625,-31912.14453125,15918.8896484375,-11497.7822265625,-3828.09375,15103.6552734375,-4323.4306640625
377709.562315521,-2553.955078125,223.740966796875,-31906.69140625,15925.796875,-11495.6806640625,-3828.49609375,15101.666015625,-4325.93408203125
377709.566644543,-2557.86669921875,229.84298706054688,-31904.34375,15934.24609375,-11489.556640625,-3824.584716796875,15104.951171875,-4324.81689453125
377709.571478635,-2544.05322265625,217.12484741210938,-31909.796875,15927.5400390625,-11494.7197265625,-3829.166748046875,15101.1064453125,-4322.044921875
377709.575236216,-2542.913330078125,217.6165771484375,-31911.83203125,15923.025390625,-11500.12890625,-3832.050048828125,15098.8935546875,-4320.14501953125
377709.579492303,-2545.7294921875,217.5271759033203,-31914.24609375,15920.521484375,-11507.21484375,-3838.8896484375,15092.1884765625,-4329.35400390625
377709.58546162,-2547.5625,217.70599365234375,-31915.318359375,15920.611328125,-11508.734375,-3838.9345703125,15091.65234375,-4331.92431640625
377709.58860254,-2547.361328125,215.22494506835938,-31920.951171875,15916.8779296875,-11511.5732421875,-3840.3203125,15093.529296875,-4325.4873046875
377709.591449534,-2550.691650390625,208.34060668945312,-31932.841796875,15908.2734375,-11517.138671875,-3846.645751953125,15089.2607421875,-4324.2353515625
377709.595560482,-2549.685791015625,211.20162963867188,-31931.58984375,15912.408203125,-11512.0205078125,-3843.762451171875,15091.361328125,-4322.08984375
377709.598384502,-2551.3623046875,208.1394500732422,-31931.12109375,15912.0283203125,-11514.76953125,-3845.59521484375,15088.8359375,-4329.0859375
377709.603238652,-2562.001708984375,200.5175018310547,-31933.021484375,15907.3564453125,-11520.6259765625,-3852.233642578125,15082.599609375,-4337.4677734375
377709.607322979,-2566.9189453125,195.7789306640625,-31935.658203125,15903.35546875,-11522.7939453125,-3857.01708984375,15077.615234375,-4341.021484375
377709.611301915,-2566.02490234375,196.2706756591797,-31936.75390625,15905.7021484375,-11521.564453125,-3861.129638671875,15071.46875,-4343.41357421875
377709.615330447,-2561.46533203125,198.84112548828125,-31932.08203125,15908.5634765625,-11514.2333984375,-3853.19482421875,15077.615234375,-4337.087890625
377709.618381658,-2560.86181640625,203.19970703125,-31923.275390625,15914.6435546875,-11506.1416015625,-3841.683837890625,15087.7177734375,-4332.01416015625
377709.622452857,-2559.1181640625,206.06072998046875,-31915.541015625,15916.095703125,-11503.8837890625,-3832.63134765625,15097.396484375,-4327.4541015625
377709.627294972,-2556.480712890625,211.8051300048828,-31912.859375,15922.689453125,-11497.8935546875,-3829.41259765625,15098.24609375,-4325.01806640625
377709.631334079,-2553.44091796875,213.7050323486328,-31915.765625,15923.0703125,-11497.5361328125,-3829.569091796875,15098.6923828125,-4321.240234375
377709.63526889,-2550.64697265625,214.7779083251953,-31914.201171875,15921.884765625,-11497.7373046875,-3828.09375,15101.1513671875,-4315.80908203125
377709.639355041,-2553.418701171875,214.59910583496094,-31912.5234375,15920.1416015625,-11499.212890625,-3828.8984375,15099.408203125,-4321.4638671875
377709.642392759,-2555.85498046875,221.4163818359375,-31907.94140625,15925.8193359375,-11497.0888671875,-3828.250244140625,15101.419921875,-4324.1015625
377709.64634945,-2555.720703125,221.30462646484375,-31911.697265625,15922.3095703125,-11503.2802734375,-3834.79931640625,15096.234375,-4326.11328125
377709.650427577,-2553.776123046875,215.5602264404297,-31920.16796875,15916.6328125,-11508.9130859375,-3841.79541015625,15090.8251953125,-4326.13525390625
377709.656402729,-2547.62939453125,220.74583435058594,-31913.642578125,15925.8642578125,-11494.2060546875,-3823.19873046875,15105.3984375,-4318.0888671875
377709.659428413,-2548.03173828125,217.9518585205078,-31909.953125,15923.7626953125,-11497.513671875,-3823.82470703125,15107.275390625,-4316.97119140625
377709.663402244,-2548.814208984375,217.37071228027344,-31905.1484375,15921.818359375,-11502.5205078125,-3829.83740234375,15104.705078125,-4317.2841796875
377709.667401967,-2556.570068359375,209.86053466796875,-31913.91015625,15915.0458984375,-11512.8466796875,-3841.862548828125,15093.57421875,-4329.4658203125
377709.670336482,-2555.676025390625,215.76138305664062,-31919.05078125,15919.404296875,-11511.953125,-3844.880126953125,15089.2822265625,-4331.6337890625
377709.674288069,-2565.24267578125,220.52230834960938,-31923.72265625,15915.1572265625,-11516.1103515625,-3848.255126953125,15086.6005859375,-4332.0361328125
377709.678437307,-2547.093017578125,221.03640747070312,-31915.005859375,15923.4716796875,-11508.9580078125,-3839.1357421875,15095.0048828125,-4322.6708984375
377709.682457816,-2546.24365234375,222.042236328125,-31914.693359375,15924.4560546875,-11507.8623046875,-3835.4921875,15097.7763671875,-4325.75537109375
377709.687172296,-2550.1328125,219.8070526123047,-31919.6328125,15921.125,-11510.388671875,-3837.548583984375,15096.546875,-4323.18505859375
377709.692346263,-2553.03857421875,215.4931640625,-31925.912109375,15918.845703125,-11511.349609375,-3842.980224609375,15087.830078125,-4328.4375
377709.695461291,-2554.715087890625,218.91297912597656,-31921.107421875,15924.9921875,-11501.89453125,-3836.386474609375,15090.04296875,-4329.97998046875
377709.699443875,-2552.993896484375,219.44943237304688,-31912.189453125,15925.6845703125,-11498.162109375,-3829.367919921875,15095.8984375,-4330.248046875
377709.70248451,-2556.63720703125,215.64962768554688,-31908.791015625,15923.8525390625,-11500.0615234375,-3829.501953125,15093.08203125,-4334.47265625
377709.706430626,-2560.012451171875,213.41445922851562,-31908.74609375,15925.70703125,-11496.7763671875,-3829.054931640625,15092.6357421875,-4329.53271484375
377709.710454417,-2559.85595703125,209.50289916992188,-31912.501953125,15925.595703125,-11493.53515625,-3827.60205078125,15092.0986328125,-4323.74365234375
377709.715392441,-2566.13671875,201.23275756835938,-31918.55859375,15916.54296875,-11500.9560546875,-3833.7041015625,15086.6005859375,-4328.01318359375
377709.719328711,-2565.5556640625,202.73031616210938,-31913.396484375,15917.5263671875,-11502.85546875,-3835.00048828125,15086.890625,-4329.1083984375
377709.723474668,-2562.694580078125,204.4737548828125,-31907.025390625,15918.4208984375,-11502.9677734375,-3834.79931640625,15091.1826171875,-4326.0458984375
377709.726498163,-2562.5380859375,204.27259826660156,-31908.859375,15915.73828125,-11506.87890625,-3837.950927734375,15089.4169921875,-4327.6552734375
377709.730463607,-2559.967529296875,207.446533203125,-31915.20703125,15914.5537109375,-11510.9697265625,-3842.734375,15084.9462890625,-4328.01318359375
377709.734474635,-2560.414794921875,208.45236206054688,-31918.42578125,15912.20703125,-11515.283203125,-3847.78564453125,15083.0693359375,-4329.3095703125
377709.738456124,-2561.912353515625,210.64283752441406,-31917.62109375,15909.30078125,-11523.0615234375,-3852.367919921875,15082.912109375,-4330.73974609375
377709.743304439,-2559.788818359375,212.14041137695312,-31916.435546875,15908.697265625,-11521.0947265625,-3844.18701171875,15093.373046875,-4324.66015625
377709.747578395,-2556.32421875,220.09762573242188,-31915.966796875,15917.83984375,-11513.1376953125,-3837.79443359375,15101.12890625,-4318.2900390625
377709.751535451,-2555.36328125,220.18704223632812,-31924.013671875,15917.2138671875,-11512.869140625,-3837.950927734375,15103.2080078125,-4316.81494140625
377709.757355981,-2554.290283203125,219.89646911621094,-31925.2421875,15916.9677734375,-11512.4228515625,-3837.839111328125,15100.0341796875,-4320.41357421875
377709.760481221,-2553.172607421875,223.9644775390625,-31918.447265625,15922.3994140625,-11509.896484375,-3835.40283203125,15098.3798828125,-4325.77783203125
377709.763532432,-2551.1611328125,223.71861267089844,-31916.48046875,15918.5546875,-11513.31640625,-3837.056884765625,15096.1220703125,-4324.6376953125
377709.766579996,-2562.404052734375,212.3192138671875,-31930.94140625,15909.6591796875,-11524.3583984375,-3851.965576171875,15078.263671875,-4335.43359375
377709.770597588,-2554.1337890625,220.72348022460938,-31926.5390625,15923.6953125,-11510.142578125,-3843.091796875,15083.7841796875,-4326.068359375
377709.776551953,-2552.211669921875,216.6331024169922,-31927.365234375,15921.013671875,-11508.48828125,-3839.1357421875,15086.2431640625,-4323.8779296875
377709.780583037,-2560.995849609375,208.34060668945312,-31926.271484375,15914.12890625,-11513.517578125,-3839.11328125,15088.5224609375,-4325.80029296875
377709.784506908,-2561.197021484375,207.7371063232422,-31917.978515625,15919.11328125,-11506.8564453125,-3832.676025390625,15092.9033203125,-4325.55419921875
377709.787533686,-2558.268798828125,212.69920349121094,-31910.400390625,15925.9306640625,-11497.3349609375,-3825.41162109375,15098.55859375,-4323.20751953125
377709.790557911,-2561.197021484375,209.23468017578125,-31911.96484375,15923.29296875,-11494.1162109375,-3823.80224609375,15101.0400390625,-4322.53662109375
377709.794570033,-2563.789794921875,204.7643280029297,-31913.75390625,15918.6884765625,-11496.5302734375,-3824.8974609375,15098.849609375,-4323.5205078125
377709.798540217,-2561.174560546875,206.5748291015625,-31910.712890625,15918.845703125,-11499.0556640625,-3825.5234375,15096.4580078125,-4325.53173828125
377709.803557011,-2561.42041015625,204.92079162597656,-31913.10546875,15914.21875,-11507.9521484375,-3832.40771484375,15092.1435546875,-4329.9130859375
377709.807479788,-2564.572021484375,201.81390380859375,-31920.50390625,15907.625,-11517.3173828125,-3841.750732421875,15089.23828125,-4330.96337890625
377709.811633037,-2562.716796875,204.3396453857422,-31925.599609375,15906.3056640625,-11520.669921875,-3847.875244140625,15085.3935546875,-4326.671875
377709.81466018,-2562.76171875,202.95384216308594,-31931.701171875,15898.21484375,-11533.2099609375,-3861.129638671875,15074.28515625,-4332.97509765625
377709.818550501,-2563.968505859375,202.10447692871094,-31932.619140625,15894.50390625,-11541.4130859375,-3868.61767578125,15068.31640625,-4344.2626953125
377709.823676696,-2566.44970703125,214.2191162109375,-31925.623046875,15904.0263671875,-11535.7578125,-3863.677734375,15072.18359375,-4346.76611328125
377709.828678537,-2571.7470703125,217.1024932861328,-31926.986328125,15906.171875,-11535.5791015625,-3865.331787109375,15070.6416015625,-4345.447265625
377709.831568199,-2559.297119140625,205.01019287109375,-31930.673828125,15900.8525390625,-11533.0302734375,-3858.98388671875,15080.587890625,-4333.265625
377709.836695487,-2554.513916015625,222.28810119628906,-31920.884765625,15922.17578125,-11517.8984375,-3849.551513671875,15086.3994140625,-4329.73388671875
377709.840753922,-2559.1181640625,218.1083221435547,-31923.4765625,15917.8623046875,-11525.341796875,-3852.770263671875,15083.203125,-4335.0986328125
377709.844666853,-2553.9326171875,220.7011260986328,-31917.12890625,15922.7568359375,-11516.6025390625,-3837.548583984375,15095.9658203125,-4331.00830078125
377709.84769509,-2557.330078125,216.07431030273438,-31920.884765625,15921.9296875,-11515.9541015625,-3837.99560546875,15094.37890625,-4334.98681640625
377709.850752136,-2557.777099609375,219.78469848632812,-31920.951171875,15935.453125,-11503.794921875,-3835.380615234375,15090.1318359375,-4336.93115234375
377709.854713568,-2556.793701171875,218.242431640625,-31915.98828125,15937.8662109375,-11492.3056640625,-3820.82958984375,15102.7607421875,-4325.62158203125
377709.858699798,-2566.471923828125,203.98202514648438,-31920.68359375,15921.1474609375,-11505.7392578125,-3831.357177734375,15094.087890625,-4333.466796875
377709.863636728,-2564.81787109375,204.69728088378906,-31915.564453125,15918.7333984375,-11507.68359375,-3831.7373046875,15094.5126953125,-4333.4892578125
377709.867695528,-2556.525390625,213.54856872558594,-31909.10546875,15923.13671875,-11503.4150390625,-3828.160888671875,15097.3515625,-4325.01806640625
377709.870700425,-2557.307861328125,210.55343627929688,-31917.708984375,15916.185546875,-11511.349609375,-3838.554443359375,15083.0908203125,-4331.455078125
377709.874670245,-2557.03955078125,209.61465454101562,-31917.666015625,15913.5029296875,-11512.7578125,-3840.40966796875,15078.263671875,-4333.2880859375
377709.878741443,-2561.3310546875,215.5602264404297,-31915.609375,15912.2744140625,-11515.1044921875,-3841.348388671875,15077.0791015625,-4334.98681640625
377709.882782374,-2564.683837890625,217.9071502685547,-31913.931640625,15912.05078125,-11517.541015625,-3841.81787109375,15080.0068359375,-4335.54541015625
377709.886680718,-2563.566162109375,207.53594970703125,-31914.55859375,15909.234375,-11518.1220703125,-3842.80126953125,15082.4658203125,-4331.18701171875
377709.891700064,-2565.935546875,205.41253662109375,-31919.87890625,15907.982421875,-11519.396484375,-3845.483642578125,15079.5595703125,-4332.6396484375
377709.895733337,-2565.779052734375,200.67396545410156,-31924.6171875,15902.349609375,-11528.0458984375,-3852.837158203125,15075.7822265625,-4334.47265625
377709.898718542,-2567.3212890625,199.10934448242188,-31925.220703125,15900.2490234375,-11533.58984375,-3859.341552734375,15071.267578125,-4341.96044921875
377709.903786025,-2565.376708984375,205.3231201171875,-31916.4140625,15908.6533203125,-11522.369140625,-3847.31640625,15081.03515625,-4339.30078125
377709.907572779,-2567.81298828125,206.150146484375,-31917.75390625,15907.9375,-11524.224609375,-3848.165771484375,15084.5888671875,-4329.80126953125
377709.910722087,-2569.64599609375,201.74684143066406,-31925.755859375,15900.0478515625,-11528.4931640625,-3852.837158203125,15080.275390625,-4329.15283203125
377709.914720351,-2568.84130859375,205.3901824951172,-31925.01953125,15901.5,-11525.6767578125,-3850.758544921875,15080.587890625,-4331.4775390625
377709.919701771,-2570.517578125,226.2890625,-31916.16796875,15917.2587890625,-11521.162109375,-3849.283203125,15083.158203125,-4332.93017578125
377709.923653722,-2559.85595703125,215.96255493164062,-31915.228515625,15914.486328125,-11523.3525390625,-3847.919921875,15085.728515625,-4331.455078125
377709.926606836,-2560.705322265625,216.2084197998047,-31916.861328125,15918.845703125,-11518.546875,-3845.036376953125,15086.82421875,-4330.2255859375
377709.930587231,-2558.201904296875,216.4542999267578,-31919.654296875,15921.974609375,-11513.0703125,-3842.3095703125,15086.2431640625,-4329.80126953125
377709.934828002,-2553.373779296875,218.7341766357422,-31914.22265625,15925.6845703125,-11504.1298828125,-3831.916015625,15092.970703125,-4323.4306640625
377709.938661799,-2552.591552734375,219.44943237304688,-31910.490234375,15925.7744140625,-11505.1357421875,-3831.22314453125,15096.4580078125,-4323.05078125
377709.943115174,-2559.7216796875,212.3192138671875,-31915.20703125,15917.4150390625,-11512.66796875,-3837.973388671875,15093.126953125,-4328.52685546875
377709.947691079,-2566.3603515625,206.3736572265625,-31921.375,15910.6650390625,-11514.27734375,-3837.99560546875,15094.22265625,-4324.97314453125
377709.951691531,-2563.275634765625,208.29591369628906,-31923.0078125,15911.9609375,-11509.5615234375,-3833.81591796875,15101.083984375,-4314.93701171875
377709.9550673,-2561.688720703125,206.79833984375,-31924.794921875,15907.1328125,-11513.16015625,-3836.00634765625,15100.0341796875,-4312.34423828125
377709.958763251,-2560.3251953125,209.1229248046875,-31919.140625,15908.67578125,-11512.9140625,-3833.681884765625,15099.05078125,-4313.72998046875
377709.963879964,-2560.593505859375,210.19580078125,-31916.546875,15909.7255859375,-11517.6748046875,-3837.43701171875,15094.0439453125,-4322.20166015625
377709.967797271,-2568.03662109375,200.91983032226562,-31928.037109375,15896.806640625,-11532.091796875,-3852.569091796875,15080.296875,-4332.259765625
377709.970976846,-2571.992919921875,193.92373657226562,-31938.228515625,15886.8603515625,-11539.8037109375,-3862.11328125,15069.724609375,-4336.79736328125
377709.975138119,-2575.792724609375,186.34649658203125,-31946.431640625,15873.9404296875,-11549.2353515625,-3869.4892578125,15060.44921875,-4342.94384765625
377709.979905841,-2576.798583984375,186.7935333251953,-31944.017578125,15874.9013671875,-11547.89453125,-3869.355224609375,15056.2919921875,-4351.080078125
377709.983130271,-2575.166748046875,193.7449188232422,-31937.759765625,15886.345703125,-11543.826171875,-3871.545654296875,15052.71484375,-4356.2880859375
377709.986883111,-2575.099853515625,195.08602905273438,-31936.486328125,15891.0400390625,-11540.3623046875,-3868.61767578125,15055.5537109375,-4352.2421875
377709.992097557,-2578.586669921875,190.50392150878906,-31944.263671875,15887.59765625,-11544.4296875,-3871.366943359375,15054.6376953125,-4350.275390625
377709.995773086,-2576.1279296875,190.10159301757812,-31948.220703125,15885.3623046875,-11552.029296875,-3878.921630859375,15051.5078125,-4351.2138671875
377709.998861129,-2578.966552734375,184.49130249023438,-31953.607421875,15873.11328125,-11570.3583984375,-3900.58056640625,15040.3544921875,-4357.56201171875
377710.002879815,-2567.589599609375,210.59812927246094,-31930.337890625,15911.3798828125,-11526.2802734375,-3859.60986328125,15065.7685546875,-4345.73779296875
377710.007780642,-2571.366943359375,210.0616912841797,-31931.791015625,15913.16796875,-11519.4404296875,-3845.863525390625,15076.654296875,-4341.46875
377710.01080195,-2568.81884765625,210.12875366210938,-31935.345703125,15910.642578125,-11521.2294921875,-3848.568115234375,15077.5478515625,-4335.5009765625
377710.014723633,-2572.21630859375,211.42515563964844,-31935.61328125,15909.345703125,-11520.5361328125,-3847.22705078125,15079.470703125,-4330.20361328125
377710.018759458,-2573.669189453125,203.31146240234375,-31938.453125,15901.27734375,-11526.99609375,-3850.669189453125,15075.6484375,-4337.6689453125
377710.022782885,-2576.21728515625,195.60011291503906,-31941.4921875,15892.73828125,-11536.875,-3859.69921875,15069.5458984375,-4345.60400390625
377710.026790995,-2581.3359375,189.40867614746094,-31947.705078125,15887.5751953125,-11541.2783203125,-3865.264892578125,15064.3603515625,-4350.00732421875
377710.030802023,-2579.3466796875,189.5651397705078,-31951.572265625,15887.9775390625,-11540.4736328125,-3865.80126953125,15061.0078125,-4349.2470703125
377710.035827203,-2575.748046875,191.64385986328125,-31949.62890625,15888.0888671875,-11537.9482421875,-3863.3203125,15064.181640625,-4346.0732421875
377710.038833924,-2579.972412109375,190.4815673828125,-31947.705078125,15884.892578125,-11539.736328125,-3863.2978515625,15064.8076171875,-4342.58642578125
377710.042776029,-2584.554443359375,187.5981903076172,-31946.208984375,15880.958984375,-11544.1396484375,-3866.40478515625,15063.779296875,-4343.6591796875
377710.046789609,-2580.21826171875,192.0908966064453,-31941.111328125,15884.9150390625,-11539.37890625,-3863.4765625,15068.451171875,-4339.54638671875
377710.050837469,-2575.792724609375,195.37660217285156,-31941.513671875,15888.2900390625,-11537.970703125,-3866.136474609375,15063.4443359375,-4342.36279296875
377710.054836827,-2574.965576171875,195.84597778320312,-31941.15625,15889.7880859375,-11538.4619140625,-3867.90234375,15056.873046875,-4350.56591796875
377710.058820869,-2572.73046875,204.8984375,-31927.478515625,15904.8974609375,-11522.525390625,-3851.78662109375,15066.7294921875,-4350.4541015625
377710.063774574,-2581.782958984375,192.44851684570312,-31932.796875,15892.291015625,-11534.4384765625,-3863.2978515625,15058.3251953125,-4359.8642578125
377710.067824257,-2586.901611328125,186.50296020507812,-31938.02734375,15888.4697265625,-11538.3955078125,-3864.974365234375,15059.6220703125,-4356.17626953125
377710.070914488,-2582.274658203125,192.98495483398438,-31937.669921875,15898.9970703125,-11528.2919921875,-3860.2802734375,15062.8408203125,-4347.32470703125
377710.07485951,-2576.172607421875,200.3163299560547,-31934.630859375,15906.6416015625,-11521.564453125,-3856.59228515625,15066.6181640625,-4343.837890625
377710.078824953,-2575.03271484375,200.5845489501953,-31931.6796875,15905.0322265625,-11523.0390625,-3854.71484375,15071.1552734375,-4342.20654296875
377710.082931525,-2578.005615234375,209.39114379882812,-31929.734375,15903.712890625,-11528.4267578125,-3859.296875,15068.048828125,-4343.48046875
377710.08691739,-2578.094970703125,205.36782836914062,-31930.00390625,15903.8701171875,-11530.8623046875,-3863.99072265625,15065.34375,-4343.078125
377710.092178878,-2580.9111328125,194.32606506347656,-31938.02734375,15897.25390625,-11533.9921875,-3868.01416015625,15064.427734375,-4346.4306640625
377710.094988676,-2583.079345703125,188.60401916503906,-31944.017578125,15890.2578125,-11540.8984375,-3875.635986328125,15061.7001953125,-4349.6943359375
377710.097955283,-2578.7431640625,196.31536865234375,-31935.009765625,15895.9794921875,-11536.4951171875,-3870.8974609375,15067.646484375,-4347.056640625
377710.10294582,-2569.35546875,206.6642303466797,-31921.375,15904.451171875,-11528.671875,-3860.571044921875,15079.134765625,-4336.41748046875
377710.10688756,-2573.62451171875,201.88095092773438,-31924.4609375,15898.013671875,-11533.7236328125,-3862.962646484375,15079.26953125,-4329.1083984375
377710.110991944,-2576.9326171875,198.48348999023438,-31930.853515625,15896.0693359375,-11532.9189453125,-3864.080078125,15076.9892578125,-4323.40869140625
377710.114998596,-2588.1083984375,206.21719360351562,-31932.015625,15897.923828125,-11530.3037109375,-3862.00146484375,15074.486328125,-4325.15185546875
377710.119954853,-2588.24267578125,194.14724731445312,-31937.111328125,15889.0947265625,-11540.5634765625,-3870.450439453125,15066.349609375,-4339.18896484375
377710.122895568,-2578.921875,194.88485717773438,-31931.166015625,15893.0517578125,-11539.0654296875,-3869.958740234375,15069.2998046875,-4339.4345703125
377710.125946779,-2579.83837890625,195.89068603515625,-31932.462890625,15892.828125,-11538.283203125,-3869.467041015625,15069.6357421875,-4343.435546875
377710.130954091,-2575.546875,196.44947814941406,-31934.787109375,15893.4091796875,-11532.62890625,-3864.661376953125,15072.5185546875,-4339.01025390625
377710.135003774,-2573.22216796875,199.2434539794922,-31930.875,15896.158203125,-11529.9013671875,-3864.460205078125,15071.4013671875,-4330.8515625
377710.138971041,-2576.597412109375,199.26580810546875,-31926.359375,15898.9970703125,-11527.2861328125,-3863.521484375,15070.1943359375,-4337.98193359375
377710.142991185,-2573.9375,204.49610900878906,-31919.095703125,15902.953125,-11524.6484375,-3860.79443359375,15073.1669921875,-4339.79248046875
377710.147266236,-2579.100830078125,201.14334106445312,-31922.248046875,15897.9013671875,-11527.8896484375,-3862.91796875,15070.7529296875,-4340.52978515625
377710.151211622,-2584.867431640625,210.24050903320312,-31925.197265625,15900.4501953125,-11527.5322265625,-3866.1142578125,15067.7353515625,-4340.8876953125
377710.153975107,-2584.62158203125,213.12388610839844,-31916.66015625,15910.4853515625,-11515.529296875,-3855.161865234375,15078.8447265625,-4336.08203125
377710.159348914,-2575.14453125,213.81678771972656,-31907.451171875,15915.068359375,-11513.0927734375,-3852.054931640625,15083.44921875,-4336.37255859375
377710.163501434,-2567.790771484375,209.9722900390625,-31900.701171875,15918.95703125,-11513.6298828125,-3852.077392578125,15086.6455078125,-4334.0927734375
#377750.189820544,-2753.802001953125,99.95700073242188,-31979.35546875,15635.8056640625,-11530.28125,-4105.45654296875,14845.7158203125,-4394.91162109375
377750.194741064,-2753.265625,97.8559341430664,-31982.955078125,15635.73828125,-11524.134765625,-4098.7734375,14848.509765625,-4391.0224609375
377750.198718177,-2752.37158203125,98.4817886352539,-31983.490234375,15637.5712890625,-11521.20703125,-4095.7783203125,14849.7392578125,-4386.57470703125
377750.202947644,-2747.923583984375,101.43221282958984,-31978.88671875,15638.4873046875,-11523.6875,-4098.08056640625,14849.3369140625,-4387.13330078125
377750.205893829,-2749.398681640625,101.52162170410156,-31976.2265625,15636.810546875,-11524.626953125,-4097.52197265625,14850.4091796875,-4388.94384765625
377750.209771387,-2755.32177734375,94.7490463256836,-31981.234375,15629.7255859375,-11531.7568359375,-4100.31591796875,14847.34765625,-4391.69287109375
377750.213900568,-2755.34423828125,96.403076171875,-31986.5078125,15633.234375,-11530.3486328125,-4103.13232421875,14844.77734375,-4390.17333984375
377750.217918524,-2755.612548828125,94.503173828125,-31990.755859375,15633.8828125,-11524.0234375,-4097.96875,14849.0009765625,-4386.41796875
377750.221932834,-2752.796142578125,92.73738861083984,-31989.75,15633.7265625,-11524.8720703125,-4097.67822265625,14850.1416015625,-4389.681640625
377750.226777502,-2761.490966796875,87.0823974609375,-31992.07421875,15629.4130859375,-11531.9130859375,-4101.232421875,14845.201171875,-4397.34814453125
377750.230767014,-2763.502685546875,86.85887908935547,-31994.64453125,15627.4013671875,-11535.6455078125,-4103.13232421875,14843.3017578125,-4398.48779296875
377750.236813276,-2764.173095703125,86.50125122070312,-32000.970703125,15625.568359375,-11536.875,-4106.1494140625,14844.375,-4393.36962890625
377750.239813798,-2767.8388671875,81.18153381347656,-32008.837890625,15619.0859375,-11542.6416015625,-4112.09521484375,14840.91015625,-4391.2685546875
377750.24486013,-2765.380126953125,82.34382629394531,-32006.06640625,15619.845703125,-11544.4296875,-4112.45263671875,14839.8369140625,-4390.59765625
377750.247943796,-2766.900146484375,86.8365249633789,-32001.751953125,15623.51171875,-11545.63671875,-4115.6044921875,14836.3056640625,-4396.72216796875
377750.251848704,-2765.4248046875,90.65867614746094,-31997.259765625,15625.814453125,-11542.0166015625,-4109.390625,14841.357421875,-4396.587890625
377750.25591735,-2760.686279296875,95.39724731445312,-31995.2265625,15629.6357421875,-11536.0927734375,-4101.07568359375,14847.392578125,-4392.14013671875
377750.260050543,-2758.13818359375,98.41473388671875,-31994.755859375,15633.3466796875,-11534.2373046875,-4100.740234375,14842.630859375,-4395.0234375
377750.264808784,-2751.074951171875,105.74610137939453,-31984.7421875,15640.6103515625,-11527.8671875,-4094.638427734375,14847.1015625,-4390.44140625
377750.267828998,-2746.403564453125,113.65862274169922,-31973.1875,15647.6962890625,-11522.0341796875,-4090.525634765625,14853.5390625,-4386.6865234375
377750.272961392,-2747.476318359375,114.35152435302734,-31969.72265625,15647.830078125,-11522.2568359375,-4092.1796875,14854.701171875,-4387.826171875
377750.275961913,-2746.515380859375,111.04346466064453,-31971.82421875,15646.421875,-11519.060546875,-4090.637451171875,14856.6005859375,-4383.19921875
377750.27902297,-2749.13037109375,101.72278594970703,-31976.96484375,15638.822265625,-11524.2021484375,-4097.7900390625,14846.69921875,-4387.33447265625
377750.282971639,-2756.506591796875,98.70530700683594,-31976.5390625,15639.1806640625,-11524.291015625,-4097.1416015625,14845.1572265625,-4392.38623046875
377750.286883476,-2756.216064453125,99.97935485839844,-31972.091796875,15639.158203125,-11525.7666015625,-4096.9404296875,14848.1748046875,-4394.12939453125
377750.290780361,-2760.52978515625,96.42542266845703,-31975.33203125,15635.134765625,-11530.3935546875,-4100.78515625,14845.1123046875,-4400.8125
377750.293803857,-2762.51904296875,94.52552795410156,-31981.814453125,15636.3642578125,-11528.3818359375,-4100.0029296875,14845.8720703125,-4399.0693359375
377750.297728822,-2767.52587890625,84.5790023803711,-31994.130859375,15625.7470703125,-11538.5966796875,-4109.92724609375,14839.5244140625,-4399.51611328125
377750.301880613,-2770.409423828125,77.98523712158203,-31998.623046875,15618.9296875,-11548.0283203125,-4119.1357421875,14830.0029296875,-4406.28857421875
377750.305755618,-2770.0517578125,82.61204528808594,-31990.28515625,15627.04296875,-11536.47265625,-4103.400390625,14840.396484375,-4402.1982421875
377750.310692183,-2771.4150390625,83.28260040283203,-31990.732421875,15626.9765625,-11537.4560546875,-4100.78515625,14844.083984375,-4400.455078125
377750.314931496,-2773.382080078125,78.45462036132812,-32002.2890625,15618.21484375,-11546.84375,-4109.748046875,14837.177734375,-4401.4833984375
377750.318921008,-2768.464599609375,84.06491088867188,-32003.09375,15625.009765625,-11539.4453125,-4104.31689453125,14839.4794921875,-4399.4267578125
377750.32293313,-2765.71533203125,89.85401153564453,-31998.4453125,15631.669921875,-11534.6845703125,-4099.82421875,14842.6533203125,-4398.95751953125
377750.326953274,-2766.16259765625,89.85401153564453,-31998.01953125,15629.4345703125,-11541.0771484375,-4105.09912109375,14839.4794921875,-4405.2158203125
377750.33086584,-2767.54833984375,86.92593383789062,-31999.16015625,15626.373046875,-11542.26171875,-4104.3837890625,14839.6357421875,-4405.97607421875
377750.333940755,-2774.276123046875,79.52750396728516,-32008.5703125,15618.37109375,-11546.5087890625,-4109.32373046875,14836.171875,-4405.0146484375
377750.340866241,-2769.8505859375,81.49446105957031,-32008.525390625,15620.248046875,-11544.3408203125,-4110.4189453125,14835.880859375,-4399.51611328125
377750.344887845,-2767.078857421875,87.61883544921875,-32000.412109375,15628.697265625,-11538.57421875,-4107.06591796875,14839.79296875,-4396.38720703125
377750.347953278,-2765.044921875,94.52552795410156,-31988.51953125,15635.5595703125,-11532.5390625,-4100.89697265625,14844.173828125,-4396.6103515625
377750.35099136,-2766.006103515625,95.12902069091797,-31983.71484375,15635.134765625,-11533.2314453125,-4101.50048828125,14844.7099609375,-4395.91748046875
377750.354857249,-2766.564697265625,92.49151611328125,-31986.77734375,15631.423828125,-11534.998046875,-4103.9814453125,14843.5927734375,-4394.33056640625
377750.357855947,-2769.6494140625,84.69075775146484,-31993.03515625,15623.2880859375,-11539.333984375,-4107.04345703125,14841.021484375,-4395.71630859375
377750.361916935,-2768.33056640625,85.22720336914062,-31988.072265625,15627.3115234375,-11532.5390625,-4096.2255859375,14849.4482421875,-4389.70361328125
377750.365950937,-2765.447265625,92.89385223388672,-31979.400390625,15639.359375,-11522.5478515625,-4088.67041015625,14854.208984375,-4387.13330078125
377750.370938556,-2767.12353515625,92.93855285644531,-31978.505859375,15640.0966796875,-11522.927734375,-4089.542236328125,14855.6396484375,-4386.50732421875
377750.374969276,-2772.711669921875,89.71990203857422,-31985.01171875,15639.001953125,-11521.720703125,-4090.70458984375,14852.2646484375,-4389.0556640625
377750.37801137,-2771.191650390625,87.64118957519531,-31987.55859375,15636.9228515625,-11520.71484375,-4090.01171875,14850.833984375,-4388.29541015625
377750.381949099,-2773.180908203125,82.85791778564453,-31990.197265625,15629.4794921875,-11528.0908203125,-4093.655029296875,14846.005859375,-4393.50341796875
377750.38897487,-2773.046875,82.50028991699219,-31988.498046875,15629.4345703125,-11530.5048828125,-4095.28662109375,14846.185546875,-4396.31982421875
377750.394037612,-2776.802001953125,79.7063217163086,-31992.365234375,15627.736328125,-11534.0361328125,-4100.025390625,14845.849609375,-4397.37060546875
377750.397883078,-2775.371337890625,77.94053649902344,-31999.337890625,15624.5625,-11534.9755859375,-4099.98046875,14849.7392578125,-4390.59765625
377750.401119907,-2773.6279296875,80.04159545898438,-32001.931640625,15625.61328125,-11533.052734375,-4099.6005859375,14852.5556640625,-4388.67578125
377750.404062081,-2774.92431640625,79.32633972167969,-32002.826171875,15621.298828125,-11539.04296875,-4103.4228515625,14847.861328125,-4393.212890625
377750.407974648,-2773.873779296875,80.77920532226562,-32001.796875,15618.28125,-11545.3466796875,-4107.5576171875,14841.916015625,-4399.94091796875
377750.411004343,-2772.175048828125,84.69075775146484,-31997.796875,15623.8916015625,-11540.3623046875,-4102.10400390625,14843.927734375,-4401.416015625
377750.415010265,-2773.71728515625,83.68492889404297,-32001.015625,15623.5791015625,-11536.3837890625,-4099.28759765625,14844.7099609375,-4399.29248046875
377750.421375251,-2770.185791015625,86.21067810058594,-32000.45703125,15625.12109375,-11533.7685546875,-4099.10888671875,14844.3076171875,-4395.4033203125
377750.424075282,-2770.364501953125,83.95315551757812,-32000.1875,15622.595703125,-11539.4677734375,-4104.47314453125,14838.5185546875,-4400.70068359375
377750.428031245,-2765.93896484375,89.47402954101562,-31990.8671875,15628.1162109375,-11536.0703125,-4100.47216796875,14842.51953125,-4398.197265625
377750.432035344,-2762.02734375,97.34185028076172,-31982.3515625,15634.9111328125,-11532.6728515625,-4097.1640625,14845.849609375,-4395.51513671875
377750.435068685,-2765.178955078125,95.66546630859375,-31984.720703125,15634.732421875,-11533.8134765625,-4100.49462890625,14842.2509765625,-4398.2197265625
377750.438985628,-2758.56298828125,101.76749420166016,-31980.33984375,15639.359375,-11528.60546875,-4097.27587890625,14847.1015625,-4391.6484375
377750.442043767,-2750.73974609375,107.40013122558594,-31972.359375,15644.455078125,-11520.8935546875,-4086.994140625,14855.9970703125,-4386.0380859375
377750.446011034,-2759.0546875,102.19217681884766,-31973.677734375,15642.2421875,-11523.9560546875,-4087.843505859375,14856.265625,-4388.67578125
377750.450092809,-2761.0439453125,100.85107421875,-31977.388671875,15640.4765625,-11527.0625,-4090.123291015625,14856.66796875,-4390.17333984375
377750.454032725,-2760.14990234375,100.4263916015625,-31982.9765625,15639.8955078125,-11524.3134765625,-4086.591796875,14859.5068359375,-4384.31689453125
377750.459046966,-2763.94970703125,93.2291259765625,-31994.30859375,15630.75390625,-11532.248046875,-4095.152587890625,14849.158203125,-4389.36865234375
377750.462083954,-2767.4140625,86.65771484375,-31997.103515625,15625.76953125,-11537.9033203125,-4102.46142578125,14840.6865234375,-4396.833984375
377750.465933432,-2775.684326171875,81.87444305419922,-31996.923828125,15623.7353515625,-11540.5634765625,-4105.05419921875,14836.8193359375,-4404.56787109375
377750.470029429,-2773.203369140625,88.3117446899414,-31992.052734375,15629.3232421875,-11538.216796875,-4105.50146484375,14836.931640625,-4405.90869140625
377750.474103544,-2774.589111328125,87.10475158691406,-31997.169921875,15627.087890625,-11538.4619140625,-4107.333984375,14834.5400390625,-4404.8134765625
377750.478060601,-2770.8564453125,89.11640167236328,-31997.572265625,15628.65234375,-11534.1708984375,-4102.953125,14837.580078125,-4398.8681640625
377750.48207491,-2772.778564453125,87.61883544921875,-31997.998046875,15626.5966796875,-11536.7412109375,-4102.7744140625,14839.255859375,-4393.72705078125
377750.487243407,-2777.696044921875,83.55081939697266,-31998.623046875,15622.9306640625,-11541.30078125,-4104.0263671875,14839.412109375,-4394.6884765625
377750.491269022,-2777.762939453125,78.4322738647461,-32002.802734375,15617.9912109375,-11545.9951171875,-4106.3955078125,14841.1337890625,-4396.96826171875
377750.49420682,-2770.789306640625,77.06881713867188,-32009.84375,15614.1240234375,-11549.3251953125,-4111.1787109375,14840.6865234375,-4393.4365234375
377750.498625551,-2770.297607421875,76.62178039550781,-32014.203125,15613.095703125,-11551.0234375,-4115.49267578125,14835.0986328125,-4395.8056640625
377750.502339735,-2770.14111328125,80.22041320800781,-32009.822265625,15616.671875,-11549.0341796875,-4112.966796875,14832.796875,-4399.248046875
377750.50617645,-2764.55322265625,91.48568725585938,-31998.109375,15626.3955078125,-11544.0498046875,-4109.90478515625,14835.724609375,-4399.650390625
377750.512279966,-2761.267333984375,97.45360565185547,-31989.951171875,15632.474609375,-11538.7978515625,-4103.400390625,14840.91015625,-4394.62109375
377750.515285957,-2761.021484375,97.96769714355469,-31991.359375,15633.5029296875,-11534.9755859375,-4101.2099609375,14841.1337890625,-4392.31884765625
377750.518231778,-2758.898193359375,97.54301452636719,-31991.58203125,15633.234375,-11532.13671875,-4100.24853515625,14840.6865234375,-4389.435546875
377750.522258486,-2762.02734375,88.7811279296875,-31993.662109375,15622.7744140625,-11541.658203125,-4106.86474609375,14835.2099609375,-4394.0849609375
377750.52617397,-2766.14013671875,85.69658660888672,-31989.279296875,15621.791015625,-11539.6689453125,-4102.595703125,14838.0712890625,-4396.677734375
377750.530181716,-2765.15673828125,90.50221252441406,-31984.876953125,15629.591796875,-11534.3046875,-4099.28759765625,14839.7705078125,-4398.4208984375
377750.534572002,-2767.011962890625,90.03282928466797,-31989.48046875,15632.0498046875,-11530.8623046875,-4096.76171875,14841.2900390625,-4398.041015625
377750.538566984,-2771.32568359375,85.58483123779297,-31995.427734375,15628.6748046875,-11533.8798828125,-4098.7958984375,14841.3349609375,-4395.69384765625
377750.543395242,-2767.72705078125,87.59648895263672,-31992.3203125,15629.30078125,-11534.505859375,-4101.65673828125,14840.3291015625,-4394.0849609375
377750.546387376,-2762.2509765625,93.11737060546875,-31986.1953125,15632.228515625,-11534.4169921875,-4097.29833984375,14847.19140625,-4389.63671875
377750.550216068,-2768.419921875,88.51290893554688,-31991.470703125,15627.087890625,-11538.439453125,-4098.37109375,14846.20703125,-4391.6484375
377750.55423293,-2773.56103515625,83.34965515136719,-31999.40625,15623.2880859375,-11541.2333984375,-4103.0205078125,14839.6357421875,-4393.1904296875
377750.558228642,-2768.509521484375,85.78599548339844,-32001.08203125,15626.4169921875,-11540.1162109375,-4103.9814453125,14838.451171875,-4392.58740234375
377750.562201014,-2767.704833984375,87.30591583251953,-31998.890625,15627.2890625,-11540.6298828125,-4103.71337890625,14838.8984375,-4392.20703125
377750.566410059,-2767.2578125,87.17180633544922,-31995.896484375,15627.0654296875,-11541.255859375,-4102.796875,14840.015625,-4391.4248046875
377750.570433485,-2772.2197265625,81.44976043701172,-32001.373046875,15620.7626953125,-11547.1572265625,-4107.51318359375,14837.37890625,-4393.8388671875
377750.57449265,-2771.8173828125,79.92984008789062,-32005.373046875,15620.0244140625,-11542.9326171875,-4102.193359375,14843.9501953125,-4384.38427734375
377750.578236373,-2771.4375,78.58872985839844,-32009.5078125,15617.7451171875,-11544.921875,-4106.48486328125,14840.1279296875,-4383.646484375
377750.582715275,-2768.710693359375,80.1310043334961,-32006.447265625,15619.2646484375,-11544.6982421875,-4105.72509765625,14839.189453125,-4386.2841796875
377750.587661686,-2765.4248046875,86.50125122070312,-31994.779296875,15628.33984375,-11535.7578125,-4096.203125,14844.173828125,-4388.02734375
377750.591456828,-2761.200439453125,92.9832534790039,-31986.486328125,15635.5146484375,-11531.935546875,-4093.252685546875,14845.3359375,-4389.52490234375
377750.594348677,-2763.279052734375,88.15528106689453,-31991.537109375,15628.18359375,-11537.12109375,-4098.46044921875,14842.630859375,-4387.71435546875
377750.599552182,-2764.95556640625,84.08726501464844,-31993.75,15625.3447265625,-11535.3330078125,-4098.169921875,14842.474609375,-4386.17236328125
377750.602620897,-2768.0625,81.09213256835938,-31994.80078125,15623.064453125,-11538.0595703125,-4102.08154296875,14839.255859375,-4389.52490234375
377750.60559188,-2771.079833984375,81.71797943115234,-31992.8125,15625.3896484375,-11542.6865234375,-4109.07763671875,14832.4384765625,-4398.197265625
377750.610311466,-2778.791259765625,78.07464599609375,-31997.796875,15621.65625,-11549.0341796875,-4116.05126953125,14824.212890625,-4409.1943359375
377750.614340363,-2783.90966796875,70.31858825683594,-32010.1796875,15611.5986328125,-11553.1025390625,-4117.03466796875,14823.587890625,-4408.45703125
377750.618376553,-2777.673583984375,74.1630859375,-32013.041015625,15614.8388671875,-11548.2080078125,-4112.52001953125,14826.2470703125,-4403.271484375
377750.622506828,-2771.638671875,81.44976043701172,-32007.765625,15622.70703125,-11546.9560546875,-4112.65380859375,14826.11328125,-4402.220703125
377750.62732451,-2771.75048828125,79.50515747070312,-32003.0703125,15620.9189453125,-11548.5205078125,-4110.7314453125,14829.5556640625,-4400.9912109375
377750.630648131,-2773.44921875,80.01924896240234,-31999.181640625,15621.947265625,-11545.033203125,-4105.2109375,14834.115234375,-4398.0185546875
377750.633673086,-2774.72314453125,78.74519348144531,-32004.92578125,15621.052734375,-11545.5703125,-4108.51904296875,14833.265625,-4393.9951171875
377750.638728534,-2774.94677734375,77.62760925292969,-32008.078125,15621.09765625,-11542.91015625,-4108.0048828125,14834.919921875,-4388.49658203125
377750.643366433,-2778.232421875,72.48670959472656,-32005.59765625,15616.560546875,-11541.748046875,-4101.74609375,14841.3349609375,-4385.14404296875
377750.647462065,-2779.439453125,71.30206298828125,-32000.255859375,15616.6943359375,-11544.228515625,-4103.5791015625,14839.61328125,-4385.4794921875
377750.651418756,-2777.807861328125,77.3370361328125,-31995.11328125,15625.3447265625,-11542.8212890625,-4104.5849609375,14837.4228515625,-4388.74267578125
377750.654534514,-2779.23828125,75.6383056640625,-32000.6796875,15622.3271484375,-11544.0498046875,-4106.10498046875,14837.580078125,-4386.41796875
377750.658470054,-2777.360595703125,74.85599517822266,-32003.83203125,15619.734375,-11543.5810546875,-4105.90380859375,14838.2724609375,-4381.634765625
377750.661693391,-2774.164306640625,77.18057250976562,-31998.890625,15621.3212890625,-11541.8818359375,-4106.50732421875,14837.37890625,-4382.77490234375
377750.665554903,-2769.51513671875,85.29425811767578,-31987.513671875,15630.5302734375,-11535.265625,-4098.9521484375,14846.4306640625,-4378.6396484375
377750.670452083,-2764.776611328125,90.6810302734375,-31982.150390625,15635.783203125,-11533.58984375,-4098.03564453125,14848.7783203125,-4379.2431640625
377750.674724581,-2763.592041015625,89.07170104980469,-31988.69921875,15632.7880859375,-11539.3564453125,-4105.70263671875,14842.36328125,-4383.51220703125
377750.678616361,-2764.374267578125,90.32340240478516,-31990.107421875,15633.5029296875,-11538.3056640625,-4106.84228515625,14841.513671875,-4382.685546875
377750.682540597,-2765.670654296875,90.27869415283203,-31985.591796875,15635.0673828125,-11533.4775390625,-4101.0087890625,14846.6767578125,-4380.91943359375
377750.687397299,-2766.385986328125,88.69171905517578,-31980.630859375,15634.4189453125,-11531.17578125,-4095.644287109375,14853.94140625,-4378.662109375
377750.690441581,-2766.385986328125,89.04934692382812,-31980.875,15632.876953125,-11533.6787109375,-4098.28173828125,14853.0244140625,-4379.6904296875
377750.696856527,-2768.800048828125,87.73059844970703,-31986.62109375,15633.123046875,-11530.7509765625,-4097.3427734375,14851.9970703125,-4378.57275390625
377750.700794985,-2770.386962890625,84.82486724853516,-31990.197265625,15633.3017578125,-11526.2353515625,-4092.8056640625,14854.052734375,-4373.6552734375
377750.703864429,-2770.096435546875,82.65675354003906,-31991.1796875,15632.0947265625,-11528.3369140625,-4093.543212890625,14854.7685546875,-4372.98486328125
377750.707879468,-2772.599853515625,78.94635772705078,-31989.771484375,15627.5576171875,-11534.4384765625,-4097.05224609375,14852.689453125,-4376.18115234375
377750.711499203,-2774.767822265625,74.5877685546875,-31991.248046875,15623.1767578125,-11541.0322265625,-4102.05908203125,14846.0283203125,-4380.74072265625
377750.714534368,-2779.461669921875,70.3409423828125,-32001.57421875,15616.068359375,-11549.4150390625,-4112.765625,14835.2548828125,-4383.6015625
377750.717797818,-2776.421875,74.27484893798828,-32003.83203125,15621.4775390625,-11548.6318359375,-4118.71142578125,14827.3427734375,-4384.76416015625
377750.721579102,-2772.93505859375,78.87930297851562,-31998.689453125,15627.8037109375,-11540.25,-4110.7314453125,14828.9970703125,-4387.46875
377750.726809593,-2766.877685546875,85.31661224365234,-31988.296875,15634.7548828125,-11529.9462890625,-4093.7890625,14845.73828125,-4377.94677734375
377750.730759356,-2773.203369140625,80.19805908203125,-31990.46484375,15629.994140625,-11535.109375,-4097.0302734375,14846.2744140625,-4377.38818359375
377750.734817062,-2770.699951171875,79.99689483642578,-31993.146484375,15630.3515625,-11534.05859375,-4098.7734375,14844.7998046875,-4375.91259765625
377750.738628979,-2768.822265625,80.6897964477539,-31993.705078125,15630.9326171875,-11529.4765625,-4093.721923828125,14850.3876953125,-4370.0791015625
377750.741655392,-2768.487060546875,80.2651138305664,-31989.7265625,15628.5185546875,-11529.5888671875,-4090.212890625,14854.8798828125,-4370.6826171875
377750.745844379,-2767.54833984375,78.65579223632812,-31985.591796875,15624.5400390625,-11534.349609375,-4093.7666015625,14851.638671875,-4377.11962890625
377750.749672706,-2767.92822265625,85.36131286621094,-31980.228515625,15633.8154296875,-11531.2421875,-4095.219482421875,14846.654296875,-4381.52294921875
377750.754841568,-2768.576416015625,83.4390640258789,-31983.87109375,15632.564453125,-11530.3037109375,-4093.230224609375,14849.224609375,-4376.2705078125
377750.758692504,-2764.597900390625,83.68492889404297,-31984.005859375,15636.453125,-11525.6328125,-4091.553955078125,14851.3486328125,-4370.861328125
377750.762655031,-2763.189697265625,84.958984375,-31981.076171875,15639.5380859375,-11526.90625,-4097.208984375,14847.1015625,-4374.32568359375
377750.766737534,-2767.280029296875,82.72380828857422,-31978.39453125,15636.4091796875,-11531.82421875,-4100.69580078125,14845.3134765625,-4377.2314453125
377750.770665052,-2773.2255859375,81.27094268798828,-31979.244140625,15633.4580078125,-11535.154296875,-4102.23779296875,14840.708984375,-4381.74658203125
377750.775821879,-2774.25390625,81.42740631103516,-31983.447265625,15632.8994140625,-11532.44921875,-4100.06982421875,14842.02734375,-4376.58349609375
377750.778885124,-2775.93017578125,77.98523712158203,-31989.50390625,15628.4287109375,-11533.4326171875,-4099.24267578125,14843.2119140625,-4372.93994140625
377750.783701348,-2774.879638671875,77.5158462524414,-31989.50390625,15627.4228515625,-11533.1875,-4096.24755859375,14849.2919921875,-4372.15771484375
377750.786743442,-2774.991455078125,79.81807708740234,-31986.5078125,15628.2724609375,-11532.5615234375,-4094.817138671875,14855.5732421875,-4370.4365234375
377750.790712168,-2778.6572265625,78.25345611572266,-31990.375,15623.623046875,-11539.6689453125,-4102.751953125,14850.767578125,-4375.8232421875
377750.79492887,-2776.33251953125,78.1417007446289,-31995.5390625,15620.2041015625,-11542.1953125,-4106.171875,14847.1015625,-4374.77294921875
377750.797931215,-2775.594970703125,74.56542205810547,-32000.0546875,15616.6943359375,-11542.708984375,-4105.72509765625,14844.93359375,-4374.92919921875
377750.801657799,-2773.091552734375,76.62178039550781,-31996.052734375,15619.935546875,-11541.3681640625,-4104.8310546875,14845.2685546875,-4376.94091796875
377750.80585408,-2772.443359375,82.45558166503906,-31987.828125,15626.8642578125,-11541.14453125,-4107.5576171875,14843.525390625,-4379.1982421875
377750.809997483,-2767.4140625,94.0337905883789,-31974.080078125,15642.4208984375,-11522.7041015625,-4084.423583984375,14864.7822265625,-4363.10498046875
377750.81495447,-2767.056640625,94.34671020507812,-31977.12109375,15641.3037109375,-11521.4306640625,-4080.69091796875,14867.8662109375,-4357.2939453125
377750.818745601,-2771.504638671875,87.52943420410156,-31986.978515625,15633.123046875,-11529.0517578125,-4091.26318359375,14859.57421875,-4360.4677734375
377750.822987101,-2777.2490234375,80.9356689453125,-31991.314453125,15626.841796875,-11535.109375,-4096.7841796875,14853.3603515625,-4369.453125
377750.826062016,-2773.650390625,84.17666625976562,-31987.58203125,15624.7412109375,-11538.73046875,-4097.3876953125,14852.6669921875,-4375.93505859375
377750.829961818,-2770.92333984375,89.83165740966797,-31980.5859375,15629.4794921875,-11535.6904296875,-4096.2255859375,14852.8232421875,-4378.30419921875
377750.834128196,-2773.761962890625,92.62562561035156,-31982.150390625,15637.3701171875,-11530.0576171875,-4097.365234375,14850.923828125,-4378.50537109375
377750.838161104,-2770.878662109375,93.2291259765625,-31986.263671875,15638.5771484375,-11525.54296875,-4093.721923828125,14855.2822265625,-4371.57666015625
377750.842983892,-2769.694091796875,90.8598403930664,-31985.099609375,15636.251953125,-11525.05078125,-4089.855224609375,14859.0146484375,-4366.92724609375
377750.846945324,-2770.52099609375,89.6304931640625,-31983.849609375,15632.765625,-11530.3486328125,-4095.10791015625,14854.1650390625,-4368.2236328125
377750.851051531,-2776.064208984375,83.0143814086914,-31990.21875,15623.109375,-11540.451171875,-4104.29443359375,14845.3359375,-4374.70556640625
377750.854123529,-2777.360595703125,78.1864013671875,-31997.193359375,15616.1806640625,-11547.4697265625,-4109.25634765625,14844.44140625,-4374.95166015625
377750.858094078,-2771.2138671875,84.55664825439453,-31993.818359375,15624.025390625,-11539.22265625,-4102.88623046875,14849.560546875,-4369.900390625
377750.862150325,-2771.191650390625,88.02117156982422,-31989.548828125,15629.30078125,-11537.2548828125,-4103.154296875,14846.140625,-4375.93505859375
377750.866042105,-2772.443359375,89.38462829589844,-31983.8046875,15630.1953125,-11536.2490234375,-4100.337890625,14850.4091796875,-4379.75732421875
377750.870760961,-2775.72900390625,90.3010482788086,-31982.015625,15631.4912109375,-11535.6240234375,-4100.89697265625,14849.1806640625,-4383.892578125
377750.875917423,-2773.31494140625,94.01143646240234,-31983.044921875,15635.4921875,-11531.443359375,-4097.3427734375,14851.37109375,-4377.11962890625
377750.879108668,-2766.184814453125,97.58771514892578,-31982.126953125,15640.4990234375,-11524.626953125,-4090.90576171875,14859.283203125,-4364.87109375
377750.882873178,-2765.514404296875,94.63728332519531,-31982.015625,15638.2412109375,-11527.755859375,-4093.744384765625,14857.673828125,-4367.6650390625
377750.88600097,-2764.776611328125,93.00560760498047,-31980.630859375,15634.5986328125,-11530.68359375,-4094.660888671875,14857.2490234375,-4371.93408203125
377750.890292795,-2768.73291015625,92.22329711914062,-31979.892578125,15634.7998046875,-11529.96875,-4092.11279296875,14859.685546875,-4371.8896484375
377750.894234535,-2772.93505859375,88.69171905517578,-31986.263671875,15632.1171875,-11530.236328125,-4093.67724609375,14858.166015625,-4370.458984375
377750.898226964,-2767.682373046875,91.7092056274414,-31984.138671875,15636.744140625,-11522.6591796875,-4087.50830078125,14861.98828125,-4364.8486328125
377750.902911541,-2772.510498046875,85.808349609375,-31987.380859375,15631.9384765625,-11527.2412109375,-4089.631591796875,14859.640625,-4368.2236328125
377750.907069896,-2769.42578125,88.64701843261719,-31981.904296875,15632.83203125,-11529.7451171875,-4090.50341796875,14859.796875,-4368.51416015625
377750.910144811,-2767.481201171875,90.61397552490234,-31979.087890625,15633.4130859375,-11530.9521484375,-4092.8056640625,14857.47265625,-4369.4306640625
377750.913738289,-2775.572509765625,81.33799743652344,-31992.455078125,15622.6396484375,-11540.8095703125,-4102.64013671875,14847.6826171875,-4374.50439453125
377750.917696439,-2771.34814453125,86.74712371826172,-31994.8671875,15627.2890625,-11536.00390625,-4097.72314453125,14848.509765625,-4373.0517578125
377750.921920435,-2769.381103515625,87.75294494628906,-31991.693359375,15626.57421875,-11535.7802734375,-4097.11962890625,14848.912109375,-4372.6044921875
377750.926091189,-2767.056640625,92.62562561035156,-31983.759765625,15632.9892578125,-11532.44921875,-4093.319580078125,14852.8681640625,-4372.53759765625
377750.931176176,-2766.05078125,99.64407348632812,-31980.09375,15640.677734375,-11530.080078125,-4093.453857421875,14853.0244140625,-4374.03515625
377750.935178452,-2768.12939453125,94.41376495361328,-31988.185546875,15634.0166015625,-11538.775390625,-4101.74609375,14845.0,-4373.6552734375
377750.938259566,-2770.2529296875,90.27869415283203,-31992.54296875,15631.759765625,-11537.8359375,-4101.74609375,14843.9052734375,-4372.2470703125
377750.942214069,-2767.458984375,94.3243637084961,-31984.5859375,15639.60546875,-11527.3759765625,-4092.246826171875,14850.23046875,-4370.0341796875
377750.946041302,-2769.626953125,91.88802337646484,-31979.4453125,15639.5380859375,-11527.599609375,-4092.29150390625,14849.26953125,-4376.4716796875
377750.950073116,-2771.571533203125,89.36227416992188,-31979.109375,15634.0615234375,-11533.142578125,-4097.6337890625,14843.5927734375,-4380.74072265625
377750.953894514,-2770.6552734375,90.3010482788086,-31984.408203125,15634.2177734375,-11533.58984375,-4099.3544921875,14840.1279296875,-4380.4951171875
377750.958858066,-2768.12939453125,89.09405517578125,-31987.87109375,15634.12890625,-11533.2314453125,-4100.11474609375,14839.1669921875,-4378.416015625
377750.962912489,-2773.203369140625,83.1037826538086,-31990.12890625,15628.697265625,-11536.31640625,-4100.1591796875,14841.06640625,-4377.36572265625
377750.965832418,-2772.801025390625,81.1144790649414,-31986.666015625,15625.634765625,-11539.0654296875,-4099.48876953125,14845.1123046875,-4375.4208984375
377750.969859491,-2772.778564453125,83.41670989990234,-31981.748046875,15632.67578125,-11533.388671875,-4096.0244140625,14846.6767578125,-4376.94091796875
377750.975209959,-2768.598876953125,88.3117446899414,-31982.373046875,15636.453125,-11528.470703125,-4091.755126953125,14850.1416015625,-4373.0966796875
377750.980083436,-2765.35791015625,88.82583618164062,-31984.765625,15635.1796875,-11528.9853515625,-4092.313720703125,14849.359375,-4371.62109375
377750.983129907,-2765.15673828125,88.19998168945312,-31982.306640625,15634.12890625,-11529.9462890625,-4091.017333984375,14851.4150390625,-4372.73876953125
377750.986852114,-2762.474365234375,93.96673583984375,-31977.232421875,15637.75,-11529.611328125,-4089.609375,14853.337890625,-4375.95751953125
377750.991168372,-2760.596923828125,95.39724731445312,-31975.265625,15636.6767578125,-11529.0517578125,-4085.653076171875,14857.3388671875,-4373.2080078125
377750.993984734,-2767.458984375,86.54595184326172,-31988.609375,15626.1943359375,-11537.76953125,-4093.431396484375,14853.404296875,-4374.97412109375
377750.99796987,-2762.8544921875,93.00560760498047,-31988.341796875,15634.2177734375,-11531.5556640625,-4092.649169921875,14854.1650390625,-4371.71044921875
377751.001887542,-2763.592041015625,92.53622436523438,-31988.7890625,15632.4521484375,-11535.3330078125,-4099.82421875,14848.7333984375,-4374.37060546875
377751.005848974,-2766.85546875,90.32340240478516,-31986.396484375,15629.6806640625,-11536.8974609375,-4098.3486328125,14851.7734375,-4375.6220703125
377751.010031762,-2768.2412109375,86.85887908935547,-31985.837890625,15626.5517578125,-11540.4072265625,-4100.830078125,14849.716796875,-4378.30419921875
377751.015018288,-2768.419921875,85.1824951171875,-31991.291015625,15625.076171875,-11541.904296875,-4103.91455078125,14846.498046875,-4376.38232421875
377751.018831299,-2765.2236328125,88.69171905517578,-31990.107421875,15629.703125,-11537.2109375,-4100.78515625,14849.8505859375,-4369.98974609375
377751.021958726,-2766.497802734375,87.59648895263672,-31987.380859375,15631.2900390625,-11535.19921875,-4098.572265625,14852.8681640625,-4366.72607421875
377751.025936204,-2766.788330078125,89.80931091308594,-31982.75390625,15633.6591796875,-11533.58984375,-4093.4091796875,14857.5400390625,-4364.826171875
377751.029907482,-2768.196533203125,87.9317626953125,-31981.994140625,15632.0947265625,-11537.5458984375,-4095.711181640625,14856.2431640625,-4367.12841796875
377751.034045051,-2772.2197265625,85.8530502319336,-31986.93359375,15631.9384765625,-11535.3330078125,-4094.325439453125,14853.091796875,-4370.14599609375
377751.038296033,-2770.968017578125,84.44489288330078,-31989.50390625,15633.1005859375,-11531.8681640625,-4092.626708984375,14852.779296875,-4370.14599609375
377751.042066012,-2768.889404296875,81.89678955078125,-31987.447265625,15630.59765625,-11530.728515625,-4087.50830078125,14855.4833984375,-4370.36962890625
377751.047212264,-2770.610595703125,85.67424011230469,-31980.115234375,15636.341796875,-11527.7783203125,-4084.2001953125,14858.5234375,-4369.0732421875
377751.050237219,-2767.861328125,91.59745025634766,-31974.080078125,15643.091796875,-11522.525390625,-4078.321533203125,14865.3408203125,-4363.52978515625
377751.054971391,-2767.593017578125,89.98812103271484,-31981.435546875,15638.419921875,-11526.2578125,-4081.80859375,14862.3232421875,-4360.40087890625
377751.059029097,-2766.8330078125,84.958984375,-31990.576171875,15630.4404296875,-11532.9189453125,-4088.223388671875,14856.66796875,-4358.79150390625
377751.062879669,-2763.92724609375,86.85887908935547,-31989.458984375,15633.279296875,-11531.578125,-4087.418701171875,14859.841796875,-4358.99267578125
377751.06827645,-2764.106201171875,88.71407318115234,-31985.390625,15636.1181640625,-11529.72265625,-4086.256591796875,14860.244140625,-4364.73681640625
377751.071012584,-2768.196533203125,85.24954986572266,-31988.296875,15630.3740234375,-11535.869140625,-4090.1904296875,14856.220703125,-4370.39208984375
377751.076307622,-2769.269287109375,88.46820831298828,-31987.044921875,15637.01171875,-11527.2197265625,-4081.562744140625,14861.5185546875,-4363.2392578125
377751.079196554,-2771.079833984375,84.62370300292969,-31990.912109375,15635.3583984375,-11527.7109375,-4082.7919921875,14859.841796875,-4360.57958984375
377751.083274317,-2770.364501953125,82.70145416259766,-31989.32421875,15633.1455078125,-11529.23046875,-4083.5966796875,14859.6181640625,-4360.892578125
377751.086124593,-2769.805908203125,87.35061645507812,-31983.892578125,15637.19140625,-11529.275390625,-4083.730712890625,14860.9375,-4362.99365234375
377751.090114105,-2770.8564453125,89.09405517578125,-31985.16796875,15636.7890625,-11531.5556640625,-4085.250732421875,14859.328125,-4364.40185546875
377751.096051331,-2767.503662109375,89.98812103271484,-31988.7890625,15636.251953125,-11530.5947265625,-4083.440185546875,14859.529296875,-4360.8701171875
377751.099291077,-2771.72802734375,85.04838562011719,-31995.26953125,15634.083984375,-11531.9130859375,-4086.4130859375,14855.4384765625,-4361.4287109375
377751.104071198,-2768.397705078125,85.69658660888672,-31992.857421875,15632.6533203125,-11533.5224609375,-4086.927001953125,14856.109375,-4361.8759765625
377751.108076756,-2768.174072265625,86.12126922607422,-31989.75,15631.3798828125,-11537.3896484375,-4088.7822265625,14855.6171875,-4362.658203125
377751.111376308,-2765.491943359375,92.62562561035156,-31982.283203125,15641.6162109375,-11528.560546875,-4078.835693359375,14863.1728515625,-4359.50634765625
377751.115258971,-2766.385986328125,92.93855285644531,-31985.48046875,15640.4990234375,-11528.001953125,-4081.361572265625,14859.9541015625,-4358.478515625
377751.118409373,-2761.93798828125,97.4312515258789,-31985.927734375,15642.443359375,-11526.3251953125,-4081.07080078125,14857.8076171875,-4357.18212890625
377751.122104595,-2756.797119140625,100.64990234375,-31981.3671875,15644.3212890625,-11525.587890625,-4078.522705078125,14860.4228515625,-4355.4609375
377751.128362731,-2760.686279296875,97.52066040039062,-31978.775390625,15641.5498046875,-11526.8388671875,-4076.958251953125,14861.4287109375,-4357.875
377751.131339185,-2761.692138671875,95.37489318847656,-31976.00390625,15641.7060546875,-11525.2080078125,-4074.566650390625,14861.40625,-4360.71337890625
377751.134979706,-2753.287841796875,101.65573120117188,-31972.806640625,15647.517578125,-11521.0947265625,-4073.09130859375,14862.189453125,-4356.60107421875
377751.138075042,-2751.56689453125,102.68391418457031,-31976.115234375,15646.01953125,-11521.921875,-4076.265380859375,14859.08203125,-4353.6953125
377751.142348633,-2751.54443359375,103.68974304199219,-31974.595703125,15648.568359375,-11517.33984375,-4072.3984375,14862.2109375,-4353.76220703125
377751.146329393,-2753.198486328125,103.55563354492188,-31970.662109375,15647.4052734375,-11518.0546875,-4069.537353515625,14866.189453125,-4355.93017578125
377751.152277559,-2746.626953125,111.60225677490234,-31964.42578125,15652.79296875,-11517.7646484375,-4069.850341796875,14866.5029296875,-4357.2939453125
377751.156222216,-2750.53857421875,110.28350830078125,-31969.296875,15651.2724609375,-11516.087890625,-4067.7939453125,14867.396484375,-4354.92431640625
377751.160418497,-2751.52197265625,109.74706268310547,-31973.1875,15655.474609375,-11511.1708984375,-4066.09521484375,14867.93359375,-4351.1025390625
377751.163291748,-2747.320068359375,110.43997192382812,-31971.107421875,15657.0390625,-11509.0029296875,-4061.736572265625,14875.2197265625,-4343.16748046875
377751.167104759,-2751.0302734375,106.64017486572266,-31970.416015625,15652.2109375,-11513.6513671875,-4062.854248046875,14877.1865234375,-4342.98876953125
377751.170142112,-2752.885498046875,108.71888732910156,-31967.419921875,15655.3408203125,-11512.5791015625,-4063.748291015625,14876.8291015625,-4345.3134765625
377751.174349698,-2756.32763671875,106.3272476196289,-31972.29296875,15652.501953125,-11514.166015625,-4064.91064453125,14875.1533203125,-4344.84375
377751.178176931,-2754.96435546875,106.03667449951172,-31976.0703125,15653.2841796875,-11514.1884765625,-4066.944580078125,14873.1865234375,-4343.77099609375
377751.182415879,-2752.192626953125,108.87535095214844,-31971.353515625,15658.6259765625,-11506.3427734375,-4058.562744140625,14879.623046875,-4342.0498046875
377751.18652865,-2752.37158203125,108.42831420898438,-31969.23046875,15656.033203125,-11508.3994140625,-4058.048583984375,14881.2998046875,-4345.78271484375
