#377706.167330856,-2512.47021484375,240.1918487548828,-31910.46875,15974.5908203125,-11442.953125,-3756.76953125,15098.4248046875,-4376.4716796875
377706.171216801,-2515.1748046875,233.486328125,-31919.900390625,15965.5830078125,-11450.1728515625,-3764.302001953125,15090.6904296875,-4380.74072265625
377706.174386895,-2513.67724609375,236.50381469726562,-31916.7265625,15966.677734375,-11449.099609375,-3761.508056640625,15094.78125,-4376.494140625
377706.178769888,-2511.24072265625,238.8730926513672,-31912.189453125,15968.3544921875,-11448.138671875,-3758.311767578125,15099.85546875,-4374.30322265625
377706.183681655,-2518.46044921875,234.02276611328125,-31915.541015625,15964.1298828125,-11452.4970703125,-3762.04443359375,15096.904296875,-4377.11962890625
377706.187394017,-2521.9697265625,232.05581665039062,-31919.38671875,15963.3701171875,-11450.8212890625,-3760.278564453125,15100.1904296875,-4369.4755859375
377706.191278139,-2520.896728515625,228.52423095703125,-31923.0078125,15960.978515625,-11450.1728515625,-3759.608154296875,15103.69921875,-4363.55224609375
377706.195644721,-2516.67236328125,229.84298706054688,-31919.4765625,15961.73828125,-11449.2783203125,-3758.781005859375,15105.2421875,-4362.97119140625
377706.199724307,-2512.24658203125,244.95277404785156,-31904.857421875,15979.396484375,-11434.302734375,-3741.25732421875,15118.02734375,-4358.4560546875
377706.204814764,-2516.1806640625,239.36483764648438,-31906.466796875,15970.388671875,-11443.6240234375,-3746.5771484375,15113.9814453125,-4359.1044921875
377706.207696767,-2518.66162109375,233.7769012451172,-31915.384765625,15962.6767578125,-11448.9208984375,-3752.410888671875,15106.8955078125,-4363.14990234375
377706.211670599,-2512.023193359375,241.0412139892578,-31913.619140625,15970.2763671875,-11441.0751953125,-3747.87353515625,15110.583984375,-4357.47265625
377706.21566084,-2510.413818359375,244.28221130371094,-31912.166015625,15973.5849609375,-11442.439453125,-3753.46142578125,15104.19140625,-4361.36181640625
377706.219529281,-2504.177734375,257.1791687011719,-31902.845703125,15982.5029296875,-11437.6337890625,-3749.326416015625,15105.197265625,-4361.4287109375
377706.22358261,-2506.435302734375,260.71075439453125,-31901.505859375,15984.89453125,-11437.208984375,-3748.096923828125,15105.3759765625,-4364.22265625
377706.226511656,-2508.64794921875,240.9071044921875,-31910.310546875,15973.9423828125,-11443.7353515625,-3753.953125,15101.2412109375,-4368.00048828125
377706.230450844,-2507.552734375,238.2472381591797,-31914.24609375,15972.4453125,-11441.43359375,-3753.46142578125,15105.041015625,-4364.8935546875
377706.234500162,-2512.917236328125,233.8439483642578,-31915.005859375,15968.33203125,-11443.646484375,-3752.67919921875,15106.44921875,-4363.14990234375
377706.238474358,-2510.503173828125,236.43675231933594,-31911.25,15969.62890625,-11443.51171875,-3749.885009765625,15106.60546875,-4363.17236328125
377706.243410923,-2510.011474609375,241.73411560058594,-31906.578125,15976.826171875,-11437.8349609375,-3743.3359375,15107.5888671875,-4363.10498046875
377706.247615591,-2514.615966796875,237.2190704345703,-31915.51953125,15970.0751953125,-11443.04296875,-3749.706298828125,15102.2021484375,-4366.435546875
377706.251610938,-2508.357421875,239.3424835205078,-31916.435546875,15971.505859375,-11438.259765625,-3746.95703125,15106.4716796875,-4359.2158203125
377706.254525397,-2517.700439453125,241.130615234375,-31916.525390625,15968.0419921875,-11441.388671875,-3748.9462890625,15104.3251953125,-4363.19482421875
377706.258551012,-2519.421630859375,235.43092346191406,-31915.564453125,15961.4033203125,-11447.826171875,-3753.26025390625,15102.0009765625,-4369.98974609375
377706.262830803,-2506.390625,231.96640014648438,-31909.55078125,15963.19140625,-11445.9482421875,-3752.097900390625,15104.59375,-4369.16259765625
377706.26654207,-2509.094970703125,233.75454711914062,-31912.724609375,15965.873046875,-11445.92578125,-3756.83642578125,15101.1513671875,-4365.78759765625
377706.271380174,-2507.999755859375,233.95570373535156,-31913.642578125,15966.9912109375,-11441.7685546875,-3752.388427734375,15107.5888671875,-4354.8349609375
377706.275551657,-2508.9833984375,231.07232666015625,-31914.46875,15964.7333984375,-11440.583984375,-3747.64990234375,15111.5,-4354.8125
377706.279565602,-2515.06298828125,230.6029510498047,-31910.400390625,15966.923828125,-11439.0419921875,-3742.44189453125,15113.2216796875,-4355.2822265625
377706.282711263,-2517.611083984375,234.2686309814453,-31905.974609375,15971.953125,-11440.337890625,-3744.498291015625,15108.974609375,-4360.10986328125
377706.286738701,-2513.47607421875,237.2414093017578,-31908.142578125,15973.0927734375,-11440.1591796875,-3745.302978515625,15109.8466796875,-4359.95361328125
377706.290825581,-2506.88232421875,240.28125,-31908.099609375,15976.9599609375,-11432.828125,-3740.564453125,15114.00390625,-4356.01953125
377706.294877816,-2505.406982421875,241.01885986328125,-31906.9140625,15979.462890625,-11429.921875,-3740.430419921875,15113.4228515625,-4358.6796875
377706.299608342,-2507.75390625,241.4211883544922,-31905.685546875,15977.5859375,-11433.38671875,-3741.25732421875,15116.57421875,-4355.8408203125
377706.304632428,-2510.235107421875,243.9692840576172,-31904.8359375,15978.1669921875,-11434.0576171875,-3742.106689453125,15117.7587890625,-4356.2880859375
377706.308639809,-2503.037841796875,246.9867706298828,-31904.923828125,15980.8486328125,-11429.3408203125,-3738.150390625,15120.4638671875,-4353.13623046875
377706.312521378,-2500.623779296875,251.94886779785156,-31899.537109375,15987.3310546875,-11419.5732421875,-3729.299072265625,15127.34765625,-4343.36865234375
377706.315653546,-2501.316650390625,252.46295166015625,-31894.53125,15987.0625,-11420.3330078125,-3729.142578125,15125.5146484375,-4340.8203125
377706.31871351,-2499.86376953125,249.5125274658203,-31894.642578125,15979.150390625,-11431.173828125,-3737.927001953125,15117.53515625,-4350.2978515625
377706.322811329,-2499.46142578125,249.53488159179688,-31894.7109375,15975.619140625,-11437.0751953125,-3743.67138671875,15111.4111328125,-4359.6181640625
377706.328640976,-2506.546875,242.35997009277344,-31904.857421875,15970.388671875,-11444.1826171875,-3752.991943359375,15102.939453125,-4362.859375
377706.331657179,-2508.55859375,240.68357849121094,-31912.435546875,15970.4775390625,-11445.76953125,-3756.121337890625,15100.7939453125,-4359.50634765625
377706.335625175,-2510.302001953125,244.23751831054688,-31910.177734375,15973.7412109375,-11441.43359375,-3751.829833984375,15100.0341796875,-4358.634765625
377706.338762084,-2516.359375,249.02078247070312,-31907.740234375,15972.8466796875,-11443.2216796875,-3752.991943359375,15097.4853515625,-4363.55224609375
377706.342971493,-2503.06005859375,251.05479431152344,-31903.11328125,15976.333984375,-11440.6064453125,-3750.488525390625,15099.0283203125,-4365.474609375
377706.346935113,-2511.822021484375,238.4484100341797,-31908.880859375,15973.0703125,-11437.677734375,-3745.012451171875,15103.9453125,-4361.76416015625
377706.351069765,-2508.87158203125,234.64862060546875,-31910.625,15970.90234375,-11438.1923828125,-3746.7333984375,15104.5712890625,-4359.1044921875
377706.354880588,-2506.390625,237.9566650390625,-31908.703125,15970.90234375,-11439.6455078125,-3748.812255859375,15105.0849609375,-4356.66796875
377706.359679672,-2503.1494140625,247.03147888183594,-31897.99609375,15982.2568359375,-11429.810546875,-3740.005615234375,15114.517578125,-4351.54931640625
377706.36398426,-2500.400146484375,252.88763427734375,-31892.67578125,15986.2138671875,-11429.0283203125,-3740.47509765625,15116.5068359375,-4358.27734375
377706.366919505,-2500.042724609375,252.4853057861328,-31897.458984375,15984.6708984375,-11429.2744140625,-3742.84423828125,15114.8310546875,-4354.5
377706.370773724,-2499.9755859375,250.27247619628906,-31901.103515625,15981.0947265625,-11431.28515625,-3744.520751953125,15113.2216796875,-4349.42578125
377706.374639612,-2497.136962890625,253.2899627685547,-31894.955078125,15985.1181640625,-11428.044921875,-3740.586669921875,15115.814453125,-4350.2529296875
377706.378995984,-2502.65771484375,252.8652801513672,-31890.396484375,15985.69921875,-11427.4638671875,-3736.943359375,15119.0771484375,-4353.31494140625
377706.382713086,-2508.111572265625,245.2880401611328,-31893.615234375,15979.10546875,-11433.341796875,-3739.200927734375,15118.0048828125,-4354.38818359375
377706.387636159,-2510.1455078125,246.83030700683594,-31896.900390625,15980.5810546875,-11432.7607421875,-3741.726806640625,15114.9873046875,-4351.95166015625
377706.391744919,-2506.815185546875,241.4658966064453,-31905.484375,15976.7138671875,-11435.80078125,-3749.013427734375,15110.8076171875,-4352.845703125
377706.395960527,-2503.305908203125,244.81866455078125,-31900.341796875,15981.0283203125,-11430.66015625,-3743.827880859375,15113.9814453125,-4349.4482421875
377706.399737071,-2505.317626953125,248.0373077392578,-31895.58203125,15983.642578125,-11430.9501953125,-3743.425537109375,15112.8193359375,-4353.4267578125
377706.403792224,-2503.440185546875,252.39590454101562,-31893.50390625,15986.056640625,-11431.3076171875,-3744.498291015625,15113.6904296875,-4353.80712890625
377706.409669643,-2510.704345703125,242.91876220703125,-31907.3828125,15972.7353515625,-11443.7578125,-3754.84716796875,15107.8349609375,-4353.78466796875
377706.412758051,-2507.619873046875,243.0975799560547,-31909.55078125,15974.5234375,-11434.236328125,-3742.77734375,15120.0166015625,-4344.59814453125
377706.41671693,-2509.1845703125,237.84490966796875,-31912.904296875,15970.7236328125,-11435.80078125,-3743.112548828125,15120.3291015625,-4345.53662109375
377706.419756472,-2510.123291015625,235.87796020507812,-31911.384765625,15966.1416015625,-11439.935546875,-3745.05712890625,15119.9716796875,-4343.12255859375
377706.423752912,-2507.46337890625,239.5212860107422,-31907.65234375,15968.48828125,-11438.818359375,-3746.06298828125,15119.8818359375,-4341.021484375
377706.426788078,-2510.637451171875,236.66026306152344,-31911.8984375,15969.2265625,-11440.0029296875,-3753.3720703125,15110.986328125,-4348.263671875
377706.430795823,-2510.033935546875,237.75550842285156,-31910.177734375,15974.2548828125,-11432.783203125,-3748.87939453125,15113.958984375,-4344.35205078125
377706.434756162,-2508.938720703125,236.10147094726562,-31907.853515625,15970.1650390625,-11437.1865234375,-3751.583740234375,15112.595703125,-4345.38037109375
377706.438880967,-2513.7666015625,234.134521484375,-31902.130859375,15968.9580078125,-11436.962890625,-3749.482666015625,15114.2275390625,-4347.8837890625
377706.443704119,-2508.625732421875,243.05287170410156,-31891.333984375,15983.21875,-11426.63671875,-3743.9619140625,15116.8203125,-4349.35888671875
377706.447865756,-2508.55859375,240.43771362304688,-31895.849609375,15980.603515625,-11427.8876953125,-3744.07373046875,15117.3564453125,-4349.26953125
377706.451116808,-2502.635498046875,243.231689453125,-31894.107421875,15982.4365234375,-11422.9482421875,-3737.792724609375,15124.2626953125,-4341.6923828125
377706.454747482,-2504.982421875,243.5222625732422,-31892.67578125,15982.81640625,-11425.5185546875,-3741.27978515625,15118.7197265625,-4347.39208984375
377706.458735536,-2502.121337890625,250.85362243652344,-31884.740234375,15990.0576171875,-11422.568359375,-3739.223388671875,15118.7421875,-4346.6318359375
377706.462857788,-2500.48974609375,257.4697570800781,-31879.421875,15995.51171875,-11417.13671875,-3733.1884765625,15125.1572265625,-4343.56982421875
377706.467135027,-2507.06103515625,264.8458251953125,-31887.69140625,15989.7001953125,-11422.7919921875,-3737.07763671875,15122.5869140625,-4344.53076171875
377706.470933451,-2516.44873046875,265.7622375488281,-31894.3515625,15987.7109375,-11424.177734375,-3739.15625,15121.71484375,-4343.234375
377706.47581568,-2497.941650390625,245.26568603515625,-31892.966796875,15984.291015625,-11424.1328125,-3739.5361328125,15123.5927734375,-4343.21240234375
377706.479096999,-2493.717041015625,249.19960021972656,-31889.994140625,15985.9228515625,-11426.2568359375,-3740.87744140625,15122.05078125,-4346.69921875
377706.483069371,-2491.7724609375,254.6087188720703,-31887.490234375,15987.3984375,-11426.994140625,-3739.84912109375,15121.5810546875,-4347.12353515625
377706.487027886,-2496.17578125,249.11019897460938,-31896.921875,15980.2236328125,-11433.5654296875,-3747.783935546875,15113.802734375,-4349.58251953125
377706.490841991,-2499.39453125,244.3939666748047,-31901.75,15976.78125,-11433.4765625,-3750.17578125,15114.8310546875,-4346.40869140625
377706.495181953,-2499.304931640625,241.71176147460938,-31899.896484375,15974.5908203125,-11432.068359375,-3746.5771484375,15121.2236328125,-4338.697265625
377706.499049664,-2499.953125,242.49407958984375,-31897.705078125,15971.662109375,-11436.650390625,-3747.202880859375,15121.0888671875,-4339.77001953125
377706.503852395,-2505.45166015625,242.8070068359375,-31894.822265625,15971.86328125,-11436.806640625,-3746.755859375,15121.7373046875,-4345.8720703125
377706.510874155,-2505.742431640625,248.1937713623047,-31891.177734375,15984.5595703125,-11423.57421875,-3738.64208984375,15125.4482421875,-4339.81494140625
377706.513857172,-2506.27880859375,246.47268676757812,-31895.0234375,15988.3818359375,-11419.0595703125,-3735.736572265625,15126.6328125,-4332.6845703125
377706.517027995,-2505.65283203125,244.77395629882812,-31894.44140625,15986.8388671875,-11418.7236328125,-3734.68603515625,15126.7890625,-4333.37744140625
377706.520924151,-2510.05615234375,241.91293334960938,-31893.189453125,15981.810546875,-11424.8486328125,-3738.955078125,15124.0400390625,-4339.099609375
377706.523999795,-2510.86083984375,237.9566650390625,-31896.36328125,15975.57421875,-11431.173828125,-3744.386474609375,15122.720703125,-4342.6982421875
377706.527011986,-2512.58203125,239.2977752685547,-31901.4609375,15976.5126953125,-11431.486328125,-3748.700439453125,15118.18359375,-4349.0234375
377706.531879993,-2511.06201171875,239.16366577148438,-31903.203125,15977.943359375,-11427.8876953125,-3745.302978515625,15120.865234375,-4346.6318359375
377706.534933757,-2499.66259765625,240.75064086914062,-31898.30859375,15979.5078125,-11426.0107421875,-3743.827880859375,15123.9951171875,-4344.15087890625
377706.538927645,-2504.982421875,235.76620483398438,-31900.208984375,15971.5732421875,-11436.314453125,-3753.751953125,15118.0712890625,-4350.34228515625
377706.542778946,-2510.413818359375,244.3939666748047,-31896.7890625,15973.517578125,-11434.75,-3751.516845703125,15121.4248046875,-4348.62109375
377706.546943866,-2506.099853515625,241.48825073242188,-31896.408203125,15977.6083984375,-11430.8388671875,-3748.767578125,15122.36328125,-4344.0615234375
377706.550815953,-2501.763671875,236.3920440673828,-31898.666015625,15977.0712890625,-11426.234375,-3741.97265625,15125.1572265625,-4340.708984375
377706.554946593,-2499.729736328125,243.2540283203125,-31893.63671875,15983.6875,-11420.8701171875,-3736.630615234375,15126.990234375,-4340.0830078125
377706.559816424,-2503.26123046875,240.97415161132812,-31895.134765625,15978.0546875,-11430.8388671875,-3744.118408203125,15120.306640625,-4349.91748046875
377706.562872375,-2501.115478515625,247.23265075683594,-31890.6640625,15979.6640625,-11430.5029296875,-3742.710205078125,15123.615234375,-4345.55908203125
377706.566740816,-2504.401123046875,247.00912475585938,-31896.251953125,15979.552734375,-11430.66015625,-3746.64404296875,15118.2509765625,-4345.55908203125
377706.571064368,-2502.1884765625,247.7020263671875,-31897.81640625,15982.1005859375,-11425.5185546875,-3743.04541015625,15120.865234375,-4340.41796875
377706.575263202,-2502.702392578125,245.9138946533203,-31901.662109375,15979.642578125,-11429.765625,-3747.560546875,15116.060546875,-4345.76025390625
377706.57904011,-2507.217529296875,239.58834838867188,-31904.701171875,15970.7685546875,-11438.4609375,-3754.511962890625,15114.0927734375,-4348.2861328125
377706.58328161,-2510.369140625,233.44161987304688,-31907.13671875,15963.794921875,-11443.7578125,-3759.138671875,15113.4453125,-4349.6943359375
377706.587970928,-2505.742431640625,241.93528747558594,-31906.154296875,15973.0927734375,-11437.1865234375,-3756.009521484375,15112.55078125,-4352.53271484375
377706.591166184,-2505.5859375,240.25889587402344,-31912.12109375,15970.4111328125,-11440.3154296875,-3758.982177734375,15109.734375,-4352.48828125
377706.59416233,-2509.25146484375,238.20254516601562,-31913.306640625,15966.9462890625,-11442.5732421875,-3758.1552734375,15109.9580078125,-4349.78369140625
377706.599214861,-2509.899658203125,237.97901916503906,-31909.998046875,15967.1025390625,-11445.0986328125,-3758.490478515625,15107.455078125,-4355.86328125
377706.603049022,-2511.48681640625,241.35414123535156,-31903.673828125,15971.2822265625,-11442.640625,-3757.73046875,15107.0078125,-4358.6796875
377706.607039628,-2516.5830078125,240.03538513183594,-31904.880859375,15970.7236328125,-11441.9697265625,-3761.999755859375,15103.7666015625,-4360.78076171875
377706.611016377,-2516.605224609375,239.94598388671875,-31907.2265625,15971.0810546875,-11441.9697265625,-3765.911376953125,15101.822265625,-4360.0654296875
377706.616036087,-2508.513916015625,255.4580841064453,-31900.275390625,15978.7255859375,-11431.53125,-3751.405029296875,15116.328125,-4354.0751953125
377706.619098239,-2505.719970703125,250.98773193359375,-31896.677734375,15981.6533203125,-11426.4580078125,-3742.330322265625,15123.056640625,-4354.36572265625
377706.62215419,-2510.88330078125,247.85848999023438,-31899.783203125,15976.9150390625,-11432.4482421875,-3747.158203125,15118.294921875,-4356.8916015625
377706.627036055,-2520.85205078125,236.1238250732422,-31913.373046875,15967.884765625,-11443.244140625,-3758.24462890625,15106.8955078125,-4360.4677734375
377706.631023379,-2510.413818359375,234.06747436523438,-31918.873046875,15965.314453125,-11446.1044921875,-3761.597412109375,15104.3251953125,-4355.52783203125
377706.635043888,-2508.9833984375,242.98580932617188,-31914.849609375,15969.5390625,-11442.7294921875,-3759.608154296875,15109.4443359375,-4348.4423828125
377706.639186197,-2519.44384765625,239.70010375976562,-31917.77734375,15960.7998046875,-11451.603515625,-3768.615966796875,15103.900390625,-4353.20361328125
377706.643968142,-2506.7705078125,227.60781860351562,-31917.576171875,15956.75390625,-11456.029296875,-3774.22607421875,15098.916015625,-4363.37353515625
377706.647198042,-2507.9775390625,227.71957397460938,-31920.212890625,15958.2734375,-11454.5087890625,-3773.801513671875,15098.4697265625,-4365.6982421875
377706.652051827,-2507.1728515625,233.7992401123047,-31917.10546875,15967.5498046875,-11448.7646484375,-3771.074462890625,15099.85546875,-4363.8876953125
377706.655214263,-2505.429443359375,233.5757293701172,-31914.982421875,15967.169921875,-11448.49609375,-3770.717041015625,15101.1513671875,-4364.78173828125
377706.659104584,-2512.425537109375,229.10537719726562,-31914.08984375,15960.8662109375,-11455.0009765625,-3774.606201171875,15102.0234375,-4367.37451171875
377706.663242882,-2513.9453125,228.2783660888672,-31913.59765625,15959.123046875,-11457.59375,-3776.282470703125,15099.966796875,-4368.6259765625
377706.667129192,-2511.307861328125,232.05581665039062,-31912.009765625,15963.8173828125,-11450.2841796875,-3768.593505859375,15104.19140625,-4362.72509765625
377706.671355011,-2506.345703125,234.02276611328125,-31912.390625,15964.46484375,-11446.685546875,-3764.23486328125,15107.857421875,-4357.830078125
377706.675328478,-2516.113525390625,228.30072021484375,-31921.21875,15951.4345703125,-11458.7109375,-3774.516845703125,15097.2841796875,-4363.462890625
377706.678154686,-2514.28076171875,239.23072814941406,-31918.0,15955.2783203125,-11456.7890625,-3771.72265625,15097.552734375,-4364.87109375
377706.683288539,-2517.834716796875,225.68556213378906,-31916.369140625,15958.6318359375,-11455.693359375,-3774.62841796875,15091.96484375,-4374.16943359375
377706.687146404,-2515.889892578125,227.8536834716797,-31915.408203125,15961.2685546875,-11454.263671875,-3774.203857421875,15092.8369140625,-4368.00048828125
377706.691390822,-2506.591796875,236.1238250732422,-31912.279296875,15971.6181640625,-11443.9140625,-3765.46435546875,15101.3525390625,-4360.31103515625
377706.695405132,-2508.402099609375,234.15687561035156,-31910.46875,15969.494140625,-11446.283203125,-3769.46533203125,15099.765625,-4359.95361328125
377706.699242211,-2506.390625,244.32691955566406,-31895.626953125,15978.2783203125,-11432.7158203125,-3754.087158203125,15111.2548828125,-4353.35986328125
377706.703317786,-2515.197021484375,255.4580841064453,-31892.1171875,15980.15625,-11433.4091796875,-3755.763671875,15107.7451171875,-4361.294921875
377706.706201977,-2507.46337890625,240.5718231201172,-31903.583984375,15967.9072265625,-11444.919921875,-3767.54296875,15098.7373046875,-4365.4970703125
377706.710269893,-2504.736572265625,236.8167266845703,-31911.048828125,15964.755859375,-11446.171875,-3770.918212890625,15096.390625,-4363.41796875
377706.715091952,-2503.7529296875,242.38232421875,-31907.3828125,15972.9365234375,-11436.3369140625,-3762.7373046875,15102.873046875,-4360.31103515625
377706.719103344,-2510.592529296875,237.97901916503906,-31908.43359375,15967.8623046875,-11442.0810546875,-3766.04541015625,15104.8173828125,-4358.634765625
377706.72332187,-2509.296142578125,238.8060302734375,-31905.974609375,15968.01953125,-11443.109375,-3766.47021484375,15107.5439453125,-4359.88671875
377706.727236989,-2505.116455078125,240.5718231201172,-31906.087890625,15970.3662109375,-11439.9580078125,-3760.993896484375,15114.8310546875,-4351.39306640625
377706.732174284,-2505.25048828125,238.2472381591797,-31911.115234375,15966.0966796875,-11441.142578125,-3760.1669921875,15117.177734375,-4345.4248046875
377706.735265244,-2501.96484375,240.46006774902344,-31909.39453125,15966.3427734375,-11439.7119140625,-3758.1552734375,15116.57421875,-4348.21875
377706.738297492,-2499.66259765625,250.27247619628906,-31898.8671875,15980.2236328125,-11431.5986328125,-3754.7353515625,15114.9873046875,-4353.94091796875
377706.743098399,-2501.5625,250.98773193359375,-31895.224609375,15983.1962890625,-11430.9951171875,-3752.701416015625,15115.76953125,-4357.18212890625
377706.747129848,-2507.06103515625,244.03634643554688,-31902.220703125,15977.138671875,-11431.3974609375,-3752.321533203125,15117.1103515625,-4355.21484375
377706.751226939,-2503.7529296875,247.25498962402344,-31899.11328125,15984.224609375,-11423.2392578125,-3749.505126953125,15119.6142578125,-4349.93994140625
377706.75528902,-2504.535400390625,238.96249389648438,-31902.17578125,15973.5400390625,-11433.029296875,-3757.797607421875,15114.673828125,-4350.20849609375
377706.760185472,-2509.341064453125,232.3016815185547,-31905.283203125,15963.1015625,-11443.35546875,-3763.720947265625,15111.3212890625,-4353.6953125
377706.763237412,-2503.88720703125,244.0139923095703,-31896.744140625,15971.1484375,-11441.634765625,-3764.413818359375,15110.62890625,-4354.14208984375
377706.766317432,-2505.5859375,242.65054321289062,-31903.404296875,15965.158203125,-11452.318359375,-3777.377685546875,15098.3349609375,-4361.94287109375
377706.771192732,-2502.25537109375,240.08009338378906,-31908.8359375,15960.6875,-11452.408203125,-3777.1318359375,15097.150390625,-4363.95458984375
377706.775238404,-2503.417724609375,235.6097412109375,-31912.279296875,15955.5244140625,-11454.666015625,-3776.9306640625,15095.5634765625,-4366.033203125
377706.779237397,-2498.85791015625,239.78952026367188,-31904.34375,15957.15625,-11450.8876953125,-3766.201904296875,15108.52734375,-4358.43359375
377706.783248425,-2496.28759765625,253.93817138671875,-31890.8203125,15973.0263671875,-11436.4716796875,-3752.880126953125,15123.212890625,-4347.302734375
377706.787345515,-2507.3515625,259.03436279296875,-31893.861328125,15977.8984375,-11434.794921875,-3755.584716796875,15121.1787109375,-4344.59814453125
377706.791287985,-2493.85107421875,249.95956420898438,-31895.42578125,15977.49609375,-11432.5146484375,-3754.04248046875,15124.21875,-4339.30078125
377706.794349406,-2502.903564453125,239.96832275390625,-31900.275390625,15969.7177734375,-11437.25390625,-3758.736328125,15120.4853515625,-4343.77099609375
377706.798346577,-2501.07080078125,239.38717651367188,-31896.296875,15970.9248046875,-11436.5380859375,-3756.27783203125,15118.943359375,-4347.2802734375
377706.803287883,-2502.88134765625,241.30943298339844,-31895.828125,15970.6787109375,-11438.1474609375,-3756.188232421875,15120.4189453125,-4346.0283203125
377706.807264996,-2508.357421875,238.42605590820312,-31908.099609375,15960.1513671875,-11447.6474609375,-3766.5595703125,15113.5341796875,-4347.34716796875
377706.811356616,-2510.592529296875,236.34735107421875,-31910.19921875,15960.62109375,-11440.4501953125,-3757.3505859375,15121.15625,-4341.22265625
377706.815349045,-2502.411865234375,230.55824279785156,-31904.388671875,15966.8349609375,-11434.9287109375,-3755.316650390625,15120.3515625,-4343.48046875
377706.821273872,-2497.49462890625,241.97998046875,-31893.927734375,15976.78125,-11430.6376953125,-3754.780029296875,15118.5859375,-4345.6708984375
377706.824411145,-2498.813232421875,241.6670684814453,-31893.681640625,15973.0263671875,-11435.755859375,-3758.624755859375,15113.646484375,-4351.77294921875
377706.827395986,-2499.506103515625,242.62818908691406,-31896.1171875,15972.3779296875,-11435.64453125,-3760.211669921875,15110.2041015625,-4354.90234375
377706.831323504,-2499.9755859375,241.6223602294922,-31900.521484375,15970.4111328125,-11436.9404296875,-3763.810302734375,15106.3369140625,-4354.2314453125
377706.835350212,-2500.7578125,239.38717651367188,-31899.73828125,15967.8408203125,-11439.890625,-3766.06787109375,15106.5830078125,-4356.0419921875
377706.839380568,-2500.914306640625,241.51060485839844,-31892.654296875,15970.6123046875,-11438.21484375,-3761.105712890625,15114.5625,-4350.9013671875
377706.843408735,-2505.9658203125,237.8225555419922,-31895.08984375,15966.1416015625,-11444.115234375,-3765.911376953125,15110.3154296875,-4353.94091796875
377706.846420197,-2509.028076171875,234.93917846679688,-31902.689453125,15961.224609375,-11447.669921875,-3770.06884765625,15105.6220703125,-4355.818359375
377706.850321458,-2512.291259765625,231.4970245361328,-31909.26171875,15959.32421875,-11448.9208984375,-3773.488525390625,15100.9501953125,-4353.046875
377706.854441887,-2509.407958984375,231.54171752929688,-31908.501953125,15958.6533203125,-11449.0107421875,-3775.813232421875,15098.201171875,-4355.79638671875
377706.859343444,-2511.08447265625,227.45135498046875,-31912.390625,15948.4833984375,-11456.6328125,-3780.1494140625,15096.904296875,-4359.12646484375
377706.863382551,-2513.699462890625,228.0771942138672,-31912.79296875,15947.34375,-11458.3984375,-3779.65771484375,15098.0,-4362.0771484375
377706.867379357,-2513.811279296875,234.2686309814453,-31912.166015625,15955.994140625,-11450.552734375,-3773.890869140625,15104.0576171875,-4354.99169921875
377706.871439251,-2504.44580078125,238.51547241210938,-31912.2109375,15963.9287109375,-11439.376953125,-3762.1337890625,15114.16015625,-4345.2236328125
377706.874497026,-2503.08251953125,237.48728942871094,-31911.607421875,15962.140625,-11443.0869140625,-3765.12890625,15111.9697265625,-4353.091796875
377706.878447882,-2503.440185546875,231.2958526611328,-31907.337890625,15953.8701171875,-11452.005859375,-3769.9345703125,15112.9755859375,-4353.76220703125
377706.882491731,-2499.9755859375,237.8002166748047,-31895.24609375,15963.302734375,-11440.271484375,-3756.791748046875,15123.81640625,-4347.50390625
377706.887404228,-2498.410888671875,248.6184539794922,-31889.078125,15979.2177734375,-11422.2783203125,-3741.033935546875,15133.7626953125,-4340.462890625
377706.891372589,-2502.635498046875,262.0518493652344,-31890.888671875,15983.9111328125,-11421.205078125,-3741.3466796875,15134.1650390625,-4332.93017578125
377706.895457645,-2494.924072265625,250.07131958007812,-31896.341796875,15976.021484375,-11430.2578125,-3750.7568359375,15128.509765625,-4334.517578125
377706.899446063,-2488.509033203125,248.90902709960938,-31891.736328125,15977.49609375,-11429.2294921875,-3749.7734375,15132.421875,-4330.35986328125
377706.902413764,-2491.615966796875,259.1684875488281,-31890.126953125,15981.4970703125,-11430.8828125,-3753.282470703125,15129.44921875,-4331.58935546875
377706.906383948,-2498.209716796875,255.14515686035156,-31901.34765625,15974.724609375,-11438.6171875,-3763.22900390625,15119.345703125,-4342.0947265625
377706.912353629,-2493.202880859375,245.10922241210938,-31901.662109375,15974.724609375,-11434.5712890625,-3761.083251953125,15120.59765625,-4340.95458984375
377706.915278664,-2494.745361328125,246.2938690185547,-31898.0625,15974.478515625,-11435.3984375,-3763.385498046875,15117.892578125,-4344.37451171875
377706.921556493,-2494.924072265625,247.63497924804688,-31892.2734375,15974.1884765625,-11434.2587890625,-3760.479736328125,15121.5361328125,-4344.75439453125
377706.925335589,-2496.622802734375,249.53488159179688,-31892.474609375,15974.814453125,-11438.818359375,-3765.888916015625,15114.0927734375,-4351.59423828125
377706.928381694,-2502.25537109375,240.52711486816406,-31904.8359375,15960.6875,-11452.05078125,-3779.009521484375,15103.2080078125,-4357.830078125
377706.931410296,-2508.312744140625,236.90614318847656,-31913.91015625,15957.40234375,-11453.5029296875,-3783.05517578125,15099.1845703125,-4356.623046875
377706.935468001,-2499.103759765625,244.55043029785156,-31907.205078125,15966.4541015625,-11445.255859375,-3775.34375,15102.7607421875,-4356.466796875
377706.93865013,-2493.359375,248.9537353515625,-31901.080078125,15969.29296875,-11444.1826171875,-3774.114501953125,15106.4267578125,-4354.38818359375
377706.942544827,-2495.974609375,246.7632598876953,-31903.78515625,15964.3759765625,-11450.4853515625,-3780.507080078125,15101.9111328125,-4362.4345703125
377706.94754995,-2499.238037109375,245.55625915527344,-31909.640625,15960.3974609375,-11456.140625,-3786.787841796875,15097.10546875,-4363.015625
377706.951461423,-2499.640380859375,244.77395629882812,-31912.5234375,15961.134765625,-11448.0498046875,-3777.62353515625,15103.9453125,-4357.31591796875
377706.955826182,-2500.69091796875,246.22682189941406,-31909.39453125,15965.0244140625,-11442.841796875,-3773.24267578125,15105.15234375,-4354.92431640625
377706.95863051,-2492.3759765625,250.0936737060547,-31899.560546875,15969.986328125,-11441.0087890625,-3770.694580078125,15110.29296875,-4350.61083984375
377706.962606894,-2500.1767578125,243.3657989501953,-31901.4375,15964.3759765625,-11443.556640625,-3768.3251953125,15118.0048828125,-4346.453125
377706.966590571,-2500.243896484375,245.46685791015625,-31904.076171875,15965.671875,-11441.7685546875,-3766.179443359375,15122.318359375,-4337.7138671875
377706.970644995,-2511.911376953125,248.70785522460938,-31914.693359375,15961.4033203125,-11446.685546875,-3773.510986328125,15114.47265625,-4343.5029296875
377706.975840477,-2501.85302734375,241.64471435546875,-31912.748046875,15959.7265625,-11446.015625,-3772.013427734375,15115.76953125,-4347.36962890625
377706.979532417,-2490.09619140625,247.3444061279297,-31902.689453125,15969.7177734375,-11440.5166015625,-3769.197021484375,15116.015625,-4352.35400390625
377706.983606898,-2494.432373046875,253.424072265625,-31898.77734375,15975.216796875,-11441.34375,-3772.728515625,15110.025390625,-4358.18798828125
377706.986859043,-2491.124267578125,260.50958251953125,-31893.212890625,15985.38671875,-11430.615234375,-3763.005615234375,15116.1494140625,-4349.96240234375
377706.990832509,-2491.236083984375,263.2141418457031,-31894.59765625,15988.5380859375,-11426.189453125,-3759.27294921875,15119.0556640625,-4342.630859375
377706.99461817,-2493.06884765625,259.97314453125,-31893.16796875,15984.1123046875,-11426.4130859375,-3756.121337890625,15123.212890625,-4338.048828125
377706.998850553,-2493.001708984375,259.9507751464844,-31886.88671875,15982.1904296875,-11427.3291015625,-3755.227294921875,15126.1630859375,-4336.2607421875
377707.002745251,-2494.27587890625,260.218994140625,-31882.283203125,15983.3974609375,-11425.138671875,-3752.43310546875,15129.60546875,-4338.98779296875
377707.007840084,-2495.169921875,255.63690185546875,-31888.361328125,15977.048828125,-11428.40234375,-3756.568359375,15128.5322265625,-4339.94873046875
377707.012926164,-2499.304931640625,246.51739501953125,-31898.017578125,15967.9521484375,-11431.7099609375,-3760.815185546875,15124.1962890625,-4342.2958984375
377707.016778924,-2491.3701171875,258.38616943359375,-31889.814453125,15978.1220703125,-11425.67578125,-3757.127197265625,15128.5546875,-4336.439453125
377707.019699583,-2495.125244140625,257.9167785644531,-31887.646484375,15975.484375,-11431.77734375,-3761.06103515625,15128.443359375,-4336.12646484375
377707.022805494,-2497.44970703125,248.79727172851562,-31894.30859375,15962.453125,-11445.2998046875,-3771.521484375,15123.81640625,-4338.36181640625
377707.026677217,-2507.1728515625,248.68551635742188,-31901.37109375,15961.2685546875,-11444.5625,-3771.45458984375,15122.654296875,-4339.501953125
377707.030815516,-2509.05029296875,251.45712280273438,-31904.119140625,15966.4541015625,-11437.767578125,-3766.939453125,15122.3408203125,-4341.91552734375
377707.035889562,-2497.06982421875,245.9138946533203,-31907.583984375,15962.6328125,-11440.986328125,-3770.314697265625,15117.8486328125,-4348.12939453125
377707.039930128,-2504.3564453125,247.4114532470703,-31905.259765625,15964.9345703125,-11439.0419921875,-3767.721923828125,15122.162109375,-4348.509765625
377707.042828906,-2506.189453125,235.16270446777344,-31901.83984375,15960.732421875,-11441.1875,-3766.3359375,15126.1181640625,-4345.38037109375
377707.046831547,-2507.038818359375,232.0111083984375,-31907.09375,15953.5126953125,-11449.2119140625,-3773.935546875,15119.099609375,-4345.849609375
377707.050795167,-2502.411865234375,242.0917510986328,-31901.548828125,15968.779296875,-11433.833984375,-3763.609130859375,15123.123046875,-4339.0322265625
377707.054870377,-2499.08154296875,247.29969787597656,-31896.029296875,15975.5966796875,-11427.642578125,-3760.993896484375,15124.1513671875,-4340.17236328125
377707.05892553,-2498.7685546875,249.13253784179688,-31893.16796875,15976.2666015625,-11428.357421875,-3761.686767578125,15123.5703125,-4343.8828125
377707.063748682,-2498.410888671875,251.5018310546875,-31890.6640625,15977.1611328125,-11428.916015625,-3761.396240234375,15120.7314453125,-4347.12353515625
377707.067812587,-2496.421630859375,255.27926635742188,-31892.1171875,15978.8818359375,-11428.3349609375,-3763.296142578125,15118.2509765625,-4346.78857421875
377707.070890784,-2489.626708984375,264.8234558105469,-31887.244140625,15988.359375,-11419.640625,-3756.568359375,15126.1181640625,-4338.4736328125
377707.074664045,-2491.9736328125,262.1412658691406,-31887.021484375,15987.197265625,-11419.037109375,-3755.07080078125,15129.8515625,-4332.81884765625
377707.078663039,-2498.746337890625,252.2617950439453,-31891.46875,15975.2607421875,-11430.7265625,-3765.12890625,15125.4482421875,-4336.12646484375
377707.082800608,-2499.238037109375,247.79144287109375,-31891.333984375,15965.4267578125,-11436.5830078125,-3765.575927734375,15130.4990234375,-4330.78466796875
377707.086848103,-2497.829833984375,253.44642639160156,-31892.498046875,15969.5166015625,-11431.486328125,-3761.06103515625,15132.33203125,-4330.6279296875
377707.091617284,-2494.007568359375,261.38128662109375,-31889.970703125,15984.08984375,-11422.12109375,-3760.815185546875,15129.515625,-4331.4326171875
377707.095797154,-2489.49267578125,262.521240234375,-31887.78125,15982.123046875,-11424.6025390625,-3760.94921875,15131.05859375,-4330.96337890625
377707.098875351,-2495.125244140625,264.2646789550781,-31883.82421875,15981.5869140625,-11423.9091796875,-3758.378662109375,15131.080078125,-4336.685546875
377707.102808339,-2503.57421875,271.2831115722656,-31879.623046875,15982.1005859375,-11422.166015625,-3754.46728515625,15137.6298828125,-4333.109375
377707.106772688,-2489.403076171875,256.4415588378906,-31887.916015625,15972.466796875,-11429.9892578125,-3761.284423828125,15133.5390625,-4334.80810546875
377707.110841699,-2490.49853515625,253.93817138671875,-31891.333984375,15970.9697265625,-11430.9951171875,-3764.212646484375,15130.7900390625,-4332.93017578125
377707.114895393,-2495.214599609375,253.7593536376953,-31888.51953125,15973.115234375,-11431.1962890625,-3766.313720703125,15127.6611328125,-4333.60107421875
377707.119705417,-2493.046630859375,257.425048828125,-31879.2421875,15978.591796875,-11426.1669921875,-3760.5693359375,15133.740234375,-4329.53271484375
377707.1237613,-2499.05908203125,253.625244140625,-31880.158203125,15975.7080078125,-11428.9384765625,-3762.603271484375,15133.6064453125,-4336.97607421875
377707.127830675,-2502.3671875,251.23361206054688,-31889.435546875,15972.1318359375,-11431.5537109375,-3765.44189453125,15127.6826171875,-4343.3017578125
377707.130923823,-2499.55078125,254.83224487304688,-31892.720703125,15976.333984375,-11424.9599609375,-3759.988037109375,15129.11328125,-4340.75341796875
377707.13489729,-2498.47802734375,253.64759826660156,-31893.8828125,15973.9423828125,-11426.0107421875,-3759.7421875,15130.65625,-4338.00439453125
377707.13907716,-2500.824951171875,250.3618927001953,-31893.7265625,15970.8359375,-11427.4638671875,-3757.03759765625,15133.7626953125,-4337.13232421875
377707.143021453,-2504.28955078125,246.36093139648438,-31898.197265625,15966.275390625,-11432.8505859375,-3760.7705078125,15128.509765625,-4340.14990234375
377707.147992298,-2503.1494140625,252.4405975341797,-31897.59375,15973.3837890625,-11428.8271484375,-3760.03271484375,15125.4921875,-4340.77587890625
377707.151899394,-2501.741455078125,254.87693786621094,-31896.341796875,15977.5859375,-11425.072265625,-3759.3623046875,15124.3076171875,-4339.61376953125
377707.155163208,-2504.222412109375,247.45616149902344,-31900.7890625,15966.923828125,-11435.7783203125,-3769.107666015625,15115.859375,-4343.3017578125
377707.159069575,-2503.015380859375,244.88571166992188,-31900.341796875,15959.97265625,-11442.7744140625,-3773.488525390625,15113.6240234375,-4347.39208984375
377707.163075498,-2511.7548828125,241.91293334960938,-31899.515625,15961.7607421875,-11440.4501953125,-3772.326171875,15113.8251953125,-4352.8681640625
#377751.192481192,-2752.483154296875,111.6246109008789,-31964.89453125,15659.5654296875,-11507.7509765625,-4056.372314453125,14879.5791015625,-4349.51513671875
377751.195224619,-2749.4658203125,116.58670043945312,-31965.431640625,15662.7392578125,-11506.0302734375,-4056.752197265625,14876.6728515625,-4346.76611328125
377751.198295522,-2745.576416015625,115.33499908447266,-31968.693359375,15661.263671875,-11504.599609375,-4056.4169921875,14879.4892578125,-4338.94287109375
377751.202160681,-2743.721435546875,114.19506072998047,-31968.046875,15659.6318359375,-11504.7333984375,-4054.762939453125,14883.177734375,-4334.15966796875
377751.206118102,-2740.525146484375,118.97833251953125,-31960.087890625,15665.779296875,-11501.4697265625,-4052.5947265625,14884.7861328125,-4333.73486328125
377751.210270258,-2738.87109375,125.23682403564453,-31954.1875,15670.8076171875,-11501.3583984375,-4053.28759765625,14884.25,-4334.31640625
377751.214204705,-2742.4697265625,121.6158447265625,-31959.75390625,15666.181640625,-11507.3486328125,-4062.228271484375,14877.7685546875,-4336.95361328125
377751.219163879,-2741.195556640625,121.2358627319336,-31959.9765625,15669.154296875,-11502.185546875,-4058.450927734375,14882.6630859375,-4331.81298828125
377751.22322195,-2739.206298828125,120.07357025146484,-31956.04296875,15669.3330078125,-11498.2509765625,-4052.72900390625,14888.228515625,-4330.6953125
377751.226154278,-2740.010986328125,122.26404571533203,-31949.404296875,15671.9033203125,-11496.462890625,-4049.10791015625,14891.0224609375,-4331.16455078125
377751.230223653,-2748.37060546875,118.59835815429688,-31953.361328125,15667.544921875,-11503.705078125,-4055.835693359375,14882.685546875,-4341.53564453125
377751.234258749,-2752.483154296875,113.50215911865234,-31962.904296875,15661.107421875,-11509.8515625,-4063.345947265625,14873.767578125,-4347.34716796875
377751.238275247,-2751.54443359375,112.98806762695312,-31966.951171875,15661.62109375,-11505.8505859375,-4061.580078125,14873.38671875,-4348.0625
377751.242309613,-2751.902099609375,111.24462890625,-31969.767578125,15659.20703125,-11508.3994140625,-4062.228271484375,14875.3984375,-4348.57666015625
377751.246329028,-2751.700927734375,110.57408142089844,-31967.46484375,15657.330078125,-11506.5439453125,-4053.578369140625,14887.4013671875,-4340.6865234375
377751.251253195,-2757.311279296875,107.24366760253906,-31968.26953125,15655.7880859375,-11510.232421875,-4057.936767578125,14884.7646484375,-4343.99462890625
377751.255213898,-2754.293701171875,111.71401977539062,-31969.1640625,15660.19140625,-11507.5498046875,-4058.830810546875,14883.2890625,-4342.2509765625
377751.258346066,-2747.789306640625,114.3738784790039,-31970.19140625,15659.498046875,-11504.9794921875,-4055.880615234375,14884.138671875,-4336.93115234375
377751.262272125,-2747.16357421875,113.23394012451172,-31971.287109375,15657.53125,-11509.5166015625,-4063.167236328125,14876.5390625,-4342.4296875
377751.266313421,-2748.32568359375,111.42344665527344,-31969.8125,15654.5810546875,-11515.9990234375,-4070.051513671875,14869.185546875,-4349.2919921875
377751.270302568,-2745.107177734375,116.02790832519531,-31962.099609375,15659.185546875,-11507.2373046875,-4057.668701171875,14878.349609375,-4346.98974609375
377751.275277059,-2744.95068359375,119.1124496459961,-31962.4140625,15662.9853515625,-11502.453125,-4054.51708984375,14881.388671875,-4343.6591796875
377751.278302014,-2747.431640625,115.02207946777344,-31970.728515625,15656.8154296875,-11509.5166015625,-4062.854248046875,14876.6279296875,-4342.2958984375
377751.281236165,-2743.788330078125,116.51964569091797,-31967.666015625,15656.9052734375,-11505.203125,-4057.31103515625,14881.27734375,-4338.56298828125
377751.286252958,-2743.922607421875,116.3184814453125,-31962.7265625,15655.720703125,-11506.9912109375,-4057.4228515625,14880.763671875,-4340.6416015625
377751.290317592,-2742.35791015625,120.5653076171875,-31956.736328125,15664.28125,-11504.599609375,-4057.71337890625,14880.2265625,-4342.98876953125
377751.294248392,-2744.414306640625,118.53130340576172,-31960.357421875,15664.5048828125,-11505.560546875,-4060.239013671875,14878.9755859375,-4343.1005859375
377751.298274371,-2746.090576171875,116.87727355957031,-31964.0,15664.52734375,-11504.7109375,-4063.2119140625,14874.9296875,-4346.69921875
377751.303293717,-2742.8271484375,117.95015716552734,-31959.306640625,15664.3935546875,-11503.9736328125,-4062.0048828125,14876.7626953125,-4344.3076171875
377751.306234433,-2743.76611328125,117.86074829101562,-31955.88671875,15661.017578125,-11505.4267578125,-4059.12158203125,14878.103515625,-4344.5087890625
377751.310274634,-2739.34033203125,126.75674438476562,-31944.689453125,15672.998046875,-11492.283203125,-4043.6318359375,14890.6650390625,-4337.35595703125
377751.314342186,-2733.707763671875,134.02105712890625,-31940.576171875,15682.38671875,-11483.923828125,-4038.423828125,14897.6162109375,-4329.890625
377751.318383117,-2736.4345703125,134.71395874023438,-31944.912109375,15681.1572265625,-11485.6005859375,-4041.687255859375,14894.0400390625,-4330.60595703125
377751.322284743,-2736.54638671875,131.3612060546875,-31945.671875,15676.6640625,-11488.595703125,-4042.11181640625,14892.54296875,-4330.0693359375
377751.326475918,-2733.0595703125,132.16586303710938,-31942.4765625,15679.0556640625,-11487.8134765625,-4040.32373046875,14893.212890625,-4332.75146484375
377751.331365441,-2734.981689453125,133.6187286376953,-31940.5078125,15681.3134765625,-11486.4501953125,-4037.52978515625,14893.8837890625,-4333.77978515625
377751.334393313,-2737.57470703125,129.1707305908203,-31946.296875,15678.2958984375,-11487.5673828125,-4038.8037109375,14891.9169921875,-4331.1201171875
377751.337470051,-2741.307373046875,122.95694732666016,-31954.27734375,15673.333984375,-11489.51171875,-4042.8046875,14890.7099609375,-4329.4208984375
377751.343443379,-2743.207275390625,119.20185089111328,-31960.513671875,15667.208984375,-11495.837890625,-4048.92919921875,14887.06640625,-4334.115234375
377751.346483649,-2743.385986328125,119.58183288574219,-31957.80859375,15666.650390625,-11500.017578125,-4051.968994140625,14884.7197265625,-4336.32763671875
377751.350434506,-2743.34130859375,121.30291748046875,-31955.8203125,15667.9697265625,-11502.0732421875,-4056.036865234375,14882.685546875,-4339.0322265625
377751.354490389,-2743.54248046875,118.0619125366211,-31960.849609375,15663.1865234375,-11502.251953125,-4055.746337890625,14883.04296875,-4337.55712890625
377751.359368606,-2744.77197265625,112.40692138671875,-31968.60546875,15657.0390625,-11509.13671875,-4064.0166015625,14874.52734375,-4340.865234375
377751.362392832,-2741.307373046875,114.95502471923828,-31966.4140625,15660.99609375,-11507.5048828125,-4064.038818359375,14873.9462890625,-4339.2333984375
377751.365479416,-2742.178955078125,117.41371154785156,-31959.171875,15667.5224609375,-11496.5078125,-4048.482177734375,14884.7861328125,-4335.27734375
377751.370368209,-2743.96728515625,117.70428466796875,-31955.1484375,15669.869140625,-11494.630859375,-4042.51416015625,14888.5859375,-4333.6904296875
377751.374367932,-2746.4482421875,113.7480239868164,-31959.955078125,15666.5615234375,-11496.75390625,-4045.93408203125,14887.1337890625,-4331.4775390625
377751.378345774,-2747.320068359375,110.8199462890625,-31964.9609375,15664.52734375,-11497.0888671875,-4047.945556640625,14884.607421875,-4330.5166015625
377751.382495013,-2745.95654296875,113.30099487304688,-31960.892578125,15667.41015625,-11495.859375,-4045.576416015625,14887.111328125,-4330.8515625
377751.386504946,-2746.381103515625,114.53034210205078,-31957.474609375,15666.94140625,-11499.9951171875,-4049.443115234375,14886.1943359375,-4336.5068359375
377751.390438299,-2744.16845703125,118.8218765258789,-31954.009765625,15668.751953125,-11501.4033203125,-4051.0078125,14885.658203125,-4337.7138671875
377751.393405635,-2743.8330078125,120.20767974853516,-31955.70703125,15670.4951171875,-11496.10546875,-4046.068115234375,14886.75390625,-4334.0478515625
377751.398419511,-2746.56005859375,115.71498107910156,-31965.005859375,15664.169921875,-11498.2734375,-4049.979736328125,14885.2783203125,-4333.712890625
377751.402440749,-2743.788330078125,112.56338500976562,-31969.052734375,15656.279296875,-11503.1689453125,-4051.164306640625,14886.1728515625,-4329.55517578125
377751.40648715,-2748.52685546875,114.95502471923828,-31966.525390625,15659.7890625,-11504.6435546875,-4055.679443359375,14877.8349609375,-4336.57373046875
377751.41052881,-2747.878662109375,121.54878997802734,-31960.1328125,15671.568359375,-11499.4580078125,-4055.679443359375,14873.767578125,-4341.46875
377751.415376031,-2752.974853515625,110.59642791748047,-31971.845703125,15660.2353515625,-11508.17578125,-4063.770751953125,14868.3583984375,-4344.55322265625
377751.418394786,-2754.986572265625,107.91422271728516,-31979.78125,15656.5703125,-11512.1318359375,-4067.01171875,14866.1455078125,-4343.72607421875
377751.421498145,-2742.53662109375,119.26890563964844,-31965.20703125,15670.673828125,-11494.294921875,-4045.48681640625,14887.22265625,-4327.87890625
377751.426531713,-2747.23046875,116.56434631347656,-31962.748046875,15669.7578125,-11494.83203125,-4044.458740234375,14890.486328125,-4329.97998046875
377751.430567903,-2752.662109375,113.63626861572266,-31966.16796875,15663.7001953125,-11502.341796875,-4049.040771484375,14889.79296875,-4336.2607421875
377751.435519055,-2754.606689453125,110.46231842041016,-31972.962890625,15659.05078125,-11504.8232421875,-4050.963134765625,14887.9609375,-4336.037109375
377751.438565161,-2749.689208984375,114.59739685058594,-31971.5546875,15665.0185546875,-11495.546875,-4044.01171875,14892.498046875,-4330.96337890625
377751.442487573,-2748.906982421875,116.9219741821289,-31968.1796875,15668.751953125,-11493.5126953125,-4043.5869140625,14891.849609375,-4332.39404296875
377751.44648912,-2744.883544921875,122.57696533203125,-31958.189453125,15678.0498046875,-11490.0263671875,-4040.50244140625,14892.408203125,-4332.505859375
377751.450548649,-2746.224609375,120.25238800048828,-31958.078125,15674.33984375,-11495.30078125,-4044.883544921875,14890.12890625,-4335.56787109375
377751.454659596,-2753.4443359375,112.02694702148438,-31971.287109375,15663.2529296875,-11506.8125,-4059.70263671875,14879.3779296875,-4342.0947265625
377751.458591855,-2751.14208984375,111.64696502685547,-31976.25,15659.4755859375,-11510.0087890625,-4065.71533203125,14876.404296875,-4339.94873046875
377751.462652843,-2746.4482421875,116.20671844482422,-31972.0703125,15663.56640625,-11504.443359375,-4058.69677734375,14878.9755859375,-4336.7080078125
377751.467595972,-2747.4541015625,117.41371154785156,-31966.28125,15666.0244140625,-11503.19140625,-4056.48388671875,14878.6171875,-4340.708984375
377751.470623115,-2749.95751953125,115.87144470214844,-31965.38671875,15663.9462890625,-11507.013671875,-4059.076904296875,14877.41015625,-4342.876953125
377751.474580171,-2750.180908203125,116.87727355957031,-31965.654296875,15666.091796875,-11503.1240234375,-4056.2158203125,14879.1982421875,-4340.17236328125
377751.478629489,-2746.381103515625,120.00651550292969,-31963.0625,15670.427734375,-11495.6806640625,-4048.459716796875,14887.111328125,-4330.3154296875
377751.482563571,-2747.34228515625,118.71011352539062,-31962.5703125,15666.60546875,-11499.8388671875,-4050.382080078125,14890.0390625,-4327.76708984375
377751.486693482,-2748.12451171875,119.82770538330078,-31958.724609375,15666.3603515625,-11502.6328125,-4052.863037109375,14887.357421875,-4333.4892578125
377751.490609695,-2746.604736328125,121.59349060058594,-31955.73046875,15671.0537109375,-11498.162109375,-4048.571533203125,14889.0556640625,-4334.76318359375
377751.493659447,-2749.443359375,116.3184814453125,-31965.833984375,15667.65625,-11499.771484375,-4050.69482421875,14883.7587890625,-4340.619140625
377751.497718247,-2754.0478515625,110.28350830078125,-31976.830078125,15661.7783203125,-11502.5654296875,-4054.427734375,14876.6279296875,-4346.81103515625
377751.503558834,-2751.387939453125,109.41178894042969,-31976.31640625,15658.939453125,-11504.1298828125,-4055.1875,14876.404296875,-4347.01220703125
377751.506713247,-2748.57177734375,113.03276824951172,-31968.560546875,15660.75,-11504.041015625,-4052.237060546875,14880.16015625,-4348.21875
377751.510676867,-2745.15185546875,121.34761810302734,-31960.021484375,15668.6845703125,-11499.32421875,-4048.772705078125,14883.37890625,-4348.263671875
377751.516639255,-2744.481201171875,123.02400207519531,-31961.05078125,15671.0986328125,-11497.3125,-4050.51611328125,14882.2158203125,-4345.4921875
377751.519674785,-2741.17333984375,123.47103881835938,-31963.486328125,15672.4619140625,-11494.3623046875,-4049.443115234375,14884.1611328125,-4337.80322265625
377751.522753711,-2736.16650390625,125.23682403564453,-31960.916015625,15674.40625,-11492.8642578125,-4047.968017578125,14888.02734375,-4333.421875
377751.526571098,-2743.94482421875,118.71011352539062,-31961.85546875,15669.466796875,-11499.6376953125,-4053.28759765625,14883.1328125,-4341.513671875
377751.530664906,-2744.391845703125,118.77716827392578,-31959.462890625,15668.953125,-11500.4638671875,-4053.421875,14881.8134765625,-4345.20166015625
377751.537593675,-2745.17431640625,116.40788269042969,-31963.955078125,15665.1533203125,-11501.3583984375,-4054.583984375,14881.76953125,-4340.6865234375
377751.542753419,-2753.377197265625,104.94143676757812,-31977.76953125,15652.9267578125,-11511.9755859375,-4064.530517578125,14872.42578125,-4344.6201171875
377751.54667255,-2755.075927734375,103.68974304199219,-31976.919921875,15655.630859375,-11507.8623046875,-4060.149658203125,14875.376953125,-4344.19580078125
377751.549899168,-2747.990478515625,115.98320007324219,-31963.1953125,15668.751953125,-11499.2568359375,-4051.343017578125,14882.7080078125,-4339.0546875
377751.552814721,-2746.001220703125,120.20767974853516,-31959.10546875,15669.0869140625,-11500.083984375,-4050.51611328125,14884.3837890625,-4337.93701171875
377751.556635025,-2747.96826171875,115.9384994506836,-31964.1796875,15665.5556640625,-11499.7939453125,-4049.934814453125,14884.2275390625,-4335.6572265625
377751.559693894,-2742.804931640625,121.01234436035156,-31964.626953125,15670.6064453125,-11494.3623046875,-4046.8056640625,14886.7314453125,-4331.61181640625
377751.562973754,-2739.74267578125,123.44868469238281,-31961.876953125,15672.2158203125,-11492.8427734375,-4044.81640625,14889.591796875,-4330.494140625
377751.583229462,-2743.184814453125,117.592529296875,-31965.140625,15665.533203125,-11501.2685546875,-4050.270263671875,14884.3623046875,-4337.646484375
377751.586151579,-2748.482177734375,114.70915222167969,-31965.341796875,15663.521484375,-11500.7548828125,-4047.744384765625,14885.6357421875,-4338.49609375
377751.590071439,-2747.208251953125,116.65375518798828,-31967.107421875,15666.44921875,-11496.5078125,-4045.866943359375,14889.97265625,-4332.4833984375
377751.593195584,-2744.458984375,116.83256530761719,-31971.578125,15666.9638671875,-11495.94921875,-4047.52099609375,14889.189453125,-4327.119140625
377751.596675649,-2751.36572265625,110.28350830078125,-31977.568359375,15659.9228515625,-11505.203125,-4057.333251953125,14879.01953125,-4334.36083984375
377751.600064546,-2748.705810546875,113.8150863647461,-31971.509765625,15662.11328125,-11505.0908203125,-4056.640380859375,14879.2431640625,-4335.92529296875
377751.602872886,-2751.321044921875,112.36222076416016,-31969.25390625,15661.6435546875,-11503.1015625,-4051.0302734375,14884.49609375,-4337.40087890625
377751.606149829,-2748.884521484375,116.16201782226562,-31967.822265625,15666.6279296875,-11496.7314453125,-4044.659912109375,14891.0224609375,-4332.59521484375
377751.609857085,-2748.57177734375,114.19506072998047,-31972.94140625,15663.521484375,-11502.6103515625,-4054.09228515625,14881.8359375,-4335.38916015625
377751.613063281,-2746.73876953125,113.9491958618164,-31972.62890625,15662.0458984375,-11504.443359375,-4056.752197265625,14879.421875,-4337.8251953125
377751.616767984,-2745.55419921875,115.78203582763672,-31967.173828125,15666.046875,-11498.720703125,-4049.241943359375,14885.9931640625,-4335.18798828125
377751.619829771,-2748.214111328125,114.30682373046875,-31965.498046875,15664.884765625,-11499.369140625,-4045.62109375,14890.642578125,-4333.4443359375
377751.623762029,-2751.052734375,114.3738784790039,-31970.90625,15665.0185546875,-11500.12890625,-4050.046630859375,14887.8486328125,-4334.6962890625
377751.62671879,-2750.8515625,112.13870239257812,-31976.65234375,15662.2470703125,-11501.693359375,-4051.946533203125,14887.4912109375,-4331.34326171875
377751.62987138,-2749.2646484375,118.50894927978516,-31971.3984375,15669.0419921875,-11496.26171875,-4047.6103515625,14891.5810546875,-4330.1142578125
377751.63403557,-2740.54736328125,132.3446807861328,-31956.9140625,15683.5263671875,-11485.734375,-4036.568603515625,14900.7900390625,-4327.61083984375
377751.637088969,-2740.56982421875,130.6012420654297,-31954.142578125,15682.9453125,-11486.2041015625,-4035.29443359375,14902.6904296875,-4329.48828125
377751.64015586,-2745.017822265625,125.14741516113281,-31961.4296875,15677.8037109375,-11487.9248046875,-4037.10498046875,14899.6953125,-4329.5107421875
377751.643816438,-2746.694091796875,119.55947875976562,-31971.107421875,15669.9140625,-11490.2939453125,-4039.2060546875,14899.5390625,-4325.4873046875
377751.647120367,-2748.34814453125,113.45745849609375,-31975.66796875,15661.95703125,-11495.435546875,-4043.005859375,14898.64453125,-4324.8837890625
377751.65019127,-2743.8330078125,118.59835815429688,-31967.93359375,15668.0361328125,-11493.1552734375,-4041.70947265625,14898.2421875,-4326.56005859375
377751.654091802,-2744.52587890625,123.02400207519531,-31963.75390625,15673.0205078125,-11491.076171875,-4040.860107421875,14893.4814453125,-4331.54443359375
377751.656884825,-2747.6328125,119.42536926269531,-31971.376953125,15667.142578125,-11497.0888671875,-4047.587890625,14888.2958984375,-4335.14306640625
377751.659966668,-2747.4541015625,115.58087158203125,-31976.673828125,15664.3935546875,-11497.7822265625,-4050.09130859375,14887.8486328125,-4333.66796875
377751.663742483,-2745.55419921875,117.52547454833984,-31973.58984375,15666.583984375,-11496.240234375,-4049.175048828125,14886.7978515625,-4333.35498046875
377751.668217373,-2746.828125,116.20671844482422,-31971.421875,15663.5888671875,-11499.771484375,-4049.353759765625,14885.904296875,-4338.56298828125
377751.672807135,-2748.54931640625,114.95502471923828,-31969.296875,15664.080078125,-11499.5029296875,-4047.766845703125,14888.2060546875,-4338.4287109375
377751.675883509,-2748.795166015625,117.30195617675781,-31969.900390625,15668.1708984375,-11495.546875,-4045.576416015625,14890.486328125,-4333.60107421875
377751.678954047,-2745.6435546875,117.36901092529297,-31974.662109375,15667.0751953125,-11495.9267578125,-4048.59375,14889.033203125,-4331.65625
377751.684276071,-2743.319091796875,119.73829650878906,-31975.220703125,15667.8125,-11497.0,-4049.80078125,14889.5703125,-4332.34912109375
377751.688055896,-2740.54736328125,126.19795227050781,-31970.28125,15673.5126953125,-11495.591796875,-4048.10205078125,14891.5146484375,-4334.20458984375
377751.692333499,-2739.34033203125,126.64498138427734,-31966.951171875,15673.490234375,-11495.63671875,-4046.760986328125,14889.591796875,-4336.5068359375
377751.696331034,-2742.35791015625,124.85684204101562,-31971.130859375,15672.841796875,-11494.25,-4045.93408203125,14888.1171875,-4338.58544921875
377751.70018343,-2737.462890625,127.60610961914062,-31972.94140625,15674.697265625,-11491.4560546875,-4045.263427734375,14889.189453125,-4333.60107421875
377751.702950926,-2735.987548828125,127.0920181274414,-31972.13671875,15676.150390625,-11487.1650390625,-4040.077880859375,14892.20703125,-4331.94677734375
377751.705958741,-2740.502685546875,121.28056335449219,-31973.365234375,15669.9814453125,-11494.5634765625,-4044.5927734375,14886.5078125,-4338.294921875
377751.710059478,-2736.680419921875,125.2591781616211,-31966.794921875,15673.4453125,-11493.1328125,-4041.173095703125,14887.1787109375,-4336.72998046875
377751.714250289,-2736.501708984375,123.3592758178711,-31965.966796875,15672.23828125,-11491.076171875,-4039.4296875,14890.6201171875,-4333.19873046875
377751.719099333,-2745.4423828125,112.63043975830078,-31974.3046875,15662.4033203125,-11497.0,-4045.464599609375,14886.216796875,-4334.875
377751.723223773,-2740.100341796875,122.2193374633789,-31966.7265625,15675.546875,-11487.58984375,-4040.12255859375,14889.123046875,-4331.14208984375
377751.726072226,-2736.77001953125,126.01913452148438,-31963.708984375,15679.369140625,-11489.109375,-4042.0,14888.8095703125,-4332.19287109375
377751.730012143,-2743.698974609375,118.97833251953125,-31970.125,15670.62890625,-11501.9619140625,-4056.595703125,14877.34375,-4342.40771484375
377751.733971752,-2746.291748046875,117.65958404541016,-31970.75,15670.9423828125,-11497.3125,-4052.348876953125,14881.322265625,-4337.93701171875
377751.739161764,-2745.598876953125,115.73733520507812,-31974.439453125,15670.6064453125,-11493.0439453125,-4046.4033203125,14887.8935546875,-4331.2314453125
377751.743327778,-2742.693115234375,114.91031646728516,-31976.896484375,15668.4833984375,-11495.7705078125,-4050.583251953125,14885.009765625,-4333.53369140625
377751.747286293,-2743.788330078125,114.4185791015625,-31975.66796875,15666.60546875,-11499.1005859375,-4053.645263671875,14884.09375,-4339.0322265625
377751.75108107,-2746.381103515625,116.85491943359375,-31971.779296875,15666.7626953125,-11499.2353515625,-4050.69482421875,14888.2509765625,-4336.32763671875
377751.756235709,-2739.6533203125,122.39815521240234,-31966.7265625,15675.099609375,-11489.265625,-4042.469482421875,14896.365234375,-4327.74462890625
377751.760085552,-2735.2724609375,120.90058898925781,-31970.03515625,15672.7529296875,-11491.2998046875,-4044.81640625,14895.1357421875,-4324.16845703125
377751.764220568,-2739.13916015625,118.37483978271484,-31972.76171875,15670.830078125,-11495.6806640625,-4050.538330078125,14887.1787109375,-4330.5166015625
377751.768100678,-2736.77001953125,122.5099105834961,-31963.978515625,15675.1220703125,-11489.6904296875,-4039.69775390625,14895.9404296875,-4326.716796875
377751.772043148,-2736.77001953125,122.4652099609375,-31963.240234375,15672.685546875,-11494.3173828125,-4041.463623046875,14894.7333984375,-4328.83984375
377751.775093629,-2732.903076171875,126.77909088134766,-31963.486328125,15677.759765625,-11491.3447265625,-4041.12841796875,14892.9892578125,-4328.61669921875
377751.778381147,-2731.114990234375,129.684814453125,-31963.91015625,15682.6318359375,-11481.9794921875,-4033.282958984375,14897.572265625,-4323.56494140625
377751.782146751,-2731.6513671875,131.4953155517578,-31962.099609375,15685.8056640625,-11477.8447265625,-4029.4384765625,14900.0751953125,-4321.0390625
377751.786189505,-2735.428955078125,129.4613037109375,-31964.201171875,15679.994140625,-11486.9189453125,-4039.474365234375,14892.05078125,-4326.828125
377751.791000623,-2732.813720703125,133.86459350585938,-31959.88671875,15682.095703125,-11483.3427734375,-4035.205078125,14896.96875,-4324.66015625
377751.795337668,-2737.909912109375,125.84032440185547,-31968.11328125,15676.7314453125,-11484.1025390625,-4035.473388671875,14896.1416015625,-4327.9013671875
377751.798348765,-2738.15576171875,116.69845581054688,-31976.65234375,15667.5224609375,-11490.048828125,-4040.949462890625,14892.744140625,-4327.38720703125
377751.802097958,-2734.288818359375,121.77230072021484,-31969.4765625,15674.7646484375,-11483.677734375,-4036.30029296875,14896.587890625,-4324.74951171875
377751.806294968,-2731.696044921875,131.62942504882812,-31959.060546875,15685.068359375,-11479.6552734375,-4034.53466796875,14897.3486328125,-4326.515625
377751.810420138,-2732.232421875,134.91513061523438,-31954.791015625,15686.431640625,-11480.3701171875,-4033.841552734375,14898.533203125,-4327.521484375
377751.814247736,-2730.131591796875,139.67605590820312,-31953.65234375,15691.4384765625,-11475.20703125,-4029.885498046875,14903.2939453125,-4323.1181640625
377751.818599732,-2733.2607421875,135.384521484375,-31959.171875,15686.72265625,-11477.173828125,-4033.72998046875,14902.310546875,-4320.21240234375
377751.823437471,-2737.35107421875,125.8179702758789,-31964.4921875,15677.8037109375,-11484.2587890625,-4040.2119140625,14895.8056640625,-4324.705078125
377751.827397445,-2730.287841796875,129.9530487060547,-31960.1328125,15680.44140625,-11482.5830078125,-4036.9931640625,14897.0126953125,-4325.0625
377751.831487971,-2734.4453125,129.2601318359375,-31963.0625,15676.1943359375,-11489.3330078125,-4043.5869140625,14893.9287109375,-4329.689453125
377751.837249789,-2737.57470703125,125.2591781616211,-31971.48828125,15667.7236328125,-11496.84375,-4051.745361328125,14886.8876953125,-4334.91943359375
377751.84046182,-2734.713623046875,128.85780334472656,-31973.076171875,15672.775390625,-11488.640625,-4043.9892578125,14890.1513671875,-4330.56103515625
377751.84415923,-2726.0634765625,136.99383544921875,-31963.955078125,15684.5546875,-11477.6650390625,-4033.260498046875,14898.4658203125,-4322.20166015625
377751.848306645,-2725.325927734375,137.46322631835938,-31959.955078125,15685.8505859375,-11480.2138671875,-4035.31689453125,14898.1083984375,-4323.76611328125
377751.852688909,-2727.784423828125,137.55264282226562,-31958.033203125,15685.470703125,-11481.7333984375,-4035.31689453125,14902.064453125,-4322.4697265625
377751.855641294,-2728.321044921875,144.25816345214844,-31954.58984375,15694.2548828125,-11470.736328125,-4024.49853515625,14908.5244140625,-4316.59130859375
377751.859387569,-2722.0400390625,145.59925842285156,-31954.880859375,15696.244140625,-11466.66796875,-4020.162353515625,14908.814453125,-4315.1162109375
377751.862587566,-2719.514404296875,144.7275390625,-31953.6953125,15695.126953125,-11467.451171875,-4020.2294921875,14908.0546875,-4316.94873046875
377751.866057785,-2734.780517578125,143.02880859375,-31951.640625,15690.3212890625,-11473.3740234375,-4024.029296875,14904.5009765625,-4322.4248046875
377751.870592117,-2746.068359375,160.12789916992188,-31945.158203125,15693.115234375,-11467.9873046875,-4014.41796875,14910.8037109375,-4321.0615234375
377751.874633413,-2733.126708984375,145.37574768066406,-31948.3984375,15689.001953125,-11468.92578125,-4017.569580078125,14906.2666015625,-4322.8720703125
377751.879491574,-2720.2744140625,139.63134765625,-31950.5,15691.4609375,-11466.4453125,-4020.989501953125,14900.6337890625,-4323.54248046875
377751.882552995,-2721.36962890625,141.28536987304688,-31951.013671875,15693.763671875,-11465.3046875,-4022.6435546875,14898.2197265625,-4325.97900390625
377751.88650604,-2726.2646484375,144.5934295654297,-31948.443359375,15695.3056640625,-11467.763671875,-4027.13623046875,14894.822265625,-4331.41064453125
377751.89053676,-2734.646484375,148.326171875,-31951.6171875,15689.5390625,-11475.51953125,-4035.048583984375,14887.7373046875,-4340.39599609375
377751.894095595,-2732.322021484375,136.21153259277344,-31955.9765625,15685.6044921875,-11476.01171875,-4033.90869140625,14889.4580078125,-4338.40673828125
377751.898561004,-2730.109130859375,130.04244995117188,-31963.59765625,15681.603515625,-11476.32421875,-4034.087646484375,14890.9111328125,-4337.04296875
377751.902646424,-2728.186767578125,132.0764617919922,-31964.6484375,15684.0849609375,-11475.654296875,-4034.177001953125,14892.3857421875,-4334.53955078125
377751.907547252,-2718.709716796875,140.681884765625,-31957.2734375,15693.0703125,-11471.4736328125,-4030.958251953125,14896.23046875,-4332.97509765625
377751.91143575,-2721.57080078125,142.6711883544922,-31954.658203125,15692.3779296875,-11474.357421875,-4032.165283203125,14897.28125,-4333.109375
377751.915532111,-2727.56103515625,153.15415954589844,-31956.087890625,15693.2041015625,-11474.87109375,-4032.634765625,14899.7841796875,-4327.94580078125
377751.919327617,-2715.37939453125,152.50595092773438,-31958.14453125,15695.373046875,-11474.87109375,-4036.52392578125,14897.4375,-4327.38720703125
377751.923374018,-2706.662109375,152.61770629882812,-31955.595703125,15696.087890625,-11474.87109375,-4034.73583984375,14897.9072265625,-4330.38232421875
377751.928207381,-2712.920654296875,152.08126831054688,-31953.80859375,15694.568359375,-11479.6552734375,-4038.870849609375,14892.1630859375,-4340.6865234375
377751.932575058,-2717.189697265625,149.4661102294922,-31949.875,15695.08203125,-11474.9609375,-4032.455810546875,14895.0908203125,-4342.98876953125
377751.936345038,-2714.194580078125,153.46707153320312,-31948.2421875,15700.826171875,-11467.048828125,-4025.191650390625,14901.0361328125,-4336.77490234375
377751.939570197,-2715.334716796875,149.7343292236328,-31954.09765625,15696.3564453125,-11468.859375,-4026.80078125,14902.064453125,-4331.00830078125
377751.943215094,-2715.78173828125,150.49429321289062,-31951.125,15700.4013671875,-11463.427734375,-4020.52001953125,14902.66796875,-4327.6552734375
377751.949494746,-2715.37939453125,153.4000244140625,-31939.94921875,15707.822265625,-11456.296875,-4012.94287109375,14905.4619140625,-4326.828125
377751.952390607,-2719.93896484375,150.06961059570312,-31937.669921875,15704.2236328125,-11459.3369140625,-4013.52392578125,14906.2890625,-4328.0576171875
377751.95556763,-2722.218994140625,150.22607421875,-31937.9375,15705.095703125,-11455.6494140625,-4009.969970703125,14909.8203125,-4323.96728515625
377751.958540801,-2717.681640625,150.5613555908203,-31942.765625,15705.408203125,-11453.771484375,-4010.439453125,14908.345703125,-4319.54150390625
377751.963179064,-2721.414306640625,148.6614532470703,-31946.65625,15705.2294921875,-11452.765625,-4010.50634765625,14908.14453125,-4319.072265625
377751.966217147,-2719.73779296875,152.28244018554688,-31942.966796875,15708.4033203125,-11450.6865234375,-4005.477294921875,14915.05078125,-4316.703125
377751.970219423,-2717.838134765625,152.28244018554688,-31943.16796875,15706.8388671875,-11454.1064453125,-4007.489013671875,14916.0341796875,-4316.099609375
377751.97563152,-2719.514404296875,152.39419555664062,-31947.169921875,15706.9951171875,-11454.28515625,-4009.634765625,14915.8330078125,-4312.00927734375
377751.979394936,-2719.022705078125,149.6002197265625,-31956.423828125,15700.2001953125,-11459.76171875,-4015.33447265625,14908.2109375,-4315.22802734375
377751.983537975,-2719.044921875,150.06961059570312,-31959.619140625,15695.529296875,-11464.9697265625,-4020.497802734375,14902.8916015625,-4321.19580078125
377751.986361995,-2721.14599609375,152.99769592285156,-31954.58984375,15696.7587890625,-11466.7802734375,-4019.268310546875,14905.9091796875,-4321.44140625
377751.990473307,-2714.708740234375,153.86941528320312,-31952.287109375,15694.232421875,-11471.9658203125,-4023.91748046875,14906.1328125,-4322.447265625
377751.99537997,-2720.453125,146.4933319091797,-31962.189453125,15687.0576171875,-11478.224609375,-4030.51123046875,14900.544921875,-4325.53173828125
377751.999328638,-2722.57666015625,143.60995483398438,-31966.369140625,15687.3486328125,-11474.916015625,-4027.91845703125,14899.5390625,-4321.95556640625
377752.003294082,-2719.35791015625,143.07351684570312,-31963.0390625,15687.7509765625,-11474.2900390625,-4027.493896484375,14900.65625,-4316.3232421875
377752.007311674,-2714.6640625,147.8120880126953,-31953.40625,15693.4052734375,-11471.1611328125,-4025.973876953125,14902.958984375,-4315.36181640625
377752.011494097,-2711.736083984375,153.98117065429688,-31942.296875,15700.8486328125,-11466.4892578125,-4023.559814453125,14903.6513671875,-4317.6640625
377752.016400395,-2713.501708984375,157.15512084960938,-31938.541015625,15705.3193359375,-11460.1865234375,-4016.764892578125,14906.4453125,-4317.01611328125
377752.020414705,-2717.994384765625,151.94715881347656,-31945.828125,15700.9609375,-11462.5107421875,-4018.977783203125,14901.953125,-4321.79931640625
377752.023441118,-2711.311279296875,159.79261779785156,-31939.32421875,15708.068359375,-11454.8671875,-4010.23828125,14912.7041015625,-4311.36083984375
377752.027362071,-2714.37353515625,159.16677856445312,-31936.1953125,15709.0966796875,-11452.67578125,-4006.192626953125,14920.19140625,-4306.0859375
377752.030536541,-2724.789306640625,158.67503356933594,-31937.24609375,15709.275390625,-11453.3466796875,-4005.611328125,14921.5771484375,-4307.38232421875
377752.034640925,-2727.516357421875,156.61866760253906,-31941.759765625,15711.197265625,-11448.7646484375,-4002.92919921875,14921.5771484375,-4308.54443359375
377752.03839887,-2721.97314453125,137.8655548095703,-31956.4453125,15698.3896484375,-11456.8564453125,-4012.4287109375,14912.525390625,-4312.38916015625
377752.042720963,-2727.516357421875,131.67413330078125,-31964.0234375,15690.208984375,-11466.5341796875,-4023.157470703125,14901.8857421875,-4319.8544921875
377752.046533974,-2725.638671875,137.32911682128906,-31956.333984375,15696.9150390625,-11459.44921875,-4012.786376953125,14908.5693359375,-4320.39111328125
377752.050406426,-2724.275390625,143.49819946289062,-31951.013671875,15700.4462890625,-11458.5546875,-4009.880615234375,14913.5751953125,-4317.6865234375
377752.053505774,-2718.195556640625,147.92384338378906,-31950.5,15699.91015625,-11459.4267578125,-4010.75244140625,14916.0341796875,-4310.57861328125
377752.058389827,-2711.087890625,149.175537109375,-31953.986328125,15698.30078125,-11460.9462890625,-4015.379150390625,14912.837890625,-4306.95751953125
377752.062435498,-2720.698974609375,146.4933319091797,-31958.970703125,15694.076171875,-11468.859375,-4026.91259765625,14901.662109375,-4317.17236328125
377752.066605158,-2727.784423828125,155.88107299804688,-31953.6953125,15695.1494140625,-11468.61328125,-4024.878662109375,14901.55078125,-4318.93798828125
377752.070613998,-2715.6474609375,150.62840270996094,-31948.48828125,15694.9033203125,-11468.9482421875,-4023.8056640625,14902.17578125,-4320.435546875
377752.074608615,-2715.98291015625,148.59439086914062,-31950.455078125,15691.05859375,-11471.943359375,-4025.549072265625,14902.82421875,-4320.79345703125
377752.080514114,-2718.6650390625,149.0861358642578,-31952.01953125,15694.92578125,-11465.4833984375,-4020.095458984375,14905.2158203125,-4317.5078125
377752.083783399,-2711.15478515625,157.82566833496094,-31943.056640625,15710.125,-11453.3916015625,-4010.841796875,14912.9716796875,-4310.82470703125
377752.087719304,-2707.77978515625,162.78775024414062,-31933.087890625,15717.232421875,-11445.255859375,-3999.50927734375,14927.0986328125,-4305.14697265625
377752.091714651,-2716.94384765625,159.8820343017578,-31934.40625,15713.09765625,-11450.3291015625,-4001.2080078125,14928.037109375,-4305.3037109375
377752.09574683,-2716.98876953125,154.74111938476562,-31941.3359375,15705.498046875,-11456.8115234375,-4005.589111328125,14922.29296875,-4309.97509765625
377752.100479179,-2710.685546875,159.61380004882812,-31940.44140625,15708.91796875,-11453.7939453125,-4004.896240234375,14917.1962890625,-4312.18798828125
377752.105502536,-2712.78662109375,162.31837463378906,-31935.30078125,15714.416015625,-11450.2841796875,-4003.957275390625,14915.1845703125,-4311.74072265625
377752.108592767,-2710.305419921875,168.35333251953125,-31925.2421875,15721.9267578125,-11442.3720703125,-3993.31787109375,14923.208984375,-4310.62353515625
377752.112670894,-2715.8486328125,164.9782257080078,-31922.650390625,15720.3173828125,-11442.3271484375,-3992.51318359375,14926.2939453125,-4310.57861328125
377752.115500384,-2721.57080078125,154.98699951171875,-31931.232421875,15712.3603515625,-11447.06640625,-3996.961181640625,14924.86328125,-4309.2822265625
377752.11878535,-2732.0537109375,136.99383544921875,-31952.087890625,15694.0087890625,-11462.0859375,-4013.14404296875,14910.8037109375,-4314.60205078125
377752.122745324,-2733.104248046875,132.25527954101562,-31956.109375,15691.7958984375,-11464.6572265625,-4017.30126953125,14907.2724609375,-4313.2607421875
377752.126623975,-2725.77294921875,138.89373779296875,-31948.220703125,15701.4072265625,-11458.107421875,-4013.255615234375,14910.55859375,-4312.18798828125
377752.130558786,-2728.36572265625,137.61968994140625,-31951.193359375,15700.4462890625,-11461.7734375,-4019.4248046875,14907.8984375,-4317.17236328125
377752.133841929,-2727.96337890625,135.85389709472656,-31957.80859375,15696.84765625,-11466.400390625,-4023.224609375,14907.33984375,-4315.13818359375
377752.137477344,-2724.4765625,136.7926788330078,-31964.08984375,15693.517578125,-11467.80859375,-4023.760986328125,14908.501953125,-4310.2880859375
377752.143799299,-2732.992431640625,143.92288208007812,-31966.302734375,15690.3662109375,-11469.931640625,-4025.146728515625,14909.9765625,-4307.4716796875
377752.147760002,-2724.699951171875,139.5419464111328,-31963.21875,15688.0634765625,-11474.2236328125,-4027.873779296875,14908.2333984375,-4310.39990234375
377752.150592045,-2715.401611328125,140.72657775878906,-31960.3125,15687.03515625,-11480.0126953125,-4032.277099609375,14904.0986328125,-4316.7255859375
377752.15457171,-2716.58642578125,143.47584533691406,-31962.123046875,15688.533203125,-11477.28515625,-4030.578369140625,14904.0087890625,-4318.96044921875
377752.158656037,-2708.830322265625,152.57301330566406,-31959.306640625,15698.45703125,-11465.998046875,-4021.659912109375,14909.5966796875,-4314.7138671875
377752.162623669,-2712.25,151.81304931640625,-31959.955078125,15696.9150390625,-11466.646484375,-4021.883544921875,14910.513671875,-4318.0439453125
377752.167653226,-2725.83984375,153.9588165283203,-31955.931640625,15694.6796875,-11467.9873046875,-4020.34130859375,14913.59765625,-4317.6640625
377752.171655501,-2720.16259765625,146.18040466308594,-31950.119140625,15696.646484375,-11468.2998046875,-4021.32470703125,14914.3798828125,-4320.4580078125
377752.175575361,-2719.626220703125,144.3028564453125,-31947.9296875,15700.6025390625,-11462.2431640625,-4015.893310546875,14915.5654296875,-4319.1171875
377752.181476484,-2730.53369140625,141.330078125,-31952.51171875,15696.7138671875,-11457.2138671875,-4005.365478515625,14919.6552734375,-4315.60791015625
377752.184495603,-2726.75634765625,152.08126831054688,-31943.81640625,15705.498046875,-11451.2236328125,-4000.202392578125,14920.6162109375,-4313.3056640625
377752.187596774,-2710.8642578125,161.22312927246094,-31926.091796875,15723.78125,-11439.376953125,-3990.94873046875,14925.7353515625,-4312.6796875
