#377719.178891688,-2616.919921875,166.65460205078125,-31933.580078125,15827.716796875,-11521.1396484375,-3914.97509765625,15053.6982421875,-4331.56689453125
377719.182825041,-2616.71875,165.3358612060547,-31932.751953125,15822.3974609375,-11528.6279296875,-3922.060546875,15048.3564453125,-4338.0263671875
377719.188787064,-2612.270751953125,170.9014434814453,-31924.548828125,15823.470703125,-11528.6279296875,-3921.859375,15049.6083984375,-4338.4736328125
377719.192889624,-2614.7294921875,172.86839294433594,-31925.15234375,15823.7607421875,-11532.9189453125,-3929.906005859375,15043.3271484375,-4344.12841796875
377719.195768345,-2608.247314453125,181.2279510498047,-31923.1640625,15830.0419921875,-11529.3876953125,-3931.694091796875,15043.505859375,-4342.18408203125
377719.198949015,-2602.346435546875,187.3746795654297,-31920.056640625,15831.6962890625,-11528.001953125,-3932.141357421875,15042.3662109375,-4345.20166015625
377719.202811621,-2596.42333984375,196.04714965820312,-31909.08203125,15837.9541015625,-11525.3193359375,-3929.19091796875,15047.26171875,-4345.53662109375
377719.206834318,-2601.251220703125,198.41644287109375,-31903.8515625,15836.859375,-11528.3818359375,-3930.196533203125,15048.1103515625,-4347.95068359375
377719.210906975,-2604.5146484375,196.5612335205078,-31905.818359375,15836.009765625,-11530.6171875,-3933.77294921875,15043.70703125,-4353.38232421875
377719.214913627,-2604.559326171875,190.3921661376953,-31911.205078125,15833.6630859375,-11531.1533203125,-3935.806884765625,15040.2880859375,-4351.72802734375
377719.218926478,-2608.962646484375,182.0773162841797,-31911.7421875,15834.3115234375,-11528.3818359375,-3936.38818359375,15037.2255859375,-4352.2646484375
377719.222897027,-2609.40966796875,181.0267791748047,-31902.466796875,15844.4140625,-11519.3291015625,-3929.526123046875,15043.505859375,-4349.0234375
377719.22599601,-2613.5,183.708984375,-31894.0625,15853.533203125,-11512.9365234375,-3923.602783203125,15049.8095703125,-4346.11767578125
377719.230866934,-2620.49609375,179.8868408203125,-31895.828125,15855.5673828125,-11510.857421875,-3921.144287109375,15050.3681640625,-4345.291015625
377719.234898748,-2628.7216796875,164.1288604736328,-31914.580078125,15842.513671875,-11515.439453125,-3925.6591796875,15043.5732421875,-4346.31884765625
377719.238928739,-2635.739990234375,149.22024536132812,-31930.5625,15826.6220703125,-11522.078125,-3930.934326171875,15038.65625,-4344.5087890625
377719.243217647,-2636.969482421875,146.42628479003906,-31933.1328125,15823.58203125,-11521.67578125,-3926.888671875,15041.8076171875,-4341.2451171875
377719.247017894,-2633.750732421875,153.9141082763672,-31929.33203125,15827.806640625,-11520.1787109375,-3922.530029296875,15045.16015625,-4343.078125
377719.251107326,-2633.348388671875,158.9208984375,-31928.998046875,15828.455078125,-11521.5419921875,-3922.217041015625,15045.8310546875,-4342.76513671875
377719.254349261,-2636.20947265625,157.06570434570312,-31940.330078125,15820.9892578125,-11530.3037109375,-3932.2529296875,15038.4326171875,-4342.74267578125
377719.25926978,-2624.22900390625,168.17453002929688,-31934.09375,15829.0810546875,-11524.58203125,-3928.4755859375,15043.1708984375,-4332.95263671875
377719.263247987,-2622.843017578125,169.515625,-31930.919921875,15828.611328125,-11524.7607421875,-3926.218017578125,15043.8642578125,-4335.880859375
377719.268369806,-2624.854736328125,170.7002716064453,-31928.841796875,15828.41015625,-11524.89453125,-3922.530029296875,15046.255859375,-4341.75927734375
377719.272122646,-2623.3349609375,172.51075744628906,-31927.767578125,15828.96875,-11526.0341796875,-3924.228759765625,15043.4169921875,-4340.6416015625
377719.275956443,-2623.580810546875,168.50979614257812,-31935.724609375,15823.6943359375,-11529.87890625,-3929.995361328125,15039.86328125,-4339.6357421875
377719.280213624,-2626.41943359375,165.24644470214844,-31939.369140625,15819.15625,-11533.9697265625,-3937.192626953125,15034.4091796875,-4342.54150390625
377719.283177679,-2619.557373046875,164.91116333007812,-31935.412109375,15818.8662109375,-11537.232421875,-3940.54541015625,15030.8330078125,-4346.14013671875
377719.286013368,-2621.882080078125,162.74305725097656,-31930.830078125,15817.94921875,-11534.2373046875,-3933.191650390625,15037.091796875,-4347.36962890625
377719.290958686,-2617.456298828125,171.68374633789062,-31922.60546875,15827.2255859375,-11527.599609375,-3927.134521484375,15046.0546875,-4340.77587890625
377719.294928141,-2616.338623046875,174.07537841796875,-31921.30859375,15830.533203125,-11523.240234375,-3922.999267578125,15052.447265625,-4330.73974609375
377719.29941616,-2613.7236328125,175.863525390625,-31918.916015625,15831.4951171875,-11521.966796875,-3920.227783203125,15056.4931640625,-4326.0234375
377719.302936339,-2612.382568359375,178.9033660888672,-31918.3359375,15832.34375,-11527.263671875,-3926.15087890625,15049.8994140625,-4333.17626953125
377719.305979162,-2612.091796875,182.47964477539062,-31915.318359375,15837.126953125,-11527.2861328125,-3927.894287109375,15047.9990234375,-4334.58447265625
377719.312420364,-2617.63525390625,175.68470764160156,-31925.689453125,15830.6455078125,-11534.86328125,-3936.723388671875,15039.9072265625,-4342.18408203125
377719.31544933,-2619.646728515625,170.20852661132812,-31938.787109375,15825.0126953125,-11536.4951171875,-3939.517333984375,15037.560546875,-4340.6640625
377719.319461817,-2615.80224609375,169.515625,-31941.24609375,15825.75,-11528.068359375,-3931.403564453125,15044.19921875,-4333.77978515625
377719.323513323,-2614.505859375,172.0413818359375,-31934.8984375,15833.5283203125,-11518.6357421875,-3922.418212890625,15047.9541015625,-4333.01953125
377719.327389057,-2620.1162109375,172.3319549560547,-31930.25,15837.865234375,-11514.724609375,-3917.27734375,15048.8935546875,-4332.4833984375
377719.331435093,-2620.138427734375,176.64584350585938,-31924.21484375,15843.609375,-11503.458984375,-3904.536865234375,15057.38671875,-4328.4599609375
377719.335397984,-2620.9208984375,174.99180603027344,-31928.1484375,15838.9150390625,-11501.626953125,-3905.095703125,15058.3701171875,-4325.6435546875
377719.339084089,-2617.2998046875,178.5457305908203,-31926.13671875,15841.2177734375,-11499.3916015625,-3906.526123046875,15058.951171875,-4322.6259765625
377719.342308519,-2614.61767578125,186.61471557617188,-31916.994140625,15849.30859375,-11495.2119140625,-3899.59716796875,15063.6005859375,-4322.89453125
377719.347294315,-2615.243408203125,183.86544799804688,-31917.732421875,15841.3740234375,-11507.1025390625,-3907.8671875,15056.0009765625,-4333.6904296875
377719.35237602,-2618.01513671875,177.40579223632812,-31923.8125,15832.5673828125,-11518.658203125,-3919.624267578125,15047.619140625,-4341.35693359375
377719.355103767,-2621.3232421875,170.3426513671875,-31933.310546875,15824.3642578125,-11526.50390625,-3928.74365234375,15039.2373046875,-4346.94482421875
377719.359257746,-2614.751708984375,178.1210479736328,-31927.09765625,15833.5283203125,-11516.3115234375,-3918.819580078125,15047.2392578125,-4339.255859375
377719.362419088,-2616.42822265625,174.14244079589844,-31929.17578125,15826.15234375,-11524.4697265625,-3924.96630859375,15042.0537109375,-4341.20068359375
377719.366136555,-2614.01416015625,177.49520874023438,-31925.82421875,15829.0810546875,-11525.990234375,-3925.994384765625,15039.2373046875,-4344.2626953125
377719.37020046,-2612.382568359375,180.28916931152344,-31928.193359375,15829.7509765625,-11530.6611328125,-3931.113037109375,15035.1025390625,-4345.78271484375
377719.37499845,-2616.674072265625,174.27655029296875,-31941.984375,15821.056640625,-11539.625,-3941.797119140625,15027.345703125,-4347.12353515625
377719.379402229,-2616.71875,173.38247680664062,-31945.4921875,15818.798828125,-11541.748046875,-3943.36181640625,15028.1279296875,-4343.21240234375
377719.384386931,-2613.3212890625,179.70802307128906,-31938.251953125,15825.884765625,-11536.47265625,-3935.8515625,15034.990234375,-4337.75830078125
377719.388082882,-2610.728515625,182.01025390625,-31935.412109375,15828.0078125,-11537.009765625,-3936.052734375,15038.1640625,-4339.0546875
377719.391210674,-2615.109375,178.81394958496094,-31938.7421875,15826.1083984375,-11538.775390625,-3938.913818359375,15039.2373046875,-4339.4345703125
377719.394279025,-2621.367919921875,173.2483673095703,-31945.73828125,15823.2021484375,-11537.322265625,-3940.299560546875,15037.806640625,-4337.15478515625
377719.398238634,-2617.143310546875,175.17062377929688,-31941.783203125,15829.7509765625,-11525.900390625,-3930.420166015625,15044.0654296875,-4327.119140625
377719.402192043,-2620.943115234375,171.0579071044922,-31939.458984375,15832.4560546875,-11518.7255859375,-3922.865234375,15048.5576171875,-4323.16259765625
377719.40707719,-2629.369873046875,164.8441162109375,-31938.1171875,15831.8525390625,-11517.384765625,-3919.892578125,15049.1162109375,-4326.98486328125
377719.412438233,-2621.41259765625,179.05982971191406,-31924.794921875,15849.197265625,-11503.75,-3909.07421875,15055.0849609375,-4326.42578125
377719.417131562,-2620.22802734375,177.83047485351562,-31927.72265625,15848.236328125,-11502.0732421875,-3910.39306640625,15051.486328125,-4324.74951171875
377719.420430385,-2616.60693359375,178.2775115966797,-31924.4375,15846.9169921875,-11494.138671875,-3900.98291015625,15061.5888671875,-4316.703125
377719.423223044,-2607.80029296875,191.30857849121094,-31911.361328125,15859.970703125,-11480.056640625,-3887.348388671875,15073.3681640625,-4312.76904296875
377719.428220874,-2610.728515625,188.93930053710938,-31911.876953125,15855.076171875,-11489.400390625,-3897.00439453125,15065.3212890625,-4320.2568359375
377719.431484324,-2614.260009765625,185.4747772216797,-31915.921875,15849.48828125,-11496.060546875,-3904.693359375,15057.87890625,-4325.33056640625
377719.435145631,-2613.79052734375,180.91502380371094,-31926.583984375,15838.4013671875,-11507.7509765625,-3917.500732421875,15049.1611328125,-4325.53173828125
377719.439109981,-2610.057861328125,181.85379028320312,-31929.98046875,15835.9423828125,-11513.271484375,-3922.641845703125,15044.712890625,-4322.80517578125
377719.443463436,-2610.21435546875,182.7255096435547,-31926.830078125,15835.115234375,-11515.015625,-3922.217041015625,15043.70703125,-4326.0908203125
377719.44627688,-2615.5341796875,181.18324279785156,-31925.98046875,15831.9189453125,-11518.79296875,-3924.58642578125,15042.58984375,-4329.3095703125
377719.450202939,-2618.41748046875,176.7799530029297,-31931.5,15826.0634765625,-11525.5654296875,-3931.4482421875,15037.494140625,-4331.41064453125
377719.454274138,-2618.61865234375,169.78384399414062,-31944.15234375,15818.5087890625,-11532.3828125,-3939.18212890625,15030.20703125,-4331.6787109375
377719.45851345,-2623.178466796875,163.41360473632812,-31955.1484375,15809.6123046875,-11540.25,-3947.228759765625,15024.9541015625,-4334.58447265625
377719.463174688,-2623.983154296875,165.1346893310547,-31951.796875,15811.4228515625,-11538.9091796875,-3944.2783203125,15029.3798828125,-4334.80810546875
377719.467248804,-2618.99853515625,175.28237915039062,-31936.642578125,15825.8173828125,-11529.431640625,-3934.35400390625,15037.314453125,-4333.265625
377719.471554487,-2618.551513671875,177.87518310546875,-31930.96484375,15829.974609375,-11529.07421875,-3933.035400390625,15039.05859375,-4330.53857421875
377719.47459184,-2618.529296875,176.0870361328125,-31932.841796875,15830.935546875,-11524.4697265625,-3929.36962890625,15044.5791015625,-4322.00048828125
377719.478496748,-2620.071533203125,172.10842895507812,-31933.736328125,15830.98046875,-11521.0498046875,-3924.407470703125,15046.8369140625,-4321.59814453125
377719.482601862,-2629.39208984375,162.13955688476562,-31935.970703125,15822.6884765625,-11528.068359375,-3929.034423828125,15041.875,-4327.87890625
377719.486282496,-2628.7216796875,172.30960083007812,-31924.34765625,15840.748046875,-11514.12109375,-3920.808837890625,15046.5234375,-4327.99072265625
377719.491472873,-2632.275634765625,171.21435546875,-31923.185546875,15844.2353515625,-11509.62890625,-3918.126708984375,15050.30078125,-4322.96142578125
377719.495336574,-2635.069580078125,170.364990234375,-31924.125,15846.380859375,-11502.095703125,-3911.19775390625,15056.26953125,-4316.16650390625
377719.499382245,-2634.063720703125,179.57391357421875,-31920.68359375,15851.90234375,-11496.150390625,-3906.1015625,15059.9794921875,-4315.94287109375
377719.502376202,-2626.01708984375,187.32997131347656,-31916.81640625,15851.56640625,-11496.84375,-3904.939208984375,15059.5546875,-4318.0439453125
377719.507385338,-2620.98779296875,177.36109924316406,-31913.798828125,15845.017578125,-11499.16796875,-3902.8828125,15058.7724609375,-4320.0556640625
377719.511462371,-2619.870361328125,181.60792541503906,-31914.3125,15843.36328125,-11499.16796875,-3900.111083984375,15059.755859375,-4316.21142578125
377719.51455953,-2613.276611328125,186.3688507080078,-31915.541015625,15844.861328125,-11493.982421875,-3895.842041015625,15065.4560546875,-4307.896484375
377719.518623071,-2605.02880859375,193.5884552001953,-31914.603515625,15847.8564453125,-11497.111328125,-3903.016845703125,15062.0810546875,-4308.16455078125
377719.523360525,-2612.561279296875,188.7157745361328,-31917.306640625,15840.8154296875,-11507.21484375,-3909.78955078125,15055.6435546875,-4314.892578125
377719.527607496,-2614.9306640625,188.80519104003906,-31913.8203125,15838.982421875,-11509.025390625,-3909.141357421875,15056.671875,-4318.17822265625
377719.530631356,-2614.3046875,188.20169067382812,-31917.822265625,15835.6748046875,-11516.1103515625,-3917.8583984375,15052.0673828125,-4324.14599609375
377719.534394407,-2618.238525390625,185.8994598388672,-31924.90625,15834.7353515625,-11513.7412109375,-3916.517333984375,15052.9609375,-4325.2412109375
377719.53838319,-2611.7119140625,191.2415313720703,-31920.34765625,15842.7373046875,-11500.7099609375,-3902.525146484375,15061.119140625,-4317.6865234375
377719.542420109,-2606.749755859375,195.39895629882812,-31914.87109375,15847.140625,-11499.5703125,-3902.16748046875,15061.2314453125,-4316.2783203125
377719.547295409,-2610.84033203125,191.6885528564453,-31916.435546875,15841.1064453125,-11508.3994140625,-3911.018798828125,15055.8671875,-4322.80517578125
377719.551582858,-2611.644775390625,192.60498046875,-31918.58203125,15837.9765625,-11513.607421875,-3915.735107421875,15052.357421875,-4324.90625
377719.555443641,-2619.82568359375,186.27943420410156,-31929.17578125,15829.4833984375,-11520.40234375,-3921.546630859375,15047.73046875,-4326.33642578125
377719.558659684,-2607.5322265625,194.54959106445312,-31926.494140625,15835.5625,-11516.9375,-3919.736083984375,15051.306640625,-4325.33056640625
377719.562235658,-2614.572998046875,187.41937255859375,-31931.45703125,15828.298828125,-11525.6103515625,-3928.006103515625,15046.814453125,-4329.73388671875
377719.566272942,-2619.1328125,190.5709686279297,-31924.638671875,15838.8037109375,-11516.9375,-3921.59130859375,15049.138671875,-4330.896484375
377719.570553462,-2623.357177734375,189.00634765625,-31924.4609375,15843.453125,-11512.5341796875,-3918.57373046875,15047.6640625,-4333.6904296875
377719.574575795,-2615.377685546875,186.70411682128906,-31926.986328125,15842.8720703125,-11510.298828125,-3917.411376953125,15048.78125,-4327.16357421875
377719.579544816,-2615.19873046875,185.07244873046875,-31929.712890625,15842.55859375,-11510.2763671875,-3920.36181640625,15045.4736328125,-4325.0849609375
377719.58373745,-2624.966552734375,178.79161071777344,-31928.505859375,15840.7041015625,-11509.3154296875,-3919.8701171875,15044.087890625,-4324.92822265625
377719.586460456,-2619.19970703125,188.60401916503906,-31914.4921875,15850.203125,-11497.759765625,-3906.0791015625,15055.3076171875,-4318.80419921875
377719.590610059,-2615.42236328125,201.1656951904297,-31910.625,15856.3046875,-11494.98828125,-3906.011962890625,15055.978515625,-4320.123046875
377719.594455161,-2615.467041015625,193.3649444580078,-31912.390625,15858.16015625,-11487.58984375,-3899.060546875,15062.37109375,-4315.60791015625
377719.598568297,-2612.60595703125,198.8858184814453,-31914.24609375,15857.646484375,-11486.5390625,-3897.652587890625,15064.3154296875,-4309.1259765625
377719.602488157,-2618.39501953125,194.4378204345703,-31921.287109375,15847.7890625,-11501.5146484375,-3912.047119140625,15055.0849609375,-4320.56982421875
377719.608508163,-2615.444580078125,183.79840087890625,-31920.01171875,15842.9609375,-11506.119140625,-3913.58935546875,15055.666015625,-4322.849609375
377719.611765049,-2615.042236328125,184.29013061523438,-31922.60546875,15839.2958984375,-11510.74609375,-3916.56201171875,15052.5810546875,-4321.97802734375
377719.614526345,-2610.01318359375,185.6982879638672,-31930.09375,15836.904296875,-11515.328125,-3924.876953125,15043.7744140625,-4321.486328125
377719.618722262,-2612.963623046875,180.35623168945312,-31939.16796875,15829.572265625,-11523.6650390625,-3932.16357421875,15037.1357421875,-4324.54833984375
377719.622489688,-2610.7060546875,179.70802307128906,-31937.580078125,15829.70703125,-11522.5703125,-3929.034423828125,15035.9287109375,-4325.0849609375
377719.626506916,-2616.31640625,174.96945190429688,-31938.765625,15824.341796875,-11527.5771484375,-3934.197509765625,15029.3349609375,-4338.0263671875
377719.630588325,-2611.935546875,183.9995574951172,-31930.40625,15833.88671875,-11520.0,-3930.35302734375,15033.134765625,-4332.6396484375
377719.634531159,-2612.762451171875,181.27264404296875,-31936.6640625,15830.533203125,-11522.81640625,-3936.38818359375,15026.9208984375,-4334.80810546875
377719.639708408,-2619.758544921875,173.94126892089844,-31943.4140625,15823.8955078125,-11525.69921875,-3937.34912109375,15026.02734375,-4336.97607421875
377719.642503984,-2619.7138671875,174.85769653320312,-31941.111328125,15822.4423828125,-11527.7783203125,-3935.091552734375,15031.16796875,-4333.51171875
377719.646715581,-2615.02001953125,181.80908203125,-31934.294921875,15830.779296875,-11521.966796875,-3929.54833984375,15036.2421875,-4332.72900390625
377719.650723691,-2615.869384765625,184.80422973632812,-31931.232421875,15836.501953125,-11516.04296875,-3926.75439453125,15036.4658203125,-4333.109375
377719.65447799,-2628.274658203125,174.20950317382812,-31943.34765625,15827.0244140625,-11521.162109375,-3934.219970703125,15027.7255859375,-4336.037109375
377719.658556482,-2626.732421875,172.57781982421875,-31942.966796875,15828.119140625,-11516.9375,-3929.526123046875,15033.984375,-4332.70703125
377719.662648467,-2621.859619140625,178.1881103515625,-31934.18359375,15834.5791015625,-11511.103515625,-3923.37939453125,15040.2431640625,-4329.0859375
377719.667546012,-2626.866455078125,173.0248565673828,-31933.04296875,15831.6962890625,-11514.0322265625,-3925.636962890625,15039.3935546875,-4333.98095703125
377719.670440779,-2627.3134765625,173.09190368652344,-31934.697265625,15831.3603515625,-11514.5908203125,-3926.307373046875,15039.259765625,-4331.18701171875
377719.674532399,-2630.30859375,171.57199096679688,-31943.302734375,15828.3876953125,-11516.4677734375,-3930.37548828125,15035.34765625,-4328.236328125
377719.679630878,-2629.056884765625,174.20950317382812,-31944.353515625,15831.9189453125,-11511.193359375,-3928.117919921875,15035.5263671875,-4327.00732421875
377719.683668892,-2627.045166015625,169.0909423828125,-31945.58203125,15828.1416015625,-11514.4560546875,-3930.733154296875,15030.9892578125,-4334.47265625
377719.686589915,-2624.251220703125,170.94613647460938,-31939.123046875,15829.662109375,-11511.23828125,-3923.826416015625,15038.5439453125,-4331.298828125
377719.691413067,-2628.20751953125,172.73428344726562,-31940.306640625,15830.623046875,-11514.814453125,-3929.57080078125,15035.83984375,-4331.8798828125
377719.695703434,-2625.748779296875,175.39413452148438,-31943.927734375,15833.484375,-11513.6962890625,-3930.15185546875,15036.353515625,-4328.54931640625
377719.699777914,-2621.635986328125,176.8470001220703,-31943.302734375,15834.8251953125,-11510.4111328125,-3923.200439453125,15043.595703125,-4318.60302734375
377719.70261251,-2621.367919921875,175.81881713867188,-31942.810546875,15831.9189453125,-11513.8974609375,-3925.77099609375,15041.2939453125,-4320.3017578125
377719.706526535,-2624.6982421875,170.8567352294922,-31944.64453125,15825.8623046875,-11521.1171875,-3930.017822265625,15038.2763671875,-4329.17529296875
377719.710710052,-2630.375732421875,164.79940795898438,-31948.2421875,15818.4638671875,-11527.0849609375,-3934.421142578125,15035.884765625,-4330.20361328125
377719.714906333,-2629.81689453125,166.94517517089844,-31954.09765625,15818.5302734375,-11529.4990234375,-3940.992431640625,15028.8212890625,-4332.34912109375
377719.71896878,-2630.4873046875,161.8042755126953,-31960.826171875,15810.7744140625,-11535.6904296875,-3948.033447265625,15022.6748046875,-4338.38427734375
377719.723563648,-2628.7216796875,163.45831298828125,-31953.13671875,15814.619140625,-11530.28125,-3942.6689453125,15027.1005859375,-4337.0654296875
377719.727590721,-2634.9130859375,160.8878631591797,-31952.35546875,15810.8642578125,-11537.0537109375,-3949.687255859375,15020.751953125,-4344.15087890625
377719.73092747,-2629.39208984375,167.74984741210938,-31943.5703125,15818.9111328125,-11528.314453125,-3940.97021484375,15027.234375,-4340.39599609375
377719.734717871,-2628.20751953125,167.36985778808594,-31947.90625,15818.6201171875,-11526.6826171875,-3940.14306640625,15026.1611328125,-4335.79150390625
377719.738628249,-2625.636962890625,169.1580047607422,-31946.25390625,15822.0625,-11520.46875,-3936.38818359375,15026.98828125,-4333.75732421875
377719.742874126,-2627.335693359375,171.16966247558594,-31942.275390625,15825.0126953125,-11519.8876953125,-3937.57275390625,15024.306640625,-4338.4287109375
377719.746971581,-2625.03369140625,175.70706176757812,-31934.541015625,15828.96875,-11518.859375,-3936.119873046875,15025.78125,-4341.021484375
377719.750985161,-2619.043212890625,174.0306854248047,-31933.9375,15825.794921875,-11521.408203125,-3935.717529296875,15027.5029296875,-4340.6416015625
377719.755900211,-2627.00048828125,173.6730499267578,-31945.248046875,15816.876953125,-11526.705078125,-3940.635009765625,15024.6416015625,-4337.33349609375
377719.759886076,-2627.447509765625,171.6390380859375,-31948.107421875,15820.0732421875,-11523.419921875,-3939.2490234375,15025.3564453125,-4332.3046875
377719.762940569,-2620.160888671875,166.94517517089844,-31941.873046875,15822.2412109375,-11523.8662109375,-3940.009033203125,15025.1552734375,-4332.4609375
377719.766672622,-2622.351318359375,168.88978576660156,-31935.994140625,15824.587890625,-11522.9052734375,-3936.097412109375,15029.3349609375,-4331.92431640625
377719.770675627,-2624.51953125,166.6099090576172,-31938.20703125,15822.5537109375,-11523.3076171875,-3935.8515625,15029.5361328125,-4331.92431640625
377719.77477527,-2632.655517578125,161.1113739013672,-31946.923828125,15818.4638671875,-11526.2138671875,-3941.327880859375,15022.853515625,-4334.47265625
377719.778770252,-2628.095703125,165.00057983398438,-31943.525390625,15824.4990234375,-11520.15625,-3937.95263671875,15027.7255859375,-4327.56591796875
377719.783929268,-2629.079345703125,164.91116333007812,-31944.263671875,15824.3642578125,-11523.375,-3940.411376953125,15024.2392578125,-4333.13134765625
377719.786674883,-2630.353271484375,165.6934814453125,-31945.359375,15818.240234375,-11530.1474609375,-3942.78076171875,15021.5126953125,-4338.09375
377719.790699404,-2629.280517578125,165.31350708007812,-31947.86328125,15815.37890625,-11534.0361328125,-3945.127685546875,15019.9248046875,-4340.10546875
377719.794930329,-2629.280517578125,165.93934631347656,-31951.505859375,15818.0615234375,-11533.388671875,-3948.815673828125,15015.96875,-4339.79248046875
377719.79871526,-2625.21240234375,164.59825134277344,-31952.17578125,15816.876953125,-11531.623046875,-3946.93798828125,15018.3154296875,-4338.09375
377719.802720088,-2622.776123046875,165.7828826904297,-31948.220703125,15817.681640625,-11532.0693359375,-3947.2734375,15019.3212890625,-4339.501953125
377719.806773418,-2622.19482421875,171.01319885253906,-31940.576171875,15823.26953125,-11527.15234375,-3942.646484375,15021.0205078125,-4341.96044921875
377719.811628661,-2622.753662109375,175.97528076171875,-31934.072265625,15828.923828125,-11517.83203125,-3930.710693359375,15029.291015625,-4338.853515625
377719.814741866,-2621.635986328125,176.31056213378906,-31939.212890625,15826.3310546875,-11519.1953125,-3930.822509765625,15028.6201171875,-4335.32177734375
377719.81859645,-2620.451416015625,172.80133056640625,-31943.458984375,15822.1962890625,-11520.603515625,-3931.35888671875,15029.08984375,-4330.5166015625
377719.823712434,-2627.22412109375,169.1580047607422,-31943.638671875,15821.97265625,-11521.921875,-3933.817626953125,15028.6650390625,-4332.4609375
377719.827771963,-2625.123046875,172.24253845214844,-31939.79296875,15822.46484375,-11524.6484375,-3935.650390625,15027.1669921875,-4334.6513671875
377719.831941258,-2619.065673828125,175.7741241455078,-31937.826171875,15825.99609375,-11520.6259765625,-3931.873046875,15030.4306640625,-4335.27734375
377719.83508619,-2622.954833984375,173.04721069335938,-31946.140625,15826.4658203125,-11521.2958984375,-3937.528076171875,15026.5185546875,-4336.75244140625
377719.83974524,-2627.134521484375,168.21922302246094,-31952.935546875,15820.900390625,-11526.705078125,-3944.434814453125,15023.2333984375,-4337.78076171875
377719.84279171,-2625.458251953125,167.34750366210938,-31950.857421875,15820.966796875,-11524.984375,-3940.4560546875,15027.6591796875,-4338.98779296875
377719.846660151,-2620.943115234375,174.4553680419922,-31943.5703125,15826.6220703125,-11521.1396484375,-3934.734130859375,15033.2470703125,-4337.84765625
377719.850744842,-2620.585693359375,177.562255859375,-31941.513671875,15827.5380859375,-11519.1279296875,-3933.080078125,15035.3251953125,-4332.259765625
377719.854720132,-2624.676025390625,173.8295135498047,-31950.388671875,15822.1513671875,-11522.078125,-3938.75732421875,15029.6708984375,-4330.73974609375
377719.858834726,-2623.82666015625,176.86935424804688,-31950.3203125,15829.0810546875,-11515.484375,-3935.538818359375,15032.6884765625,-4325.62158203125
377719.862885503,-2621.345458984375,177.51754760742188,-31947.974609375,15830.578125,-11516.22265625,-3935.38232421875,15031.97265625,-4329.80126953125
377719.8677371,-2624.98876953125,175.75177001953125,-31948.734375,15825.6611328125,-11521.474609375,-3938.109130859375,15027.546875,-4338.38427734375
377719.870998727,-2623.960693359375,180.7362060546875,-31945.26953125,15829.6845703125,-11517.98828125,-3935.114013671875,15029.4697265625,-4338.94287109375
377719.874174656,-2621.1220703125,182.47964477539062,-31946.96875,15831.5390625,-11512.9814453125,-3932.320068359375,15031.8388671875,-4333.66796875
377719.878810366,-2617.9033203125,181.40675354003906,-31949.44921875,15829.2373046875,-11515.373046875,-3936.119873046875,15028.9326171875,-4335.12060546875
377719.882905269,-2617.38916015625,181.80908203125,-31945.359375,15830.376953125,-11516.1552734375,-3936.0751953125,15029.9833984375,-4334.40576171875
377719.887072011,-2619.445556640625,180.1774139404297,-31942.341796875,15829.7509765625,-11516.7138671875,-3933.214111328125,15034.2978515625,-4330.4716796875
377719.890885387,-2620.049072265625,178.52337646484375,-31941.068359375,15827.806640625,-11518.8154296875,-3934.599853515625,15032.6884765625,-4336.4619140625
377719.894945645,-2620.80908203125,180.62445068359375,-31941.89453125,15832.0537109375,-11514.412109375,-3934.845703125,15030.966796875,-4335.59033203125
377719.898817003,-2623.580810546875,177.8975372314453,-31946.87890625,15829.1474609375,-11517.09375,-3938.824462890625,15027.681640625,-4336.93115234375
377719.901884989,-2615.7353515625,178.85865783691406,-31942.4765625,15829.5498046875,-11518.345703125,-3939.427978515625,15027.1005859375,-4338.78662109375
377719.906781805,-2612.986083984375,183.97720336914062,-31932.57421875,15835.451171875,-11513.361328125,-3932.811767578125,15031.2353515625,-4336.39501953125
377719.910748343,-2617.746826171875,177.9869384765625,-31938.51953125,15828.4775390625,-11521.966796875,-3941.931396484375,15025.87109375,-4337.40087890625
377719.915056214,-2623.737060546875,168.1074676513672,-31949.515625,15819.3798828125,-11521.8994140625,-3938.75732421875,15030.6318359375,-4330.40478515625
377719.919060677,-2626.6875,166.00640869140625,-31951.7734375,15823.314453125,-11511.953125,-3928.698974609375,15038.857421875,-4322.6484375
377719.925267395,-2626.53125,168.4427490234375,-31949.181640625,15830.2880859375,-11508.6005859375,-3927.201416015625,15039.8408203125,-4320.8603515625
377719.928256977,-2623.8935546875,175.01416015625,-31944.0859375,15833.484375,-11508.779296875,-3925.323974609375,15045.2724609375,-4319.1171875
377719.930901214,-2621.457275390625,181.5855712890625,-31935.994140625,15841.1953125,-11499.279296875,-3914.505615234375,15056.0458984375,-4315.22802734375
377719.934895102,-2617.59033203125,189.6322021484375,-31935.724609375,15848.5263671875,-11492.9990234375,-3912.58349609375,15059.0185546875,-4310.93603515625
377719.938898471,-2616.875244140625,189.27456665039062,-31937.53515625,15845.5986328125,-11494.5634765625,-3913.298828125,15059.4658203125,-4307.20361328125
377719.943902136,-2616.987060546875,188.93930053710938,-31933.310546875,15844.3916015625,-11493.9150390625,-3910.8623046875,15060.60546875,-4307.046875
377719.946879319,-2608.470947265625,200.47279357910156,-31922.1796875,15854.2041015625,-11488.9306640625,-3908.0908203125,15063.869140625,-4307.4716796875
377719.953065615,-2611.153076171875,196.15890502929688,-31926.830078125,15847.2080078125,-11497.24609375,-3918.037353515625,15052.3349609375,-4316.3232421875
377719.955937043,-2617.881103515625,187.0841064453125,-31938.564453125,15838.46875,-11504.755859375,-3926.6875,15040.3095703125,-4323.74365234375
377719.959273792,-2611.7119140625,188.358154296875,-31937.625,15839.9658203125,-11501.9169921875,-3923.0888671875,15045.00390625,-4315.76416015625
377719.963101754,-2613.477783203125,184.78187561035156,-31936.6640625,15838.0888671875,-11503.4150390625,-3921.56884765625,15048.2900390625,-4315.048828125
377719.966866263,-2613.589599609375,185.8323974609375,-31929.935546875,15841.240234375,-11501.6484375,-3918.08203125,15052.4248046875,-4318.4912109375
377719.971010396,-2616.964599609375,185.0948028564453,-31929.556640625,15839.98828125,-11503.302734375,-3918.283203125,15053.85546875,-4321.01708984375
377719.974987145,-2619.1103515625,182.23377990722656,-31936.0390625,15836.904296875,-11503.59375,-3919.17724609375,15050.5693359375,-4320.5029296875
377719.979262195,-2622.776123046875,177.4281463623047,-31941.71484375,15831.94140625,-11507.1025390625,-3924.96630859375,15043.70703125,-4325.17431640625
377719.982920585,-2629.1015625,176.82464599609375,-31937.78125,15832.8134765625,-11506.96875,-3926.17333984375,15040.5107421875,-4326.33642578125
377719.986002793,-2624.63134765625,179.3280487060547,-31930.47265625,15836.4794921875,-11503.9736328125,-3923.625244140625,15042.0537109375,-4326.716796875
377719.990869706,-2624.363037109375,175.59530639648438,-31932.73046875,15833.2158203125,-11506.2978515625,-3925.0556640625,15040.421875,-4328.54931640625
377719.99501858,-2622.99951171875,172.1307830810547,-31941.3359375,15828.56640625,-11508.376953125,-3927.738037109375,15039.169921875,-4326.56005859375
377719.999048935,-2618.149169921875,178.45632934570312,-31940.552734375,15836.859375,-11501.984375,-3926.441650390625,15039.013671875,-4325.2861328125
377720.00298484,-2617.81396484375,186.21238708496094,-31938.138671875,15840.033203125,-11503.146484375,-3928.341552734375,15037.2705078125,-4324.0341796875
377720.006972893,-2614.43896484375,198.2376251220703,-31930.94140625,15845.6884765625,-11498.2294921875,-3920.540771484375,15046.9931640625,-4316.14404296875
377720.010823101,-2614.3046875,184.37954711914062,-31932.619140625,15840.8154296875,-11497.6923828125,-3917.4560546875,15050.2119140625,-4317.17236328125
377720.013925001,-2620.675048828125,178.61279296875,-31941.8046875,15834.7138671875,-11501.2021484375,-3918.506591796875,15049.1611328125,-4319.4970703125
377720.019925315,-2616.875244140625,182.97137451171875,-31940.91015625,15840.3681640625,-11497.3798828125,-3915.35498046875,15049.4296875,-4317.55224609375
377720.02297215,-2610.19189453125,189.90042114257812,-31933.19921875,15845.107421875,-11495.8818359375,-3912.76220703125,15050.1669921875,-4315.58544921875
377720.027203804,-2609.0966796875,193.25318908691406,-31926.60546875,15847.029296875,-11493.2890625,-3911.4658203125,15050.6142578125,-4318.60302734375
377720.031323139,-2608.761474609375,196.94122314453125,-31921.443359375,15853.6005859375,-11484.7958984375,-3901.78759765625,15059.0634765625,-4311.830078125
377720.035181369,-2611.443603515625,193.3649444580078,-31928.662109375,15846.8955078125,-11489.109375,-3907.0849609375,15057.3193359375,-4313.72998046875
377720.039085913,-2613.23193359375,190.01217651367188,-31932.931640625,15841.4189453125,-11493.4013671875,-3913.99169921875,15052.759765625,-4317.4404296875
377720.042101386,-2609.1416015625,193.76727294921875,-31927.43359375,15843.4306640625,-11492.08203125,-3910.68359375,15055.62109375,-4317.21728515625
377720.04648292,-2607.085205078125,199.22109985351562,-31919.87890625,15847.8564453125,-11492.08203125,-3909.99072265625,15056.828125,-4316.21142578125
377720.051531075,-2604.179443359375,206.97715759277344,-31911.8984375,15858.7412109375,-11483.1865234375,-3903.642822265625,15059.5546875,-4313.41748046875
377720.055418114,-2602.346435546875,205.6136932373047,-31915.05078125,15859.9931640625,-11478.7607421875,-3899.0830078125,15062.05859375,-4310.2431640625
377720.059073222,-2603.374755859375,200.20457458496094,-31920.884765625,15855.1875,-11480.861328125,-3901.340576171875,15063.265625,-4308.94677734375
377720.063447463,-2606.749755859375,194.81781005859375,-31921.0625,15852.3046875,-11482.8955078125,-3902.413330078125,15060.9404296875,-4311.60693359375
377720.067329397,-2614.081298828125,193.85667419433594,-31920.32421875,15853.3544921875,-11485.1982421875,-3907.19677734375,15055.21875,-4317.14990234375
377720.070347058,-2619.333984375,190.72743225097656,-31923.521484375,15850.359375,-11489.3779296875,-3911.95751953125,15050.189453125,-4318.2451171875
377720.074328547,-2619.266845703125,184.60305786132812,-31932.171875,15844.705078125,-11491.5458984375,-3915.735107421875,15046.92578125,-4319.228515625
377720.079055426,-2623.80419921875,177.6293182373047,-31940.955078125,15838.1552734375,-11496.5078125,-3922.105224609375,15039.8857421875,-4321.75439453125
377720.083412527,-2621.837158203125,177.763427734375,-31936.529296875,15837.6640625,-11495.748046875,-3921.658203125,15039.9072265625,-4322.6259765625
377720.087297743,-2625.41357421875,173.47189331054688,-31937.6484375,15830.265625,-11503.1689453125,-3927.8720703125,15035.9736328125,-4325.93408203125
377720.091285067,-2622.39599609375,180.7362060546875,-31932.462890625,15839.7646484375,-11495.255859375,-3921.211181640625,15037.9404296875,-4325.39794921875
377720.095289896,-2619.69140625,182.0773162841797,-31937.87109375,15842.291015625,-11490.7412109375,-3917.97021484375,15040.1533203125,-4320.72607421875
377720.098295158,-2620.362060546875,179.23863220214844,-31944.845703125,15837.2841796875,-11492.9541015625,-3918.97607421875,15041.740234375,-4317.73095703125
377720.102213923,-2616.0927734375,178.94805908203125,-31945.4921875,15832.9033203125,-11496.9326171875,-3917.947998046875,15045.2724609375,-4314.02099609375
377720.107340848,-2617.99267578125,180.33387756347656,-31943.212890625,15833.39453125,-11498.609375,-3917.120849609375,15048.5576171875,-4312.59033203125
377720.11050146,-2616.517578125,185.43006896972656,-31939.837890625,15840.546875,-11497.044921875,-3919.624267578125,15048.333984375,-4315.96533203125
377720.114388499,-2617.947998046875,190.74978637695312,-31946.498046875,15837.0830078125,-11502.6767578125,-3926.95556640625,15042.142578125,-4322.291015625
377720.118332427,-2612.9189453125,195.4436492919922,-31942.185546875,15840.63671875,-11499.3466796875,-3924.76513671875,15044.154296875,-4319.74267578125
377720.123242736,-2604.89453125,190.90625,-31930.5625,15843.966796875,-11494.5859375,-3919.534912109375,15051.6201171875,-4315.6298828125
377720.12746892,-2605.878173828125,190.01217651367188,-31925.48828125,15841.486328125,-11495.3681640625,-3920.026611328125,15051.5078125,-4314.19970703125
377720.131387321,-2615.176513671875,185.72064208984375,-31929.17578125,15836.7470703125,-11502.1181640625,-3926.329833984375,15044.2666015625,-4317.5078125
377720.135511397,-2613.90234375,190.1462860107422,-31928.037109375,15843.900390625,-11493.3115234375,-3917.635009765625,15049.4072265625,-4307.13623046875
377720.139343006,-2611.533203125,189.9674835205078,-31926.62890625,15847.07421875,-11483.2314453125,-3905.095703125,15059.0634765625,-4302.46484375
377720.142493408,-2608.091064453125,186.3241424560547,-31926.091796875,15842.4921875,-11486.3154296875,-3906.839111328125,15058.2138671875,-4308.4775390625
377720.146481826,-2611.890625,186.86058044433594,-31922.8515625,15845.30859375,-11486.896484375,-3908.2919921875,15055.8671875,-4314.57958984375
377720.151416568,-2615.310546875,187.66525268554688,-31923.677734375,15847.4091796875,-11485.8466796875,-3909.2978515625,15056.58203125,-4314.490234375
377720.155394775,-2613.41064453125,185.0948028564453,-31930.71875,15843.408203125,-11485.8681640625,-3911.4658203125,15054.9951171875,-4308.8349609375
377720.159479467,-2615.6904296875,179.14923095703125,-31937.1328125,15838.37890625,-11489.958984375,-3917.635009765625,15047.8203125,-4312.03125
377720.163396044,-2615.087158203125,177.87518310546875,-31935.166015625,15838.2001953125,-11491.2998046875,-3916.740966796875,15045.205078125,-4316.77001953125
377720.16657489,-2616.159912109375,178.94805908203125,-31932.349609375,15838.53515625,-11491.4345703125,-3915.37744140625,15047.126953125,-4318.4462890625
377720.170485269,-2618.685791015625,176.55642700195312,-31934.4296875,15833.55078125,-11495.658203125,-3922.127685546875,15040.01953125,-4325.8896484375
377720.174109379,-2618.21630859375,179.84213256835938,-31938.228515625,15837.9541015625,-11493.69140625,-3926.307373046875,15034.9677734375,-4327.99072265625
#377754.19146011,-2684.75732421875,154.98699951171875,-31943.2578125,15720.048828125,-11421.5400390625,-4017.658935546875,14942.0068359375,-4274.18994140625
377754.194447868,-2680.555419921875,157.5574493408203,-31939.8828125,15718.126953125,-11423.619140625,-4020.162353515625,14940.107421875,-4275.732421875
377754.199356718,-2678.87890625,159.8373260498047,-31940.732421875,15720.40625,-11419.484375,-4019.40234375,14938.9453125,-4273.56396484375
377754.202425798,-2674.721435546875,166.6322479248047,-31937.06640625,15730.62109375,-11411.6162109375,-4016.02734375,14938.54296875,-4271.84326171875
377754.206355868,-2670.2734375,174.9470977783203,-31931.2109375,15738.9365234375,-11410.140625,-4017.74853515625,14935.994140625,-4275.6875
377754.210508753,-2665.959716796875,182.70315551757812,-31921.443359375,15744.904296875,-11405.1787109375,-4010.171142578125,14943.1025390625,-4275.0615234375
377754.214652886,-2671.97216796875,178.9033660888672,-31924.19140625,15739.31640625,-11410.0517578125,-4011.065185546875,14944.8232421875,-4280.42626953125
377754.218293772,-2674.78857421875,176.10939025878906,-31929.2890625,15735.5390625,-11413.6279296875,-4012.00390625,14947.86328125,-4277.43115234375
377754.221430316,-2672.57568359375,182.97137451171875,-31923.140625,15743.96484375,-11406.05078125,-4002.4375,14955.171875,-4271.01611328125
377754.226664819,-2661.2880859375,198.6623077392578,-31905.125,15759.90234375,-11394.6064453125,-3990.166259765625,14969.56640625,-4258.9013671875
377754.230604735,-2662.249267578125,198.3270263671875,-31897.4375,15760.4609375,-11399.322265625,-3995.061279296875,14968.560546875,-4261.337890625
377754.234438532,-2666.831298828125,190.88389587402344,-31897.83984375,15755.2978515625,-11405.849609375,-4002.90673828125,14965.9453125,-4266.81396484375
377754.238723429,-2665.57958984375,186.14532470703125,-31902.310546875,15754.7607421875,-11404.4638671875,-4004.784423828125,14967.599609375,-4264.9365234375
377754.243342729,-2663.545654296875,184.9830322265625,-31901.34765625,15759.1640625,-11399.5009765625,-4002.593994140625,14967.845703125,-4262.142578125
377754.246705005,-2665.155029296875,182.12200927734375,-31898.287109375,15757.599609375,-11404.0166015625,-4008.0478515625,14963.77734375,-4265.62939453125
377754.249611806,-2667.837158203125,181.94320678710938,-31892.609375,15759.3212890625,-11408.46484375,-4014.50732421875,14958.994140625,-4268.333984375
377754.253742811,-2671.122802734375,181.00442504882812,-31890.10546875,15761.4443359375,-11404.5078125,-4009.478271484375,14959.53125,-4264.95849609375
377754.258733348,-2677.314208984375,177.83047485351562,-31898.599609375,15758.740234375,-11403.279296875,-4008.584228515625,14956.8037109375,-4264.5341796875
377754.262459931,-2677.4931640625,168.71096801757812,-31913.015625,15745.7978515625,-11413.806640625,-4019.894287109375,14948.310546875,-4266.724609375
377754.266854959,-2681.56103515625,158.18328857421875,-31924.259765625,15732.3642578125,-11422.8369140625,-4027.4267578125,14944.0634765625,-4266.0537109375
377754.270580083,-2688.19970703125,147.20858764648438,-31933.892578125,15721.009765625,-11429.0283203125,-4031.047607421875,14940.0400390625,-4268.9150390625
377754.274480615,-2692.737060546875,141.4641876220703,-31942.51953125,15712.337890625,-11433.07421875,-4031.673583984375,14936.7763671875,-4271.10546875
377754.279815038,-2690.747802734375,143.4534912109375,-31948.734375,15713.0078125,-11429.2958984375,-4030.779541015625,14933.71484375,-4270.94921875
377754.282819935,-2685.15966796875,151.5895233154297,-31944.689453125,15723.37890625,-11418.3212890625,-4023.0009765625,14937.73828125,-4266.8583984375
377754.286498382,-2686.36669921875,151.29896545410156,-31940.84375,15725.5478515625,-11413.2919921875,-4016.295654296875,14943.99609375,-4263.19287109375
377754.290505398,-2684.824462890625,153.31060791015625,-31935.92578125,15726.3076171875,-11413.404296875,-4013.2109375,14950.58984375,-4260.82373046875
377754.295483536,-2681.248291015625,158.6973876953125,-31930.13671875,15729.2802734375,-11409.984375,-4008.584228515625,14955.8876953125,-4258.923828125
377754.298935157,-2680.219970703125,159.27853393554688,-31934.65234375,15728.3857421875,-11410.431640625,-4010.998291015625,14952.333984375,-4261.3154296875
377754.302794117,-2676.755615234375,162.4301300048828,-31935.994140625,15729.90625,-11411.8173828125,-4014.6416015625,14950.8359375,-4261.00244140625
377754.309873495,-2671.614501953125,166.49813842773438,-31929.98046875,15732.923828125,-11412.30859375,-4013.6357421875,14954.2333984375,-4261.02490234375
377754.312856147,-2668.6640625,170.54380798339844,-31923.54296875,15735.3603515625,-11416.6005859375,-4016.697998046875,14954.5458984375,-4263.99755859375
377754.316051404,-2669.647705078125,173.71775817871094,-31919.431640625,15736.09765625,-11416.623046875,-4012.6298828125,14961.9443359375,-4260.04150390625
377754.320047115,-2667.703125,177.6963653564453,-31918.759765625,15739.4951171875,-11414.3427734375,-4010.0146484375,14967.689453125,-4251.5478515625
377754.323058941,-2662.6962890625,186.3688507080078,-31913.396484375,15753.2861328125,-11405.0224609375,-4004.382080078125,14972.830078125,-4247.41259765625
377754.325723235,-2664.88671875,184.82656860351562,-31912.14453125,15751.1845703125,-11408.1513671875,-4006.12548828125,14972.181640625,-4252.3525390625
377754.331895309,-2659.58935546875,198.68466186523438,-31895.42578125,15769.3349609375,-11394.7177734375,-3997.184814453125,14976.7861328125,-4251.83837890625
377754.334683592,-2654.20263671875,204.74197387695312,-31885.544921875,15776.107421875,-11391.9912109375,-3996.469482421875,14976.3837890625,-4249.5361328125
377754.338719782,-2656.99658203125,200.450439453125,-31889.30078125,15772.9111328125,-11391.1865234375,-3996.089599609375,14973.8583984375,-4248.99951171875
377754.342730445,-2650.760498046875,205.099609375,-31884.00390625,15778.431640625,-11385.5537109375,-3991.306396484375,14976.1162109375,-4245.736328125
377754.346737826,-2649.352294921875,203.64674377441406,-31879.421875,15777.26953125,-11387.5205078125,-3994.52490234375,14969.7236328125,-4251.43603515625
377754.351638653,-2659.38818359375,194.75074768066406,-31881.8359375,15768.7978515625,-11394.583984375,-3999.71044921875,14962.1455078125,-4260.935546875
377754.354646104,-2666.0712890625,188.51461791992188,-31888.67578125,15759.298828125,-11403.390625,-4005.208984375,14956.3564453125,-4266.9033203125
377754.359666179,-2663.61279296875,190.07923889160156,-31894.46484375,15760.6396484375,-11401.53515625,-4006.818359375,14952.9150390625,-4265.76318359375
377754.36293911,-2658.00244140625,193.5884552001953,-31897.146484375,15766.3837890625,-11395.880859375,-4005.41015625,14950.791015625,-4264.35498046875
377754.366975665,-2665.57958984375,184.8489227294922,-31905.484375,15757.0634765625,-11404.1728515625,-4012.763916015625,14945.158203125,-4271.10546875
377754.369752642,-2673.849853515625,176.2882080078125,-31912.322265625,15747.83203125,-11411.6611328125,-4017.167236328125,14944.0634765625,-4275.7099609375
377754.373710063,-2673.447509765625,175.50588989257812,-31910.9375,15748.123046875,-11408.1513671875,-4011.4453125,14951.7744140625,-4268.0654296875
377754.377753182,-2672.3076171875,174.3883056640625,-31916.525390625,15746.87109375,-11405.7373046875,-4010.037109375,14953.5625,-4261.15869140625
377754.381755093,-2670.4970703125,172.80133056640625,-31920.19140625,15745.4853515625,-11404.240234375,-4010.081787109375,14952.19921875,-4255.8837890625
377754.386670143,-2671.659423828125,169.60504150390625,-31919.744140625,15743.25,-11405.849609375,-4010.998291015625,14948.5341796875,-4259.03564453125
377754.390703415,-2672.77685546875,168.7333221435547,-31915.810546875,15741.0146484375,-11407.525390625,-4010.662841796875,14948.2431640625,-4263.39404296875
377754.394730489,-2669.222900390625,169.0015411376953,-31912.79296875,15738.9140625,-11407.8837890625,-4009.701904296875,14949.0703125,-4263.7294921875
377754.397788628,-2670.720458984375,166.58755493164062,-31918.201171875,15738.9140625,-11405.5810546875,-4010.484130859375,14948.3330078125,-4264.42236328125
377754.401667645,-2679.9072265625,158.4068145751953,-31928.70703125,15733.9072265625,-11410.69921875,-4016.899169921875,14941.4931640625,-4269.5185546875
377754.405654969,-2682.0751953125,156.6633758544922,-31929.779296875,15730.0849609375,-11417.986328125,-4022.777587890625,14938.744140625,-4271.84326171875
377754.409647033,-2682.924560546875,156.9986572265625,-31926.13671875,15731.4033203125,-11420.5341796875,-4024.49853515625,14939.1240234375,-4274.63720703125
377754.414535097,-2687.842041015625,155.14346313476562,-31928.439453125,15730.8447265625,-11421.8310546875,-4024.364501953125,14939.90625,-4278.36962890625
377754.418569829,-2687.19384765625,154.98699951171875,-31933.021484375,15731.11328125,-11420.8916015625,-4023.0234375,14943.0126953125,-4272.98291015625
377754.422680777,-2681.18115234375,159.16677856445312,-31933.2890625,15735.046875,-11418.142578125,-4021.72705078125,14946.90234375,-4264.95849609375
377754.426565992,-2678.543701171875,162.96656799316406,-31928.86328125,15738.8466796875,-11419.3046875,-4023.291748046875,14944.80078125,-4267.84228515625
377754.432594021,-2670.60888671875,174.2989044189453,-31917.12890625,15746.9384765625,-11416.3095703125,-4020.274169921875,14949.0029296875,-4265.76318359375
377754.435632104,-2671.636962890625,178.1210479736328,-31915.810546875,15746.3125,-11421.2939453125,-4025.6162109375,14946.25390625,-4268.6689453125
377754.438649765,-2672.0615234375,181.27264404296875,-31919.9453125,15745.4404296875,-11424.892578125,-4033.93115234375,14938.8330078125,-4269.7197265625
377754.443630455,-2669.78173828125,181.13853454589844,-31923.029296875,15744.30078125,-11420.3330078125,-4028.387939453125,14942.3642578125,-4266.03173828125
377754.447672845,-2664.685546875,182.54669189453125,-31919.765625,15743.4287109375,-11418.7685546875,-4024.31982421875,14946.298828125,-4264.15380859375
377754.451734562,-2666.026611328125,182.5243377685547,-31918.4921875,15742.2216796875,-11419.953125,-4025.973876953125,14943.28125,-4269.09375
377754.455883436,-2667.36767578125,179.70802307128906,-31922.359375,15737.8857421875,-11423.171875,-4025.8173828125,14943.6611328125,-4271.77587890625
377754.458886145,-2676.531982421875,165.73818969726562,-31939.435546875,15723.625,-11433.900390625,-4036.747314453125,14934.4970703125,-4275.15087890625
377754.461813368,-2676.39794921875,163.88299560546875,-31942.36328125,15723.177734375,-11431.7099609375,-4037.50732421875,14934.318359375,-4269.76416015625
377754.466133273,-2669.40185546875,171.30377197265625,-31935.501953125,15729.8388671875,-11426.8603515625,-4032.075927734375,14938.3857421875,-4266.99267578125
377754.470111115,-2675.77197265625,171.6390380859375,-31931.634765625,15731.873046875,-11424.5126953125,-4026.71142578125,14939.6826171875,-4268.6689453125
377754.474747555,-2684.511474609375,162.8101043701172,-31935.546875,15724.6533203125,-11429.318359375,-4029.6171875,14932.865234375,-4275.93359375
377754.47888403,-2683.57275390625,162.54188537597656,-31937.447265625,15727.8046875,-11424.78125,-4029.483154296875,14931.5908203125,-4276.38037109375
377754.481815264,-2682.0751953125,163.2794952392578,-31935.14453125,15731.4033203125,-11418.03125,-4025.6162109375,14935.234375,-4273.4521484375
377754.48581681,-2681.114013671875,163.52536010742188,-31929.33203125,15735.404296875,-11410.3193359375,-4016.764892578125,14941.3583984375,-4271.57470703125
377754.490024031,-2683.013916015625,164.53118896484375,-31925.107421875,15736.947265625,-11408.12890625,-4010.93115234375,14948.3330078125,-4269.7197265625
377754.493869133,-2685.137451171875,163.12303161621094,-31923.54296875,15732.8115234375,-11410.990234375,-4010.55126953125,14952.7802734375,-4264.7353515625
377754.499872,-2677.76123046875,170.25323486328125,-31921.62109375,15738.958984375,-11404.5078125,-4005.298583984375,14959.330078125,-4255.6826171875
377754.503128521,-2678.78955078125,171.23670959472656,-31926.494140625,15741.9755859375,-11405.916015625,-4011.33349609375,14951.9091796875,-4256.82275390625
377754.506855469,-2677.8955078125,169.2921142578125,-31927.544921875,15739.0927734375,-11412.443359375,-4015.71435546875,14949.919921875,-4257.1357421875
377754.510977722,-2681.78466796875,166.52049255371094,-31927.611328125,15737.818359375,-11417.47265625,-4020.54248046875,14946.767578125,-4263.05859375
377754.514985832,-2685.20458984375,165.3582000732422,-31930.361328125,15737.0810546875,-11420.5791015625,-4021.771728515625,14946.56640625,-4267.1494140625
377754.519232802,-2688.087890625,162.40777587890625,-31938.810546875,15733.638671875,-11425.876953125,-4029.3935546875,14939.1015625,-4272.2900390625
377754.523820377,-2690.010009765625,158.42916870117188,-31943.794921875,15728.3857421875,-11427.6650390625,-4030.176025390625,14937.849609375,-4268.69140625
377754.528138094,-2687.752685546875,162.78775024414062,-31937.0,15734.7783203125,-11420.2880859375,-4023.962158203125,14942.07421875,-4265.1376953125
377754.530971231,-2686.143310546875,172.35430908203125,-31925.845703125,15745.6416015625,-11412.8232421875,-4020.564697265625,14943.6611328125,-4264.24365234375
377754.535096401,-2683.215087890625,177.45050048828125,-31920.458984375,15746.0439453125,-11414.3876953125,-4021.659912109375,14940.666015625,-4266.99267578125
377754.540017285,-2682.16455078125,179.5515594482422,-31924.03515625,15746.5576171875,-11413.158203125,-4022.553955078125,14937.6708984375,-4269.2724609375
377754.543951002,-2676.17431640625,180.8032684326172,-31924.90625,15747.474609375,-11408.3525390625,-4018.30712890625,14944.0185546875,-4263.1259765625
377754.547212629,-2676.934326171875,172.7566375732422,-31930.2265625,15737.505859375,-11414.119140625,-4021.749267578125,14944.6669921875,-4262.83544921875
377754.550212786,-2687.149169921875,160.0384979248047,-31940.10546875,15722.3515625,-11427.708984375,-4031.4052734375,14937.4697265625,-4271.64208984375
377754.553979118,-2687.39501953125,158.87620544433594,-31940.306640625,15719.400390625,-11431.5087890625,-4034.042724609375,14938.36328125,-4271.91015625
377754.558784766,-2691.17236328125,152.37184143066406,-31948.041015625,15712.4267578125,-11436.0244140625,-4039.049560546875,14935.7265625,-4269.36181640625
377754.562862164,-2687.484375,156.10458374023438,-31946.990234375,15716.0703125,-11431.21875,-4036.52392578125,14933.4013671875,-4269.49609375
377754.567166753,-2680.689453125,163.72653198242188,-31934.517578125,15726.888671875,-11419.998046875,-4025.4150390625,14940.4873046875,-4263.97509765625
377754.570143206,-2685.807861328125,161.49134826660156,-31932.193359375,15725.078125,-11421.6298828125,-4025.0126953125,14939.75,-4267.9091796875
377754.574351521,-2682.8798828125,168.48745727539062,-31924.392578125,15733.4375,-11412.80078125,-4016.4296875,14945.44921875,-4264.57861328125
377754.578295814,-2679.549560546875,174.07537841796875,-31923.029296875,15741.5732421875,-11403.1220703125,-4009.54541015625,14949.427734375,-4260.84619140625
377754.58229262,-2679.57177734375,172.6895751953125,-31927.3203125,15739.5400390625,-11404.955078125,-4011.6240234375,14946.96875,-4260.6669921875
377754.587090974,-2674.520263671875,180.5126953125,-31918.513671875,15747.787109375,-11393.935546875,-4001.498779296875,14952.892578125,-4256.1298828125
377754.590844179,-2671.458251953125,182.81491088867188,-31913.126953125,15749.1064453125,-11394.0703125,-3999.688232421875,14954.8818359375,-4259.81787109375
377754.59487344,-2677.046142578125,176.17645263671875,-31918.24609375,15741.8642578125,-11403.501953125,-4005.879638671875,14952.5126953125,-4267.97607421875
377754.598934063,-2683.19287109375,168.1521759033203,-31929.376953125,15733.1474609375,-11411.9287109375,-4012.898193359375,14949.0478515625,-4267.3505859375
377754.602829125,-2691.015869140625,155.1881561279297,-31943.16796875,15719.892578125,-11424.1328125,-4025.236328125,14940.9345703125,-4270.45703125
377754.606772324,-2683.19287109375,165.71583557128906,-31931.859375,15735.7841796875,-11413.11328125,-4015.759033203125,14949.271484375,-4262.96923828125
377754.610626178,-2681.40478515625,173.2483673095703,-31924.392578125,15744.9267578125,-11415.1474609375,-4021.8388671875,14944.15234375,-4263.97509765625
377754.615830048,-2683.729248046875,173.1813201904297,-31923.0078125,15741.9091796875,-11419.8857421875,-4026.867919921875,14942.0517578125,-4263.2822265625
377754.619874261,-2686.210205078125,174.63418579101562,-31924.974609375,15744.1220703125,-11414.9462890625,-4025.146728515625,14941.314453125,-4265.6962890625
377754.623957493,-2681.6953125,178.09869384765625,-31923.90234375,15747.318359375,-11409.1572265625,-4021.212890625,14944.5546875,-4262.455078125
377754.628372942,-2681.941162109375,173.69540405273438,-31928.55078125,15738.5341796875,-11419.595703125,-4028.41015625,14939.548828125,-4267.6630859375
377754.630914342,-2681.449462890625,175.70706176757812,-31923.8125,15738.623046875,-11420.310546875,-4023.91748046875,14945.13671875,-4265.517578125
377754.634833472,-2680.622314453125,177.4281463623047,-31922.8515625,15737.0361328125,-11420.310546875,-4022.062255859375,14945.962890625,-4265.15966796875
377754.637921515,-2677.046142578125,177.67401123046875,-31925.421875,15737.953125,-11417.3154296875,-4021.168212890625,14946.1865234375,-4261.5166015625
377754.641924155,-2680.39892578125,171.03555297851562,-31932.9765625,15730.7998046875,-11421.80859375,-4025.638671875,14943.3701171875,-4262.61181640625
377754.646869837,-2680.242431640625,167.168701171875,-31935.189453125,15725.7041015625,-11425.9208984375,-4030.064208984375,14937.759765625,-4270.9267578125
377754.650906027,-2680.644775390625,167.97335815429688,-31927.767578125,15729.302734375,-11421.4736328125,-4023.358642578125,14941.3369140625,-4270.3232421875
377754.653990788,-2685.249267578125,163.52536010742188,-31929.17578125,15724.36328125,-11422.970703125,-4021.995361328125,14940.7333984375,-4270.97119140625
377754.657936539,-2685.36083984375,162.13955688476562,-31933.021484375,15724.2060546875,-11424.177734375,-4027.31494140625,14935.591796875,-4273.38525390625
377754.661986222,-2690.702880859375,156.9315948486328,-31940.44140625,15721.748046875,-11424.78125,-4029.952392578125,14930.6748046875,-4276.4697265625
377754.665943643,-2684.913818359375,163.12303161621094,-31933.802734375,15729.3251953125,-11416.7119140625,-4022.174072265625,14937.89453125,-4268.98193359375
377754.669964882,-2684.220947265625,163.1453857421875,-31930.025390625,15728.1181640625,-11420.3779296875,-4024.14111328125,14938.4755859375,-4267.9091796875
377754.674007636,-2690.524169921875,154.8081817626953,-31933.1328125,15721.1220703125,-11420.4453125,-4021.168212890625,14939.9951171875,-4271.4853515625
377754.678931073,-2691.239501953125,152.95298767089844,-31937.267578125,15722.150390625,-11419.6181640625,-4022.174072265625,14937.759765625,-4272.22314453125
377754.681944723,-2686.076171875,157.5574493408203,-31935.76953125,15726.5751953125,-11419.4169921875,-4024.2080078125,14939.2578125,-4267.5068359375
377754.687005276,-2686.925537109375,156.10458374023438,-31933.958984375,15727.08984375,-11421.16015625,-4027.493896484375,14937.6484375,-4269.36181640625
377754.690982754,-2682.36572265625,163.45831298828125,-31921.732421875,15738.82421875,-11410.6552734375,-4015.8486328125,14951.484375,-4263.39404296875
377754.695998818,-2690.904052734375,156.48455810546875,-31928.283203125,15731.1796875,-11422.0546875,-4027.69482421875,14945.44921875,-4268.84814453125
377754.700044125,-2689.518310546875,158.22799682617188,-31933.826171875,15731.8505859375,-11424.3564453125,-4034.288818359375,14940.9345703125,-4267.484375
377754.705029192,-2692.6923828125,153.9141082763672,-31940.28515625,15728.498046875,-11425.0048828125,-4036.344970703125,14937.0673828125,-4272.5361328125
377754.709085439,-2691.97705078125,154.5399627685547,-31938.49609375,15726.732421875,-11428.0224609375,-4039.943603515625,14933.8486328125,-4275.53125
377754.712025424,-2683.818603515625,164.53118896484375,-31927.455078125,15733.4150390625,-11423.529296875,-4034.91455078125,14941.1572265625,-4268.62451171875
377754.715092316,-2686.97021484375,161.78192138671875,-31929.33203125,15726.8212890625,-11428.55859375,-4039.385009765625,14938.408203125,-4270.94921875
377754.717985624,-2690.524169921875,159.61380004882812,-31934.787109375,15723.513671875,-11426.748046875,-4037.753173828125,14938.564453125,-4266.7470703125
377754.721950703,-2692.647705078125,161.29019165039062,-31938.02734375,15727.40234375,-11422.61328125,-4036.4345703125,14936.4189453125,-4265.96435546875
377754.726005856,-2688.2890625,164.66529846191406,-31935.859375,15725.9716796875,-11424.333984375,-4036.70263671875,14936.4189453125,-4266.7021484375
377754.730018707,-2678.722412109375,174.96945190429688,-31923.140625,15732.990234375,-11418.27734375,-4029.32666015625,14942.990234375,-4263.349609375
377754.73499174,-2691.0830078125,165.08998107910156,-31931.90234375,15722.9326171875,-11430.32421875,-4040.70361328125,14932.0830078125,-4278.1240234375
377754.738140683,-2691.2841796875,161.91603088378906,-31936.41796875,15718.7744140625,-11430.7041015625,-4038.870849609375,14933.580078125,-4273.36279296875
377754.743056462,-2684.533935546875,166.36402893066406,-31933.490234375,15725.1455078125,-11421.16015625,-4029.058349609375,14940.30859375,-4268.9150390625
377754.746057348,-2681.6728515625,170.52145385742188,-31927.3203125,15733.0576171875,-11410.677734375,-4018.374267578125,14949.2041015625,-4264.9365234375
377754.750019145,-2682.410400390625,170.9908447265625,-31921.7109375,15736.34375,-11408.8671875,-4016.876708984375,14952.2216796875,-4264.82470703125
377754.754142856,-2687.17138671875,168.21922302246094,-31922.404296875,15734.0634765625,-11412.2646484375,-4020.69873046875,14948.9580078125,-4268.333984375
377754.758139297,-2690.45703125,164.24061584472656,-31930.853515625,15731.2919921875,-11413.806640625,-4024.23046875,14943.99609375,-4268.80322265625
377754.763079509,-2692.6923828125,158.33975219726562,-31939.033203125,15726.93359375,-11417.091796875,-4028.32080078125,14939.9951171875,-4268.8701171875
377754.766107746,-2693.139404296875,155.5234375,-31939.2578125,15722.57421875,-11420.712890625,-4029.416015625,14939.0341796875,-4270.2783203125
377754.770091787,-2690.39013671875,161.2454833984375,-31929.35546875,15728.3193359375,-11416.6455078125,-4021.659912109375,14947.6845703125,-4264.57861328125
377754.774145846,-2694.279296875,160.97726440429688,-31931.5,15726.4189453125,-11424.267578125,-4031.383056640625,14937.603515625,-4273.4521484375
377754.779207494,-2695.55322265625,156.59632873535156,-31939.32421875,15719.8251953125,-11429.8994140625,-4039.161376953125,14928.4619140625,-4280.38134765625
377754.784071125,-2702.906982421875,145.82278442382812,-31949.181640625,15710.2587890625,-11435.845703125,-4046.157470703125,14923.052734375,-4285.09765625
377754.787113219,-2690.16650390625,159.39028930664062,-31933.06640625,15726.7548828125,-11422.0546875,-4032.388916015625,14941.42578125,-4266.97021484375
377754.792173408,-2693.720458984375,158.16094970703125,-31931.5234375,15725.3017578125,-11426.2119140625,-4034.51220703125,14941.7607421875,-4270.5244140625
377754.795111936,-2689.8759765625,162.36306762695312,-31926.91796875,15728.8779296875,-11425.02734375,-4033.72998046875,14940.4423828125,-4271.462890625
377754.799140468,-2689.227783203125,166.05111694335938,-31929.35546875,15732.8564453125,-11421.2939453125,-4032.746337890625,14938.296875,-4270.7255859375
377754.802157764,-2687.216064453125,165.42526245117188,-31933.51171875,15730.8447265625,-11421.8310546875,-4034.556884765625,14937.3359375,-4272.2900390625
377754.806179002,-2687.551513671875,161.2454833984375,-31934.71875,15725.435546875,-11424.423828125,-4035.0263671875,14940.0400390625,-4272.44677734375
377754.810192583,-2694.547607421875,153.1988525390625,-31937.87109375,15717.9482421875,-11430.48046875,-4038.870849609375,14937.201171875,-4276.02294921875
377754.816180862,-2690.233642578125,159.32322692871094,-31930.181640625,15725.681640625,-11425.9208984375,-4035.182861328125,14942.72265625,-4268.7138671875
377754.819201441,-2693.318115234375,157.15512084960938,-31934.09375,15722.060546875,-11425.2509765625,-4036.188720703125,14943.6611328125,-4265.02587890625
377754.822241347,-2694.078125,161.98309326171875,-31933.736328125,15729.7275390625,-11417.13671875,-4033.461669921875,14943.59375,-4264.55615234375
377754.826195121,-2690.16650390625,163.90533447265625,-31931.322265625,15733.4150390625,-11415.662109375,-4033.886474609375,14941.6494140625,-4266.61279296875
377754.830193385,-2688.244384765625,164.41943359375,-31927.03125,15732.2529296875,-11415.86328125,-4030.6005859375,14944.935546875,-4270.1220703125
377754.834238692,-2691.37353515625,163.2347869873047,-31929.4453125,15729.302734375,-11419.3046875,-4033.8193359375,14941.0234375,-4277.58740234375
377754.838214346,-2691.909912109375,160.66433715820312,-31936.171875,15725.7041015625,-11421.205078125,-4036.70263671875,14938.810546875,-4276.4921875
377754.844279936,-2696.201416015625,152.37184143066406,-31946.65625,15717.880859375,-11425.228515625,-4040.2119140625,14936.6875,-4275.486328125
377754.847292857,-2683.17041015625,164.2853240966797,-31933.423828125,15728.85546875,-11412.8896484375,-4025.795166015625,14951.5068359375,-4259.728515625
377754.851199953,-2686.724365234375,161.02197265625,-31931.076171875,15724.2509765625,-11418.701171875,-4029.6171875,14946.701171875,-4268.9150390625
377754.85537326,-2692.424072265625,159.0550079345703,-31931.27734375,15720.8759765625,-11424.5576171875,-4037.216796875,14939.5263671875,-4277.20751953125
377754.859263581,-2684.064453125,168.1074676513672,-31925.98046875,15729.9951171875,-11417.271484375,-4032.343994140625,14946.74609375,-4268.087890625
377754.863278255,-2685.76318359375,160.50787353515625,-31935.837890625,15722.015625,-11425.5185546875,-4043.676513671875,14936.8662109375,-4276.35791015625
377754.867299494,-2690.121826171875,153.86941528320312,-31938.228515625,15716.4501953125,-11429.9443359375,-4047.31982421875,14934.3408203125,-4278.90625
377754.870282146,-2694.8828125,151.52247619628906,-31937.201171875,15716.4951171875,-11431.8447265625,-4049.376220703125,14933.267578125,-4282.52734375
377754.874395647,-2700.739013671875,147.99090576171875,-31940.822265625,15713.1865234375,-11437.365234375,-4054.852294921875,14927.0537109375,-4285.96923828125
377754.878295814,-2700.0908203125,149.5108184814453,-31945.984375,15714.1708984375,-11438.7509765625,-4059.88134765625,14922.1591796875,-4287.0869140625
377754.881427253,-2693.6982421875,153.62353515625,-31947.05859375,15717.92578125,-11434.9736328125,-4058.048583984375,14922.091796875,-4282.482421875
377754.886243476,-2688.78076171875,155.3893280029297,-31943.482421875,15719.1328125,-11433.0068359375,-4055.142822265625,14924.169921875,-4279.42041015625
377754.89032525,-2693.742919921875,152.4165496826172,-31942.23046875,15716.8076171875,-11435.5322265625,-4056.148681640625,14923.455078125,-4284.091796875
377754.894395355,-2698.056640625,150.22607421875,-31943.236328125,15713.09765625,-11439.689453125,-4058.249755859375,14921.4208984375,-4288.40576171875
377754.898619716,-2700.113037109375,146.0686492919922,-31951.125,15705.296875,-11444.2724609375,-4061.848388671875,14917.8447265625,-4290.61865234375
377754.902538846,-2699.37548828125,144.5934295654297,-31953.31640625,15704.0,-11440.673828125,-4056.30517578125,14925.1982421875,-4281.119140625
377754.90625923,-2692.803955078125,152.5506591796875,-31943.525390625,15714.0810546875,-11429.7431640625,-4045.084716796875,14937.4921875,-4270.39013671875
377754.911336559,-2694.2568359375,158.33975219726562,-31936.0390625,15719.802734375,-11428.8046875,-4043.89990234375,14937.6259765625,-4271.8876953125
377754.918486319,-2689.36181640625,163.97239685058594,-31930.451171875,15725.078125,-11426.6142578125,-4043.341064453125,14934.9658203125,-4276.08984375
377754.92139312,-2686.9033203125,164.57589721679688,-31930.5390625,15727.0224609375,-11419.484375,-4034.8251953125,14936.7548828125,-4275.6875
377754.924465481,-2685.875,166.5428466796875,-31930.78515625,15731.224609375,-11411.951171875,-4025.03515625,14941.8056640625,-4273.4521484375
377754.928377683,-2684.2880859375,168.1521759033203,-31928.326171875,15732.4541015625,-11410.54296875,-4021.794189453125,14945.1142578125,-4274.3466796875
377754.931428894,-2683.125732421875,167.07928466796875,-31925.376953125,15730.77734375,-11413.4716796875,-4022.12939453125,14946.3876953125,-4276.693359375
377754.934414099,-2690.56884765625,158.42916870117188,-31927.90234375,15722.5966796875,-11420.7802734375,-4027.31494140625,14947.572265625,-4276.42529296875
377754.938415281,-2689.026611328125,159.81497192382812,-31927.857421875,15728.900390625,-11415.0810546875,-4026.8232421875,14948.9140625,-4269.4736328125
377754.94145701,-2697.609619140625,152.39419555664062,-31936.373046875,15724.8095703125,-11421.048828125,-4037.90966796875,14937.6708984375,-4273.81005859375
377754.946337416,-2700.202392578125,147.36505126953125,-31940.888671875,15718.283203125,-11433.029296875,-4053.466552734375,14923.208984375,-4283.82373046875
377754.95040278,-2691.306396484375,155.21051025390625,-31932.171875,15724.0048828125,-11431.888671875,-4051.09716796875,14926.1376953125,-4282.77294921875
377754.955469533,-2692.312255859375,157.0880584716797,-31929.490234375,15726.44140625,-11429.609375,-4046.872802734375,14930.6298828125,-4280.2919921875
377754.959408356,-2695.531005859375,152.9082794189453,-31937.625,15723.580078125,-11431.9111328125,-4051.343017578125,14925.1318359375,-4280.873046875
377754.962414712,-2696.514404296875,147.49916076660156,-31947.416015625,15714.103515625,-11440.1142578125,-4059.948486328125,14916.5263671875,-4283.35400390625
377754.965426173,-2694.078125,148.9520263671875,-31945.716796875,15713.142578125,-11440.2041015625,-4058.9873046875,14920.638671875,-4278.0791015625
377754.969451788,-2686.746826171875,158.272705078125,-31935.5234375,15720.1611328125,-11434.75,-4052.7958984375,14926.673828125,-4275.01708984375
377754.973549243,-2695.843994140625,151.23190307617188,-31939.212890625,15714.818359375,-11433.8564453125,-4045.21875,14929.5126953125,-4282.728515625
377754.978466116,-2694.8828125,150.1366729736328,-31941.873046875,15713.2314453125,-11432.380859375,-4039.764892578125,14933.4013671875,-4282.43798828125
377754.982466568,-2692.133544921875,146.9180145263672,-31945.8515625,15707.8671875,-11435.0185546875,-4041.173095703125,14934.5634765625,-4280.068359375
377754.98650677,-2685.249267578125,156.95394897460938,-31937.40234375,15719.3779296875,-11425.072265625,-4033.953369140625,14943.28125,-4273.02783203125
377754.989551416,-2684.310302734375,160.9549102783203,-31932.1484375,15723.0888671875,-11421.65234375,-4031.6064453125,14945.806640625,-4273.20654296875
377754.993504461,-2676.420166015625,172.3319549560547,-31923.0078125,15732.2080078125,-11418.5224609375,-4029.952392578125,14948.5556640625,-4269.20556640625
377754.997525335,-2679.840087890625,169.6273956298828,-31930.427734375,15727.6484375,-11424.8037109375,-4037.753173828125,14940.017578125,-4272.7373046875
377755.002477946,-2689.294921875,158.85385131835938,-31941.08984375,15719.0205078125,-11426.5693359375,-4039.966064453125,14934.1396484375,-4278.146484375
377755.006524712,-2682.030517578125,163.9947509765625,-31932.23828125,15724.18359375,-11419.6630859375,-4033.30517578125,14937.4697265625,-4275.15087890625
377755.011608604,-2676.107421875,172.24253845214844,-31922.470703125,15729.90625,-11416.0859375,-4031.11474609375,14936.5537109375,-4277.40869140625
377755.01542672,-2678.7001953125,172.30960083007812,-31922.0234375,15728.140625,-11419.998046875,-4033.551025390625,14932.2841796875,-4284.80712890625
377755.018543937,-2691.95458984375,160.0608367919922,-31935.3671875,15717.4560546875,-11428.849609375,-4042.08935546875,14925.265625,-4291.736328125
377755.021530601,-2693.027587890625,159.99378967285156,-31935.61328125,15725.3681640625,-11421.1376953125,-4039.0048828125,14924.1484375,-4291.02099609375
377755.025567885,-2691.17236328125,160.08319091796875,-31929.84765625,15729.0791015625,-11418.478515625,-4038.53564453125,14926.0029296875,-4290.23876953125
377755.031514957,-2688.60205078125,165.80523681640625,-31920.951171875,15736.142578125,-11414.56640625,-4035.11572265625,14931.166015625,-4286.99755859375
377755.034534076,-2691.17236328125,164.68765258789062,-31923.140625,15734.80078125,-11419.5732421875,-4040.279052734375,14927.2998046875,-4289.724609375
377755.039548317,-2686.880859375,166.07345581054688,-31926.60546875,15733.4599609375,-11420.8251953125,-4041.038818359375,14930.9208984375,-4282.19189453125
377755.044553076,-2683.99755859375,166.27462768554688,-31933.021484375,15731.5380859375,-11422.658203125,-4042.447021484375,14930.9208984375,-4277.76611328125
377755.047610851,-2690.613525390625,160.57493591308594,-31942.921875,15723.37890625,-11432.7607421875,-4052.52783203125,14924.55078125,-4281.76708984375
377755.050598244,-2690.099609375,161.5807647705078,-31941.24609375,15722.41796875,-11435.755859375,-4055.679443359375,14928.193359375,-4280.4482421875
377755.053600224,-2694.748779296875,155.0093536376953,-31946.900390625,15714.55078125,-11442.908203125,-4060.619140625,14925.8017578125,-4285.76806640625
377755.057588277,-2708.226806640625,139.94427490234375,-31962.16796875,15699.7763671875,-11449.390625,-4063.234130859375,14922.3603515625,-4290.2607421875
377755.062585014,-2698.99560546875,143.29702758789062,-31958.8828125,15700.71484375,-11441.43359375,-4051.745361328125,14934.8994140625,-4275.62060546875
377755.066564315,-2694.905029296875,144.54873657226562,-31957.00390625,15700.8935546875,-11438.7734375,-4046.939697265625,14936.1953125,-4276.24658203125
377755.070615092,-2693.228759765625,148.9520263671875,-31950.388671875,15708.42578125,-11437.208984375,-4047.029296875,14934.8095703125,-4282.19189453125
377755.073606497,-2692.021728515625,154.91993713378906,-31940.75390625,15719.6240234375,-11429.9443359375,-4038.043701171875,14939.1015625,-4281.677734375
377755.077618618,-2697.609619140625,148.48263549804688,-31948.220703125,15712.5830078125,-11434.4814453125,-4040.480224609375,14936.1953125,-4279.37548828125
377755.0816136,-2692.46875,152.10362243652344,-31948.353515625,15714.9306640625,-11430.66015625,-4038.155517578125,14937.447265625,-4273.81005859375
377755.085626451,-2696.313232421875,149.42141723632812,-31950.6796875,15711.1083984375,-11438.482421875,-4046.31396484375,14925.109375,-4282.8623046875
377755.090560099,-2692.625244140625,154.20468139648438,-31938.83203125,15718.1494140625,-11429.7431640625,-4036.546142578125,14930.138671875,-4283.5107421875
377755.094589725,-2692.938232421875,153.7353057861328,-31935.009765625,15718.73046875,-11427.5302734375,-4034.400390625,14929.0654296875,-4289.81396484375
377755.098656183,-2695.8662109375,147.476806640625,-31946.140625,15710.638671875,-11435.0634765625,-4044.615234375,14915.2744140625,-4301.4365234375
377755.101697183,-2685.8974609375,157.9374237060547,-31941.044921875,15720.294921875,-11425.9658203125,-4038.423828125,14918.984375,-4294.462890625
377755.105652781,-2684.55615234375,159.56910705566406,-31936.798828125,15721.9267578125,-11422.9033203125,-4032.8359375,14923.365234375,-4290.43994140625
377755.112686575,-2692.06640625,153.7353057861328,-31938.384765625,15716.3828125,-11431.0625,-4040.50244140625,14918.2021484375,-4296.6982421875
377755.11573815,-2685.226806640625,162.56423950195312,-31929.04296875,15728.095703125,-11425.8095703125,-4039.228515625,14919.4541015625,-4292.74169921875
377755.118708039,-2685.98681640625,166.6769561767578,-31925.80078125,15739.1376953125,-11415.662109375,-4035.69677734375,14920.5498046875,-4286.19287109375
377755.123697118,-2690.255859375,162.2289581298828,-31927.9921875,15742.1328125,-11413.3818359375,-4037.7978515625,14916.7939453125,-4284.248046875
377755.127732578,-2693.2509765625,155.70225524902344,-31931.34375,15736.0302734375,-11419.3720703125,-4044.570556640625,14913.44140625,-4288.0703125
377755.131684529,-2698.95068359375,148.1026611328125,-31936.5078125,15726.8662109375,-11430.771484375,-4054.047607421875,14909.775390625,-4294.26171875
377755.134698179,-2704.315185546875,144.68284606933594,-31941.58203125,15718.7744140625,-11440.091796875,-4060.12744140625,14911.0048828125,-4294.0830078125
377755.137712193,-2704.918701171875,141.57594299316406,-31950.27734375,15712.0244140625,-11444.115234375,-4061.244873046875,14913.5087890625,-4288.94189453125
377755.141733067,-2691.19482421875,148.4379425048828,-31948.890625,15715.9365234375,-11436.0693359375,-4050.851318359375,14926.3603515625,-4272.35693359375
377755.146691148,-2692.446533203125,143.7887725830078,-31952.244140625,15707.77734375,-11441.4560546875,-4053.846435546875,14924.70703125,-4276.08984375
377755.150633617,-2696.000244140625,142.5147247314453,-31948.33203125,15704.044921875,-11444.2939453125,-4052.1923828125,14928.23828125,-4277.2744140625
377755.154727425,-2694.301513671875,143.25233459472656,-31945.939453125,15701.966796875,-11449.4130859375,-4056.193359375,14926.8076171875,-4280.1357421875
377755.157738158,-2692.424072265625,143.63230895996094,-31946.498046875,15705.095703125,-11440.896484375,-4045.866943359375,14935.189453125,-4275.8662109375
377755.161779453,-2692.17822265625,139.31842041015625,-31954.6796875,15699.708984375,-11442.0595703125,-4046.358642578125,14933.37890625,-4279.42041015625
377755.165765318,-2688.490234375,145.80043029785156,-31952.064453125,15706.615234375,-11439.6005859375,-4047.543212890625,14931.4345703125,-4279.57666015625
377755.169717269,-2685.0927734375,154.56231689453125,-31940.330078125,15718.7529296875,-11432.068359375,-4041.173095703125,14936.1513671875,-4276.04541015625
377755.173723192,-2683.37158203125,158.11624145507812,-31930.361328125,15724.67578125,-11423.73046875,-4031.51708984375,14941.380859375,-4273.921875
377755.178770252,-2691.37353515625,151.38836669921875,-31937.53515625,15721.0771484375,-11425.7197265625,-4035.249755859375,14931.94921875,-4283.82373046875
377755.182802796,-2694.748779296875,147.45445251464844,-31941.693359375,15719.6240234375,-11426.033203125,-4040.32373046875,14924.908203125,-4285.58935546875
377755.186788661,-2698.39208984375,141.17361450195312,-31941.6484375,15718.484375,-11425.18359375,-4040.994140625,14919.7666015625,-4290.2607421875
