#377727.187042838,-2792.6044921875,-3.5092239379882812,-32079.15625,15635.3359375,-11647.8515625,-4128.412109375,14882.998046875,-4423.96923828125
377727.191042925,-2795.10791015625,-5.990267276763916,-32079.134765625,15630.91015625,-11653.39453125,-4130.9375,14880.62890625,-4427.8583984375
377727.195115947,-2796.046875,-7.7560553550720215,-32076.564453125,15629.345703125,-11653.126953125,-4128.1884765625,14882.931640625,-4423.611328125
377727.198151842,-2792.31396484375,-2.0563604831695557,-32076.2734375,15637.705078125,-11651.2041015625,-4131.42919921875,14881.03125,-4418.69384765625
377727.202029764,-2795.13037109375,-8.04662799835205,-32085.169921875,15632.228515625,-11660.4130859375,-4143.72265625,14873.6328125,-4423.27587890625
377727.206041886,-2796.13623046875,-10.237098693847656,-32084.05078125,15630.5078125,-11659.5419921875,-4140.66064453125,14874.974609375,-4424.4384765625
377727.21098465,-2798.0361328125,-9.946526527404785,-32078.396484375,15634.0166015625,-11654.4677734375,-4132.90478515625,14879.5341796875,-4425.98046875
377727.21498255,-2801.634765625,-13.120473861694336,-32078.12890625,15631.71484375,-11659.384765625,-4138.73828125,14874.8623046875,-4429.13232421875
377727.219001965,-2804.11572265625,-16.11560821533203,-32084.05078125,15630.150390625,-11660.9052734375,-4143.923828125,14869.9677734375,-4429.31103515625
377727.222998041,-2807.22265625,-23.446979522705078,-32093.88671875,15623.265625,-11663.2744140625,-4147.27685546875,14865.876953125,-4431.0546875
377727.227178641,-2809.50244140625,-26.464466094970703,-32096.255859375,15619.1982421875,-11662.5595703125,-4143.49951171875,14865.6982421875,-4434.31787109375
377727.230205784,-2807.066162109375,-21.167102813720703,-32092.34375,15623.3779296875,-11660.994140625,-4142.716796875,14865.4521484375,-4434.34033203125
377727.234092823,-2804.31689453125,-14.886261940002441,-32087.740234375,15627.8037109375,-11657.6640625,-4140.10205078125,14868.2236328125,-4431.6357421875
377727.240071621,-2799.71240234375,-7.264317035675049,-32086.689453125,15636.900390625,-11651.763671875,-4139.67724609375,14865.3408203125,-4435.47998046875
377727.244158865,-2797.34326171875,-6.213785171508789,-32088.544921875,15635.3359375,-11652.322265625,-4143.29833984375,14858.3896484375,-4439.48095703125
377727.248193961,-2796.91845703125,-7.7113518714904785,-32085.818359375,15631.111328125,-11656.0322265625,-4146.27099609375,14856.1767578125,-4445.35986328125
377727.252206083,-2797.074951171875,-8.404255867004395,-32081.1015625,15627.8701171875,-11661.6201171875,-4149.89208984375,14854.5,-4448.95849609375
377727.256016541,-2801.366455078125,-11.80172061920166,-32085.236328125,15619.6005859375,-11674.62890625,-4162.83349609375,14843.8603515625,-4456.06591796875
377727.259144333,-2801.6123046875,-5.520880699157715,-32084.498046875,15627.4228515625,-11662.0,-4150.3388671875,14851.8173828125,-4448.75732421875
377727.262228,-2792.626953125,-0.804662823677063,-32084.07421875,15631.8046875,-11655.1162109375,-4143.87939453125,14856.869140625,-4442.4091796875
377727.269215481,-2790.078857421875,-0.5587936043739319,-32082.599609375,15631.201171875,-11656.8369140625,-4145.376953125,14856.9140625,-4443.4599609375
377727.272252469,-2791.777587890625,-3.442168712615967,-32079.4921875,15628.5634765625,-11661.1513671875,-4148.796875,14856.3994140625,-4446.455078125
377727.27607715,-2795.13037109375,-3.4868721961975098,-32076.98828125,15629.0322265625,-11661.0615234375,-4148.05908203125,14856.8466796875,-4447.30419921875
377727.279114868,-2795.353759765625,-3.397465229034424,-32080.474609375,15625.5234375,-11661.486328125,-4147.1650390625,14857.025390625,-4444.75634765625
377727.282249588,-2801.32177734375,-10.773540496826172,-32085.21484375,15620.896484375,-11659.9443359375,-4148.23779296875,14856.66796875,-4443.0576171875
377727.286138451,-2802.081787109375,-8.314848899841309,-32079.939453125,15633.9501953125,-11650.6005859375,-4143.90185546875,14860.802734375,-4442.31982421875
377727.290290242,-2801.947509765625,-9.790063858032227,-32074.955078125,15635.89453125,-11651.271484375,-4142.29248046875,14864.669921875,-4439.0341796875
377727.296175684,-2804.272216796875,-16.003849029541016,-32077.369140625,15630.396484375,-11655.6748046875,-4143.05224609375,14863.10546875,-4439.212890625
377727.300183794,-2814.91162109375,-27.336183547973633,-32092.568359375,15617.1416015625,-11666.2021484375,-4154.85400390625,14851.8173828125,-4444.64453125
377727.304250252,-2816.364501953125,-35.695735931396484,-32105.912109375,15606.2333984375,-11674.8076171875,-4166.40966796875,14842.51953125,-4448.46630859375
377727.308280607,-2822.176025390625,-42.267147064208984,-32115.076171875,15599.0810546875,-11684.1064453125,-4178.14453125,14828.169921875,-4462.72705078125
377727.31220776,-2820.09716796875,-36.6345100402832,-32110.78515625,15600.7353515625,-11685.9609375,-4179.306640625,14825.4873046875,-4469.8349609375
377727.31518786,-2823.271240234375,-39.07085037231445,-32113.66796875,15593.3369140625,-11693.29296875,-4183.77734375,14826.626953125,-4472.29345703125
377727.319144917,-2822.6005859375,-38.15442657470703,-32115.90234375,15595.7958984375,-11689.6494140625,-4181.7880859375,14831.5673828125,-4467.7783203125
377727.324237197,-2817.482177734375,-34.108760833740234,-32114.29296875,15601.2939453125,-11683.9716796875,-4175.9541015625,14837.4013671875,-4459.7763671875
377727.32728549,-2813.90576171875,-29.683116912841797,-32107.990234375,15606.4345703125,-11674.7412109375,-4163.9736328125,14846.453125,-4453.1826171875
377727.332293167,-2806.686279296875,-21.21180534362793,-32097.08203125,15614.8837890625,-11667.5439453125,-4155.14453125,14854.09765625,-4449.3828125
377727.335357141,-2805.30029296875,-16.696752548217773,-32093.349609375,15617.0078125,-11667.9462890625,-4157.0,14851.68359375,-4453.87548828125
377727.33933316,-2806.0380859375,-16.182662963867188,-32096.45703125,15615.912109375,-11669.197265625,-4161.3583984375,14846.498046875,-4454.92626953125
377727.380671652,-2809.10009765625,-26.173892974853516,-32106.158203125,15604.37890625,-11677.892578125,-4166.9912109375,14844.0166015625,-4453.2275390625
377727.385554246,-2805.34521484375,-20.80947494506836,-32099.25,15612.2236328125,-11668.125,-4157.06689453125,14850.7451171875,-4449.6513671875
377727.389342459,-2803.8251953125,-12.27110767364502,-32087.671875,15622.4384765625,-11661.642578125,-4150.7861328125,14853.6728515625,-4448.2431640625
377727.392685043,-2799.53369140625,-6.3255438804626465,-32080.408203125,15627.53515625,-11659.5859375,-4148.30517578125,14857.5625,-4446.07470703125
377727.395831798,-2798.348876953125,-9.432435989379883,-32085.6171875,15625.2548828125,-11662.447265625,-4153.9150390625,14854.4326171875,-4445.9853515625
377727.399590837,-2799.93603515625,-12.852252960205078,-32090.310546875,15620.5390625,-11664.1015625,-4156.1279296875,14854.0751953125,-4442.7890625
377727.408375057,-2799.71240234375,-13.835729598999023,-32087.76171875,15618.7958984375,-11665.6884765625,-4155.01025390625,14854.8798828125,-4442.833984375
377727.411673516,-2801.50048828125,-16.40618133544922,-32084.0078125,15616.671875,-11667.3203125,-4154.83154296875,14857.2490234375,-4445.56103515625
377727.414481126,-2807.356689453125,-21.457674026489258,-32085.013671875,15614.4814453125,-11666.984375,-4153.26708984375,14863.5751953125,-4443.236328125
377727.417725248,-2814.3974609375,-25.525691986083984,-32092.12109375,15613.38671875,-11667.8115234375,-4156.7314453125,14862.4345703125,-4439.14599609375
377727.421305963,-2812.005859375,-23.20111083984375,-32096.703125,15612.8271484375,-11668.2587890625,-4158.22900390625,14862.2109375,-4434.31787109375
377727.424355351,-2807.647216796875,-18.708410263061523,-32094.69140625,15617.521484375,-11665.30859375,-4155.94921875,14865.3857421875,-4433.73681640625
377727.427416772,-2811.558837890625,-20.1389217376709,-32097.59765625,15615.666015625,-11672.1484375,-4163.9287109375,14856.9140625,-4442.16357421875
377727.431395709,-2820.6337890625,-30.91246223449707,-32106.984375,15602.92578125,-11677.7578125,-4162.83349609375,14854.455078125,-4449.91943359375
377727.434690156,-2827.4287109375,-41.14956283569336,-32118.427734375,15589.984375,-11681.111328125,-4160.978515625,14858.0087890625,-4446.92431640625
377727.437717298,-2815.69384765625,-25.749210357666016,-32111.41015625,15609.5419921875,-11666.0009765625,-4152.64111328125,14862.0771484375,-4441.53759765625
377727.440727666,-2809.32373046875,-18.596651077270508,-32106.89453125,15616.7392578125,-11663.2744140625,-4152.9765625,14859.171875,-4443.75048828125
377727.444558181,-2809.077880859375,-15.690924644470215,-32101.0390625,15616.5830078125,-11663.744140625,-4152.48486328125,14858.5234375,-4443.4599609375
377727.447366156,-2805.14404296875,-12.338163375854492,-32097.150390625,15617.521484375,-11663.54296875,-4151.25537109375,14858.232421875,-4441.35888671875
377727.450468421,-2808.49658203125,-17.143787384033203,-32104.2578125,15611.173828125,-11668.59375,-4155.43505859375,14854.5,-4441.0458984375
377727.453458002,-2809.033203125,-17.590822219848633,-32104.90625,15611.978515625,-11664.7939453125,-4154.1162109375,14853.3828125,-4441.4033203125
377727.457510602,-2807.423828125,-13.321640014648438,-32097.3515625,15616.224609375,-11659.4296875,-4149.3779296875,14853.986328125,-4444.3984375
377727.460428343,-2799.354736328125,-6.996096134185791,-32087.068359375,15623.7802734375,-11655.9873046875,-4145.62255859375,14855.55078125,-4444.6220703125
377727.463444181,-2797.90185546875,-6.772578716278076,-32083.24609375,15624.0703125,-11655.8759765625,-4143.07470703125,14858.6123046875,-4443.50439453125
377727.467568257,-2806.619140625,-14.081599235534668,-32092.5,15618.1923828125,-11659.2734375,-4147.85791015625,14853.8291015625,-4446.14208984375
377727.470674533,-2809.949462890625,-15.400351524353027,-32093.931640625,15621.34375,-11656.6357421875,-4148.81884765625,14853.13671875,-4444.0634765625
377727.473579146,-2809.8154296875,-15.5791654586792,-32091.583984375,15622.70703125,-11655.4736328125,-4145.3994140625,14856.8466796875,-4441.6494140625
377727.476478289,-2814.352783203125,-20.585956573486328,-32091.427734375,15618.4599609375,-11658.2451171875,-4143.611328125,14858.970703125,-4443.59375
377727.480331778,-2821.10302734375,-33.92994689941406,-32099.138671875,15602.0537109375,-11673.3330078125,-4156.21728515625,14850.275390625,-4452.55712890625
377727.483672539,-2817.70556640625,-31.58301544189453,-32101.576171875,15602.8583984375,-11675.03125,-4161.2021484375,14849.671875,-4451.2158203125
377727.486817835,-2816.431640625,-28.29730796813965,-32105.30859375,15610.525390625,-11674.181640625,-4166.43212890625,14842.474609375,-4455.35107421875
377727.489618516,-2812.184814453125,-19.69188690185547,-32097.484375,15625.92578125,-11658.7373046875,-4148.5283203125,14854.7685546875,-4444.68896484375
377727.493652883,-2816.69970703125,-25.749210357666016,-32099.451171875,15617.833984375,-11664.771484375,-4150.31640625,14858.6123046875,-4441.67138671875
377727.496514464,-2820.186767578125,-31.5606632232666,-32104.056640625,15609.9892578125,-11671.142578125,-4155.79296875,14856.712890625,-4446.455078125
377727.499735248,-2824.29931640625,-39.74140167236328,-32115.970703125,15599.05859375,-11676.931640625,-4160.9560546875,14853.2705078125,-4444.91259765625
377727.502514778,-2822.421875,-28.02908706665039,-32122.36328125,15601.271484375,-11672.8408203125,-4158.564453125,14851.482421875,-4442.8115234375
377727.506804415,-2826.243896484375,-30.756000518798828,-32124.375,15601.4951171875,-11673.5341796875,-4159.97265625,14846.8779296875,-4451.1708984375
377727.509774304,-2828.836669921875,-38.46735382080078,-32119.2109375,15599.86328125,-11676.1494140625,-4162.69970703125,14845.134765625,-4456.69189453125
377727.512812387,-2820.8349609375,-33.88524627685547,-32113.7578125,15603.1494140625,-11672.013671875,-4159.30224609375,14845.939453125,-4458.033203125
377727.515623643,-2819.650146484375,-29.54900550842285,-32113.064453125,15603.5517578125,-11667.990234375,-4154.65283203125,14851.9296875,-4451.55126953125
377727.51959164,-2820.611328125,-29.034915924072266,-32113.64453125,15602.6796875,-11671.8798828125,-4160.46435546875,14849.626953125,-4448.06396484375
377727.522756993,-2811.447021484375,-25.950374603271484,-32106.158203125,15607.5078125,-11669.287109375,-4159.123046875,14849.515625,-4448.98046875
377727.525514278,-2808.630859375,-16.38382911682129,-32091.986328125,15618.169921875,-11656.30078125,-4142.716796875,14860.2890625,-4448.28759765625
377727.528660669,-2808.51904296875,-12.516977310180664,-32084.85546875,15621.8134765625,-11651.31640625,-4135.5869140625,14864.6025390625,-4447.974609375
377727.531861395,-2810.32958984375,-13.098122596740723,-32089.193359375,15623.5791015625,-11652.6123046875,-4140.25830078125,14857.673828125,-4451.796875
377727.535546771,-2806.0380859375,-9.477139472961426,-32089.70703125,15628.8095703125,-11649.70703125,-4140.83935546875,14855.7294921875,-4449.4501953125
377727.538584124,-2805.30029296875,-8.136034965515137,-32085.83984375,15629.0771484375,-11648.857421875,-4138.11279296875,14862.30078125,-4444.13037109375
377727.541583551,-2801.656982421875,-5.409121990203857,-32080.162109375,15629.1220703125,-11650.220703125,-4137.9560546875,14865.921875,-4444.10791015625
377727.545530032,-2808.2060546875,-13.321640014648438,-32084.7890625,15616.2470703125,-11661.4638671875,-4148.1484375,14858.6796875,-4449.6064453125
377727.54852946,-2809.63671875,-8.96304988861084,-32081.59375,15625.009765625,-11651.830078125,-4144.61669921875,14855.55078125,-4449.91943359375
377727.551590152,-2807.066162109375,-6.012619495391846,-32080.51953125,15629.3681640625,-11648.4326171875,-4144.1923828125,14853.4267578125,-4446.857421875
377727.555518399,-2809.368408203125,-7.309020519256592,-32081.146484375,15628.7421875,-11648.5224609375,-4142.515625,14855.7744140625,-4446.857421875
377727.558727513,-2813.2353515625,-10.304154396057129,-32082.107421875,15623.958984375,-11655.5185546875,-4147.65673828125,14853.203125,-4452.26611328125
377727.561633949,-2814.553955078125,-15.847386360168457,-32086.01953125,15618.83984375,-11658.4912109375,-4147.41064453125,14855.4833984375,-4451.841796875
377727.564689901,-2821.147705078125,-22.99994468688965,-32095.787109375,15614.66015625,-11658.3349609375,-4146.49462890625,14860.6689453125,-4447.3935546875
377727.567728713,-2825.953369140625,-26.28565216064453,-32104.794921875,15610.837890625,-11660.32421875,-4148.796875,14860.19921875,-4445.7841796875
377727.571630339,-2821.170166015625,-32.99117660522461,-32112.05859375,15603.3056640625,-11669.1083984375,-4155.50244140625,14854.208984375,-4450.8134765625
377727.574563761,-2820.09716796875,-34.44403839111328,-32113.2421875,15599.5283203125,-11675.076171875,-4158.162109375,14852.64453125,-4455.50732421875
377727.577732761,-2823.71826171875,-36.79096984863281,-32114.919921875,15596.01953125,-11675.8583984375,-4156.798828125,14853.583984375,-4457.0048828125
377727.581551606,-2829.619140625,-43.13886642456055,-32121.9375,15588.576171875,-11677.490234375,-4157.40234375,14852.5107421875,-4451.52880859375
377727.584628709,-2825.50634765625,-36.2545280456543,-32118.65234375,15600.109375,-11665.576171875,-4148.953125,14858.92578125,-4442.87841796875
377727.588651041,-2815.671630859375,-21.3906192779541,-32107.140625,15616.7392578125,-11655.40625,-4143.3203125,14860.9150390625,-4443.7724609375
377727.591621295,-2819.270263671875,-15.869738578796387,-32099.33984375,15622.9306640625,-11652.2548828125,-4139.744140625,14861.205078125,-4448.31005859375
377727.595647639,-2817.92919921875,-11.868776321411133,-32094.958984375,15620.3603515625,-11657.41796875,-4143.87939453125,14859.640625,-4451.0146484375
377727.598657277,-2821.483154296875,-16.85321617126465,-32103.20703125,15612.8271484375,-11663.1181640625,-4152.9091796875,14852.3544921875,-4453.33935546875
377727.602559268,-2823.71826171875,-19.26720428466797,-32107.119140625,15613.095703125,-11658.423828125,-4149.1318359375,14850.833984375,-4454.50146484375
377727.606681885,-2822.645263671875,-14.439227104187012,-32099.810546875,15620.0693359375,-11651.31640625,-4141.28662109375,14854.611328125,-4453.7861328125
377727.610749072,-2820.29833984375,-21.770599365234375,-32101.083984375,15611.5087890625,-11660.7041015625,-4147.63427734375,14848.1748046875,-4461.6318359375
377727.614822459,-2819.0244140625,-19.468368530273438,-32095.80859375,15614.3251953125,-11657.7978515625,-4144.1923828125,14851.9296875,-4458.7705078125
377727.618638752,-2823.651123046875,0.31292441487312317,-32095.00390625,15624.1826171875,-11652.0537109375,-4142.64990234375,14853.3154296875,-4456.28955078125
377727.621790612,-2822.623046875,-1.0281802415847778,-32095.33984375,15627.8701171875,-11649.1484375,-4140.5263671875,14854.9248046875,-4451.439453125
377727.626575839,-2813.548095703125,-15.7803316116333,-32089.751953125,15625.009765625,-11650.376953125,-4141.5771484375,14856.712890625,-4450.07568359375
377727.630717419,-2818.30908203125,-17.03203010559082,-32090.265625,15618.728515625,-11657.6865234375,-4147.1201171875,14853.6953125,-4456.982421875
377727.634727352,-2825.081787109375,-16.33912467956543,-32089.03515625,15617.029296875,-11658.8037109375,-4148.5732421875,14853.13671875,-4459.93310546875
377727.638770836,-2826.959228515625,-26.196245193481445,-32097.73046875,15611.732421875,-11661.9560546875,-4153.24462890625,14846.2744140625,-4462.8388671875
377727.642825989,-2824.32177734375,-30.197206497192383,-32106.0234375,15606.6357421875,-11665.1298828125,-4157.513671875,14840.7314453125,-4464.783203125
377727.646669632,-2819.8291015625,-29.973690032958984,-32108.1015625,15604.8701171875,-11668.7060546875,-4160.53125,14837.4453125,-4467.86767578125
377727.651724351,-2822.93603515625,-32.54413986206055,-32104.01171875,15604.5126953125,-11663.564453125,-4149.84716796875,14849.2919921875,-4458.50244140625
377727.655779869,-2829.149658203125,-33.75113296508789,-32103.810546875,15604.22265625,-11664.458984375,-4150.83056640625,14853.4267578125,-4458.435546875
377727.659818976,-2829.88720703125,-33.684078216552734,-32108.572265625,15605.98828125,-11663.564453125,-4152.21630859375,14852.8681640625,-4458.10009765625
377727.662822415,-2831.69775390625,-36.768619537353516,-32115.34375,15603.841796875,-11662.6708984375,-4153.78125,14855.3720703125,-4454.50146484375
377727.666826879,-2830.535400390625,-35.226348876953125,-32116.013671875,15603.6630859375,-11665.017578125,-4157.513671875,14852.533203125,-4458.27880859375
377727.670861975,-2824.277099609375,-29.772523880004883,-32109.5546875,15608.4462890625,-11664.5263671875,-4158.40771484375,14846.990234375,-4464.0009765625
377727.674690666,-2825.461669921875,-30.934814453125,-32107.54296875,15606.748046875,-11666.7392578125,-4157.3349609375,14846.990234375,-4465.7890625
377727.677897592,-2827.763916015625,-34.91342544555664,-32115.298828125,15600.0869140625,-11670.650390625,-4159.123046875,14846.69921875,-4465.5654296875
377727.68382716,-2825.059326171875,-28.140846252441406,-32117.9375,15604.78125,-11669.599609375,-4160.93359375,14844.0390625,-4464.9619140625
377727.686915932,-2822.958251953125,-27.805570602416992,-32118.517578125,15599.908203125,-11674.115234375,-4164.7109375,14842.9892578125,-4463.10693359375
377727.690715814,-2825.6181640625,-23.15640640258789,-32111.208984375,15605.2060546875,-11668.2587890625,-4160.08447265625,14847.951171875,-4458.994140625
377727.694793577,-2826.266357421875,-22.619964599609375,-32108.28125,15608.826171875,-11665.0400390625,-4157.1787109375,14848.017578125,-4463.0400390625
377727.698916924,-2821.371337890625,-19.580127716064453,-32109.041015625,15611.12890625,-11663.9453125,-4158.67626953125,14846.5205078125,-4463.91162109375
377727.701911975,-2817.32568359375,-15.333296775817871,-32107.923828125,15617.23046875,-11656.2109375,-4153.9150390625,14849.0234375,-4462.88330078125
377727.705906592,-2818.979736328125,-17.814340591430664,-32106.91796875,15613.498046875,-11659.8095703125,-4153.44580078125,14847.6826171875,-4464.06787109375
377727.709944971,-2827.09326171875,-26.173892974853516,-32108.9296875,15605.4072265625,-11669.9580078125,-4163.99609375,14838.853515625,-4473.0087890625
377727.716033899,-2830.22265625,-27.090314865112305,-32106.671875,15606.9716796875,-11671.5,-4167.21435546875,14835.6796875,-4475.802734375
377727.718836039,-2834.849365234375,-28.207901000976562,-32111.1640625,15606.501953125,-11672.953125,-4172.19873046875,14830.4052734375,-4476.96484375
377727.722954645,-2837.039794921875,-33.77348709106445,-32117.958984375,15601.40625,-11673.66796875,-4173.20458984375,14829.9580078125,-4473.94775390625
377727.726847155,-2834.335205078125,-36.232177734375,-32114.00390625,15600.19921875,-11671.611328125,-4169.47216796875,14835.6572265625,-4467.91259765625
377727.730758991,-2827.6298828125,-31.471256256103516,-32106.08984375,15605.384765625,-11669.1748046875,-4165.82861328125,14838.7197265625,-4469.611328125
377727.733863809,-2835.676513671875,-37.99796676635742,-32111.455078125,15596.689453125,-11676.7529296875,-4171.349609375,14833.5791015625,-4476.4287109375
377727.739785354,-2843.90185546875,-45.10581970214844,-32120.171875,15590.6767578125,-11678.0263671875,-4173.5849609375,14832.7294921875,-4477.09912109375
377727.742786604,-2841.733642578125,-45.195228576660156,-32125.759765625,15590.54296875,-11674.6962890625,-4171.5283203125,14835.7919921875,-4471.5556640625
377727.746757883,-2841.666748046875,-46.11164855957031,-32126.185546875,15587.16796875,-11675.03125,-4171.751953125,14838.943359375,-4467.64453125
377727.751662722,-2836.32470703125,-47.76567840576172,-32124.84375,15584.7763671875,-11675.8583984375,-4169.80712890625,14841.111328125,-4468.09130859375
377727.755690524,-2838.0234375,-47.408050537109375,-32126.005859375,15585.1787109375,-11678.0263671875,-4172.69091796875,14840.1279296875,-4471.86865234375
377727.759299683,-2835.855224609375,-39.92021560668945,-32126.630859375,15590.431640625,-11676.9755859375,-4174.68017578125,14840.2392578125,-4471.28759765625
377727.76219992,-2834.067138671875,-34.44403839111328,-32125.984375,15598.0751953125,-11671.767578125,-4172.3330078125,14841.357421875,-4469.7900390625
377727.766327643,-2833.731689453125,-37.52857971191406,-32127.771484375,15592.666015625,-11680.8203125,-4180.3349609375,14834.7861328125,-4473.92529296875
377727.771153712,-2833.977783203125,-36.45569610595703,-32122.25,15592.3759765625,-11683.033203125,-4181.1396484375,14835.2998046875,-4475.28857421875
377727.775113686,-2827.69677734375,-22.55290985107422,-32107.990234375,15610.7490234375,-11665.3974609375,-4165.06884765625,14847.8388671875,-4468.27001953125
377727.778907369,-2831.0048828125,-23.446979522705078,-32113.154296875,15610.9052734375,-11664.7275390625,-4165.85107421875,14847.548828125,-4466.83984375
377727.784848971,-2829.149658203125,-25.905672073364258,-32118.763671875,15606.79296875,-11667.3203125,-4168.9580078125,14846.7216796875,-4463.48681640625
377727.788236774,-2830.71435546875,-29.54900550842285,-32118.138671875,15606.5244140625,-11664.6826171875,-4166.00732421875,14847.2353515625,-4465.1630859375
377727.790954674,-2832.12255859375,-30.934814453125,-32114.650390625,15606.94921875,-11662.89453125,-4162.60986328125,14847.9736328125,-4466.59375
377727.794059127,-2833.2177734375,-31.627717971801758,-32112.259765625,15605.7197265625,-11660.8154296875,-4158.02783203125,14851.4150390625,-4466.45947265625
377727.799934359,-2837.5986328125,-37.193302154541016,-32121.2890625,15599.6396484375,-11665.8671875,-4165.962890625,14845.291015625,-4470.3935546875
377727.803214583,-2834.11181640625,-33.728782653808594,-32123.748046875,15604.2890625,-11663.1181640625,-4166.72265625,14844.44140625,-4466.68310546875
377727.808029713,-2836.056396484375,-39.249664306640625,-32128.5546875,15595.482421875,-11674.673828125,-4178.23388671875,14836.484375,-4469.87939453125
377727.81282588,-2838.850341796875,-42.51301956176758,-32127.19140625,15591.0791015625,-11679.658203125,-4179.64208984375,14833.466796875,-4474.3720703125
377727.815870526,-2839.543212890625,-42.580074310302734,-32122.048828125,15592.3759765625,-11676.5068359375,-4173.47314453125,14838.943359375,-4474.86376953125
377727.819792574,-2842.91845703125,-44.01058578491211,-32123.994140625,15592.107421875,-11679.1220703125,-4179.86572265625,14833.9365234375,-4478.48486328125
377727.822964127,-2836.12353515625,-39.36142349243164,-32120.73046875,15598.0087890625,-11671.7236328125,-4174.5234375,14839.9716796875,-4470.86279296875
377727.826070768,-2837.7998046875,-43.02710723876953,-32124.306640625,15592.263671875,-11676.5068359375,-4177.5634765625,14838.98828125,-4472.33837890625
377727.830823903,-2843.611328125,-44.90465545654297,-32125.15625,15591.9736328125,-11679.099609375,-4178.546875,14837.84765625,-4473.6123046875
377727.834993563,-2847.433349609375,-48.19036102294922,-32126.228515625,15589.9169921875,-11680.41796875,-4176.80322265625,14840.798828125,-4472.0478515625
377727.83998337,-2849.10986328125,-49.30794906616211,-32134.07421875,15589.537109375,-11679.501953125,-4178.83740234375,14838.853515625,-4473.07568359375
377727.843888643,-2843.365478515625,-42.71418380737305,-32136.287109375,15592.8671875,-11672.2822265625,-4168.24267578125,14846.990234375,-4465.4541015625
377727.84698325,-2837.7998046875,-39.629642486572266,-32131.548828125,15595.7958984375,-11664.01171875,-4158.966796875,14852.935546875,-4461.564453125
377727.850081868,-2830.669677734375,-25.883319854736328,-32119.859375,15609.7431640625,-11656.30078125,-4154.33984375,14854.9697265625,-4464.8056640625
377727.854954981,-2835.7880859375,-31.694772720336914,-32123.189453125,15601.71875,-11666.359375,-4165.89599609375,14846.85546875,-4471.08642578125
377727.858965279,-2840.258544921875,-41.462486267089844,-32133.6953125,15591.3251953125,-11672.3935546875,-4172.7802734375,14842.4296875,-4473.05322265625
377727.862951144,-2833.12841796875,-33.684078216552734,-32131.572265625,15599.8193359375,-11666.2021484375,-4170.85791015625,14841.1787109375,-4473.50048828125
377727.867012497,-2836.033935546875,-35.98630905151367,-32131.1015625,15597.337890625,-11670.494140625,-4174.00927734375,14837.1552734375,-4478.86474609375
377727.869955765,-2832.90478515625,-31.515958786010742,-32123.099609375,15601.6962890625,-11668.4375,-4169.9189453125,14841.423828125,-4476.47314453125
377727.874044468,-2842.963134765625,-40.03197479248047,-32128.755859375,15590.5654296875,-11680.3515625,-4178.88232421875,14834.71875,-4485.90576171875
377727.878079928,-2840.750244140625,-35.78514099121094,-32127.302734375,15594.521484375,-11675.03125,-4175.99853515625,14839.61328125,-4481.5693359375
377727.882120494,-2833.374267578125,-29.12432289123535,-32126.072265625,15601.875,-11666.962890625,-4172.60107421875,14845.1123046875,-4472.986328125
377727.887030074,-2831.138916015625,-29.12432289123535,-32124.5078125,15603.7080078125,-11664.369140625,-4170.47802734375,14846.7216796875,-4470.32666015625
377727.891045113,-2834.49169921875,-34.421688079833984,-32123.79296875,15597.7177734375,-11664.50390625,-4162.587890625,14850.677734375,-4469.94677734375
377727.894995241,-2838.850341796875,-37.77444839477539,-32123.79296875,15593.5380859375,-11666.6943359375,-4162.341796875,14855.193359375,-4467.1748046875
377727.899056228,-2842.9853515625,-38.132076263427734,-32127.525390625,15593.873046875,-11666.984375,-4165.82861328125,14851.9970703125,-4467.93505859375
377727.90312378,-2844.818359375,-43.49649429321289,-32135.05859375,15588.3076171875,-11672.8857421875,-4174.76953125,14841.3125,-4473.25439453125
377727.908230647,-2844.773681640625,-43.96588134765625,-32133.224609375,15588.9560546875,-11673.9140625,-4178.07763671875,14836.9765625,-4478.93212890625
377727.911166622,-2847.232177734375,-43.78706741333008,-32124.486328125,15593.26953125,-11667.6328125,-4169.9638671875,14840.955078125,-4481.390625
377727.915968623,-2848.752197265625,-43.474143981933594,-32122.787109375,15593.9853515625,-11670.6728515625,-4173.00341796875,14837.2890625,-4488.029296875
377727.921977324,-2852.68603515625,-50.15731430053711,-32133.515625,15584.7763671875,-11680.171875,-4180.42431640625,14832.1708984375,-4488.29736328125
377727.925993457,-2852.68603515625,-56.52756118774414,-32148.267578125,15576.4169921875,-11690.0068359375,-4194.7294921875,14822.89453125,-4488.7666015625
377727.929999744,-2852.775390625,-54.58295822143555,-32146.591796875,15575.7236328125,-11692.0634765625,-4195.154296875,14826.76171875,-4485.92822265625
377727.934025723,-2846.740478515625,-44.882301330566406,-32139.685546875,15585.3349609375,-11684.6201171875,-4188.6943359375,14831.09765625,-4482.2177734375
377727.938044045,-2847.9921875,-44.01058578491211,-32145.1171875,15585.55859375,-11682.8994140625,-4186.63818359375,14829.533203125,-4481.32373046875
377727.942165568,-2849.824951171875,-48.74915313720703,-32152.40234375,15579.8583984375,-11685.7158203125,-4189.78955078125,14829.1533203125,-4479.71435546875
377727.947128025,-2841.465576171875,-40.85898971557617,-32146.591796875,15589.9619140625,-11676.126953125,-4181.5869140625,14835.880859375,-4475.35546875
377727.951115714,-2841.51025390625,-39.29436492919922,-32144.490234375,15587.9052734375,-11677.5791015625,-4180.26806640625,14836.8642578125,-4476.9873046875
377727.954168019,-2845.3994140625,-45.195228576660156,-32146.369140625,15581.087890625,-11683.1455078125,-4185.9453125,14833.82421875,-4479.37890625
377727.958144038,-2841.89013671875,-43.608253479003906,-32145.564453125,15582.541015625,-11678.5185546875,-4180.3125,14837.5126953125,-4473.8359375
377727.962437322,-2843.857177734375,-41.77540969848633,-32147.0390625,15586.162109375,-11675.8583984375,-4181.162109375,14834.31640625,-4477.3671875
377727.966097535,-2841.10791015625,-40.00962448120117,-32140.892578125,15588.77734375,-11673.3330078125,-4180.08935546875,14833.6015625,-4479.06591796875
377727.970160346,-2844.68408203125,-43.27297592163086,-32134.052734375,15587.63671875,-11673.154296875,-4176.89306640625,14834.673828125,-4482.552734375
377727.975190996,-2839.275146484375,-35.98630905151367,-32121.736328125,15598.1201171875,-11666.783203125,-4170.9921875,14841.357421875,-4480.6083984375
377727.979176497,-2842.60546875,-38.7579231262207,-32126.36328125,15595.326171875,-11670.9853515625,-4178.61376953125,14835.8359375,-4482.32958984375
377727.982178842,-2855.8154296875,-48.995025634765625,-32139.595703125,15586.4970703125,-11678.294921875,-4187.01806640625,14828.4599609375,-4484.5869140625
377727.987264193,-2848.595703125,-47.02806854248047,-32137.919921875,15588.44140625,-11677.4677734375,-4186.705078125,14828.0126953125,-4482.10595703125
377727.990100613,-2843.365478515625,-42.24479675292969,-32130.72265625,15592.912109375,-11670.8740234375,-4175.931640625,14839.4345703125,-4477.814453125
377727.994221406,-2847.433349609375,-42.28950119018555,-32132.21875,15591.0126953125,-11671.052734375,-4173.42822265625,14842.6083984375,-4479.31201171875
377727.99807052,-2846.360595703125,-42.267147064208984,-32136.578125,15591.0126953125,-11669.64453125,-4174.166015625,14843.3017578125,-4476.205078125
377728.004125534,-2846.427490234375,-50.8725700378418,-32146.32421875,15579.3447265625,-11676.7080078125,-4178.23388671875,14842.9892578125,-4474.439453125
377728.008141667,-2844.50537109375,-49.50911331176758,-32146.30078125,15580.8642578125,-11675.9033203125,-4179.5078125,14839.8369140625,-4476.96484375
377728.014240442,-2844.6171875,-44.09999084472656,-32140.982421875,15589.5595703125,-11672.505859375,-4179.59716796875,14839.0546875,-4476.7861328125
377728.01713995,-2843.72314453125,-37.752098083496094,-32134.701171875,15597.2265625,-11665.7333984375,-4174.65771484375,14842.4072265625,-4474.0146484375
377728.020282693,-2845.6005859375,-39.56258773803711,-32139.9765625,15593.26953125,-11670.8740234375,-4180.5810546875,14837.53515625,-4475.84765625
377728.023322964,-2841.89013671875,-37.26035690307617,-32141.853515625,15595.3486328125,-11670.091796875,-4182.32421875,14833.7578125,-4473.4111328125
377728.027223496,-2839.2080078125,-34.287574768066406,-32138.298828125,15597.6728515625,-11666.91796875,-4180.1787109375,14837.580078125,-4472.830078125
377728.031116735,-2839.0068359375,-35.315757751464844,-32136.689453125,15593.2255859375,-11672.37109375,-4183.82177734375,14836.037109375,-4474.7744140625
377728.035228047,-2842.538330078125,-40.2778434753418,-32140.19921875,15585.3349609375,-11679.970703125,-4188.0908203125,14831.8125,-4479.91552734375
377728.039301434,-2848.7744140625,-49.375003814697266,-32149.341796875,15576.8857421875,-11683.279296875,-4191.08642578125,14829.689453125,-4481.68115234375
377728.042317636,-2849.6015625,-51.99015808105469,-32156.046875,15575.6787109375,-11681.8486328125,-4191.98046875,14829.0634765625,-4477.85888671875
377728.046268128,-2843.41015625,-46.35751724243164,-32150.8828125,15581.53515625,-11676.529296875,-4187.66650390625,14832.5732421875,-4475.646484375
377728.050342244,-2842.404296875,-43.652957916259766,-32144.1328125,15580.8642578125,-11677.7802734375,-4186.9736328125,14834.205078125,-4478.619140625
377728.054302582,-2845.1982421875,-44.770545959472656,-32140.736328125,15579.009765625,-11679.009765625,-4188.2919921875,14834.6513671875,-4479.826171875
377728.058378522,-2844.08056640625,-40.38960266113281,-32139.08203125,15585.0888671875,-11674.5615234375,-4187.353515625,14835.6572265625,-4474.193359375
377728.063264762,-2843.90185546875,-40.88134002685547,-32140.19921875,15588.419921875,-11669.48828125,-4184.1796875,14837.3564453125,-4467.08544921875
377728.067330856,-2845.242919921875,-38.735572814941406,-32138.09765625,15591.34765625,-11668.59375,-4181.47509765625,14839.1669921875,-4464.87255859375
377728.070345235,-2848.841552734375,-38.22148132324219,-32138.478515625,15586.4970703125,-11673.98046875,-4184.62646484375,14842.67578125,-4465.990234375
377728.074337664,-2849.824951171875,-34.86872100830078,-32139.439453125,15585.7822265625,-11675.7470703125,-4185.9228515625,14840.619140625,-4470.25927734375
377728.078380783,-2848.10400390625,-46.62574005126953,-32141.919921875,15585.0,-11673.4443359375,-4185.1630859375,14839.0546875,-4467.7783203125
377728.084350099,-2845.131103515625,-51.45371627807617,-32148.9609375,15581.7587890625,-11673.7353515625,-4184.3359375,14836.775390625,-4466.95166015625
377728.087365937,-2843.231201171875,-52.906578063964844,-32149.630859375,15579.5908203125,-11674.2265625,-4184.22412109375,14836.8193359375,-4468.8291015625
377728.091361648,-2833.776611328125,-35.36045837402344,-32135.236328125,15597.3828125,-11661.888671875,-4174.61279296875,14842.4970703125,-4469.05224609375
377728.095382158,-2839.163330078125,-36.14277267456055,-32134.365234375,15592.2861328125,-11665.2861328125,-4174.61279296875,14845.537109375,-4465.74462890625
377728.098415864,-2848.327392578125,-49.26324462890625,-32147.552734375,15573.6669921875,-11678.4736328125,-4184.1123046875,14840.10546875,-4464.11279296875
377728.10235724,-2848.50634765625,-46.60338592529297,-32152.134765625,15576.8857421875,-11675.4560546875,-4183.576171875,14836.8193359375,-4464.626953125
377728.106391971,-2836.4140625,-35.3828125,-32142.076171875,15591.302734375,-11661.798828125,-4169.20361328125,14847.146484375,-4457.0498046875
377728.110482862,-2842.135986328125,-33.81818771362305,-32136.712890625,15593.158203125,-11664.302734375,-4169.85205078125,14847.705078125,-4459.48583984375
377728.1145041,-2836.70458984375,-34.287574768066406,-32134.455078125,15594.87890625,-11667.5439453125,-4176.580078125,14839.390625,-4468.248046875
377728.119334546,-2837.1962890625,-40.00962448120117,-32139.662109375,15590.4091796875,-11668.9521484375,-4176.9150390625,14840.91015625,-4465.5654296875
377728.123375477,-2837.777587890625,-37.84150314331055,-32142.390625,15592.197265625,-11667.990234375,-4176.64697265625,14841.2900390625,-4463.66552734375
377728.126406266,-2838.71630859375,-37.59563446044922,-32140.556640625,15593.0244140625,-11666.6044921875,-4175.9541015625,14842.318359375,-4464.67138671875
377728.130373168,-2835.408203125,-37.32741165161133,-32134.365234375,15594.6552734375,-11664.6826171875,-4174.45654296875,14846.54296875,-4461.7880859375
377728.134497609,-2836.92822265625,-38.89203643798828,-32134.052734375,15592.8896484375,-11665.77734375,-4176.333984375,14844.083984375,-4467.71142578125
377728.138517389,-2840.660888671875,-37.930912017822266,-32135.884765625,15595.013671875,-11660.9501953125,-4174.00927734375,14844.84375,-4466.68310546875
377728.142555767,-2837.21875,-37.617984771728516,-32140.1328125,15592.5322265625,-11661.44140625,-4175.61865234375,14843.97265625,-4465.833984375
377728.146602533,-2837.017578125,-37.68503952026367,-32140.400390625,15590.5205078125,-11664.34765625,-4178.189453125,14841.87109375,-4466.638671875
377728.151416203,-2837.71044921875,-35.85219955444336,-32137.830078125,15590.296875,-11667.0068359375,-4180.5361328125,14841.916015625,-4468.6279296875
377728.15448273,-2841.554931640625,-40.00962448120117,-32140.421875,15586.408203125,-11671.611328125,-4182.7041015625,14839.8369140625,-4473.634765625
377728.158435411,-2843.365478515625,-42.28950119018555,-32144.87109375,15586.6318359375,-11669.2197265625,-4179.150390625,14839.658203125,-4472.71826171875
377728.165473216,-2841.48779296875,-42.82594299316406,-32147.8203125,15587.615234375,-11665.95703125,-4176.60205078125,14843.6591796875,-4467.1748046875
377728.168519686,-2841.51025390625,-44.457618713378906,-32148.55859375,15586.0283203125,-11667.72265625,-4179.552734375,14839.6806640625,-4468.5830078125
377728.171511091,-2844.863037109375,-48.65974807739258,-32147.77734375,15579.970703125,-11674.4501953125,-4185.60986328125,14835.7021484375,-4473.8359375
377728.174533128,-2844.70654296875,-47.47510528564453,-32147.28515625,15578.0703125,-11679.0546875,-4191.1533203125,14834.4951171875,-4477.412109375
377728.179604622,-2838.939697265625,-39.80845642089844,-32144.982421875,15586.8330078125,-11669.9130859375,-4185.5654296875,14838.5634765625,-4472.53955078125
377728.182632859,-2845.98046875,-45.28463363647461,-32153.85546875,15582.7197265625,-11671.0302734375,-4186.1240234375,14835.6572265625,-4472.29345703125
377728.186598302,-2845.31005859375,-45.93283462524414,-32154.34765625,15580.640625,-11673.0869140625,-4187.48779296875,14833.265625,-4470.66162109375
#377749.191535232,-2787.754150390625,49.44205856323242,-32021.04296875,15602.970703125,-11558.3330078125,-4161.02294921875,14793.2119140625,-4433.267578125
377749.19429033,-2790.972900390625,45.195228576660156,-32027.27734375,15605.4072265625,-11553.416015625,-4156.84326171875,14798.486328125,-4424.30419921875
377749.197371079,-2793.655029296875,41.28367233276367,-32028.57421875,15606.255859375,-11549.6826171875,-4151.7470703125,14805.37109375,-4415.609375
377749.202347029,-2791.91162109375,41.641300201416016,-32023.298828125,15608.201171875,-11548.9677734375,-4149.66845703125,14810.3779296875,-4411.54150390625
377749.206411299,-2793.878662109375,42.334205627441406,-32017.01953125,15610.5478515625,-11545.8828125,-4144.41552734375,14814.37890625,-4410.53564453125
377749.211560103,-2798.90771484375,39.026145935058594,-32018.91796875,15603.5068359375,-11551.068359375,-4148.10400390625,14814.9375,-4409.6416015625
377749.216638161,-2794.079833984375,44.502323150634766,-32022.271484375,15602.076171875,-11551.6494140625,-4149.7802734375,14817.150390625,-4404.76904296875
377749.21943556,-2789.296630859375,43.54119873046875,-32027.880859375,15598.58984375,-11555.7177734375,-4154.60791015625,14814.8701171875,-4406.15478515625
377749.222403261,-2787.374267578125,46.31281280517578,-32027.79296875,15601.205078125,-11558.2880859375,-4156.798828125,14810.4443359375,-4412.0107421875
377749.226366152,-2787.15087890625,50.09025955200195,-32025.244140625,15601.40625,-11559.3388671875,-4155.68115234375,14813.484375,-4411.474609375
377749.230386661,-2786.234375,50.15731430053711,-32026.451171875,15596.2421875,-11562.2666015625,-4152.86474609375,14818.0,-4408.74755859375
377749.234406076,-2786.4130859375,46.938663482666016,-32037.001953125,15588.017578125,-11569.888671875,-4159.41357421875,14812.009765625,-4408.2333984375
377749.238389389,-2781.004150390625,52.1019172668457,-32034.564453125,15594.3427734375,-11562.2666015625,-4152.41748046875,14814.982421875,-4406.2666015625
377749.242375984,-2775.8408203125,54.672367095947266,-32028.5078125,15593.6494140625,-11565.0380859375,-4151.724609375,14813.484375,-4413.32958984375
377749.24645557,-2774.65625,55.83465576171875,-32022.986328125,15591.0341796875,-11568.681640625,-4152.775390625,14811.3388671875,-4420.03515625
377749.250376888,-2773.8291015625,59.746212005615234,-32018.13671875,15594.3876953125,-11565.708984375,-4150.80859375,14812.7470703125,-4422.71728515625
377749.253440862,-2769.13525390625,65.53531646728516,-32014.046875,15601.919921875,-11556.6337890625,-4144.9521484375,14816.6142578125,-4416.97314453125
377749.258574715,-2766.609619140625,70.78797149658203,-32007.921875,15611.083984375,-11548.85546875,-4140.5263671875,14819.005859375,-4413.32958984375
377749.262294735,-2766.14013671875,73.51488494873047,-32001.57421875,15614.9736328125,-11549.458984375,-4143.09716796875,14813.7529296875,-4417.68798828125
377749.266674811,-2764.597900390625,76.88999938964844,-31993.705078125,15619.935546875,-11548.453125,-4144.572265625,14810.19921875,-4419.6103515625
377749.270740904,-2767.615234375,72.44200134277344,-31998.533203125,15614.8837890625,-11555.5390625,-4154.7421875,14801.75,-4424.7958984375
377749.274793504,-2781.451171875,57.17576217651367,-32016.326171875,15603.9765625,-11562.8251953125,-4166.56640625,14789.322265625,-4431.47900390625
377749.278440954,-2785.4072265625,50.20201873779297,-32017.263671875,15608.201171875,-11550.419921875,-4155.79296875,14799.0224609375,-4423.72314453125
377749.281516233,-2785.474365234375,46.245758056640625,-32013.599609375,15611.21875,-11544.162109375,-4147.61181640625,14807.8291015625,-4417.48681640625
377749.285547318,-2790.861083984375,41.1048583984375,-32013.62109375,15609.1845703125,-11543.423828125,-4144.1474609375,14814.490234375,-4412.36865234375
377749.290506857,-2795.93505859375,35.06988525390625,-32017.353515625,15606.390625,-11544.0498046875,-4144.326171875,14816.45703125,-4410.06640625
377749.294445315,-2794.459716796875,36.589805603027344,-32020.37109375,15609.9892578125,-11541.9716796875,-4146.337890625,14812.568359375,-4409.57470703125
377749.298485152,-2792.2021484375,41.77540969848633,-32019.142578125,15612.044921875,-11544.83203125,-4150.40625,14808.90234375,-4410.96044921875
377749.302579689,-2785.899169921875,49.64322280883789,-32009.150390625,15616.4931640625,-11542.306640625,-4146.22607421875,14812.814453125,-4410.28955078125
377749.306622444,-2780.780517578125,53.84535217285156,-32001.908203125,15615.0185546875,-11544.228515625,-4143.43212890625,14819.408203125,-4408.412109375
377749.309537997,-2779.595947265625,53.73359298706055,-32006.826171875,15607.5751953125,-11553.7734375,-4151.63525390625,14813.3505859375,-4412.54736328125
377749.313890357,-2776.01953125,58.87449645996094,-32012.8828125,15610.615234375,-11549.19140625,-4148.50634765625,14814.244140625,-4411.16162109375
377749.318662091,-2779.0146484375,55.27586364746094,-32022.13671875,15600.4228515625,-11555.740234375,-4148.998046875,14815.5634765625,-4410.13330078125
377749.322769027,-2774.25390625,60.75204086303711,-32017.755859375,15603.1044921875,-11553.9970703125,-4144.10302734375,14821.0615234375,-4405.998046875
377749.326780055,-2770.789306640625,65.95999908447266,-32013.599609375,15603.775390625,-11555.7626953125,-4143.02978515625,14822.8271484375,-4405.037109375
377749.330570821,-2773.873779296875,66.40703582763672,-32020.349609375,15597.8076171875,-11565.619140625,-4152.5966796875,14814.4013671875,-4412.6142578125
377749.33381239,-2774.74560546875,64.97652435302734,-32028.171875,15593.91796875,-11569.0390625,-4158.47509765625,14812.232421875,-4415.005859375
377749.337655669,-2770.14111328125,68.91043090820312,-32025.154296875,15597.4716796875,-11564.3681640625,-4154.83154296875,14812.634765625,-4417.419921875
377749.341860702,-2767.2353515625,76.9570541381836,-32011.36328125,15609.36328125,-11553.9296875,-4143.923828125,14816.9267578125,-4417.4423828125
377749.34675533,-2772.488037109375,76.42061614990234,-32004.880859375,15611.1064453125,-11552.119140625,-4141.755859375,14818.0,-4421.3759765625
377749.350805378,-2770.766845703125,78.16404724121094,-31999.62890625,15616.91796875,-11545.279296875,-4137.53125,14823.4091796875,-4416.5927734375
377749.354658138,-2773.873779296875,73.85016632080078,-32006.6484375,15617.677734375,-11543.2451171875,-4139.9453125,14818.826171875,-4415.09521484375
377749.358820869,-2779.2158203125,68.2622299194336,-32011.85546875,15615.3984375,-11542.91015625,-4140.3701171875,14815.451171875,-4412.837890625
377749.362668888,-2779.104248046875,66.76466369628906,-32006.892578125,15616.6494140625,-11540.697265625,-4137.28564453125,14816.8818359375,-4408.4794921875
377749.366633603,-2784.93798828125,59.94738006591797,-32003.541015625,15614.34765625,-11541.2119140625,-4136.7939453125,14816.14453125,-4406.84765625
377749.369725657,-2796.404296875,49.26324462890625,-32008.4140625,15611.642578125,-11540.2724609375,-4137.3974609375,14814.3115234375,-4407.9873046875
377749.373723921,-2797.8125,48.57033920288086,-32009.53125,15619.9130859375,-11530.5947265625,-4129.9765625,14819.3857421875,-4398.73388671875
377749.378878195,-2802.70751953125,37.95326232910156,-32015.029296875,15613.0068359375,-11537.814453125,-4136.05615234375,14816.2783203125,-4398.73388671875
377749.382680266,-2805.90380859375,33.08058166503906,-32017.64453125,15606.703125,-11548.095703125,-4144.86279296875,14810.109375,-4406.10986328125
377749.386697858,-2811.0224609375,33.34880447387695,-32020.080078125,15605.1162109375,-11555.8515625,-4153.53515625,14806.2197265625,-4414.849609375
377749.390703415,-2808.2060546875,42.62477493286133,-32019.90234375,15612.044921875,-11557.103515625,-4159.81591796875,14804.41015625,-4417.2412109375
377749.394437657,-2804.94287109375,42.55772018432617,-32027.76953125,15604.9150390625,-11562.646484375,-4165.91796875,14799.4033203125,-4421.041015625
377749.397629631,-2799.980712890625,40.747230529785156,-32034.23046875,15594.677734375,-11569.28515625,-4170.88037109375,14795.8935546875,-4422.7841796875
377749.40168442,-2795.6220703125,44.83760070800781,-32034.720703125,15592.5546875,-11574.0234375,-4173.1376953125,14795.71484375,-4423.32080078125
377749.406771594,-2794.169189453125,45.50815200805664,-32035.5703125,15586.3857421875,-11579.34375,-4173.361328125,14797.681640625,-4422.806640625
377749.410710417,-2787.50830078125,53.53242874145508,-32031.7265625,15591.0791015625,-11575.0078125,-4168.3544921875,14801.9736328125,-4416.88330078125
377749.414966504,-2791.33056640625,45.5752067565918,-32044.9140625,15577.0869140625,-11587.7255859375,-4181.765625,14792.697265625,-4421.3759765625
377749.418972062,-2787.865966796875,49.06208038330078,-32041.962890625,15581.37890625,-11577.287109375,-4167.66162109375,14804.365234375,-4415.16259765625
377749.422823363,-2782.881591796875,59.0980110168457,-32026.71875,15597.9189453125,-11558.1318359375,-4148.90869140625,14818.1787109375,-4411.6533203125
377749.425744751,-2775.013671875,67.94930267333984,-32014.08984375,15605.943359375,-11552.1640625,-4142.7841796875,14820.9052734375,-4412.390625
377749.430742216,-2777.696044921875,69.98331451416016,-32012.4140625,15604.736328125,-11556.2099609375,-4146.5615234375,14814.6025390625,-4419.185546875
377749.434721518,-2777.427734375,72.77728271484375,-32013.041015625,15607.060546875,-11554.1533203125,-4146.04736328125,14810.7802734375,-4420.8623046875
377749.438756978,-2769.381103515625,83.32730102539062,-32005.57421875,15616.2470703125,-11546.083984375,-4137.3974609375,14819.564453125,-4413.57568359375
377749.442774935,-2767.011962890625,83.55081939697266,-32000.568359375,15619.17578125,-11544.3857421875,-4131.85400390625,14826.60546875,-4407.96533203125
377749.446785233,-2774.4326171875,73.44783020019531,-32003.943359375,15612.939453125,-11549.4814453125,-4134.08935546875,14824.90625,-4407.853515625
377749.451527064,-2781.607421875,64.82006072998047,-32005.283203125,15611.330078125,-11545.16796875,-4130.06591796875,14827.677734375,-4406.0654296875
377749.455724803,-2790.12353515625,51.587825775146484,-32013.978515625,15604.2890625,-11544.83203125,-4129.43994140625,14826.4931640625,-4403.427734375
377749.459833199,-2791.800048828125,47.76567840576172,-32013.64453125,15606.0771484375,-11537.880859375,-4123.986328125,14829.890625,-4399.31494140625
377749.463972226,-2792.13525390625,47.452754974365234,-32007.630859375,15610.7041015625,-11534.3720703125,-4122.5556640625,14830.29296875,-4399.203125
377749.468046342,-2791.777587890625,50.58199691772461,-31999.025390625,15614.6376953125,-11535.19921875,-4124.544921875,14829.2421875,-4399.44921875
377749.471832002,-2793.34228515625,53.75594711303711,-31996.923828125,15619.533203125,-11537.76953125,-4130.69189453125,14822.9169921875,-4403.427734375
377749.476625252,-2789.967041015625,60.439117431640625,-31996.947265625,15627.1328125,-11533.65625,-4130.177734375,14821.1064453125,-4400.34326171875
377749.479981693,-2782.61328125,66.16116333007812,-31998.734375,15627.087890625,-11536.9423828125,-4134.3798828125,14819.20703125,-4398.95751953125
377749.483000083,-2778.8134765625,69.5362777709961,-31997.884765625,15626.126953125,-11542.2841796875,-4139.744140625,14816.3232421875,-4403.76318359375
377749.48608995,-2783.73095703125,64.17185974121094,-32004.814453125,15615.4423828125,-11554.8681640625,-4149.64599609375,14806.533203125,-4415.11767578125
377749.490913831,-2783.35107421875,61.95903396606445,-32011.318359375,15606.9716796875,-11563.49609375,-4157.04443359375,14801.50390625,-4420.12451171875
377749.494720278,-2778.880615234375,64.618896484375,-32014.91796875,15607.955078125,-11561.1943359375,-4157.5810546875,14801.2353515625,-4416.74951171875
377749.498673323,-2780.04296875,60.70733642578125,-32022.0703125,15600.2880859375,-11566.916015625,-4162.990234375,14795.5361328125,-4418.11279296875
377749.502738686,-2774.879638671875,64.39537811279297,-32017.2421875,15600.19921875,-11566.1337890625,-4157.55859375,14802.755859375,-4414.11181640625
377749.505797555,-2773.44921875,65.84823608398438,-32014.001953125,15596.33203125,-11570.7158203125,-4157.89404296875,14804.87890625,-4415.89990234375
377749.509683136,-2777.0478515625,61.936683654785156,-32015.25390625,15592.15234375,-11570.3134765625,-4155.83740234375,14806.845703125,-4420.8623046875
377749.513701092,-2779.12646484375,61.087318420410156,-32021.220703125,15592.5322265625,-11569.3974609375,-4159.03369140625,14803.716796875,-4423.857421875
377749.518604837,-2775.796142578125,63.568359375,-32018.560546875,15595.83984375,-11566.2900390625,-4158.7880859375,14804.0078125,-4421.7783203125
377749.522642851,-2776.623046875,62.651939392089844,-32013.486328125,15595.9296875,-11566.3798828125,-4157.8046875,14801.146484375,-4425.33251953125
377749.526714779,-2775.460693359375,65.5129623413086,-32003.80859375,15603.439453125,-11556.4775390625,-4144.7958984375,14809.4169921875,-4419.94580078125
377749.53081041,-2777.673583984375,64.35066986083984,-32003.71875,15603.5966796875,-11554.779296875,-4141.64404296875,14812.634765625,-4417.33056640625
377749.534806851,-2785.0498046875,57.354576110839844,-32013.6875,15596.4658203125,-11558.109375,-4144.125,14813.3505859375,-4414.76025390625
377749.538797457,-2786.368408203125,53.71124267578125,-32016.125,15598.791015625,-11549.75,-4137.48681640625,14819.20703125,-4410.021484375
377749.543764655,-2786.390869140625,54.292388916015625,-32011.36328125,15606.1669921875,-11541.9716796875,-4127.40625,14827.5888671875,-4404.880859375
377749.547803762,-2788.603759765625,54.04651641845703,-32006.06640625,15611.486328125,-11537.478515625,-4121.03564453125,14834.763671875,-4401.2822265625
377749.551717058,-2793.431640625,53.48772430419922,-32004.099609375,15614.1689453125,-11533.6123046875,-4114.44189453125,14841.423828125,-4396.31982421875
377749.555722251,-2797.074951171875,52.5489501953125,-32009.017578125,15612.89453125,-11533.947265625,-4117.10205078125,14840.6416015625,-4391.13427734375
377749.559785791,-2788.983642578125,53.71124267578125,-32009.865234375,15611.1962890625,-11536.919921875,-4120.56640625,14842.7431640625,-4383.4677734375
377749.563029549,-2788.91650390625,56.9969482421875,-32007.8984375,15614.3251953125,-11540.0712890625,-4126.7578125,14837.9375,-4388.92138671875
377749.566226993,-2781.763916015625,73.33607482910156,-31995.962890625,15629.099609375,-11533.3212890625,-4122.46630859375,14839.2333984375,-4390.798828125
377749.573099967,-2778.679443359375,77.18057250976562,-31998.958984375,15622.4833984375,-11541.904296875,-4129.66357421875,14833.958984375,-4395.78369140625
377749.575856523,-2776.95849609375,74.29719543457031,-32010.87109375,15612.2236328125,-11552.6328125,-4139.83349609375,14822.4033203125,-4402.75732421875
377749.580125738,-2774.365478515625,71.25736236572266,-32019.72265625,15604.4013671875,-11559.517578125,-4144.50537109375,14816.994140625,-4407.69677734375
377749.583085052,-2775.52783203125,69.08924102783203,-32022.31640625,15597.181640625,-11568.48046875,-4152.5966796875,14811.8974609375,-4412.77099609375
377749.586841539,-2772.599853515625,73.1349105834961,-32014.76171875,15600.4892578125,-11563.8984375,-4144.9970703125,14818.4462890625,-4409.55224609375
377749.590860224,-2770.74462890625,75.23596954345703,-32011.810546875,15602.7470703125,-11559.205078125,-4140.1240234375,14821.3974609375,-4407.607421875
377749.594160871,-2775.14794921875,68.3963394165039,-32021.712890625,15593.962890625,-11566.9609375,-4150.65185546875,14809.8857421875,-4411.4521484375
377749.597898759,-2774.8125,68.93277740478516,-32020.68359375,15597.5166015625,-11564.0107421875,-4150.71875,14806.7568359375,-4410.69189453125
377749.601944795,-2774.65625,67.4128646850586,-32017.7109375,15595.6171875,-11566.9384765625,-4153.87060546875,14802.2197265625,-4414.8271484375
377749.606731116,-2775.661865234375,66.11646270751953,-32014.626953125,15595.5498046875,-11568.9501953125,-4155.01025390625,14799.5595703125,-4419.16357421875
377749.610844616,-2779.35009765625,63.16603088378906,-32016.4375,15593.9853515625,-11571.587890625,-4157.24560546875,14795.4462890625,-4424.72900390625
377749.615118937,-2781.31689453125,61.31083679199219,-32020.796875,15593.962890625,-11569.3076171875,-4155.3232421875,14795.4462890625,-4422.8291015625
377749.618070228,-2780.802978515625,59.81326675415039,-32020.482421875,15595.83984375,-11564.6806640625,-4150.09326171875,14798.2626953125,-4419.6103515625
377749.622932036,-2780.646484375,59.88032150268555,-32015.923828125,15597.650390625,-11561.5517578125,-4146.24853515625,14802.2861328125,-4417.419921875
377749.626286654,-2787.44140625,58.56156921386719,-32014.716796875,15599.8408203125,-11563.25,-4149.35546875,14800.05078125,-4424.55029296875
377749.630205784,-2790.6376953125,58.91919708251953,-32010.916015625,15607.0166015625,-11551.2470703125,-4137.3525390625,14807.583984375,-4420.88427734375
377749.634022077,-2790.101318359375,58.628623962402344,-32010.513671875,15610.8603515625,-11541.1220703125,-4123.6064453125,14821.083984375,-4406.37841796875
377749.638886437,-2794.34814453125,54.202980041503906,-32012.97265625,15610.279296875,-11539.3564453125,-4121.7734375,14823.4306640625,-4403.09228515625
377749.642895641,-2799.8017578125,51.341957092285156,-32013.486328125,15610.6591796875,-11539.2890625,-4120.923828125,14824.3701171875,-4405.23828125
377749.647011695,-2798.773681640625,52.5489501953125,-32009.6875,15610.7041015625,-11543.2236328125,-4124.142578125,14827.5439453125,-4403.6064453125
377749.650063635,-2794.10205078125,62.47312545776367,-32004.724609375,15617.0078125,-11544.6533203125,-4127.607421875,14827.4765625,-4401.32666015625
377749.656039151,-2786.837890625,69.69274139404297,-32004.76953125,15620.5166015625,-11543.916015625,-4129.43994140625,14826.7392578125,-4396.16357421875
377749.659098384,-2784.22265625,65.82588958740234,-32011.6328125,15610.771484375,-11553.52734375,-4139.3193359375,14818.6474609375,-4400.65625
377749.66226155,-2780.802978515625,68.79866790771484,-32011.6328125,15605.0712890625,-11563.5634765625,-4148.796875,14810.01953125,-4410.33447265625
377749.668064576,-2778.6123046875,69.42451477050781,-32011.20703125,15599.8193359375,-11571.05078125,-4153.7138671875,14806.935546875,-4417.263671875
377749.672077062,-2776.802001953125,71.59263610839844,-32009.486328125,15604.0654296875,-11565.1953125,-4149.86962890625,14807.248046875,-4419.54345703125
377749.675129732,-2775.21484375,73.53723907470703,-32012.1015625,15605.2275390625,-11560.5908203125,-4145.17578125,14811.47265625,-4415.20703125
377749.679019323,-2775.12548828125,72.73257446289062,-32014.89453125,15602.12109375,-11561.529296875,-4145.779296875,14813.1943359375,-4411.4296875
377749.68207491,-2774.94677734375,71.54793548583984,-32015.3203125,15601.0703125,-11562.4013671875,-4145.578125,14813.171875,-4411.5859375
377749.68608922,-2772.64453125,69.22335052490234,-32016.6171875,15597.29296875,-11567.20703125,-4148.68505859375,14809.751953125,-4417.57666015625
377749.690055029,-2778.92529296875,62.718994140625,-32022.40625,15590.140625,-11576.2587890625,-4159.03369140625,14797.7265625,-4428.37255859375
377749.696014134,-2781.451171875,56.61697006225586,-32028.373046875,15586.51953125,-11575.7001953125,-4161.64892578125,14788.9873046875,-4434.4296875
377749.700081321,-2783.0380859375,51.14079284667969,-32029.892578125,15584.2392578125,-11571.990234375,-4157.06689453125,14791.2890625,-4434.89892578125
377749.703119404,-2779.52880859375,54.33708953857422,-32021.064453125,15591.66015625,-11566.3349609375,-4152.9765625,14792.787109375,-4434.89892578125
377749.706958671,-2781.093505859375,54.11357498168945,-32014.359375,15595.236328125,-11564.45703125,-4149.86962890625,14795.0888671875,-4434.72021484375
377749.709978156,-2792.4482421875,45.23992919921875,-32018.986328125,15591.2802734375,-11565.150390625,-4149.46728515625,14795.201171875,-4435.837890625
377749.714077799,-2793.498779296875,46.06694412231445,-32022.830078125,15595.013671875,-11559.16015625,-4146.04736328125,14801.0791015625,-4424.37158203125
377749.718113624,-2797.94677734375,42.24479675292969,-32028.91015625,15592.8671875,-11560.322265625,-4147.7236328125,14801.9287109375,-4420.28076171875
377749.724046838,-2797.72314453125,42.82594299316406,-32026.18359375,15594.6552734375,-11558.802734375,-4143.1640625,14807.4267578125,-4418.93994140625
377749.726940875,-2792.42578125,49.5985221862793,-32017.17578125,15602.5009765625,-11553.326171875,-4136.43603515625,14817.4404296875,-4415.69873046875
377749.731061669,-2789.72119140625,54.8958854675293,-32013.7109375,15604.9375,-11552.3203125,-4134.04443359375,14821.5986328125,-4412.88232421875
377749.733909393,-2784.982666015625,63.523658752441406,-32014.158203125,15612.783203125,-11546.7099609375,-4130.84814453125,14823.4755859375,-4407.49560546875
377749.737957617,-2785.34033203125,60.662635803222656,-32020.349609375,15606.0771484375,-11555.091796875,-4139.5654296875,14817.552734375,-4408.0322265625
377749.742032827,-2780.489990234375,65.91529083251953,-32015.431640625,15608.2900390625,-11556.0087890625,-4140.68310546875,14818.5361328125,-4408.6806640625
377749.74609892,-2776.623046875,72.97844696044922,-32007.294921875,15612.2236328125,-11552.2529296875,-4136.3916015625,14819.474609375,-4412.2568359375
377749.75090858,-2778.791259765625,69.20100402832031,-32012.16796875,15604.78125,-11561.037109375,-4143.72265625,14812.3447265625,-4418.984375
377749.754950605,-2776.064208984375,68.08341217041016,-32019.455078125,15599.2373046875,-11565.4404296875,-4148.10400390625,14808.7685546875,-4419.16357421875
377749.757987229,-2777.807861328125,63.724822998046875,-32026.49609375,15593.0908203125,-11571.095703125,-4154.5185546875,14803.716796875,-4424.93017578125
377749.761962519,-2774.25390625,68.97748565673828,-32019.923828125,15598.25390625,-11568.6142578125,-4151.568359375,14806.7119140625,-4428.14892578125
377749.766053409,-2771.4375,75.34773254394531,-32009.26171875,15603.931640625,-11563.4287109375,-4147.3662109375,14809.662109375,-4429.28857421875
377749.77004438,-2774.455078125,74.45365905761719,-32006.2890625,15606.9716796875,-11560.6796875,-4147.03076171875,14807.2705078125,-4429.4677734375
377749.774000342,-2774.11962890625,73.71605682373047,-32012.2578125,15603.7080078125,-11564.0546875,-4152.9990234375,14805.013671875,-4425.73486328125
377749.779332941,-2770.297607421875,75.66065216064453,-32013.197265625,15604.22265625,-11563.2724609375,-4151.65771484375,14805.638671875,-4422.89599609375
377749.783455559,-2773.695068359375,69.64803314208984,-32010.828125,15600.5341796875,-11560.568359375,-4145.33203125,14809.2822265625,-4424.4609375
377749.786446963,-2768.017578125,79.32633972167969,-31996.87890625,15613.1181640625,-11550.7333984375,-4135.7431640625,14816.345703125,-4420.37060546875
377749.790478048,-2767.570556640625,82.61204528808594,-31994.443359375,15616.203125,-11550.7333984375,-4136.1904296875,14815.33984375,-4421.28662109375
377749.794153942,-2773.2255859375,75.3924331665039,-32008.7265625,15606.8369140625,-11558.064453125,-4143.49951171875,14809.953125,-4423.09716796875
377749.798255773,-2774.8349609375,71.54793548583984,-32014.89453125,15603.3505859375,-11558.400390625,-4142.49365234375,14813.3505859375,-4417.0625
377749.802214653,-2777.33837890625,67.56932067871094,-32015.185546875,15602.5009765625,-11554.287109375,-4133.82080078125,14823.140625,-4410.46875
377749.806215105,-2780.93701171875,63.501304626464844,-32016.68359375,15599.3046875,-11554.8681640625,-4129.10498046875,14828.5048828125,-4407.29443359375
377749.811114474,-2779.95361328125,65.60237121582031,-32014.158203125,15604.625,-11547.1572265625,-4121.10302734375,14836.5517578125,-4402.6455078125
377749.814455964,-2781.406494140625,62.137847900390625,-32020.953125,15602.7021484375,-11545.771484375,-4121.05810546875,14837.177734375,-4398.91259765625
377749.818431983,-2779.90869140625,64.75300598144531,-32019.41015625,15606.5244140625,-11542.9326171875,-4118.66650390625,14841.669921875,-4392.2744140625
377749.822143615,-2777.673583984375,67.23404693603516,-32014.470703125,15608.759765625,-11545.16796875,-4121.43798828125,14837.9150390625,-4397.884765625
377749.826233411,-2778.299560546875,69.13394927978516,-32007.83203125,15609.876953125,-11545.5703125,-4121.37109375,14840.060546875,-4398.287109375
377749.830210889,-2776.0419921875,76.82294464111328,-32001.751953125,15617.2529296875,-11542.6865234375,-4121.169921875,14840.7314453125,-4396.4765625
377749.83416357,-2772.64453125,80.60038757324219,-32004.546875,15619.4208984375,-11541.546875,-4121.974609375,14839.859375,-4393.66015625
377749.839213548,-2767.593017578125,82.96967315673828,-32005.240234375,15618.37109375,-11542.91015625,-4123.1591796875,14836.439453125,-4393.056640625
377749.842194377,-2765.983642578125,81.94149780273438,-32004.2109375,15613.095703125,-11552.521484375,-4131.63037109375,14829.7568359375,-4400.76806640625
377749.846171855,-2766.274169921875,82.72380828857422,-31998.19921875,15615.666015625,-11548.38671875,-4127.1826171875,14833.2431640625,-4405.39453125
377749.850243053,-2775.796142578125,73.96192169189453,-32005.015625,15608.357421875,-11555.740234375,-4134.201171875,14824.5712890625,-4415.34130859375
377749.854164372,-2773.963134765625,70.3856430053711,-32012.99609375,15604.22265625,-11558.01953125,-4138.06787109375,14819.51953125,-4413.6650390625
377749.858250887,-2774.4326171875,65.17768859863281,-32018.94140625,15599.05859375,-11560.76953125,-4139.83349609375,14817.8427734375,-4411.09423828125
377749.862208672,-2769.71630859375,71.21265411376953,-32011.36328125,15604.2666015625,-11555.7626953125,-4133.86572265625,14821.486328125,-4408.90380859375
377749.867085796,-2770.4541015625,71.81615447998047,-32006.625,15603.8203125,-11554.779296875,-4132.65869140625,14822.24609375,-4410.71435546875
377749.870227445,-2776.287841796875,67.43521118164062,-32010.783203125,15598.90234375,-11559.517578125,-4137.88916015625,14819.966796875,-4415.85546875
377749.874215863,-2780.0205078125,61.62376022338867,-32019.521484375,15594.3203125,-11562.1328125,-4144.28173828125,14815.294921875,-4417.666015625
377749.878186413,-2774.790283203125,61.0426139831543,-32019.09765625,15595.4375,-11557.4609375,-4137.48681640625,14818.9609375,-4415.76611328125
377749.882205463,-2767.66015625,71.77145385742188,-32010.669921875,15608.0224609375,-11551.42578125,-4132.94921875,14816.8369140625,-4419.14111328125
377749.886246029,-2764.307373046875,74.34190368652344,-32006.9609375,15607.10546875,-11557.4609375,-4137.7998046875,14814.37890625,-4422.11376953125
377749.890274926,-2762.34033203125,78.40991973876953,-32002.400390625,15612.380859375,-11553.1474609375,-4135.49755859375,14819.4970703125,-4416.66015625
377749.894315492,-2763.94970703125,77.73936462402344,-32003.98828125,15617.431640625,-11541.5693359375,-4123.51708984375,14828.9072265625,-4405.72998046875
377749.898397995,-2768.911865234375,68.4410400390625,-32012.59375,15610.1455078125,-11543.2451171875,-4122.3544921875,14831.208984375,-4401.6845703125
377749.901447747,-2766.8330078125,69.40216827392578,-32009.21875,15611.732421875,-11541.3681640625,-4119.359375,14836.037109375,-4397.14697265625
377749.906166604,-2770.073974609375,71.32441711425781,-32006.40234375,15615.107421875,-11540.4072265625,-4119.67236328125,14834.2490234375,-4399.96337890625
377749.910617426,-2773.71728515625,71.05619812011719,-32008.078125,15613.7890625,-11543.87109375,-4123.87451171875,14831.0078125,-4403.58447265625
377749.914536191,-2775.796142578125,68.99983215332031,-32013.64453125,15610.435546875,-11542.7314453125,-4121.30419921875,14832.193359375,-4402.623046875
377749.918617236,-2770.6328125,76.08533477783203,-32008.994140625,15618.1474609375,-11536.0478515625,-4116.92333984375,14835.5009765625,-4399.13623046875
377749.922378463,-2764.508544921875,82.00855255126953,-32001.08203125,15624.00390625,-11534.751953125,-4116.990234375,14835.0537109375,-4400.70068359375
377749.926335155,-2761.714599609375,86.85887908935547,-31993.169921875,15626.4169921875,-11534.4169921875,-4114.03955078125,14835.92578125,-4403.53955078125
377749.92960918,-2761.088623046875,88.3564453125,-31991.248046875,15624.361328125,-11539.2890625,-4118.30908203125,14830.3828125,-4409.68603515625
377749.93426823,-2762.11669921875,88.44585418701172,-31992.431640625,15624.875,-11538.484375,-4119.04638671875,14828.6162109375,-4408.61328125
377749.938612204,-2759.0322265625,90.92689514160156,-31990.083984375,15626.1044921875,-11536.5849609375,-4116.7890625,14833.19921875,-4400.4326171875
377749.942481739,-2757.6689453125,88.98229217529297,-31989.19140625,15622.86328125,-11541.3681640625,-4118.86767578125,14833.8916015625,-4397.884765625
377749.946467604,-2761.781494140625,84.53429412841797,-31989.236328125,15620.0693359375,-11543.603515625,-4119.7841796875,14832.751953125,-4401.5947265625
377749.950691235,-2762.83203125,82.45558166503906,-31990.5546875,15617.7900390625,-11546.576171875,-4122.62255859375,14829.376953125,-4405.4169921875
377749.954331027,-2760.015869140625,81.60621643066406,-31994.33203125,15615.3984375,-11545.8828125,-4124.2099609375,14829.7568359375,-4402.6005859375
377749.9574074,-2757.0654296875,84.13196563720703,-31994.689453125,15619.0859375,-11542.2392578125,-4123.5615234375,14830.3603515625,-4401.416015625
377749.962579179,-2753.73486328125,90.09988403320312,-31987.849609375,15627.4453125,-11536.875,-4119.158203125,14832.1259765625,-4403.15966796875
377749.966330195,-2753.93603515625,91.86566925048828,-31983.3125,15625.7470703125,-11538.619140625,-4117.19140625,14834.6513671875,-4402.064453125
377749.970465212,-2759.36767578125,88.46820831298828,-31986.0390625,15623.6015625,-11540.8095703125,-4117.794921875,14833.265625,-4401.32666015625
377749.974428103,-2759.501708984375,88.66937255859375,-31989.97265625,15627.646484375,-11534.0810546875,-4112.07275390625,14836.9990234375,-4395.626953125
377749.978771711,-2763.0556640625,80.39922332763672,-31996.87890625,15621.9248046875,-11534.595703125,-4110.46337890625,14840.6865234375,-4388.94384765625
377749.981810888,-2771.638671875,67.25640106201172,-32007.630859375,15610.5927734375,-11547.447265625,-4122.01953125,14831.208984375,-4397.12451171875
377749.987695965,-2774.968994140625,65.9376449584961,-32009.552734375,15607.060546875,-11553.21484375,-4127.24951171875,14824.392578125,-4404.6796875
377749.990494458,-2774.92431640625,68.19517517089844,-32011.185546875,15606.501953125,-11557.2158203125,-4133.1953125,14818.5361328125,-4410.87109375
377749.994505486,-2782.52392578125,61.78022003173828,-32020.55078125,15601.875,-11555.6728515625,-4131.33984375,14820.681640625,-4413.35205078125
377749.998537665,-2785.183837890625,56.95224380493164,-32025.712890625,15595.0576171875,-11559.31640625,-4132.345703125,14821.375,-4413.88818359375
377750.003576338,-2775.505615234375,71.43617248535156,-32013.330078125,15607.7314453125,-11552.0517578125,-4125.66259765625,14823.9453125,-4414.55908203125
377750.008719308,-2767.52587890625,87.30591583251953,-31995.896484375,15625.8583984375,-11540.98828125,-4117.88427734375,14828.3935546875,-4413.08349609375
377750.011582713,-2764.396728515625,92.46916961669922,-31988.498046875,15629.5244140625,-11539.1103515625,-4116.38671875,14829.8017578125,-4410.71435546875
377750.014744419,-2763.480224609375,94.10084533691406,-31988.498046875,15632.3857421875,-11531.935546875,-4109.748046875,14834.205078125,-4403.89697265625
377750.017596884,-2761.53564453125,95.5984115600586,-31990.107421875,15632.20703125,-11531.7568359375,-4111.64794921875,14834.8076171875,-4403.15966796875
377750.022436082,-2760.373291015625,97.6771240234375,-31985.7265625,15635.849609375,-11529.1865234375,-4108.31787109375,14837.4453125,-4402.6005859375
377750.026346095,-2757.6689453125,98.9958724975586,-31979.625,15637.861328125,-11529.41015625,-4105.47900390625,14839.814453125,-4402.6005859375
377750.030450114,-2759.970947265625,93.2291259765625,-31983.736328125,15630.5751953125,-11536.8974609375,-4111.24560546875,14832.6396484375,-4411.474609375
377750.034410452,-2762.72021484375,87.37297058105469,-31993.37109375,15624.673828125,-11542.9775390625,-4117.23583984375,14827.1865234375,-4414.11181640625
377750.038434973,-2763.703857421875,84.66841125488281,-31996.857421875,15624.427734375,-11539.4677734375,-4113.52587890625,14827.87890625,-4410.49072265625
377750.042397499,-2760.0380859375,89.205810546875,-31992.431640625,15627.9150390625,-11537.009765625,-4108.63037109375,14830.9189453125,-4410.91552734375
377750.045692676,-2763.368408203125,88.7364273071289,-31990.53125,15624.8974609375,-11540.853515625,-4110.50830078125,14832.505859375,-4410.71435546875
377750.050557036,-2766.6318359375,85.45072174072266,-31992.095703125,15623.958984375,-11540.5859375,-4109.6142578125,14833.3779296875,-4410.35693359375
377750.054596143,-2765.402587890625,81.5391616821289,-32001.484375,15619.443359375,-11542.0380859375,-4110.88818359375,14831.65625,-4407.56298828125
377750.058537154,-2761.468505859375,83.21554565429688,-32003.98828125,15619.935546875,-11540.0263671875,-4109.546875,14832.6396484375,-4403.33837890625
377750.062854142,-2766.497802734375,80.37687683105469,-32004.412109375,15619.1982421875,-11540.6298828125,-4110.9775390625,14833.9140625,-4405.2607421875
377750.065773341,-2767.503662109375,80.24275970458984,-32003.5625,15616.515625,-11545.078125,-4114.822265625,14832.4384765625,-4408.814453125
377750.069623184,-2769.31396484375,80.64509582519531,-32002.556640625,15617.4990234375,-11545.5478515625,-4115.7607421875,14832.0810546875,-4408.45703125
377750.073660103,-2770.297607421875,79.68396759033203,-32005.9765625,15618.236328125,-11541.7255859375,-4115.0234375,14832.86328125,-4402.71240234375
377750.079683391,-2773.650390625,73.44783020019531,-32013.017578125,15610.1455078125,-11545.9501953125,-4120.67822265625,14827.6552734375,-4402.89111328125
377750.082643799,-2769.4482421875,78.32051086425781,-32007.7421875,15614.302734375,-11545.435546875,-4123.2041015625,14826.76171875,-4405.55126953125
377750.086907909,-2766.52001953125,85.27190399169922,-31999.091796875,15620.8740234375,-11544.0947265625,-4123.3828125,14826.873046875,-4409.6416015625
377750.090646527,-2764.374267578125,87.5517807006836,-31994.107421875,15623.3330078125,-11536.607421875,-4111.55859375,14837.6240234375,-4405.23828125
377750.093913259,-2763.971923828125,86.65771484375,-31998.400390625,15622.1708984375,-11537.076171875,-4111.29052734375,14839.3232421875,-4401.0810546875
377750.097721893,-2760.708740234375,91.64215087890625,-31993.705078125,15630.4404296875,-11530.7958984375,-4110.86572265625,14840.015625,-4398.0185546875
377750.103741899,-2759.255859375,92.04448699951172,-31985.525390625,15632.630859375,-11523.7099609375,-4099.64501953125,14848.5986328125,-4395.2021484375
377750.107735058,-2757.4677734375,93.54205322265625,-31979.646484375,15631.71484375,-11525.654296875,-4099.5556640625,14850.7900390625,-4396.0068359375
377750.110941984,-2756.439453125,98.07945251464844,-31976.65234375,15633.16796875,-11526.056640625,-4100.0029296875,14852.3544921875,-4397.59375
377750.11475463,-2751.34326171875,103.42152404785156,-31979.333984375,15636.4091796875,-11523.8662109375,-4100.27099609375,14852.2421875,-4396.4091796875
377750.118661361,-2747.275146484375,106.12608337402344,-31979.78125,15639.203125,-11520.2236328125,-4098.23681640625,14854.4775390625,-4391.15673828125
377750.121705279,-2753.176025390625,102.52745056152344,-31981.3671875,15634.576171875,-11526.4365234375,-4103.6015625,14847.794921875,-4397.19140625
377750.12586801,-2752.997314453125,103.89090728759766,-31974.9296875,15637.705078125,-11524.044921875,-4097.7900390625,14853.3828125,-4394.62109375
377750.129947596,-2751.857421875,103.37681579589844,-31973.27734375,15638.599609375,-11523.0390625,-4094.034912109375,14857.2265625,-4390.17333984375
377750.135701391,-2755.94775390625,99.64407348632812,-31981.30078125,15636.4755859375,-11523.7998046875,-4096.89599609375,14854.208984375,-4387.89306640625
377750.13866581,-2755.4560546875,95.84427642822266,-31988.296875,15633.3466796875,-11527.15234375,-4102.03662109375,14849.671875,-4387.2001953125
377750.142655322,-2755.03125,97.27479553222656,-31985.81640625,15637.9736328125,-11521.921875,-4098.52783203125,14851.9072265625,-4387.75927734375
377750.14690594,-2758.004150390625,93.36323547363281,-31986.552734375,15634.642578125,-11526.34765625,-4100.47216796875,14851.2587890625,-4388.92138671875
377750.150895087,-2765.24609375,85.3836669921875,-31994.466796875,15625.634765625,-11533.3212890625,-4104.40625,14848.21875,-4391.8271484375
377750.155673749,-2766.967041015625,81.4050521850586,-32004.92578125,15617.119140625,-11540.294921875,-4111.5361328125,14841.826171875,-4393.3916015625
377750.158693598,-2763.882568359375,80.39922332763672,-32008.14453125,15618.572265625,-11541.189453125,-4116.1630859375,14836.8642578125,-4394.88916015625
377750.161840718,-2760.909912109375,80.9803695678711,-32005.484375,15618.52734375,-11543.6474609375,-4117.5263671875,14836.484375,-4396.833984375
377750.166628132,-2762.6533203125,80.2651138305664,-32004.546875,15613.54296875,-11551.2470703125,-4124.23193359375,14831.1650390625,-4404.232421875
377750.170752573,-2759.45703125,86.90357971191406,-31998.51171875,15621.1650390625,-11546.44140625,-4122.533203125,14830.78515625,-4405.10400390625
377750.175769731,-2759.0322265625,92.49151611328125,-31997.908203125,15629.255859375,-11540.138671875,-4121.03564453125,14829.5556640625,-4404.791015625
377750.179666252,-2756.35009765625,93.13971710205078,-31995.986328125,15632.8544921875,-11534.9755859375,-4115.380859375,14835.3671875,-4398.93505859375
377750.182724391,-2755.6572265625,91.12805938720703,-31991.650390625,15630.59765625,-11534.4384765625,-4110.30712890625,14840.865234375,-4395.42578125
377750.185816081,-2759.36767578125,92.04448699951172,-31987.08984375,15627.646484375,-11537.92578125,-4111.40234375,14841.2900390625,-4397.6162109375
