#377710.167115334,-2568.5283203125,212.67684936523438,-31902.890625,15918.1748046875,-11515.1943359375,-3854.156005859375,15086.7568359375,-4332.81884765625
377710.17141737,-2569.467041015625,219.29296875,-31912.970703125,15915.3134765625,-11519.955078125,-3860.571044921875,15081.2138671875,-4331.56689453125
377710.175382449,-2568.885986328125,203.93731689453125,-31917.150390625,15908.541015625,-11523.7548828125,-3861.733154296875,15077.5478515625,-4334.2265625
377710.179107939,-2564.885009765625,206.5748291015625,-31914.46875,15907.53515625,-11528.8291015625,-3863.677734375,15076.162109375,-4336.95361328125
377710.182191605,-2571.23291015625,200.9421844482422,-31920.951171875,15897.208984375,-11538.529296875,-3870.98681640625,15071.46875,-4342.0498046875
377710.186428365,-2576.01611328125,197.7682342529297,-31927.90234375,15894.34765625,-11540.4736328125,-3874.98779296875,15066.70703125,-4347.0341796875
377710.191093979,-2571.188232421875,205.21136474609375,-31928.662109375,15901.947265625,-11533.6337890625,-3871.366943359375,15071.3115234375,-4339.2333984375
377710.195137098,-2572.43994140625,202.52915954589844,-31930.740234375,15898.482421875,-11534.1259765625,-3869.109375,15073.14453125,-4332.3046875
377710.199124057,-2578.318359375,194.95191955566406,-31934.40625,15888.8271484375,-11542.0166015625,-3874.540771484375,15066.1708984375,-4338.1162109375
377710.203214948,-2573.9375,207.26773071289062,-31923.298828125,15903.0869140625,-11532.5166015625,-3870.20458984375,15067.2666015625,-4338.58544921875
377710.206983834,-2575.971435546875,206.3736572265625,-31925.599609375,15902.8857421875,-11528.560546875,-3865.242431640625,15070.6865234375,-4336.32763671875
377710.210041973,-2577.983154296875,201.5680389404297,-31931.076171875,15900.875,-11524.1123046875,-3859.274658203125,15074.240234375,-4335.61279296875
377710.214319212,-2573.62451171875,204.85374450683594,-31925.7109375,15906.1044921875,-11516.2001953125,-3851.9208984375,15083.046875,-4328.2587890625
377710.219066877,-2571.83642578125,203.80320739746094,-31921.576171875,15905.9033203125,-11517.0048828125,-3850.155029296875,15083.6728515625,-4330.18115234375
377710.223542132,-2577.42431640625,199.39991760253906,-31921.689453125,15903.9814453125,-11522.9052734375,-3854.71484375,15076.1845703125,-4339.8369140625
377710.227092214,-2577.468994140625,200.89747619628906,-31919.966796875,15907.423828125,-11520.1787109375,-3853.977294921875,15076.20703125,-4339.703125
377710.231392062,-2578.094970703125,199.95870971679688,-31922.091796875,15905.92578125,-11519.7763671875,-3855.2958984375,15075.8271484375,-4337.4453125
377710.234666817,-2574.33984375,202.93148803710938,-31921.48828125,15903.9140625,-11520.71484375,-3853.41845703125,15076.765625,-4335.32177734375
377710.238707383,-2577.04443359375,197.83529663085938,-31927.72265625,15891.375,-11537.6572265625,-3870.629150390625,15063.578125,-4347.50390625
377710.242233762,-2586.3203125,188.51461791992188,-31934.630859375,15877.5166015625,-11553.818359375,-3887.147216796875,15051.7763671875,-4358.03125
377710.247377096,-2578.85498046875,204.5408172607422,-31922.515625,15899.1533203125,-11533.052734375,-3869.154052734375,15067.19921875,-4344.486328125
377710.251485491,-2582.60986328125,204.98785400390625,-31924.416015625,15904.853515625,-11524.7158203125,-3860.861572265625,15072.8544921875,-4337.646484375
377710.255505636,-2587.21435546875,196.44947814941406,-31930.337890625,15896.962890625,-11530.4599609375,-3863.946044921875,15070.5068359375,-4336.19384765625
377710.259288014,-2587.125,198.14820861816406,-31926.716796875,15900.5390625,-11531.5107421875,-3866.762451171875,15068.3837890625,-4341.58056640625
377710.263160831,-2603.665283203125,203.80320739746094,-31924.90625,15900.5166015625,-11535.154296875,-3868.99755859375,15066.5732421875,-4345.08984375
377710.266192349,-2592.578857421875,195.10838317871094,-31927.923828125,15896.4931640625,-11535.8916015625,-3867.768310546875,15069.412109375,-4339.79248046875
377710.270562214,-2584.755615234375,183.82073974609375,-31935.92578125,15889.9443359375,-11536.6513671875,-3869.9140625,15070.6416015625,-4333.421875
377710.27520923,-2584.576904296875,191.50975036621094,-31938.05078125,15889.408203125,-11535.6904296875,-3866.337646484375,15074.91015625,-4330.56103515625
377710.279291004,-2591.058837890625,191.2415313720703,-31937.6484375,15887.1279296875,-11538.5068359375,-3865.667236328125,15075.4697265625,-4334.0927734375
377710.283595228,-2593.070556640625,177.71871948242188,-31936.6640625,15881.0927734375,-11544.720703125,-3871.2998046875,15072.18359375,-4337.3115234375
377710.287386723,-2584.778076171875,180.78091430664062,-31935.724609375,15881.7861328125,-11540.33984375,-3867.4775390625,15072.787109375,-4336.32763671875
377710.291231096,-2584.01806640625,185.60888671875,-31935.2109375,15885.2509765625,-11539.3564453125,-3870.673828125,15070.060546875,-4332.77392578125
377710.294248757,-2584.174560546875,187.1735076904297,-31933.2890625,15881.8759765625,-11545.48046875,-3876.328857421875,15066.2607421875,-4334.94189453125
377710.298246292,-2579.63720703125,193.38729858398438,-31922.58203125,15891.1064453125,-11537.27734375,-3868.77392578125,15069.9931640625,-4339.18896484375
377710.303129615,-2578.497314453125,197.41061401367188,-31916.81640625,15896.0908203125,-11534.86328125,-3867.4775390625,15071.1552734375,-4341.87109375
377710.307202272,-2587.192138671875,188.84988403320312,-31924.75,15884.9150390625,-11544.4970703125,-3876.261962890625,15063.9130859375,-4346.56494140625
377710.311530929,-2585.1357421875,187.2182159423828,-31929.04296875,15880.5341796875,-11544.876953125,-3875.6806640625,15066.23828125,-4336.8193359375
377710.315334823,-2586.3203125,185.8323974609375,-31929.376953125,15881.4951171875,-11538.88671875,-3871.523193359375,15068.40625,-4334.38330078125
377710.318361236,-2587.885009765625,185.4747772216797,-31925.466796875,15886.099609375,-11538.015625,-3875.166748046875,15062.3935546875,-4341.4912109375
377710.32234856,-2591.21533203125,181.0938262939453,-31927.6796875,15879.640625,-11546.2626953125,-3881.939208984375,15055.822265625,-4349.13525390625
377710.328609979,-2594.81396484375,181.80908203125,-31929.33203125,15882.568359375,-11544.4296875,-3880.7099609375,15056.984375,-4346.78857421875
377710.331427435,-2599.463134765625,174.99180603027344,-31940.798828125,15875.2822265625,-11554.6005859375,-3892.042236328125,15048.4462890625,-4349.91748046875
377710.336302371,-2600.580810546875,169.1580047607422,-31945.716796875,15866.8994140625,-11566.267578125,-3902.77099609375,15045.00390625,-4348.17431640625
377710.34025104,-2610.370849609375,173.1142578125,-31940.28515625,15872.3310546875,-11554.041015625,-3887.99658203125,15053.564453125,-4346.498046875
377710.345307217,-2613.075439453125,170.67791748046875,-31939.01171875,15873.2705078125,-11551.6494140625,-3884.97900390625,15054.7939453125,-4348.2412109375
377710.348469653,-2598.792724609375,175.19297790527344,-31936.171875,15888.24609375,-11544.318359375,-3883.615478515625,15058.236328125,-4346.52001953125
377710.351476374,-2591.952880859375,183.2843017578125,-31935.703125,15894.2587890625,-11537.009765625,-3876.5078125,15068.25,-4334.6513671875
377710.35437807,-2591.550537109375,185.43006896972656,-31932.39453125,15897.2314453125,-11527.8447265625,-3867.3212890625,15077.1904296875,-4328.1025390625
377710.358329656,-2599.41845703125,176.53407287597656,-31938.765625,15883.6416015625,-11539.7587890625,-3877.357177734375,15066.70703125,-4341.2451171875
377710.363236683,-2607.44287109375,171.9296112060547,-31940.44140625,15875.013671875,-11547.6259765625,-3883.302734375,15061.767578125,-4347.8388671875
377710.367283813,-2601.094970703125,179.462158203125,-31935.255859375,15881.3388671875,-11542.0166015625,-3877.826416015625,15067.1318359375,-4339.4794921875
377710.371296299,-2598.5244140625,176.75759887695312,-31944.041015625,15871.50390625,-11552.8564453125,-3888.1083984375,15060.7841796875,-4338.65234375
377710.375393389,-2596.1103515625,179.462158203125,-31942.564453125,15873.6279296875,-11552.521484375,-3893.226806640625,15056.5146484375,-4339.32275390625
377710.379319813,-2596.64697265625,183.30665588378906,-31935.14453125,15881.2275390625,-11544.9443359375,-3885.60498046875,15061.0078125,-4342.74267578125
377710.382320335,-2598.367919921875,185.43006896972656,-31931.544921875,15885.5185546875,-11540.3623046875,-3879.61474609375,15064.6513671875,-4344.95556640625
377710.386408673,-2606.772216796875,177.2269744873047,-31941.693359375,15873.44921875,-11551.001953125,-3889.58349609375,15057.38671875,-4351.0126953125
377710.391297101,-2617.076416015625,176.64584350585938,-31953.181640625,15864.798828125,-11557.2373046875,-3895.551513671875,15053.5869140625,-4348.822265625
377710.395510887,-2610.5048828125,171.79550170898438,-31956.109375,15860.931640625,-11560.5908203125,-3896.19970703125,15053.0283203125,-4349.00146484375
377710.399662313,-2606.950927734375,158.6303253173828,-31962.904296875,15851.6787109375,-11572.6376953125,-3905.028564453125,15045.4287109375,-4359.59619140625
377710.403439951,-2613.61181640625,158.45152282714844,-31961.85546875,15852.169921875,-11571.85546875,-3901.742919921875,15049.5185546875,-4356.265625
377710.406644689,-2608.515625,171.0802459716797,-31952.802734375,15872.6669921875,-11553.3037109375,-3889.18115234375,15057.54296875,-4348.97900390625
377710.410876708,-2613.7236328125,165.8946533203125,-31960.021484375,15869.2021484375,-11554.890625,-3894.36669921875,15054.7265625,-4347.6826171875
377710.414823553,-2608.873291015625,165.93934631347656,-31959.3515625,15867.0791015625,-11555.7177734375,-3895.819580078125,15056.3134765625,-4343.9052734375
377710.418855367,-2610.572021484375,161.1560821533203,-31961.005859375,15859.814453125,-11564.0322265625,-3901.4970703125,15052.0224609375,-4348.95654296875
377710.423831317,-2618.149169921875,151.18719482421875,-31964.447265625,15849.041015625,-11571.609375,-3906.123779296875,15050.0556640625,-4351.59423828125
377710.427868966,-2619.579833984375,152.23773193359375,-31964.380859375,15853.2431640625,-11571.095703125,-3911.041259765625,15042.9248046875,-4355.19287109375
377710.430842866,-2614.461181640625,159.2561798095703,-31962.591796875,15861.7138671875,-11564.6806640625,-3908.403564453125,15043.88671875,-4353.13623046875
377710.434614304,-2611.890625,164.41943359375,-31957.2734375,15869.537109375,-11552.7001953125,-3896.98193359375,15052.0,-4347.8388671875
377710.438646847,-2607.666259765625,175.9305877685547,-31949.314453125,15876.8916015625,-11550.755859375,-3895.484375,15053.8330078125,-4344.8212890625
377710.442508724,-2612.00244140625,179.462158203125,-31949.962890625,15870.2529296875,-11563.8759765625,-3907.129638671875,15046.3671875,-4351.482421875
377710.44657737,-2610.281494140625,161.1113739013672,-31955.484375,15856.349609375,-11572.3701171875,-3909.78955078125,15041.8076171875,-4358.74658203125
377710.45153071,-2603.352294921875,174.2541961669922,-31950.0078125,15878.2548828125,-11549.6376953125,-3892.4892578125,15049.33984375,-4356.8916015625
377710.455477191,-2598.792724609375,178.76925659179688,-31948.7109375,15879.998046875,-11552.8564453125,-3898.747802734375,15044.4677734375,-4358.97021484375
377710.458478807,-2598.077392578125,177.4728546142578,-31945.984375,15874.96875,-11559.427734375,-3904.4921875,15041.47265625,-4359.685546875
377710.462420911,-2604.9169921875,172.30960083007812,-31949.337890625,15868.3076171875,-11567.2509765625,-3909.141357421875,15040.064453125,-4362.94873046875
377710.467444998,-2609.543701171875,169.1580047607422,-31955.103515625,15862.1611328125,-11572.302734375,-3912.0693359375,15038.7900390625,-4361.56298828125
377710.471411171,-2621.03271484375,175.6400146484375,-31960.06640625,15861.7138671875,-11572.3701171875,-3912.494140625,15036.755859375,-4359.90869140625
377710.474479521,-2613.79052734375,170.52145385742188,-31961.251953125,15859.76953125,-11574.314453125,-3915.600830078125,15036.2646484375,-4363.4404296875
377710.479439061,-2600.71484375,163.74888610839844,-31958.166015625,15855.388671875,-11577.9130859375,-3916.673828125,15037.359375,-4366.56982421875
377710.483590852,-2606.682861328125,159.39028930664062,-31959.3515625,15847.4091796875,-11584.5966796875,-3920.294921875,15036.443359375,-4368.96142578125
377710.486402473,-2607.174560546875,164.79940795898438,-31955.931640625,15857.6689453125,-11574.7841796875,-3914.639892578125,15037.29296875,-4366.2568359375
377710.490391256,-2608.515625,165.8946533203125,-31955.373046875,15867.5927734375,-11560.232421875,-3902.927490234375,15043.9755859375,-4353.6953125
377710.494415777,-2604.5146484375,168.59921264648438,-31950.298828125,15872.15234375,-11554.041015625,-3896.0654296875,15053.095703125,-4347.34716796875
377710.498444309,-2609.163818359375,162.36306762695312,-31951.7734375,15862.83203125,-11563.8759765625,-3902.9052734375,15050.5244140625,-4355.8408203125
377710.504538708,-2622.351318359375,152.14833068847656,-31958.234375,15853.0419921875,-11575.0078125,-3912.38232421875,15043.953125,-4360.4677734375
377710.507527924,-2612.069580078125,164.6429443359375,-31952.4453125,15867.1455078125,-11567.7880859375,-3908.00146484375,15047.57421875,-4355.4833984375
377710.511538223,-2610.7060546875,162.63128662109375,-31960.826171875,15862.67578125,-11569.28515625,-3910.728271484375,15040.6904296875,-4359.55126953125
377710.514566094,-2607.30859375,164.6429443359375,-31959.84375,15861.982421875,-11565.4853515625,-3904.313232421875,15044.6689453125,-4357.51708984375
377710.518530809,-2605.341796875,169.1580047607422,-31954.92578125,15865.3349609375,-11564.390625,-3902.56982421875,15047.216796875,-4359.52880859375
377710.522587056,-2609.63330078125,168.84507751464844,-31954.6796875,15862.6982421875,-11567.005859375,-3904.425048828125,15043.640625,-4363.59716796875
377710.526900761,-2605.60986328125,174.4553680419922,-31951.3046875,15868.1513671875,-11564.255859375,-3903.486328125,15046.8818359375,-4359.50634765625
377710.530895014,-2601.720703125,176.82464599609375,-31954.724609375,15872.599609375,-11557.1484375,-3898.054931640625,15048.1103515625,-4358.52294921875
377710.53501909,-2603.9111328125,172.77899169921875,-31957.67578125,15869.939453125,-11561.171875,-3902.927490234375,15044.9365234375,-4360.04296875
377710.539892567,-2607.688720703125,167.97335815429688,-31958.748046875,15865.111328125,-11566.625,-3908.403564453125,15042.7021484375,-4365.6083984375
377710.54393131,-2612.1142578125,166.8781280517578,-31959.552734375,15859.0322265625,-11572.75,-3912.650634765625,15038.767578125,-4368.58154296875
377710.546745484,-2622.552490234375,162.69834899902344,-31969.7890625,15846.0234375,-11584.775390625,-3923.669921875,15030.1396484375,-4372.73876953125
377710.550732443,-2625.927734375,145.62161254882812,-31977.0546875,15840.748046875,-11584.2158203125,-3924.38525390625,15026.4970703125,-4372.13525390625
377710.554603802,-2627.671142578125,145.30868530273438,-31976.919921875,15845.0400390625,-11581.1318359375,-3926.128662109375,15024.529296875,-4375.4208984375
377710.558712197,-2626.352294921875,144.90635681152344,-31972.404296875,15845.2412109375,-11580.3720703125,-3925.8828125,15026.3173828125,-4377.8349609375
377710.563690335,-2619.847900390625,151.7906951904297,-31962.771484375,15850.7841796875,-11574.42578125,-3917.612548828125,15037.091796875,-4370.97314453125
377710.567757886,-2627.358154296875,147.0521240234375,-31969.3203125,15844.2353515625,-11581.712890625,-3924.541748046875,15032.46484375,-4371.0400390625
377710.571972401,-2630.2861328125,143.07351684570312,-31977.27734375,15840.9716796875,-11583.724609375,-3929.436767578125,15026.4072265625,-4373.6328125
377710.576977525,-2625.03369140625,143.3193817138672,-31979.46875,15841.150390625,-11584.6181640625,-3932.699951171875,15023.099609375,-4377.54443359375
377710.581797395,-2629.772216796875,139.9889678955078,-31979.556640625,15835.9423828125,-11589.759765625,-3937.4609375,15021.3115234375,-4381.72412109375
377710.584803387,-2630.19677734375,146.9180145263672,-31972.60546875,15842.8046875,-11583.5009765625,-3929.414306640625,15029.513671875,-4379.6455078125
377710.587990255,-2631.672119140625,148.77320861816406,-31973.72265625,15843.1845703125,-11583.12109375,-3927.55908203125,15032.732421875,-4377.29833984375
377710.591025785,-2633.236572265625,144.3028564453125,-31979.35546875,15839.9208984375,-11582.3388671875,-3925.94970703125,15032.3525390625,-4371.55419921875
377710.59558528,-2628.81103515625,147.94619750976562,-31975.6015625,15846.1796875,-11575.4765625,-3921.121826171875,15034.8115234375,-4368.33544921875
377710.599761139,-2629.369873046875,149.6002197265625,-31972.583984375,15847.8115234375,-11578.494140625,-3924.631103515625,15027.6591796875,-4377.611328125
377710.605671014,-2627.760498046875,149.48846435546875,-31969.677734375,15845.732421875,-11582.3388671875,-3927.35791015625,15026.98828125,-4376.2705078125
377710.608754316,-2630.778076171875,147.56622314453125,-31972.830078125,15843.2744140625,-11582.62890625,-3926.709716796875,15026.7646484375,-4373.99072265625
377710.611806986,-2631.135498046875,147.58856201171875,-31978.998046875,15842.111328125,-11583.970703125,-3931.18017578125,15021.6689453125,-4375.041015625
377710.615762583,-2630.733154296875,144.45932006835938,-31983.78125,15833.2158203125,-11592.0390625,-3939.0478515625,15018.2939453125,-4372.068359375
377710.619083287,-2638.176513671875,137.91026306152344,-31988.23046875,15825.6611328125,-11601.5390625,-3949.307373046875,15008.302734375,-4383.10986328125
377710.62393926,-2643.049072265625,136.63621520996094,-31985.927734375,15828.56640625,-11598.3427734375,-3943.115966796875,15009.375,-4390.2626953125
377710.627836145,-2648.368896484375,131.40589904785156,-31991.404296875,15824.6103515625,-11603.4384765625,-3948.279296875,15004.390625,-4397.16943359375
377710.630845054,-2652.97314453125,126.19795227050781,-31999.853515625,15821.3466796875,-11607.595703125,-3956.124755859375,14997.4169921875,-4399.51611328125
377710.634777313,-2653.062744140625,125.14741516113281,-31998.466796875,15821.9951171875,-11605.31640625,-3953.77783203125,15002.021484375,-4397.30322265625
377710.638871121,-2647.631103515625,130.5118408203125,-31988.810546875,15827.962890625,-11599.4375,-3945.95458984375,15010.8955078125,-4391.24609375
377710.642821248,-2644.79248046875,134.4010467529297,-31983.2890625,15831.2041015625,-11595.6826171875,-3939.919677734375,15015.052734375,-4385.61328125
377710.646846133,-2646.424072265625,136.47975158691406,-31982.529296875,15832.6572265625,-11593.134765625,-3935.918701171875,15017.109375,-4382.283203125
377710.65179765,-2651.833251953125,139.09490966796875,-31988.072265625,15829.2822265625,-11594.341796875,-3937.75146484375,15015.701171875,-4382.12646484375
377710.65582363,-2647.653564453125,139.5642852783203,-31986.732421875,15832.388671875,-11589.8486328125,-3935.091552734375,15017.265625,-4379.2880859375
377710.6588701,-2644.859619140625,127.0920181274414,-31985.279296875,15829.3046875,-11593.134765625,-3937.8857421875,15014.0244140625,-4386.90966796875
377710.662756045,-2645.641845703125,136.41268920898438,-31978.015625,15836.568359375,-11588.1728515625,-3932.4765625,15015.701171875,-4389.48046875
377710.66679187,-2652.123779296875,145.8674774169922,-31979.669921875,15838.4462890625,-11591.32421875,-3936.902099609375,15012.34765625,-4385.2109375
377710.670894795,-2641.41748046875,130.66830444335938,-31990.845703125,15828.56640625,-11601.3603515625,-3950.6484375,15002.267578125,-4393.212890625
377710.674887225,-2640.61279296875,133.64108276367188,-31987.71484375,15833.439453125,-11591.32421875,-3940.031494140625,15009.5986328125,-4388.38525390625
377710.678843187,-2637.103515625,140.1454315185547,-31978.841796875,15838.4462890625,-11584.7080078125,-3930.531982421875,15017.779296875,-4384.0712890625
377710.683879308,-2640.344482421875,135.98800659179688,-31979.021484375,15832.232421875,-11591.1455078125,-3934.77880859375,15013.64453125,-4389.4130859375
377710.68687837,-2646.98291015625,130.26596069335938,-31987.044921875,15825.7275390625,-11596.755859375,-3940.813720703125,15009.2412109375,-4396.2080078125
377710.691145398,-2651.364013671875,127.62846374511719,-31993.99609375,15826.353515625,-11596.4423828125,-3943.831298828125,15009.21875,-4391.89404296875
377710.694861406,-2642.669189453125,136.85972595214844,-31990.53125,15833.3720703125,-11594.7666015625,-3945.57470703125,15008.771484375,-4387.22265625
377710.698923488,-2645.373779296875,134.64691162109375,-31990.6875,15830.1533203125,-11596.62109375,-3946.2451171875,15005.642578125,-4392.654296875
377710.703155142,-2646.647705078125,132.81407165527344,-31989.97265625,15826.1083984375,-11600.3544921875,-3946.73681640625,15005.8662109375,-4393.4814453125
377710.706895583,-2645.038330078125,134.9598388671875,-31988.251953125,15824.23046875,-11602.58984375,-3947.13916015625,15009.12890625,-4388.36279296875
377710.711918576,-2645.843017578125,135.49627685546875,-31989.7265625,15829.52734375,-11596.5546875,-3944.97119140625,15008.2802734375,-4388.58642578125
377710.715208647,-2651.6767578125,135.6750946044922,-31988.6328125,15837.41796875,-11591.4130859375,-3944.434814453125,15005.798828125,-4392.49755859375
377710.719056666,-2649.262939453125,136.85972595214844,-31982.75390625,15837.0380859375,-11592.12890625,-3940.925537109375,15010.1572265625,-4392.74365234375
377710.723034144,-2649.9111328125,129.3719024658203,-31987.111328125,15827.8515625,-11600.287109375,-3946.17822265625,15007.162109375,-4398.3984375
377710.727221308,-2648.949951171875,133.0599365234375,-31985.212890625,15832.8134765625,-11595.1240234375,-3941.640625,15013.48828125,-4390.37451171875
377710.730975242,-2643.675048828125,137.26206970214844,-31985.591796875,15837.171875,-11586.451171875,-3934.510498046875,15021.244140625,-4380.427734375
377710.73530864,-2648.61474609375,129.6624755859375,-31993.662109375,15826.95703125,-11595.392578125,-3943.227783203125,15013.6220703125,-4382.6181640625
377710.739896579,-2652.839111328125,125.16976928710938,-31994.107421875,15821.458984375,-11599.37109375,-3943.808837890625,15013.0634765625,-4383.400390625
377710.742909134,-2650.045166015625,129.7965850830078,-31986.486328125,15825.3251953125,-11597.3818359375,-3942.311279296875,15016.3046875,-4384.54052734375
377710.746865096,-2649.82177734375,133.30580139160156,-31987.73828125,15825.884765625,-11601.1591796875,-3948.16748046875,15008.7265625,-4390.57568359375
377710.750853514,-2649.933349609375,131.85293579101562,-31994.466796875,15822.12890625,-11602.1875,-3947.899169921875,15008.5703125,-4391.15673828125
377710.754862719,-2644.61376953125,134.31163024902344,-31992.96875,15824.9013671875,-11598.7001953125,-3944.412353515625,15009.263671875,-4393.056640625
377710.758911672,-2644.166748046875,136.23388671875,-31987.89453125,15824.341796875,-11600.9580078125,-3944.412353515625,15012.236328125,-4392.0732421875
377710.763153173,-2648.771240234375,130.55653381347656,-31989.771484375,15813.7919921875,-11611.9775390625,-3955.2529296875,15010.1572265625,-4391.73779296875
377710.767946057,-2647.720703125,149.13084411621094,-31981.5234375,15833.1044921875,-11595.6826171875,-3944.56884765625,15015.96875,-4388.72021484375
377710.772375364,-2642.5126953125,147.3874053955078,-31984.251953125,15836.904296875,-11593.7607421875,-3943.0712890625,15012.236328125,-4387.267578125
377710.776306164,-2640.255126953125,141.0395050048828,-31983.111328125,15834.7353515625,-11588.6416015625,-3935.024658203125,15015.2763671875,-4384.11572265625
377710.780117351,-2641.685546875,147.32034301757812,-31975.66796875,15844.4814453125,-11584.0595703125,-3932.0517578125,15016.6171875,-4387.826171875
377710.784237051,-2644.546630859375,147.09683227539062,-31973.74609375,15841.888671875,-11585.802734375,-3931.2470703125,15018.583984375,-4390.1953125
377710.789205707,-2646.871337890625,142.96176147460938,-31978.70703125,15835.607421875,-11590.474609375,-3935.002197265625,15015.5,-4391.93896484375
377710.792942866,-2644.635986328125,138.983154296875,-31984.251953125,15832.5673828125,-11589.201171875,-3933.392822265625,15016.7509765625,-4386.75341796875
377710.797003854,-2643.7197265625,139.60899353027344,-31985.458984375,15832.9248046875,-11587.904296875,-3932.58837890625,15017.33203125,-4380.98681640625
377710.800261105,-2643.831298828125,138.8713836669922,-31981.412109375,15832.3662109375,-11590.2060546875,-3935.538818359375,15014.896484375,-4383.892578125
377710.803356076,-2643.451416015625,141.28536987304688,-31973.923828125,15835.294921875,-11588.462890625,-3934.197509765625,15017.0869140625,-4387.2900390625
377710.807036711,-2645.261962890625,140.63717651367188,-31974.86328125,15834.244140625,-11588.619140625,-3933.95166015625,15017.6005859375,-4387.46875
377710.81096897,-2651.1181640625,132.47879028320312,-31986.59765625,15827.2255859375,-11594.654296875,-3939.98681640625,15012.68359375,-4389.2119140625
377710.815062413,-2648.771240234375,135.8986053466797,-31984.5859375,15830.533203125,-11591.5478515625,-3934.95751953125,15018.8076171875,-4381.74658203125
377710.819085475,-2662.249267578125,138.33494567871094,-31985.615234375,15825.236328125,-11596.353515625,-3937.05859375,15018.337890625,-4382.52880859375
377710.823158497,-2662.20458984375,132.41172790527344,-31982.328125,15825.0126953125,-11596.7109375,-3937.6396484375,15016.818359375,-4382.93115234375
377710.827032773,-2655.87890625,127.67316436767578,-31985.7265625,15823.4931640625,-11599.974609375,-3940.992431640625,15012.34765625,-4387.2451171875
377710.831151379,-2656.97412109375,126.35440826416016,-31992.521484375,15822.912109375,-11600.689453125,-3945.4404296875,15006.0,-4387.0888671875
377710.835301711,-2649.866455078125,134.8480682373047,-31985.994140625,15835.00390625,-11589.8486328125,-3938.310302734375,15013.9130859375,-4381.54541015625
377710.839319303,-2649.7099609375,135.54098510742188,-31983.71484375,15833.8193359375,-11592.978515625,-3941.2607421875,15012.482421875,-4386.8427734375
377710.843091106,-2651.900390625,135.54098510742188,-31984.251953125,15828.455078125,-11598.4091796875,-3943.4736328125,15009.509765625,-4391.8720703125
377710.847143341,-2653.755615234375,137.5973358154297,-31984.810546875,15827.650390625,-11598.7900390625,-3943.048828125,15009.3525390625,-4387.4912109375
377710.851209799,-2655.364990234375,136.54681396484375,-31990.353515625,15824.341796875,-11599.83984375,-3944.725341796875,15007.810546875,-4385.8369140625
377710.855088451,-2661.2880859375,131.31649780273438,-31993.7734375,15819.849609375,-11601.9638671875,-3948.927490234375,15004.79296875,-4391.53662109375
377710.858185246,-2656.080078125,142.33590698242188,-31981.904296875,15830.82421875,-11596.2412109375,-3944.121826171875,15008.3916015625,-4392.609375
377710.863074768,-2648.458251953125,147.29798889160156,-31976.048828125,15832.232421875,-11598.07421875,-3944.904052734375,15005.28515625,-4397.10205078125
377710.867016508,-2652.235595703125,143.90052795410156,-31976.62890625,15831.94140625,-11596.95703125,-3943.786376953125,15002.4013671875,-4401.57275390625
377710.871124903,-2657.421142578125,137.2173614501953,-31984.2734375,15830.6005859375,-11595.392578125,-3943.495849609375,14999.7412109375,-4403.33837890625
377710.87511478,-2656.81787109375,136.1668243408203,-31987.134765625,15828.4775390625,-11596.017578125,-3943.607666015625,15001.6640625,-4400.8349609375
377710.879237033,-2656.19189453125,146.15805053710938,-31983.69140625,15829.9970703125,-11596.3974609375,-3942.4453125,15004.1220703125,-4400.92431640625
377710.883046032,-2659.030517578125,135.5186309814453,-31980.7421875,15827.5166015625,-11596.0625,-3939.8525390625,15008.5478515625,-4402.8466796875
377710.88622816,-2658.337646484375,129.99774169921875,-31980.474609375,15825.1240234375,-11595.615234375,-3937.75146484375,15012.68359375,-4396.23046875
377710.890226424,-2658.225830078125,133.37286376953125,-31985.056640625,15828.09765625,-11594.3193359375,-3938.869140625,15008.212890625,-4394.0625
377710.895049577,-2655.253173828125,133.3952178955078,-31984.787109375,15827.1142578125,-11595.8388671875,-3940.411376953125,15004.7705078125,-4394.71044921875
377710.899031795,-2653.733154296875,132.74700927734375,-31983.24609375,15825.68359375,-11598.4765625,-3942.98193359375,15001.6865234375,-4398.0859375
377710.903357535,-2655.18603515625,133.1940460205078,-31982.931640625,15824.3642578125,-11600.7568359375,-3946.267578125,14997.3056640625,-4410.11083984375
377710.90708813,-2659.656494140625,131.85293579101562,-31985.279296875,15823.873046875,-11599.3486328125,-3945.731201171875,14997.5283203125,-4412.14501953125
377710.910038691,-2658.650634765625,133.95401000976562,-31987.201171875,15825.5712890625,-11595.90625,-3944.859375,14999.9423828125,-4403.0029296875
377710.916395654,-2657.667236328125,134.4680938720703,-31989.951171875,15826.0859375,-11599.8173828125,-3952.883544921875,14993.572265625,-4402.66796875
377710.919416233,-2654.649658203125,136.7479705810547,-31985.94921875,15825.4375,-11602.455078125,-3951.2744140625,14995.919921875,-4403.47265625
377710.923150109,-2656.81787109375,136.03271484375,-31984.2734375,15824.833984375,-11603.662109375,-3951.408447265625,14992.1201171875,-4412.36865234375
377710.927329251,-2654.6943359375,134.73631286621094,-31981.814453125,15823.4482421875,-11600.80078125,-3945.485107421875,14999.6748046875,-4404.12060546875
377710.931205715,-2653.7109375,134.2669219970703,-31984.1171875,15821.8837890625,-11598.1640625,-3941.14892578125,15007.3193359375,-4397.19140625
377710.935234611,-2655.253173828125,142.33590698242188,-31982.955078125,15833.685546875,-11593.0673828125,-3940.6572265625,15004.681640625,-4399.13623046875
377710.938617674,-2652.637939453125,145.4427947998047,-31977.2109375,15836.3896484375,-11591.927734375,-3937.930419921875,15004.5244140625,-4397.34814453125
377710.942306331,-2650.693359375,143.00645446777344,-31973.8125,15835.25,-11594.1181640625,-3939.0703125,15000.3447265625,-4405.4619140625
377710.946576276,-2658.024658203125,137.57498168945312,-31976.607421875,15830.6005859375,-11599.3037109375,-3945.17236328125,14995.3828125,-4407.80859375
377710.951124466,-2661.556396484375,135.0939483642578,-31982.798828125,15826.443359375,-11603.505859375,-3951.8779296875,14990.7783203125,-4409.35107421875
377710.955266411,-2653.59912109375,142.55943298339844,-31974.595703125,15832.791015625,-11597.224609375,-3945.127685546875,14998.646484375,-4401.32666015625
377710.959255193,-2652.056884765625,143.81112670898438,-31967.28515625,15838.8037109375,-11588.41796875,-3932.610595703125,15007.5419921875,-4399.0244140625
377710.96333405,-2660.058837890625,135.384521484375,-31970.080078125,15833.0146484375,-11592.7548828125,-3934.331787109375,15006.3134765625,-4402.6005859375
377710.966314515,-2666.0712890625,130.84710693359375,-31979.177734375,15826.1298828125,-11598.6328125,-3941.37255859375,15002.0439453125,-4405.14892578125
377710.970577531,-2664.484375,132.05410766601562,-31986.083984375,15827.91796875,-11596.21875,-3942.4677734375,15000.92578125,-4403.13720703125
377710.974514895,-2663.7021484375,137.55264282226562,-31989.19140625,15827.2705078125,-11596.5546875,-3946.06640625,14999.6748046875,-4402.8466796875
377710.978349421,-2664.864501953125,135.42921447753906,-31988.072265625,15827.494140625,-11598.9462890625,-3946.53564453125,14999.3388671875,-4402.51123046875
377710.983225086,-2662.316162109375,123.85101318359375,-31988.900390625,15821.369140625,-11606.2548828125,-3950.425048828125,14996.12109375,-4405.39453125
377710.987385265,-2667.56884765625,120.23003387451172,-31996.87890625,15815.0439453125,-11614.390625,-3958.583251953125,14988.990234375,-4411.2509765625
377710.991563312,-2666.6748046875,118.21837615966797,-32003.49609375,15812.2724609375,-11614.5703125,-3958.180908203125,14990.443359375,-4407.1826171875
377710.994385144,-2669.8935546875,116.18436431884766,-32006.71484375,15809.076171875,-11614.927734375,-3955.74462890625,14992.1416015625,-4407.96533203125
377710.998295158,-2673.78271484375,118.0172119140625,-32003.02734375,15808.13671875,-11616.537109375,-3955.56591796875,14993.6171875,-4410.267578125
377711.002333901,-2671.36865234375,122.15228271484375,-31998.287109375,15807.7568359375,-11619.1962890625,-3957.17529296875,14993.3046875,-4407.8759765625
377711.006362432,-2671.949951171875,120.23003387451172,-31999.5390625,15805.6787109375,-11619.5546875,-3957.979736328125,14989.7724609375,-4411.94384765625
377711.011443043,-2670.58642578125,124.14158630371094,-32000.90234375,15814.4853515625,-11614.927734375,-3960.416259765625,14982.1064453125,-4417.0400390625
377711.016470412,-2661.243408203125,127.5167007446289,-31993.37109375,15819.55859375,-11606.568359375,-3952.0341796875,14991.5830078125,-4411.96630859375
377711.02130414,-2661.355224609375,127.13671875,-31986.84375,15823.2470703125,-11601.3603515625,-3946.111083984375,14998.244140625,-4411.18359375
377711.024332012,-2669.20068359375,119.55947875976562,-31990.8671875,15817.6142578125,-11607.73046875,-3951.96728515625,14995.025390625,-4411.384765625
377711.027441205,-2675.66015625,114.15036010742188,-31996.87890625,15812.205078125,-11611.10546875,-3953.822509765625,14993.416015625,-4413.68701171875
377711.030419846,-2678.58837890625,111.26698303222656,-32006.669921875,15806.9521484375,-11617.4306640625,-3961.55615234375,14986.822265625,-4415.96728515625
377711.034395866,-2677.38134765625,110.08234405517578,-32009.642578125,15802.52734375,-11622.83984375,-3967.56884765625,14983.24609375,-4417.73291015625
377711.039167234,-2668.57470703125,119.44772338867188,-31997.013671875,15812.294921875,-11610.099609375,-3954.6494140625,14992.5,-4410.55810546875
377711.043362786,-2667.2783203125,125.54975128173828,-31989.638671875,15821.0791015625,-11601.091796875,-3943.96533203125,14999.9873046875,-4408.50146484375
377711.047385119,-2669.60302734375,121.77230072021484,-31992.095703125,15813.724609375,-11605.763671875,-3946.692138671875,15000.3896484375,-4408.7919921875
377711.050420649,-2669.267578125,126.51087188720703,-31996.388671875,15817.0107421875,-11603.2373046875,-3947.385009765625,15000.724609375,-4405.6181640625
377711.054478354,-2669.267578125,129.1707305908203,-31998.9140625,15819.5146484375,-11605.3388671875,-3952.526123046875,14998.8251953125,-4400.0751953125
377711.058327468,-2674.16259765625,118.30778503417969,-32005.619140625,15807.8466796875,-11616.58203125,-3961.779541015625,14993.1259765625,-4410.71435546875
377711.062341777,-2669.156005859375,122.15228271484375,-31996.90234375,15816.83203125,-11606.5234375,-3952.213134765625,15002.5576171875,-4410.53564453125
377711.06727032,-2671.48046875,123.18046569824219,-31996.275390625,15820.162109375,-11603.908203125,-3950.38037109375,15001.91015625,-4407.205078125
377711.071746669,-2674.319091796875,117.74899291992188,-32004.591796875,15814.619140625,-11610.099609375,-3957.53271484375,14994.533203125,-4410.0439453125
377711.075719042,-2682.544677734375,112.85395812988281,-32009.865234375,15810.7080078125,-11613.474609375,-3960.907958984375,14989.7724609375,-4414.2236328125
377711.07871154,-2676.57666015625,124.61097717285156,-32005.240234375,15814.9541015625,-11614.16796875,-3960.393798828125,14989.99609375,-4413.68701171875
377711.082494283,-2674.922607421875,112.45162963867188,-32004.076171875,15808.8974609375,-11619.46484375,-3962.003173828125,14988.029296875,-4416.68212890625
377711.086535579,-2673.335693359375,111.11051940917969,-32003.630859375,15808.4052734375,-11620.0908203125,-3963.16552734375,14988.7890625,-4413.95556640625
377711.090740612,-2669.3125,114.88796997070312,-32007.2734375,15809.0087890625,-11618.2353515625,-3962.673828125,14989.6162109375,-4409.70849609375
377711.095444152,-2669.446533203125,116.85491943359375,-32006.2890625,15810.6630859375,-11615.576171875,-3960.72900390625,14987.3583984375,-4409.14990234375
377711.09938735,-2668.820556640625,116.96668243408203,-32003.875,15809.74609375,-11619.1962890625,-3963.03125,14985.4140625,-4411.98828125
377711.103637968,-2675.2802734375,110.32820892333984,-32006.201171875,15803.443359375,-11624.2255859375,-3963.098388671875,14984.498046875,-4417.37548828125
377711.107444779,-2678.7001953125,113.8150863647461,-32003.09375,15809.6123046875,-11619.7998046875,-3959.65625,14987.671875,-4416.2353515625
377711.11239119,-2686.5009765625,119.62653350830078,-32004.478515625,15813.0771484375,-11613.3857421875,-3956.124755859375,14994.0869140625,-4408.3896484375
377711.115463188,-2676.8671875,104.98614501953125,-32007.720703125,15809.1875,-11613.8994140625,-3956.593994140625,14993.908203125,-4405.796875
377711.118730284,-2677.78369140625,99.53231811523438,-32006.15625,15803.041015625,-11619.9794921875,-3959.522216796875,14990.7333984375,-4408.36767578125
377711.122762098,-2680.57763671875,104.31558990478516,-31996.298828125,15808.673828125,-11614.279296875,-3954.068359375,14994.3994140625,-4410.2451171875
377711.128490367,-2676.218994140625,108.20479583740234,-31993.302734375,15816.1171875,-11607.4169921875,-3950.2685546875,14996.43359375,-4415.74365234375
377711.132797143,-2679.527099609375,109.3670883178711,-31999.29296875,15815.37890625,-11606.2998046875,-3949.732177734375,14997.193359375,-4412.078125
377711.136618906,-2677.20263671875,121.90641784667969,-31995.650390625,15822.93359375,-11601.806640625,-3948.34619140625,14995.78515625,-4408.6806640625
377711.139607029,-2678.0966796875,116.3184814453125,-31999.875,15813.859375,-11612.0888671875,-3956.6611328125,14986.5537109375,-4418.96240234375
377711.142828906,-2669.021728515625,116.9219741821289,-31996.791015625,15813.5458984375,-11612.5361328125,-3955.96826171875,14989.2138671875,-4416.70458984375
377711.146837746,-2674.855712890625,116.45259094238281,-32002.869140625,15808.8974609375,-11616.4697265625,-3959.76806640625,14987.3583984375,-4415.453125
377711.151698824,-2673.514404296875,118.21837615966797,-32009.12890625,15808.8076171875,-11613.318359375,-3958.583251953125,14987.8056640625,-4411.072265625
377711.155477556,-2668.015869140625,120.31944274902344,-32010.984375,15810.0595703125,-11613.318359375,-3961.55615234375,14986.576171875,-4410.17822265625
377711.15960309,-2671.927490234375,118.0172119140625,-32010.224609375,15807.935546875,-11614.97265625,-3960.8408203125,14986.375,-4413.95556640625
377711.162624763,-2672.3076171875,117.19019317626953,-32006.177734375,15805.3876953125,-11618.1240234375,-3959.65625,14986.93359375,-4419.54345703125
#377734.190798959,-2740.703857421875,78.96871185302734,-32022.025390625,15655.36328125,-11590.966796875,-4082.836669921875,14864.55859375,-4399.76220703125
377734.194832961,-2750.382080078125,73.9842758178711,-32020.125,15652.8818359375,-11591.0107421875,-4081.428466796875,14864.3125,-4402.89111328125
377734.19892057,-2745.285888671875,82.8802719116211,-32009.0390625,15665.4208984375,-11578.248046875,-4069.850341796875,14873.4765625,-4395.0009765625
377734.20314092,-2745.17431640625,88.15528106689453,-32005.41796875,15674.853515625,-11565.060546875,-4058.875732421875,14881.4111328125,-4385.0546875
377734.208130727,-2747.409423828125,85.40601348876953,-32009.28515625,15675.4345703125,-11559.8974609375,-4053.466552734375,14884.7421875,-4379.421875
377734.21225298,-2750.806884765625,81.27094268798828,-32013.30859375,15673.6689453125,-11562.2216796875,-4057.08740234375,14881.92578125,-4384.0712890625
377734.216168828,-2752.974853515625,79.43810272216797,-32010.513671875,15675.1220703125,-11558.9140625,-4051.566650390625,14888.4521484375,-4382.2607421875
377734.220293998,-2758.585205078125,72.75492858886719,-32014.537109375,15670.16015625,-11563.384765625,-4053.846435546875,14886.7763671875,-4383.10986328125
377734.224129254,-2759.501708984375,66.58584594726562,-32024.23828125,15663.119140625,-11569.3974609375,-4059.233154296875,14883.19921875,-4381.97021484375
377734.228087404,-2760.865234375,62.830753326416016,-32033.783203125,15657.0166015625,-11574.6494140625,-4063.88232421875,14881.076171875,-4379.220703125
377734.232943377,-2753.176025390625,70.05036926269531,-32030.810546875,15659.8330078125,-11573.3310546875,-4059.546142578125,14886.3955078125,-4375.53271484375
377734.236238189,-2751.857421875,69.60333251953125,-32030.966796875,15651.4287109375,-11583.1435546875,-4063.748291015625,14884.8984375,-4378.259765625
377734.239930493,-2750.292724609375,68.48574829101562,-32028.3515625,15646.5341796875,-11586.9208984375,-4066.765869140625,14880.47265625,-4383.35595703125
377734.242994832,-2743.922607421875,76.9570541381836,-32024.328125,15655.1845703125,-11580.416015625,-4065.5810546875,14877.2314453125,-4388.92138671875
377734.246990179,-2740.592041015625,80.48863220214844,-32024.998046875,15657.7548828125,-11578.0693359375,-4067.32470703125,14875.33203125,-4388.96630859375
377734.251218916,-2743.520263671875,74.05133056640625,-32030.787109375,15647.875,-11587.5244140625,-4075.48291015625,14869.69921875,-4392.72119140625
377734.255036303,-2746.582275390625,68.95513153076172,-32033.447265625,15640.8115234375,-11596.197265625,-4081.29443359375,14866.7490234375,-4395.4033203125
377734.258350077,-2747.0517578125,71.05619812011719,-32033.55859375,15639.91796875,-11601.60546875,-4085.653076171875,14863.3740234375,-4399.11376953125
377734.263296853,-2754.2265625,63.680118560791016,-32042.72265625,15631.111328125,-11608.3564453125,-4091.68798828125,14859.3056640625,-4400.76806640625
377734.267240417,-2753.176025390625,68.3963394165039,-32043.70703125,15637.59375,-11604.35546875,-4092.2021484375,14860.6240234375,-4398.55517578125
377734.270093975,-2750.4716796875,75.79476165771484,-32038.654296875,15645.9755859375,-11602.142578125,-4092.8056640625,14860.646484375,-4400.6787109375
377734.274938643,-2743.676513671875,77.40409088134766,-32032.1953125,15646.7578125,-11603.70703125,-4092.336181640625,14861.33984375,-4401.32666015625
377734.279293922,-2746.73876953125,77.98523712158203,-32026.607421875,15651.65234375,-11598.4091796875,-4087.59765625,14864.87109375,-4401.6396484375
377734.283002271,-2755.12060546875,70.87738037109375,-32030.921875,15649.328125,-11596.509765625,-4089.050537109375,14861.697265625,-4402.89111328125
377734.287389276,-2755.634765625,68.86572265625,-32034.1171875,15652.009765625,-11589.87109375,-4085.2060546875,14863.552734375,-4398.2421875
377734.29110419,-2757.892333984375,64.99887084960938,-32035.212890625,15650.580078125,-11588.8876953125,-4085.6083984375,14864.4462890625,-4396.677734375
377734.296048778,-2758.384033203125,70.3856430053711,-32025.580078125,15660.1689453125,-11573.419921875,-4067.07861328125,14877.3212890625,-4393.30224609375
377734.300292466,-2753.35498046875,79.8404312133789,-32013.5546875,15673.0654296875,-11559.2265625,-4047.2080078125,14893.4814453125,-4383.51220703125
377734.30404093,-2756.8642578125,75.88417053222656,-32019.1875,15670.2041015625,-11561.8193359375,-4050.51611328125,14889.994140625,-4384.98779296875
377734.308076756,-2756.908935546875,73.5595932006836,-32023.65625,15670.3837890625,-11558.0869140625,-4047.833984375,14889.1455078125,-4382.2607421875
377734.313128557,-2752.215087890625,73.78311157226562,-32022.337890625,15671.568359375,-11556.701171875,-4045.039794921875,14889.435546875,-4380.31591796875
377734.316340953,-2755.92529296875,73.29136657714844,-32023.322265625,15669.9814453125,-11562.3564453125,-4050.001953125,14884.451171875,-4384.205078125
377734.31935278,-2763.815673828125,66.89877319335938,-32029.24609375,15658.6708984375,-11573.5771484375,-4058.2275390625,14882.193359375,-4385.12158203125
377734.323008252,-2764.374267578125,58.15924072265625,-32038.56640625,15645.39453125,-11585.2890625,-4067.726806640625,14878.4833984375,-4383.8251953125
377734.327148374,-2753.35498046875,63.993045806884766,-32041.873046875,15648.2998046875,-11587.5244140625,-4075.28173828125,14873.2529296875,-4384.38427734375
377734.330194844,-2748.4599609375,71.72674560546875,-32038.7890625,15652.5693359375,-11586.8984375,-4076.421630859375,14873.1865234375,-4385.9931640625
377734.334165028,-2747.386962890625,74.00662231445312,-32034.810546875,15649.1943359375,-11591.8828125,-4080.065185546875,14869.5654296875,-4392.72119140625
377734.338176785,-2748.34814453125,70.83267974853516,-32038.69921875,15637.9287109375,-11604.0419921875,-4089.922119140625,14861.0712890625,-4401.2822265625
377734.342344622,-2757.0654296875,63.5460090637207,-32050.076171875,15627.7138671875,-11614.5703125,-4101.67919921875,14850.1416015625,-4407.00390625
377734.347067854,-2754.74072265625,68.2622299194336,-32052.22265625,15632.2734375,-11609.697265625,-4098.23681640625,14852.599609375,-4401.4833984375
377734.351112067,-2745.196533203125,72.0396728515625,-32048.466796875,15636.3193359375,-11602.0078125,-4088.536376953125,14860.244140625,-4395.78369140625
377734.355401339,-2751.879638671875,67.30110168457031,-32049.541015625,15631.759765625,-11608.6240234375,-4093.431396484375,14856.3330078125,-4402.10888671875
377734.35919247,-2765.603759765625,60.5955810546875,-32051.9765625,15628.1162109375,-11615.7548828125,-4099.64501953125,14852.1533203125,-4409.4404296875
377734.365161057,-2762.4296875,65.26709747314453,-32049.80859375,15635.2236328125,-11612.6474609375,-4100.78515625,14850.029296875,-4411.474609375
377734.368191482,-2759.255859375,66.80936431884766,-32051.328125,15639.3369140625,-11609.40625,-4103.46728515625,14845.9619140625,-4416.8388671875
377734.372158384,-2763.793212890625,62.98721694946289,-32048.736328125,15639.359375,-11606.3896484375,-4100.3603515625,14847.7275390625,-4416.48095703125
377734.376082255,-2763.077880859375,67.36815643310547,-32038.140625,15648.3447265625,-11600.578125,-4096.51611328125,14848.0849609375,-4415.94482421875
377734.380247174,-2766.564697265625,61.64611053466797,-32037.515625,15645.8408203125,-11602.208984375,-4098.23681640625,14841.3349609375,-4420.638671875
377734.384185997,-2769.872802734375,60.93085479736328,-32034.54296875,15652.1669921875,-11585.4453125,-4081.31689453125,14849.1806640625,-4420.2587890625
377734.388463235,-2766.05078125,65.62472534179688,-32027.2109375,15665.4208984375,-11567.564453125,-4065.245849609375,14862.1669921875,-4411.54150390625
377734.391303666,-2765.380126953125,66.20586395263672,-32019.521484375,15671.2099609375,-11559.5849609375,-4055.09814453125,14869.587890625,-4402.66796875
377734.394367275,-2763.815673828125,68.50809478759766,-32009.173828125,15676.015625,-11553.9296875,-4045.978759765625,14879.0869140625,-4395.51513671875
377734.398229152,-2761.33447265625,71.10089874267578,-32001.953125,15678.9892578125,-11549.6826171875,-4040.547119140625,14886.0380859375,-4389.72607421875
377734.402271177,-2758.898193359375,77.35939025878906,-32001.373046875,15684.6435546875,-11544.02734375,-4037.440185546875,14890.240234375,-4383.04296875
377734.407216859,-2758.115966796875,77.24762725830078,-32008.234375,15680.9560546875,-11548.6767578125,-4044.346923828125,14885.45703125,-4383.10986328125
377734.411178656,-2755.6572265625,77.20292663574219,-32013.419921875,15675.345703125,-11555.494140625,-4051.343017578125,14882.3056640625,-4384.607421875
377734.414271439,-2757.84765625,72.0396728515625,-32021.35546875,15659.9453125,-11573.7109375,-4066.944580078125,14874.5498046875,-4391.76025390625
377734.418198957,-2760.395751953125,67.47991943359375,-32028.240234375,15648.6123046875,-11584.73046875,-4073.471435546875,14871.3759765625,-4394.88916015625
377734.422425506,-2768.55419921875,60.28265380859375,-32041.29296875,15637.90625,-11591.2119140625,-4077.0029296875,14868.73828125,-4397.57177734375
377734.426363235,-2765.71533203125,59.790916442871094,-32048.646484375,15633.279296875,-11595.81640625,-4082.76953125,14866.16796875,-4396.29736328125
377734.430143425,-2757.53466796875,63.523658752441406,-32044.66796875,15636.0732421875,-11596.46484375,-4082.76953125,14868.0,-4396.275390625
377734.435125574,-2756.14892578125,65.80353546142578,-32040.041015625,15635.4921875,-11601.3828125,-4084.736572265625,14870.90625,-4396.16357421875
377734.439424693,-2756.573486328125,67.45756530761719,-32038.677734375,15634.6650390625,-11603.70703125,-4085.89892578125,14871.017578125,-4400.1865234375
377734.443446661,-2753.019775390625,74.45365905761719,-32037.515625,15642.3994140625,-11601.3154296875,-4087.5751953125,14869.85546875,-4400.11962890625
377734.447402623,-2759.8369140625,70.83267974853516,-32046.166015625,15639.9404296875,-11604.82421875,-4094.817138671875,14860.3115234375,-4407.74169921875
377734.451683508,-2756.573486328125,76.28650665283203,-32041.248046875,15645.2822265625,-11600.599609375,-4092.023193359375,14859.328125,-4410.93798828125
377734.456429714,-2754.986572265625,78.74519348144531,-32037.11328125,15646.958984375,-11602.1201171875,-4093.7890625,14855.349609375,-4419.2529296875
377734.460416309,-2759.6357421875,78.47697448730469,-32038.521484375,15645.4609375,-11603.259765625,-4093.87841796875,14852.2646484375,-4425.66796875
377734.465376213,-2754.919677734375,88.15528106689453,-32038.0078125,15652.45703125,-11596.912109375,-4090.458740234375,14853.7177734375,-4422.3818359375
377734.469311389,-2752.594970703125,88.3564453125,-32040.2421875,15659.005859375,-11588.7314453125,-4086.79296875,14854.3212890625,-4418.49267578125
377734.473247659,-2750.15869140625,92.51387023925781,-32028.41796875,15672.439453125,-11568.4580078125,-4062.787109375,14871.263671875,-4408.859375
377734.476295588,-2752.6396484375,91.03865814208984,-32014.4921875,15680.8212890625,-11556.5,-4048.057373046875,14882.08203125,-4403.15966796875
377734.479385819,-2755.075927734375,86.4118423461914,-32007.162109375,15683.50390625,-11550.197265625,-4039.11669921875,14888.6982421875,-4398.68896484375
377734.482402751,-2759.568603515625,81.20388793945312,-32011.587890625,15681.40234375,-11547.73828125,-4037.1943359375,14890.9111328125,-4392.8779296875
377734.486363818,-2765.067138671875,72.48670959472656,-32021.376953125,15677.9833984375,-11548.8330078125,-4040.770751953125,14884.697265625,-4395.69384765625
377734.491276315,-2761.06640625,73.20196533203125,-32017.0859375,15682.1181640625,-11542.3291015625,-4031.69580078125,14891.24609375,-4387.96044921875
377734.49521222,-2770.073974609375,68.84337615966797,-32017.845703125,15676.10546875,-11549.0126953125,-4036.076904296875,14890.888671875,-4384.6748046875
377734.498215659,-2771.83984375,61.936683654785156,-32024.015625,15664.9072265625,-11562.244140625,-4048.169189453125,14884.2275390625,-4387.51318359375
377734.502219393,-2771.079833984375,57.68985366821289,-32034.453125,15655.1171875,-11570.7607421875,-4055.50048828125,14881.7021484375,-4386.8203125
377734.506337635,-2772.15283203125,53.48772430419922,-32045.0703125,15647.1376953125,-11576.3486328125,-4062.451904296875,14876.3154296875,-4388.16162109375
377734.510353039,-2765.000244140625,57.13105773925781,-32043.125,15647.830078125,-11579.298828125,-4066.162353515625,14873.96875,-4388.96630859375
377734.514372089,-2765.35791015625,59.47799301147461,-32040.15234375,15644.5673828125,-11587.79296875,-4073.359619140625,14868.73828125,-4397.57177734375
377734.519301726,-2766.654296875,58.27099609375,-32041.94140625,15636.6767578125,-11599.0576171875,-4082.367431640625,14864.7822265625,-4401.55029296875
377734.523328069,-2766.967041015625,56.728729248046875,-32048.982421875,15630.150390625,-11608.9599609375,-4092.850341796875,14859.685546875,-4404.72412109375
377734.527350037,-2766.587158203125,55.477027893066406,-32056.24609375,15626.015625,-11616.7607421875,-4103.69091796875,14852.17578125,-4410.06640625
377734.531374193,-2766.900146484375,60.32735824584961,-32055.3515625,15631.5810546875,-11615.84375,-4106.43994140625,14846.9453125,-4417.017578125
377734.535405642,-2766.94482421875,62.00373840332031,-32053.49609375,15631.267578125,-11617.744140625,-4106.5517578125,14845.7158203125,-4421.51025390625
377734.539346288,-2765.670654296875,66.0717544555664,-32052.625,15632.36328125,-11620.873046875,-4110.91064453125,14842.876953125,-4425.55615234375
377734.544310569,-2766.34130859375,71.3691177368164,-32053.8984375,15640.275390625,-11612.8486328125,-4105.65771484375,14844.8662109375,-4426.2265625
377734.54829534,-2764.84375,73.15725708007812,-32053.98828125,15644.298828125,-11605.763671875,-4101.67919921875,14847.8837890625,-4422.35986328125
377734.552389148,-2759.14404296875,78.09699249267578,-32045.78515625,15654.5361328125,-11590.6982421875,-4087.50830078125,14858.7470703125,-4417.50927734375
377734.556310102,-2765.2236328125,71.59263610839844,-32042.87890625,15656.435546875,-11583.9931640625,-4077.87451171875,14861.80859375,-4417.419921875
377734.559258475,-2767.906005859375,70.05036926269531,-32038.654296875,15658.4921875,-11580.751953125,-4072.5771484375,14865.474609375,-4410.8037109375
377734.562286712,-2759.300537109375,81.94149780273438,-32030.36328125,15671.7919921875,-11570.3583984375,-4066.654052734375,14869.744140625,-4405.30517578125
377734.56633056,-2762.4521484375,73.87251281738281,-32029.736328125,15671.03125,-11564.30078125,-4062.4072265625,14869.85546875,-4402.869140625
377734.570504961,-2761.602783203125,72.15142822265625,-32020.841796875,15673.646484375,-11556.90234375,-4053.533447265625,14872.76171875,-4401.86328125
377734.574386895,-2758.13818359375,77.87347412109375,-32008.79296875,15677.8486328125,-11552.365234375,-4045.576416015625,14879.5341796875,-4400.09716796875
377734.579464223,-2753.891357421875,89.09405517578125,-31998.01953125,15692.310546875,-11543.0224609375,-4039.451904296875,14886.3291015625,-4396.7890625
377734.582415879,-2759.16650390625,85.29425811767578,-32008.16796875,15686.833984375,-11553.482421875,-4052.348876953125,14880.0703125,-4396.74462890625
377734.586454986,-2763.6591796875,79.75102233886719,-32021.33203125,15676.6416015625,-11562.4677734375,-4062.51904296875,14875.376953125,-4395.068359375
377734.590455803,-2759.6357421875,75.97357940673828,-32025.423828125,15668.1259765625,-11566.513671875,-4061.557861328125,14880.1376953125,-4391.0224609375
377734.594475948,-2767.481201171875,63.568359375,-32035.7265625,15651.451171875,-11582.1376953125,-4071.30322265625,14875.0634765625,-4394.822265625
377734.59849828,-2773.8291015625,57.578094482421875,-32041.873046875,15642.9580078125,-11592.5537109375,-4079.4169921875,14869.005859375,-4397.638671875
377734.60252353,-2775.259765625,54.717071533203125,-32052.3125,15634.44140625,-11603.6171875,-4092.716064453125,14856.3779296875,-4401.52783203125
377734.607451708,-2774.410400390625,55.611141204833984,-32058.681640625,15632.765625,-11606.634765625,-4096.806640625,14852.0634765625,-4401.97509765625
377734.611498109,-2772.2197265625,54.2253303527832,-32059.755859375,15629.859375,-11609.8984375,-4099.578125,14851.4150390625,-4401.2822265625
377734.615509136,-2774.72314453125,49.97850036621094,-32060.044921875,15623.19921875,-11619.1298828125,-4105.9482421875,14848.2861328125,-4402.265625
377734.619523811,-2771.303466796875,52.57130432128906,-32057.744140625,15622.998046875,-11624.248046875,-4110.5302734375,14842.4072265625,-4405.8642578125
377734.623490713,-2771.638671875,55.07469940185547,-32058.794921875,15625.1884765625,-11622.080078125,-4110.66455078125,14839.5244140625,-4410.267578125
377734.628433478,-2774.209228515625,54.627662658691406,-32064.046875,15625.1884765625,-11622.0126953125,-4114.93359375,14836.88671875,-4411.02734375
377734.632458363,-2769.694091796875,57.913368225097656,-32063.107421875,15629.0107421875,-11619.3759765625,-4115.537109375,14836.88671875,-4412.92724609375
377734.636549619,-2768.800048828125,58.74038314819336,-32058.525390625,15632.67578125,-11616.849609375,-4114.3974609375,14836.8642578125,-4418.6494140625
377734.640610606,-2772.085693359375,54.15827560424805,-32058.16796875,15632.36328125,-11613.4296875,-4111.11181640625,14841.5810546875,-4416.07861328125
377734.644521349,-2773.985595703125,52.616004943847656,-32062.28125,15632.36328125,-11606.2548828125,-4101.4111328125,14851.3935546875,-4407.7861328125
377734.64756162,-2769.33642578125,57.04165267944336,-32060.76171875,15637.794921875,-11599.1923828125,-4096.001953125,14857.2490234375,-4401.6171875
377734.650610278,-2764.53076171875,60.72969055175781,-32056.0,15640.2529296875,-11596.8896484375,-4093.520751953125,14860.9150390625,-4400.32080078125
377734.654599426,-2760.976806640625,70.05036926269531,-32040.935546875,15652.14453125,-11584.126953125,-4078.1875,14872.2021484375,-4396.90087890625
377734.658646191,-2757.6240234375,79.81807708740234,-32025.064453125,15666.494140625,-11569.083984375,-4060.864990234375,14884.8984375,-4390.798828125
377734.663609377,-2753.779541015625,87.37297058105469,-32024.328125,15670.1376953125,-11569.8212890625,-4064.441162109375,14880.875,-4394.0625
377734.666617192,-2748.57177734375,90.56926727294922,-32026.787109375,15670.2265625,-11567.67578125,-4066.139892578125,14880.31640625,-4389.18994140625
377734.671644196,-2747.677490234375,91.79861450195312,-32025.9375,15668.103515625,-11568.3466796875,-4065.670654296875,14883.580078125,-4384.56298828125
377734.674759225,-2751.611572265625,89.42932891845703,-32023.791015625,15663.3876953125,-11573.599609375,-4068.08447265625,14884.5185546875,-4387.33447265625
377734.678615996,-2746.73876953125,96.62659454345703,-32016.68359375,15669.9365234375,-11571.5205078125,-4066.5869140625,14886.26171875,-4385.52392578125
377734.68264781,-2747.96826171875,94.41376495361328,-32022.205078125,15663.767578125,-11579.1875,-4074.633544921875,14881.478515625,-4383.8701171875
377734.686802154,-2748.4375,90.16693878173828,-32030.8984375,15657.9111328125,-11586.451171875,-4084.066162109375,14873.1416015625,-4386.3955078125
377734.690737695,-2748.303466796875,89.69754791259766,-32029.580078125,15656.63671875,-11585.9599609375,-4082.009765625,14874.0576171875,-4385.2109375
377734.695989701,-2749.0634765625,89.56343841552734,-32027.033203125,15655.4970703125,-11585.69140625,-4078.545166015625,14877.5,-4384.33935546875
377734.700010575,-2755.411376953125,81.56151580810547,-32033.939453125,15646.19921875,-11597.7841796875,-4088.715087890625,14872.8955078125,-4389.18994140625
377734.704039472,-2759.188720703125,73.313720703125,-32045.6953125,15636.1181640625,-11607.9541015625,-4097.49951171875,14869.85546875,-4388.58642578125
377734.707808357,-2760.976806640625,67.4128646850586,-32056.111328125,15629.6357421875,-11609.0712890625,-4100.025390625,14866.033203125,-4389.97216796875
377734.711912376,-2757.93701171875,70.65386199951172,-32052.892578125,15634.77734375,-11603.4833984375,-4096.5380859375,14867.93359375,-4388.83203125
377734.716837637,-2760.14990234375,70.58680725097656,-32051.41796875,15633.6142578125,-11604.8017578125,-4096.64990234375,14867.28515625,-4391.8271484375
377734.72109263,-2765.96142578125,60.03678512573242,-32058.5703125,15622.55078125,-11612.669921875,-4101.388671875,14863.216796875,-4395.224609375
377734.724130348,-2767.481201171875,55.186458587646484,-32064.494140625,15620.7177734375,-11611.9775390625,-4101.1875,14862.5244140625,-4394.95654296875
377734.728027598,-2767.4365234375,53.95711135864258,-32069.455078125,15622.1484375,-11610.9931640625,-4102.46142578125,14861.787109375,-4391.58154296875
377734.730707937,-2769.984619140625,54.33708953857422,-32067.845703125,15630.2841796875,-11602.8125,-4093.632568359375,14866.927734375,-4390.4189453125
377734.734929745,-2775.12548828125,50.425537109375,-32067.35546875,15627.4013671875,-11605.16015625,-4093.47607421875,14867.486328125,-4393.861328125
377734.738757708,-2777.762939453125,51.65488052368164,-32064.896484375,15625.6572265625,-11605.9423828125,-4094.9736328125,14867.4638671875,-4394.666015625
377734.742759983,-2774.700927734375,58.807437896728516,-32060.962890625,15634.330078125,-11596.509765625,-4089.07275390625,14870.7939453125,-4391.201171875
377734.75011323,-2769.33642578125,62.58488464355469,-32059.083984375,15641.6162109375,-11585.892578125,-4082.568359375,14874.6162109375,-4387.669921875
377734.753785842,-2767.078857421875,64.01539611816406,-32054.615234375,15645.908203125,-11578.94140625,-4077.427490234375,14877.34375,-4387.2451171875
377734.756674045,-2759.211181640625,74.38660430908203,-32039.884765625,15657.083984375,-11569.642578125,-4068.7998046875,14882.328125,-4387.96044921875
377734.7600035,-2754.003173828125,80.37687683105469,-32030.09375,15660.1240234375,-11568.9052734375,-4067.212890625,14885.2109375,-4387.35693359375
377734.763076227,-2755.612548828125,82.18736267089844,-32034.05078125,15659.654296875,-11573.263671875,-4075.550048828125,14877.701171875,-4392.408203125
377734.766808645,-2754.4501953125,79.32633972167969,-32040.64453125,15653.8427734375,-11577.6220703125,-4078.6123046875,14876.203125,-4390.53076171875
377734.771882327,-2755.299560546875,80.22041320800781,-32040.130859375,15653.396484375,-11578.740234375,-4079.819091796875,14878.1259765625,-4388.8095703125
377734.776840773,-2752.4384765625,82.6791000366211,-32035.279296875,15652.814453125,-11582.5400390625,-4081.652099609375,14878.2373046875,-4389.50244140625
377734.77992991,-2752.17041015625,80.04159545898438,-32035.75,15647.4052734375,-11590.966796875,-4087.86572265625,14875.578125,-4392.89990234375
377734.783678738,-2748.906982421875,79.52750396728516,-32038.453125,15645.5283203125,-11593.984375,-4091.062255859375,14874.572265625,-4390.55322265625
377734.788054073,-2756.14892578125,72.77728271484375,-32047.73046875,15640.5888671875,-11596.0625,-4093.230224609375,14873.0966796875,-4389.591796875
377734.79174893,-2760.8427734375,67.18934631347656,-32055.91015625,15632.630859375,-11606.12109375,-4102.193359375,14864.1787109375,-4397.19140625
377734.796054613,-2758.048828125,68.93277740478516,-32053.8984375,15631.8486328125,-11611.8203125,-4108.11669921875,14860.892578125,-4400.54443359375
377734.799862153,-2761.13330078125,64.93181610107422,-32055.060546875,15627.333984375,-11613.765625,-4106.9541015625,14862.5693359375,-4400.74560546875
377734.804860713,-2765.000244140625,60.79674530029297,-32059.80078125,15624.40625,-11610.3681640625,-4098.90771484375,14867.6650390625,-4399.51611328125
377734.807941827,-2763.882568359375,63.568359375,-32059.375,15631.0888671875,-11602.4326171875,-4092.380859375,14873.07421875,-4393.458984375
377734.810894576,-2765.55908203125,64.3730239868164,-32059.017578125,15634.77734375,-11600.130859375,-4089.27392578125,14876.44921875,-4391.201171875
377734.814733479,-2768.397705078125,64.50713348388672,-32055.306640625,15640.365234375,-11596.1748046875,-4084.825927734375,14876.44921875,-4394.4423828125
377734.818703299,-2778.299560546875,56.460506439208984,-32057.966796875,15637.458984375,-11595.66015625,-4083.037841796875,14874.03515625,-4401.10302734375
377734.822899944,-2784.557861328125,47.47510528564453,-32065.521484375,15628.943359375,-11598.4091796875,-4084.2001953125,14872.26953125,-4397.50439453125
377734.826819804,-2783.75341796875,50.55964660644531,-32067.310546875,15632.67578125,-11590.9892578125,-4079.953369140625,14874.59375,-4391.4248046875
377734.830967219,-2778.478271484375,52.72776412963867,-32064.740234375,15637.6826171875,-11585.4013671875,-4075.5947265625,14878.0810546875,-4390.486328125
377734.833939296,-2776.802001953125,50.917274475097656,-32061.05078125,15636.5205078125,-11587.5244140625,-4075.50537109375,14875.4208984375,-4393.74951171875
377734.837952512,-2776.466552734375,55.58878707885742,-32052.46875,15641.4150390625,-11584.529296875,-4075.7734375,14872.4931640625,-4397.4599609375
377734.84185195,-2770.878662109375,66.83171844482422,-32044.556640625,15651.048828125,-11575.3203125,-4071.794921875,14874.37109375,-4396.34228515625
377734.846760436,-2762.0498046875,79.43810272216797,-32037.0234375,15662.1357421875,-11566.267578125,-4067.749267578125,14876.203125,-4392.16259765625
377734.850857161,-2750.0244140625,90.23399353027344,-32023.65625,15671.634765625,-11557.05859375,-4060.5966796875,14884.65234375,-4383.0205078125
377734.854913408,-2743.609619140625,98.12416076660156,-32015.1640625,15676.2841796875,-11555.8515625,-4058.249755859375,14887.9384765625,-4382.90869140625
377734.858907661,-2745.4423828125,95.82192993164062,-32018.29296875,15669.154296875,-11566.3125,-4065.625732421875,14881.27734375,-4391.24609375
377734.86295005,-2747.23046875,91.01630401611328,-32025.625,15658.5146484375,-11576.7509765625,-4075.639404296875,14874.5048828125,-4394.17431640625
377734.867856348,-2746.73876953125,89.13875579833984,-32029.849609375,15654.021484375,-11580.0810546875,-4079.1708984375,14873.119140625,-4394.0849609375
377734.87188488,-2739.295654296875,92.51387023925781,-32024.70703125,15658.3134765625,-11577.130859375,-4074.47705078125,14877.8349609375,-4389.837890625
377734.877044989,-2742.112060546875,88.98229217529297,-32024.484375,15656.1455078125,-11579.455078125,-4073.828857421875,14880.025390625,-4392.38623046875
377734.880830285,-2751.186767578125,80.86861419677734,-32029.490234375,15648.478515625,-11584.8193359375,-4076.153564453125,14879.712890625,-4397.19140625
377734.884056903,-2753.310302734375,78.38756561279297,-32033.89453125,15647.62890625,-11584.0595703125,-4073.29248046875,14885.3681640625,-4390.6650390625
377734.888071577,-2758.13818359375,73.33607482910156,-32041.76171875,15643.94140625,-11587.2333984375,-4078.433349609375,14881.9033203125,-4389.994140625
377734.892869932,-2759.412353515625,77.04646301269531,-32038.453125,15650.6689453125,-11579.298828125,-4072.130126953125,14884.3837890625,-4387.11083984375
377734.895952869,-2758.94287109375,79.10282135009766,-32032.28515625,15655.564453125,-11575.4541015625,-4066.564697265625,14887.87109375,-4384.8759765625
377734.898845448,-2762.385009765625,74.7889404296875,-32033.3125,15652.0546875,-11578.4716796875,-4068.21875,14885.859375,-4387.8037109375
377734.903127792,-2766.6318359375,69.98331451416016,-32040.755859375,15646.1318359375,-11581.7802734375,-4071.4150390625,14883.5126953125,-4389.033203125
377734.907094329,-2768.665771484375,62.80840301513672,-32049.853515625,15640.56640625,-11582.6513671875,-4072.465576171875,14881.03125,-4386.8203125
377734.910861756,-2770.14111328125,59.47799301147461,-32053.1171875,15640.365234375,-11582.8974609375,-4073.203125,14879.8017578125,-4383.93701171875
377734.915137171,-2775.393798828125,54.53825759887695,-32055.798828125,15636.587890625,-11585.3564453125,-4075.30419921875,14879.2880859375,-4387.91552734375
377734.918998318,-2773.31494140625,57.958072662353516,-32050.61328125,15642.734375,-11578.7626953125,-4068.91162109375,14882.8193359375,-4388.2060546875
377734.923225232,-2775.483154296875,55.767601013183594,-32057.474609375,15640.7001953125,-11580.55078125,-4072.68896484375,14880.4052734375,-4388.83203125
377734.926438722,-2785.94384765625,46.044593811035156,-32072.00390625,15630.0830078125,-11589.1337890625,-4083.417724609375,14871.46484375,-4392.78857421875
377734.93018281,-2770.74462890625,59.545047760009766,-32060.380859375,15642.6669921875,-11578.29296875,-4076.421630859375,14877.9912109375,-4385.8369140625
377734.935096401,-2761.22265625,70.27388763427734,-32045.78515625,15650.8701171875,-11570.8720703125,-4069.4033203125,14882.88671875,-4385.77001953125
377734.939037411,-2758.205322265625,78.07464599609375,-32034.833984375,15657.6650390625,-11565.396484375,-4065.1787109375,14885.14453125,-4388.876953125
377734.943316108,-2748.72802734375,90.70337677001953,-32025.53515625,15665.17578125,-11561.08203125,-4062.89892578125,14887.4462890625,-4386.0380859375
377734.947040139,-2745.107177734375,92.40211486816406,-32025.51171875,15663.96875,-11560.7919921875,-4063.949462890625,14887.37890625,-4385.09912109375
377734.951429696,-2748.683349609375,90.92689514160156,-32021.533203125,15663.833984375,-11559.6962890625,-4060.440185546875,14891.2236328125,-4381.76904296875
377734.955985909,-2737.686279296875,98.16886138916016,-32009.576171875,15670.763671875,-11555.94140625,-4055.12060546875,14896.7890625,-4377.90185546875
377734.960027569,-2736.613525390625,99.46526336669922,-32005.26171875,15671.0087890625,-11557.8857421875,-4056.2158203125,14896.4541015625,-4379.51123046875
377734.964036408,-2738.580322265625,97.40890502929688,-32009.28515625,15668.908203125,-11561.3056640625,-4061.625,14894.0400390625,-4379.13134765625
377734.968135322,-2741.37451171875,90.03282928466797,-32016.056640625,15661.7783203125,-11566.3349609375,-4067.771728515625,14892.8779296875,-4376.001953125
377734.972365882,-2743.14013671875,83.39435577392578,-32022.091796875,15652.6806640625,-11575.56640625,-4075.9970703125,14887.1787109375,-4382.4169921875
377734.978325717,-2741.977783203125,86.12126922607422,-32018.26953125,15658.6708984375,-11570.134765625,-4068.330322265625,14893.1689453125,-4381.36669921875
377734.981204438,-2749.421142578125,79.99689483642578,-32023.27734375,15655.4521484375,-11571.140625,-4065.29052734375,14895.9404296875,-4381.634765625
377734.986082291,-2762.809814453125,67.70343017578125,-32040.197265625,15642.845703125,-11581.6904296875,-4073.426513671875,14887.826171875,-4386.0380859375
377734.990079097,-2762.876708984375,62.56253433227539,-32052.625,15637.2353515625,-11585.9150390625,-4079.5732421875,14882.5517578125,-4385.54638671875
377734.993346558,-2762.474365234375,58.49451446533203,-32057.341796875,15631.201171875,-11590.162109375,-4081.339111328125,14882.529296875,-4384.98779296875
377734.996149428,-2767.4140625,56.05817413330078,-32056.89453125,15627.5576171875,-11592.6650390625,-4079.729736328125,14884.65234375,-4385.32275390625
377734.999108012,-2762.02734375,66.54114532470703,-32047.126953125,15640.07421875,-11583.6572265625,-4073.069091796875,14890.12890625,-4384.76416015625
377735.003057775,-2765.91650390625,63.18838119506836,-32054.234375,15634.888671875,-11587.904296875,-4079.1708984375,14883.4453125,-4390.37451171875
377735.006134148,-2765.73779296875,64.10480499267578,-32057.966796875,15640.2529296875,-11583.7021484375,-4077.87451171875,14880.1376953125,-4390.083984375
377735.010299796,-2758.384033203125,71.92790985107422,-32050.5234375,15649.7080078125,-11575.56640625,-4070.744384765625,14886.5078125,-4383.400390625
377735.014199964,-2756.506591796875,73.7384033203125,-32043.662109375,15653.396484375,-11570.73828125,-4066.005859375,14890.12890625,-4382.30517578125
377735.018463345,-2760.798095703125,72.39730072021484,-32044.287109375,15650.6240234375,-11573.5546875,-4070.565673828125,14888.564453125,-4385.009765625
377735.023371101,-2761.2451171875,72.8890380859375,-32047.037109375,15649.8193359375,-11572.9736328125,-4069.671630859375,14888.8994140625,-4384.94287109375
377735.027125035,-2754.718505859375,78.1417007446289,-32046.857421875,15651.9208984375,-11570.291015625,-4067.212890625,14891.24609375,-4380.58447265625
377735.03117727,-2749.421142578125,82.41088104248047,-32042.947265625,15654.267578125,-11569.083984375,-4065.69287109375,14891.849609375,-4380.271484375
377735.03525248,-2740.994384765625,90.70337677001953,-32029.826171875,15661.3984375,-11562.69140625,-4060.1943359375,14898.689453125,-4376.73974609375
377735.039269707,-2736.814697265625,101.85690307617188,-32017.599609375,15672.2607421875,-11557.9306640625,-4057.9814453125,14903.875,-4375.93505859375
377735.044404654,-2733.2607421875,108.0259780883789,-32013.80078125,15679.525390625,-11551.5830078125,-4052.90771484375,14907.607421875,-4371.263671875
377735.048310656,-2734.17724609375,105.58963775634766,-32018.560546875,15675.9716796875,-11553.482421875,-4055.634521484375,14904.0986328125,-4369.498046875
377735.052372009,-2736.188720703125,105.3437728881836,-32017.220703125,15675.9931640625,-11553.169921875,-4052.90771484375,14906.69140625,-4365.76513671875
377735.05619049,-2737.2392578125,101.05223846435547,-32017.666015625,15669.8916015625,-11559.673828125,-4056.72998046875,14903.986328125,-4371.0400390625
377735.06041485,-2742.000244140625,93.98908233642578,-32021.578125,15660.3251953125,-11569.5087890625,-4064.955322265625,14897.974609375,-4379.95849609375
377735.064447758,-2742.022705078125,96.8724594116211,-32022.6953125,15662.560546875,-11564.994140625,-4058.942626953125,14902.2431640625,-4376.73974609375
377735.067288554,-2738.580322265625,97.4312515258789,-32027.033203125,15664.52734375,-11560.61328125,-4056.193359375,14906.3115234375,-4370.12353515625
377735.0703394,-2742.894287109375,91.82096862792969,-32032.53125,15660.861328125,-11564.0107421875,-4059.72509765625,14903.271484375,-4369.96728515625
377735.074307396,-2747.36474609375,85.36131286621094,-32033.111328125,15655.765625,-11569.12890625,-4061.244873046875,14903.16015625,-4372.56005859375
377735.07921734,-2745.889404296875,90.7257308959961,-32026.787109375,15663.07421875,-11565.6865234375,-4059.30029296875,14904.0986328125,-4374.6162109375
377735.083217063,-2748.4599609375,88.80348205566406,-32031.859375,15660.99609375,-11568.7490234375,-4063.144775390625,14899.6279296875,-4375.6669921875
377735.08731233,-2750.315185546875,83.64022827148438,-32040.33203125,15654.8037109375,-11575.0517578125,-4071.034912109375,14892.609375,-4378.8857421875
377735.090324521,-2749.398681640625,81.94149780273438,-32040.353515625,15654.22265625,-11575.4990234375,-4070.744384765625,14893.3251953125,-4376.896484375
377735.094250216,-2750.0244140625,82.14266204833984,-32037.89453125,15655.5869140625,-11574.2470703125,-4066.31884765625,14895.5380859375,-4377.2314453125
377735.098230975,-2759.36767578125,74.1183853149414,-32042.947265625,15646.421875,-11582.2490234375,-4071.928955078125,14890.3076171875,-4382.37255859375
377735.102433821,-2761.15576171875,69.37981414794922,-32048.04296875,15638.822265625,-11584.6181640625,-4072.822998046875,14892.4306640625,-4377.70068359375
377735.10654878,-2760.015869140625,71.21265411376953,-32050.255859375,15646.1318359375,-11571.587890625,-4063.68115234375,14899.5166015625,-4368.291015625
377735.111548798,-2760.708740234375,70.8103256225586,-32048.9140625,15651.2724609375,-11569.642578125,-4066.3857421875,14894.3759765625,-4371.666015625
377735.115609057,-2756.32763671875,74.72187805175781,-32036.888671875,15659.3642578125,-11558.7578125,-4051.72314453125,14906.0654296875,-4365.4072265625
377735.119682443,-2755.6572265625,80.89096069335938,-32026.25,15667.3212890625,-11551.0908203125,-4047.073974609375,14907.9208984375,-4364.53564453125
377735.123643511,-2752.55029296875,89.89871978759766,-32020.841796875,15676.4404296875,-11543.625,-4044.2353515625,14907.5849609375,-4365.54150390625
377735.12828615,-2754.092529296875,90.27869415283203,-32024.662109375,15675.0546875,-11544.474609375,-4046.939697265625,14903.0703125,-4368.00048828125
377735.132360996,-2748.079833984375,96.64894104003906,-32018.62890625,15678.0048828125,-11542.0166015625,-4045.91162109375,14904.0087890625,-4366.99462890625
377735.136469755,-2752.483154296875,97.83358764648438,-32016.884765625,15675.814453125,-11546.642578125,-4048.370361328125,14903.5400390625,-4372.98486328125
377735.140710162,-2752.37158203125,92.11154174804688,-32020.037109375,15666.650390625,-11556.9697265625,-4057.19921875,14899.1591796875,-4380.6064453125
377735.144596472,-2749.95751953125,92.40211486816406,-32022.6953125,15665.845703125,-11558.958984375,-4059.3896484375,14899.001953125,-4378.259765625
377735.148748263,-2744.77197265625,100.82872009277344,-32020.037109375,15676.619140625,-11549.6162109375,-4049.51025390625,14905.998046875,-4369.85546875
377735.151674756,-2743.520263671875,99.26409912109375,-32022.47265625,15673.802734375,-11553.28125,-4050.583251953125,14904.8583984375,-4368.693359375
377735.154450639,-2745.621337890625,96.06779479980469,-32024.193359375,15668.8857421875,-11559.00390625,-4053.8017578125,14904.6123046875,-4370.92822265625
377735.158446715,-2748.102294921875,91.82096862792969,-32027.970703125,15662.0458984375,-11566.1337890625,-4056.752197265625,14904.43359375,-4376.38232421875
377735.162374233,-2754.830078125,82.3885269165039,-32038.208984375,15652.546875,-11572.705078125,-4061.2001953125,14903.9423828125,-4376.53857421875
377735.167330856,-2757.33349609375,75.86182403564453,-32044.265625,15647.4501953125,-11573.8447265625,-4062.11669921875,14905.6181640625,-4370.30224609375
377735.171348812,-2749.2421875,84.46723937988281,-32038.72265625,15654.3349609375,-11568.9501953125,-4056.52880859375,14912.0556640625,-4363.6640625
377735.174395282,-2746.6494140625,87.79765319824219,-32034.162109375,15657.5986328125,-11569.84375,-4055.545166015625,14912.0556640625,-4366.54736328125
377735.1783166,-2749.845703125,83.7296371459961,-32032.955078125,15652.0546875,-11576.5498046875,-4059.52392578125,14908.76953125,-4370.056640625
377735.183515365,-2750.4716796875,88.04351806640625,-32031.859375,15658.2685546875,-11571.7666015625,-4058.160400390625,14907.853515625,-4370.12353515625
377735.187298473,-2750.73974609375,88.02117156982422,-32035.212890625,15661.8447265625,-11567.1396484375,-4057.19921875,14907.40625,-4367.486328125
