#377711.166725135,-2672.3076171875,119.02304077148438,-32005.171875,15810.5283203125,-11617.2744140625,-3962.003173828125,14983.40234375,-4421.68896484375
377711.170579354,-2673.17919921875,119.13479614257812,-32008.279296875,15815.177734375,-11614.2568359375,-3960.907958984375,14983.9169921875,-4417.73291015625
377711.17469796,-2670.8994140625,118.28543090820312,-32009.419921875,15809.791015625,-11619.509765625,-3965.13232421875,14981.546875,-4416.74951171875
377711.178639335,-2673.849853515625,115.15618896484375,-32009.375,15802.4375,-11626.3935546875,-3971.212158203125,14978.5517578125,-4420.68310546875
377711.183531411,-2676.666015625,118.66541290283203,-32001.775390625,15809.9921875,-11619.017578125,-3964.57373046875,14982.1728515625,-4421.8681640625
377711.187538791,-2670.67578125,138.781982421875,-31992.296875,15823.224609375,-11610.8818359375,-3957.890380859375,14986.8671875,-4418.31396484375
377711.190649809,-2673.58154296875,125.37093353271484,-31999.115234375,15815.5576171875,-11614.390625,-3960.818603515625,14986.8671875,-4415.29638671875
377711.194603218,-2671.99462890625,117.88310241699219,-31996.65625,15815.580078125,-11613.564453125,-3959.56689453125,14987.42578125,-4414.91650390625
377711.198682439,-2674.229736328125,118.28543090820312,-31991.984375,15818.6875,-11612.0439453125,-3959.700927734375,14983.55859375,-4423.611328125
377711.20276786,-2678.208251953125,115.75968170166016,-31988.20703125,15819.5146484375,-11608.802734375,-3953.397705078125,14986.77734375,-4423.7900390625
377711.20680952,-2684.869140625,111.78107452392578,-31991.73828125,15818.8662109375,-11607.8642578125,-3953.487060546875,14985.6826171875,-4423.90185546875
377711.210839146,-2679.214111328125,114.4185791015625,-31992.767578125,15823.515625,-11599.7734375,-3947.720458984375,14991.2705078125,-4411.2509765625
377711.215711165,-2675.928466796875,114.55268859863281,-31994.287109375,15822.7998046875,-11598.3427734375,-3948.614501953125,14992.3876953125,-4406.8251953125
377711.218812336,-2677.78369140625,111.6693115234375,-31993.638671875,15819.0673828125,-11601.986328125,-3950.73779296875,14991.3369140625,-4407.853515625
377711.222681506,-2681.6728515625,110.88700103759766,-31992.275390625,15814.8876953125,-11606.7919921875,-3955.275390625,14989.638671875,-4409.75341796875
377711.226692898,-2680.57763671875,108.47301483154297,-31995.494140625,15810.08203125,-11606.970703125,-3953.017822265625,14992.2763671875,-4412.54736328125
377711.230578479,-2681.851806640625,104.2038345336914,-32005.0390625,15803.197265625,-11611.1728515625,-3956.728271484375,14989.548828125,-4414.044921875
377711.234925369,-2673.40283203125,113.72567749023438,-32002.310546875,15808.181640625,-11609.541015625,-3956.504638671875,14991.3369140625,-4407.7861328125
377711.239947997,-2670.56396484375,113.97154235839844,-32004.61328125,15803.5546875,-11618.861328125,-3966.36181640625,14984.1396484375,-4412.8603515625
377711.243600917,-2673.559326171875,113.6139144897461,-32008.189453125,15800.4931640625,-11626.0810546875,-3972.218017578125,14976.65234375,-4425.55615234375
377711.247084629,-2674.520263671875,115.06678009033203,-32011.69921875,15799.1513671875,-11629.478515625,-3975.682373046875,14971.1533203125,-4433.37890625
377711.251006677,-2678.56591796875,108.38360595703125,-32023.009765625,15789.6298828125,-11637.1455078125,-3984.220703125,14960.849609375,-4443.10205078125
377711.255007494,-2678.834228515625,109.03180694580078,-32023.61328125,15789.9873046875,-11635.580078125,-3981.605712890625,14960.1123046875,-4442.833984375
377711.258820504,-2679.19189453125,110.50702667236328,-32014.806640625,15795.2177734375,-11627.3994140625,-3968.619384765625,14972.31640625,-4433.625
377711.263068569,-2675.436767578125,115.42440795898438,-32005.060546875,15802.1025390625,-11620.359375,-3960.125732421875,14977.6806640625,-4430.09326171875
377711.267045317,-2669.37939453125,126.68968963623047,-31994.533203125,15815.6474609375,-11610.658203125,-3954.56005859375,14982.330078125,-4421.75634765625
377711.272027467,-2673.045166015625,119.7159423828125,-32000.34375,15806.9970703125,-11616.134765625,-3958.248046875,14980.98828125,-4416.57080078125
377711.274849663,-2677.046142578125,110.395263671875,-32002.712890625,15798.97265625,-11621.833984375,-3964.506591796875,14975.0205078125,-4419.0068359375
377711.278698777,-2672.5087890625,116.4972915649414,-31987.0,15811.6240234375,-11606.0087890625,-3951.6767578125,14983.357421875,-4415.2744140625
377711.282756847,-2676.218994140625,115.5138168334961,-31981.703125,15813.3671875,-11604.66796875,-3950.55908203125,14984.9443359375,-4418.4482421875
377711.286730678,-2678.99072265625,113.79273223876953,-31987.4921875,15811.244140625,-11611.1943359375,-3957.912841796875,14978.9990234375,-4421.0634765625
377711.290722378,-2683.505615234375,107.13191223144531,-31997.728515625,15806.37109375,-11612.6474609375,-3959.723388671875,14980.384765625,-4411.474609375
377711.295001075,-2686.7021484375,106.17078399658203,-31998.33203125,15809.34375,-11605.919921875,-3951.76611328125,14986.2412109375,-4410.2001953125
377711.299937276,-2689.56298828125,105.70140075683594,-31995.94140625,15809.142578125,-11607.73046875,-3950.93896484375,14988.431640625,-4411.56396484375
377711.303042823,-2687.350341796875,108.16009521484375,-31991.828125,15809.142578125,-11609.40625,-3951.028564453125,14990.3095703125,-4412.32373046875
377711.30674862,-2677.426025390625,113.68096923828125,-31986.59765625,15813.76953125,-11603.662109375,-3946.133544921875,14995.2265625,-4408.0322265625
377711.310739226,-2679.437744140625,112.56338500976562,-31992.54296875,15813.1220703125,-11602.0078125,-3948.927490234375,14991.2255859375,-4406.400390625
377711.314787815,-2687.506591796875,104.80732727050781,-32000.568359375,15803.8681640625,-11606.8359375,-3952.995361328125,14988.4091796875,-4404.76904296875
377711.318781703,-2682.052978515625,103.24270629882812,-32001.6640625,15799.666015625,-11613.4521484375,-3957.912841796875,14984.966796875,-4409.75341796875
377711.32283868,-2679.5048828125,105.67904663085938,-32000.970703125,15799.8671875,-11615.9111328125,-3961.53369140625,14980.2958984375,-4416.5927734375
377711.327761023,-2686.4560546875,106.5731201171875,-32006.24609375,15792.22265625,-11620.91796875,-3964.57373046875,14978.865234375,-4415.56494140625
377711.330719607,-2694.323974609375,106.66252136230469,-32016.572265625,15783.6396484375,-11626.55078125,-3967.300537109375,14978.0830078125,-4411.5859375
377711.33462415,-2674.654541015625,108.38360595703125,-32012.19140625,15793.18359375,-11621.72265625,-3965.15478515625,14977.61328125,-4414.603515625
377711.339169787,-2669.4912109375,113.27864074707031,-32006.111328125,15797.6767578125,-11617.7216796875,-3957.4658203125,14981.79296875,-4414.73779296875
377711.343036405,-2668.060791015625,116.83256530761719,-32003.96484375,15797.0732421875,-11623.2197265625,-3961.73486328125,14977.8818359375,-4419.4091796875
377711.347113073,-2667.434814453125,128.79075622558594,-32000.859375,15803.3759765625,-11617.453125,-3957.823486328125,14979.0439453125,-4418.0234375
377711.351062836,-2672.531005859375,127.53905487060547,-32005.865234375,15801.587890625,-11619.0849609375,-3962.0478515625,14974.998046875,-4418.828125
377711.356178455,-2670.00537109375,116.34082794189453,-32000.568359375,15802.2138671875,-11613.765625,-3954.984619140625,14984.6318359375,-4410.267578125
377711.359233678,-2676.263671875,113.5245132446289,-31996.25390625,15802.75,-11611.8876953125,-3952.0791015625,14986.978515625,-4410.96044921875
377711.36318964,-2685.137451171875,108.6518325805664,-31994.443359375,15803.845703125,-11612.3125,-3956.57177734375,14982.4638671875,-4419.8564453125
377711.367072668,-2692.55810546875,100.62755584716797,-31997.505859375,15800.1796875,-11615.84375,-3962.271484375,14977.3232421875,-4422.2255859375
377711.370848482,-2693.2509765625,97.81123352050781,-31998.466796875,15802.6611328125,-11606.27734375,-3953.37548828125,14986.4873046875,-4413.68701171875
377711.375061538,-2688.2890625,104.78498077392578,-31993.05859375,15811.35546875,-11598.0068359375,-3946.893310546875,14992.65625,-4407.89794921875
377711.378832611,-2687.88671875,109.1659164428711,-31987.669921875,15816.630859375,-11594.38671875,-3942.15478515625,14996.724609375,-4409.48486328125
377711.383764436,-2685.271484375,114.21741485595703,-31984.05078125,15821.5478515625,-11592.77734375,-3937.97509765625,14999.65234375,-4408.009765625
377711.386771886,-2684.75732421875,114.4185791015625,-31988.1171875,15817.837890625,-11594.5654296875,-3937.34912109375,15000.2333984375,-4403.875
377711.38980924,-2684.265625,110.95405578613281,-31997.52734375,15812.205078125,-11597.0908203125,-3941.707763671875,14994.51171875,-4405.50634765625
377711.39373931,-2680.622314453125,110.05998992919922,-32000.701171875,15808.8525390625,-11597.671875,-3942.98193359375,14993.3486328125,-4405.12646484375
377711.398735317,-2677.873046875,114.4185791015625,-31999.896484375,15808.181640625,-11604.6005859375,-3949.4638671875,14987.0908203125,-4410.55810546875
377711.402985205,-2680.219970703125,111.82577514648438,-32000.12109375,15801.87890625,-11614.1005859375,-3956.57177734375,14982.4189453125,-4417.1962890625
377711.406943355,-2683.505615234375,111.28933715820312,-31999.919921875,15803.1748046875,-11609.853515625,-3952.391845703125,14987.314453125,-4415.89990234375
377711.410998508,-2689.38427734375,101.36515808105469,-32014.716796875,15792.37890625,-11619.3974609375,-3963.8583984375,14978.306640625,-4416.861328125
377711.415766595,-2678.38720703125,106.997802734375,-32011.072265625,15794.4130859375,-11616.8046875,-3960.97509765625,14982.84375,-4408.34521484375
377711.418758729,-2679.39306640625,108.6518325805664,-32005.216796875,15796.40234375,-11615.375,-3958.8740234375,14985.5263671875,-4414.31298828125
377711.422795284,-2687.439697265625,105.947265625,-32004.814453125,15794.189453125,-11619.3759765625,-3960.997314453125,14983.7822265625,-4419.11865234375
377711.426953639,-2689.853515625,107.19896697998047,-32002.7578125,15795.8212890625,-11619.107421875,-3962.15966796875,14984.005859375,-4413.30712890625
377711.430909601,-2690.524169921875,104.85203552246094,-32008.837890625,15793.98828125,-11620.560546875,-3965.288818359375,14979.736328125,-4416.16845703125
377711.43496913,-2686.009033203125,105.65669250488281,-32010.849609375,15791.91015625,-11621.3203125,-3965.110107421875,14979.2451171875,-4421.2197265625
377711.43898271,-2682.254150390625,105.4778823852539,-32009.6640625,15789.5625,-11624.2705078125,-3968.418212890625,14977.8818359375,-4422.650390625
377711.442777123,-2687.908935546875,104.00267028808594,-32007.67578125,15791.41796875,-11622.83984375,-3966.16064453125,14979.021484375,-4421.48779296875
377711.445847297,-2684.6904296875,110.50702667236328,-32002.869140625,15799.912109375,-11618.5712890625,-3963.992431640625,14981.1669921875,-4416.95068359375
377711.450792614,-2683.19287109375,107.22132110595703,-32006.580078125,15797.095703125,-11619.912109375,-3966.495849609375,14982.2177734375,-4408.859375
377711.455066206,-2687.0595703125,101.29810333251953,-32009.62109375,15793.18359375,-11621.23046875,-3967.92626953125,14979.9375,-4412.36865234375
377711.459102031,-2689.115966796875,103.51092529296875,-32003.697265625,15799.5986328125,-11614.32421875,-3961.891357421875,14981.123046875,-4416.10107421875
377711.462867635,-2698.101318359375,101.99101257324219,-32004.61328125,15796.7822265625,-11617.0283203125,-3963.34423828125,14980.138671875,-4418.13525390625
377711.466892155,-2709.724365234375,106.68487548828125,-32007.1171875,15794.94921875,-11617.85546875,-3964.12646484375,14981.14453125,-4414.40234375
377711.472930395,-2687.216064453125,109.59060668945312,-32003.138671875,15806.4609375,-11608.69140625,-3959.65625,14986.1298828125,-4408.5908203125
377711.476263862,-2679.0576171875,112.60808563232422,-32001.41796875,15808.31640625,-11605.875,-3955.96826171875,14991.3154296875,-4403.986328125
377711.479911311,-2681.538818359375,109.81411743164062,-32002.982421875,15802.2138671875,-11613.4521484375,-3962.8525390625,14987.3583984375,-4408.8369140625
377711.483217793,-2681.717529296875,110.52937316894531,-32000.859375,15800.0908203125,-11616.134765625,-3962.494873046875,14986.666015625,-4412.390625
377711.487188342,-2686.5009765625,107.4671859741211,-32005.373046875,15793.7421875,-11621.7890625,-3967.72509765625,14982.5087890625,-4417.017578125
377711.491300019,-2681.96337890625,109.03180694580078,-32008.859375,15792.982421875,-11619.30859375,-3966.54052734375,14982.798828125,-4413.37451171875
377711.495133816,-2676.97900390625,117.592529296875,-32006.447265625,15798.615234375,-11615.3076171875,-3966.294677734375,14982.8212890625,-4414.0673828125
377711.500034643,-2679.39306640625,126.2426528930664,-32001.8203125,15802.4150390625,-11612.6025390625,-3963.992431640625,14987.3359375,-4413.0615234375
377711.502987393,-2686.322021484375,103.93560791015625,-32005.484375,15789.048828125,-11624.2255859375,-3973.313232421875,14982.2626953125,-4419.0068359375
377711.507030147,-2684.310302734375,102.90743255615234,-32003.96484375,15790.255859375,-11621.56640625,-3968.060546875,14985.3466796875,-4418.58203125
377711.51102914,-2682.5,106.68487548828125,-32004.501953125,15792.53515625,-11614.4580078125,-3961.064453125,14990.3759765625,-4414.0224609375
377711.514949365,-2681.225830078125,108.20479583740234,-32003.541015625,15795.888671875,-11611.708984375,-3961.019775390625,14987.380859375,-4415.89990234375
377711.519063959,-2683.013916015625,107.24366760253906,-32002.04296875,15793.2509765625,-11616.1123046875,-3965.6689453125,14983.7373046875,-4423.0751953125
377711.523045084,-2687.506591796875,101.72278594970703,-32002.9140625,15786.7685546875,-11620.91796875,-3965.221923828125,14983.7373046875,-4427.88037109375
377711.529283893,-2687.238525390625,109.21062469482422,-31999.830078125,15796.1337890625,-11615.28515625,-3962.427734375,14986.53125,-4426.33837890625
377711.532095514,-2687.327880859375,111.1999282836914,-32000.1875,15801.521484375,-11607.7080078125,-3960.215087890625,14987.828125,-4421.33154296875
377711.536312946,-2694.748779296875,97.02892303466797,-32011.51953125,15783.8857421875,-11620.26953125,-3968.887451171875,14982.84375,-4421.599609375
377711.540047553,-2692.06640625,98.19121551513672,-32006.357421875,15787.8193359375,-11616.3134765625,-3964.77490234375,14987.9619140625,-4417.71044921875
377711.544319686,-2688.311279296875,110.395263671875,-31993.21484375,15806.1923828125,-11602.1650390625,-3952.0791015625,14997.1708984375,-4415.5869140625
377711.548370098,-2686.16552734375,111.9151840209961,-31991.91796875,15807.734375,-11600.4658203125,-3949.2626953125,14999.763671875,-4415.56494140625
377711.553018937,-2686.16552734375,112.96571350097656,-31996.96875,15808.2041015625,-11600.80078125,-3951.94482421875,14996.2548828125,-4419.07421875
377711.55707956,-2684.533935546875,113.21158599853516,-31997.326171875,15806.6171875,-11602.544921875,-3954.828369140625,14994.935546875,-4417.822265625
377711.560438189,-2684.019775390625,111.8704833984375,-31995.896484375,15803.64453125,-11607.57421875,-3960.37158203125,14992.2763671875,-4421.33154296875
377711.563975508,-2680.845947265625,118.75482177734375,-31987.470703125,15809.544921875,-11602.8349609375,-3956.281005859375,14995.62890625,-4419.34228515625
377711.567101841,-2681.717529296875,124.47686767578125,-31988.765625,15813.970703125,-11602.9248046875,-3959.25390625,14991.3818359375,-4420.19140625
377711.571328026,-2674.96728515625,123.00164794921875,-31996.275390625,15810.953125,-11603.39453125,-3960.97509765625,14990.5771484375,-4416.8388671875
377711.57529274,-2680.97998046875,112.16105651855469,-32008.501953125,15797.6318359375,-11613.162109375,-3970.630859375,14980.318359375,-4426.11474609375
377711.579409158,-2687.931396484375,107.08720397949219,-32011.587890625,15789.697265625,-11621.3203125,-3976.911865234375,14976.607421875,-4431.70263671875
377711.583456288,-2693.4970703125,105.29906463623047,-32014.158203125,15781.896484375,-11628.427734375,-3980.64453125,14975.04296875,-4435.90478515625
377711.587391464,-2689.138427734375,114.12800598144531,-32010.849609375,15787.1044921875,-11619.9794921875,-3970.4296875,14984.609375,-4427.36669921875
377711.590294983,-2683.99755859375,101.90160369873047,-32014.314453125,15788.1103515625,-11617.251953125,-3967.34521484375,14986.0400390625,-4422.8291015625
377711.595403673,-2691.619384765625,99.01822662353516,-32019.09765625,15782.7900390625,-11623.599609375,-3974.453125,14979.87109375,-4425.421875
377711.600383999,-2703.041259765625,101.90160369873047,-32016.013671875,15779.99609375,-11625.544921875,-3974.072998046875,14981.3017578125,-4424.662109375
377711.604409614,-2690.948974609375,93.09501647949219,-32008.771484375,15784.8466796875,-11621.4091796875,-3969.06640625,14984.7880859375,-4425.376953125
377711.6074714,-2689.831298828125,95.93368530273438,-32005.59765625,15790.6806640625,-11617.4755859375,-3967.45703125,14985.3916015625,-4427.791015625
377711.611380684,-2692.96044921875,93.07266235351562,-32009.10546875,15788.2216796875,-11617.5654296875,-3969.33447265625,14983.5810546875,-4424.57275390625
377711.615300544,-2703.801025390625,82.52264404296875,-32017.33203125,15780.8681640625,-11623.1083984375,-3975.302490234375,14977.4794921875,-4428.90869140625
377711.620456277,-2700.56005859375,87.84235382080078,-32009.083984375,15787.1708984375,-11614.9052734375,-3965.55712890625,14988.4990234375,-4422.8515625
377711.625304592,-2702.482421875,86.99298858642578,-32004.435546875,15784.376953125,-11616.783203125,-3964.841796875,14992.8125,-4419.96826171875
377711.62829235,-2708.78564453125,83.97550201416016,-32009.240234375,15784.0419921875,-11616.849609375,-3966.786376953125,14989.6611328125,-4423.70068359375
377711.632379594,-2709.36669921875,84.17666625976562,-32014.650390625,15786.5234375,-11614.5703125,-3968.775634765625,14985.056640625,-4425.220703125
377711.635493528,-2704.2705078125,89.31757354736328,-32013.822265625,15792.46875,-11613.876953125,-3972.597900390625,14981.94921875,-4426.31591796875
377711.639313468,-2697.319091796875,101.40986633300781,-32004.994140625,15804.2255859375,-11606.970703125,-3967.74755859375,14984.4755859375,-4426.69580078125
377711.643301521,-2699.531982421875,100.94047546386719,-32006.1328125,15802.34765625,-11612.06640625,-3971.703857421875,14982.2177734375,-4431.70263671875
377711.647438361,-2694.703857421875,111.0211181640625,-32002.310546875,15809.5234375,-11606.3671875,-3966.048828125,14986.93359375,-4426.69580078125
377711.653301193,-2683.39404296875,119.44772338867188,-31998.35546875,15813.5908203125,-11601.2705078125,-3962.76318359375,14993.3046875,-4416.4140625
377711.656356415,-2686.322021484375,113.68096923828125,-32004.189453125,15804.8740234375,-11608.9599609375,-3972.419189453125,14985.6376953125,-4422.8291015625
377711.659474361,-2687.99853515625,108.49536895751953,-32006.78125,15796.044921875,-11616.5595703125,-3977.93994140625,14980.2060546875,-4430.33935546875
377711.66245045,-2684.4892578125,108.49536895751953,-32004.478515625,15792.7587890625,-11618.9951171875,-3977.0234375,14980.3623046875,-4429.71337890625
377711.667078138,-2689.026611328125,103.75679779052734,-32008.615234375,15784.869140625,-11625.1650390625,-3980.041015625,14976.96484375,-4432.373046875
377711.671332766,-2692.401611328125,97.47595977783203,-32016.19140625,15777.515625,-11628.3828125,-3983.594970703125,14973.8134765625,-4431.7919921875
377711.67537078,-2692.424072265625,94.01143646240234,-32017.46484375,15775.2353515625,-11627.556640625,-3980.93505859375,14978.4404296875,-4426.78515625
377711.679451825,-2688.892578125,100.51579284667969,-32007.51953125,15788.4677734375,-11616.0224609375,-3971.189697265625,14988.2080078125,-4423.54443359375
377711.682498659,-2689.339599609375,104.65087127685547,-32002.37890625,15791.9765625,-11618.01171875,-3975.14599609375,14984.0283203125,-4428.50634765625
377711.686444775,-2690.6806640625,109.14356994628906,-32000.009765625,15794.4130859375,-11618.4814453125,-3978.029296875,14980.0048828125,-4430.451171875
377711.69053129,-2692.75927734375,104.18148040771484,-32006.15625,15789.853515625,-11622.3486328125,-3984.0419921875,14975.1767578125,-4432.171875
377711.694260791,-2687.2607421875,106.3272476196289,-32000.859375,15794.6142578125,-11612.9384765625,-3972.419189453125,14984.966796875,-4423.29833984375
377711.699440593,-2688.423095703125,106.90839385986328,-31996.611328125,15800.134765625,-11609.8310546875,-3971.36865234375,14984.900390625,-4428.30517578125
377711.703401296,-2695.8662109375,96.47013092041016,-32001.103515625,15791.1279296875,-11617.5869140625,-3976.8671875,14981.6142578125,-4429.4228515625
377711.707650089,-2708.271484375,86.38949584960938,-32007.630859375,15782.455078125,-11623.779296875,-3982.008056640625,14978.1494140625,-4431.4345703125
377711.710638941,-2706.036376953125,93.11737060546875,-32003.16015625,15794.1669921875,-11609.787109375,-3973.35791015625,14986.576171875,-4420.392578125
377711.71451577,-2701.677734375,99.86759185791016,-32000.970703125,15801.029296875,-11604.7353515625,-3971.815673828125,14987.6943359375,-4417.419921875
377711.718548313,-2697.430908203125,102.3039321899414,-31996.677734375,15801.7001953125,-11600.8681640625,-3966.786376953125,14987.939453125,-4419.29736328125
377711.722404355,-2690.59130859375,112.16105651855469,-31989.794921875,15810.595703125,-11596.8896484375,-3965.489990234375,14986.8896484375,-4425.869140625
377711.727327063,-2688.37841796875,118.8218765258789,-31987.068359375,15815.9375,-11594.341796875,-3965.95947265625,14983.759765625,-4433.51318359375
377711.731428165,-2686.143310546875,121.01234436035156,-31989.16796875,15814.1494140625,-11595.9736328125,-3967.792236328125,14985.4140625,-4430.80859375
377711.735349118,-2682.4775390625,119.58183288574219,-31992.677734375,15808.4951171875,-11598.72265625,-3967.6357421875,14987.73828125,-4427.70166015625
377711.739435633,-2688.043212890625,111.24462890625,-32001.685546875,15798.7275390625,-11606.9921875,-3973.178955078125,14981.994140625,-4432.216796875
377711.743335436,-2691.2841796875,105.36612701416016,-32008.033203125,15789.9423828125,-11616.291015625,-3981.002197265625,14978.462890625,-4435.14501953125
377711.748485699,-2693.072265625,98.21356201171875,-32013.978515625,15781.6953125,-11621.029296875,-3983.997314453125,14978.3955078125,-4432.8203125
377711.752630197,-2697.76611328125,87.86470794677734,-32025.22265625,15770.51953125,-11629.43359375,-3991.216796875,14971.3994140625,-4432.619140625
377711.756348028,-2701.36474609375,85.36131286621094,-32027.970703125,15770.2958984375,-11630.283203125,-3994.167236328125,14964.4033203125,-4437.3798828125
377711.760691636,-2705.4775390625,81.24858856201172,-32027.322265625,15766.4287109375,-11634.216796875,-3995.95556640625,14963.4873046875,-4441.984375
377711.764364978,-2702.102294921875,84.42253875732422,-32018.806640625,15768.41796875,-11633.7255859375,-3994.12255859375,14965.2529296875,-4441.6044921875
377711.767358571,-2702.2587890625,86.7024154663086,-32014.984375,15772.84375,-11631.6015625,-3994.703857421875,14963.5986328125,-4442.431640625
377711.770398841,-2702.415283203125,86.74712371826172,-32017.30859375,15771.32421875,-11630.328125,-3995.463623046875,14963.8896484375,-4436.9775390625
377711.774334017,-2698.8837890625,87.03768920898438,-32014.42578125,15772.12890625,-11626.5283203125,-3988.75830078125,14971.6005859375,-4431.27783203125
377711.778440589,-2697.632080078125,94.36906433105469,-32002.826171875,15786.0986328125,-11617.005859375,-3982.298583984375,14973.0537109375,-4432.5966796875
377711.783578089,-2693.6982421875,101.94630432128906,-31989.369140625,15797.3193359375,-11606.970703125,-3971.994384765625,14983.55859375,-4427.54541015625
377711.787667885,-2697.945068359375,99.39820861816406,-31989.302734375,15796.40234375,-11606.9921875,-3972.307373046875,14986.6884765625,-4425.08642578125
377711.791455734,-2700.336669921875,98.3476791381836,-31994.95703125,15794.435546875,-11608.84765625,-3977.291748046875,14982.552734375,-4423.455078125
377711.795518545,-2703.0634765625,94.48082733154297,-32000.814453125,15791.0380859375,-11609.25,-3978.096435546875,14979.8486328125,-4427.58984375
377711.799309675,-2703.599853515625,93.83262634277344,-31999.00390625,15794.033203125,-11603.05859375,-3970.4296875,14985.97265625,-4425.220703125
377711.802436373,-2701.18603515625,99.15233612060547,-31990.28515625,15801.7666015625,-11592.2626953125,-3957.93505859375,14997.1259765625,-4420.0576171875
377711.808412254,-2700.917724609375,99.44290924072266,-31993.68359375,15799.9560546875,-11592.77734375,-3956.57177734375,14999.048828125,-4416.07861328125
377711.812684387,-2694.838134765625,103.399169921875,-31998.890625,15802.03515625,-11591.1455078125,-3958.15869140625,14995.78515625,-4411.0048828125
377711.815725022,-2691.865234375,103.6450424194336,-32000.544921875,15801.3203125,-11591.3466796875,-3960.684326171875,14993.974609375,-4412.30126953125
377711.81961972,-2692.6923828125,105.3437728881836,-32000.1875,15802.638671875,-11594.609375,-3965.713623046875,14987.2470703125,-4422.35986328125
377711.823468468,-2696.201416015625,99.53231811523438,-32006.2890625,15790.814453125,-11610.412109375,-3978.878662109375,14973.6123046875,-4436.30712890625
377711.82650728,-2685.137451171875,110.50702667236328,-31998.779296875,15801.0068359375,-11601.5390625,-3970.6533203125,14982.44140625,-4431.09912109375
377711.830508826,-2689.0712890625,110.75289154052734,-32003.875,15797.69921875,-11603.3271484375,-3974.56494140625,14982.396484375,-4427.67919921875
377711.836522268,-2706.4833984375,106.05902862548828,-32012.5703125,15785.0927734375,-11613.6533203125,-3983.885498046875,14975.1767578125,-4430.96533203125
377711.839548317,-2692.46875,98.1465072631836,-32006.55859375,15781.9853515625,-11616.447265625,-3983.103271484375,14980.3623046875,-4426.71826171875
377711.843428792,-2689.18310546875,96.13484954833984,-32002.712890625,15780.7119140625,-11617.453125,-3980.890380859375,14985.212890625,-4425.220703125
377711.847466076,-2695.39697265625,91.59745025634766,-32005.84375,15776.1962890625,-11620.9853515625,-3982.499755859375,14984.498046875,-4426.51708984375
377711.853505409,-2701.811767578125,88.08822631835938,-32013.28515625,15773.3359375,-11622.83984375,-3988.489990234375,14978.8203125,-4431.45703125
377711.856771412,-2698.8837890625,91.48568725585938,-32012.59375,15776.7333984375,-11621.2529296875,-3990.188720703125,14975.8251953125,-4432.619140625
377711.859818247,-2699.0625,90.39045715332031,-32010.537109375,15776.62109375,-11623.7119140625,-3993.295654296875,14969.5,-4439.48095703125
377711.864478391,-2705.231689453125,85.69658660888672,-32006.9609375,15775.7490234375,-11627.2431640625,-3996.380126953125,14963.5537109375,-4445.0244140625
377711.86875417,-2704.806884765625,90.03282928466797,-31998.734375,15784.9580078125,-11617.408203125,-3985.91943359375,14973.076171875,-4435.94970703125
377711.872861472,-2710.104248046875,84.17666625976562,-32003.33984375,15783.259765625,-11613.5419921875,-3982.074951171875,14976.361328125,-4431.54638671875
377711.876584408,-2707.042236328125,87.59648895263672,-31999.13671875,15789.0263671875,-11605.2265625,-3975.593017578125,14982.6201171875,-4426.11474609375
377711.881752905,-2704.114013671875,94.12319946289062,-31991.44921875,15796.7822265625,-11600.8681640625,-3974.296630859375,14981.5029296875,-4429.802734375
377711.884654236,-2701.699951171875,96.35836791992188,-31983.87109375,15800.0908203125,-11591.2119140625,-3962.0478515625,14991.404296875,-4429.3779296875
377711.887506336,-2695.218017578125,104.89673614501953,-31978.439453125,15807.66796875,-11580.595703125,-3950.33544921875,15002.3125,-4421.93505859375
377711.891499859,-2694.726318359375,106.59546661376953,-31987.984375,15806.103515625,-11585.4013671875,-3959.991455078125,14995.7626953125,-4419.74462890625
377711.894699492,-2695.57568359375,104.51675415039062,-31997.796875,15800.73828125,-11592.576171875,-3970.116943359375,14986.912109375,-4423.34326171875
377711.899523738,-2694.815673828125,104.65087127685547,-32000.859375,15797.2744140625,-11598.8115234375,-3976.35302734375,14984.6318359375,-4426.830078125
377711.90351325,-2696.827392578125,97.96769714355469,-32007.251953125,15785.31640625,-11609.2275390625,-3982.14208984375,14983.0673828125,-4428.48388671875
377711.914699564,-2691.95458984375,106.26019287109375,-32002.69140625,15792.6474609375,-11604.82421875,-3977.872802734375,14984.9443359375,-4426.6513671875
377711.917871117,-2692.17822265625,109.7917709350586,-32004.63671875,15793.0947265625,-11605.271484375,-3977.716552734375,14983.6708984375,-4426.583984375
377711.921966749,-2691.99951171875,101.56632995605469,-32011.921875,15781.6728515625,-11614.79296875,-3985.31591796875,14977.859375,-4428.193359375
377711.925020148,-2693.116943359375,100.6052017211914,-32007.810546875,15782.6787109375,-11616.044921875,-3987.193603515625,14976.205078125,-4428.14892578125
377711.928998355,-2693.407470703125,105.41082763671875,-31998.689453125,15789.8984375,-11611.9990234375,-3982.74560546875,14979.4912109375,-4432.35107421875
377711.9321225,-2691.641845703125,109.41178894042969,-31991.76171875,15793.98828125,-11608.5126953125,-3977.984619140625,14984.765625,-4427.29931640625
377711.935657995,-2692.826416015625,108.29420471191406,-31995.203125,15791.1279296875,-11608.9150390625,-3977.626953125,14985.4365234375,-4424.662109375
377711.938753332,-2692.98291015625,110.26115417480469,-31994.33203125,15791.6640625,-11607.1044921875,-3975.72705078125,14987.0009765625,-4427.29931640625
377711.942665169,-2683.2822265625,125.21446990966797,-31975.533203125,15812.5625,-11590.1171875,-3960.75146484375,15000.76953125,-4417.1962890625
377711.945730966,-2686.813720703125,121.21350860595703,-31970.951171875,15812.09375,-11590.51953125,-3960.34912109375,14998.8251953125,-4419.49853515625
377711.948694291,-2699.19677734375,104.27088928222656,-31980.228515625,15798.5263671875,-11599.03515625,-3965.33349609375,14993.908203125,-4426.2490234375
377711.952644783,-2701.4765625,100.51579284667969,-31982.75390625,15801.4091796875,-11588.91015625,-3957.0634765625,14994.6455078125,-4423.611328125
377711.956934421,-2698.503662109375,106.23783874511719,-31979.802734375,15810.595703125,-11584.037109375,-3959.36572265625,14988.3642578125,-4426.15966796875
377711.960684343,-2699.710693359375,101.23104858398438,-31982.59765625,15804.29296875,-11589.625,-3964.282958984375,14984.20703125,-4429.9814453125
377711.964703394,-2702.19189453125,94.34671020507812,-31987.603515625,15793.943359375,-11596.46484375,-3968.32861328125,14983.6259765625,-4431.36767578125
377711.968753076,-2704.315185546875,91.03865814208984,-31995.158203125,15788.6240234375,-11598.07421875,-3968.820556640625,14981.0107421875,-4431.0546875
377711.971720777,-2696.715576171875,96.47013092041016,-32000.947265625,15790.9482421875,-11594.251953125,-3964.35009765625,14985.2353515625,-4423.34326171875
377711.974956512,-2690.233642578125,96.8277587890625,-32007.09375,15786.544921875,-11598.923828125,-3970.206298828125,14983.7373046875,-4425.4443359375
377711.978924873,-2687.149169921875,100.26992797851562,-32004.724609375,15785.583984375,-11600.689453125,-3971.212158203125,14985.369140625,-4428.796875
377711.982748095,-2689.96533203125,101.34281158447266,-32004.322265625,15781.337890625,-11607.5517578125,-3976.53173828125,14986.263671875,-4432.26171875
377711.987948683,-2692.98291015625,106.39430236816406,-32003.83203125,15787.796875,-11606.2998046875,-3980.13037109375,14982.0390625,-4437.35791015625
377711.99199946,-2693.16162109375,112.22811126708984,-32005.84375,15791.6640625,-11606.3671875,-3984.287841796875,14979.267578125,-4436.10595703125
377711.994811811,-2687.59619140625,108.80828857421875,-32012.75,15782.9248046875,-11614.837890625,-3992.088623046875,14973.1875,-4441.783203125
377711.998845448,-2686.27734375,108.9424057006836,-32012.302734375,15778.87890625,-11618.2353515625,-3992.625,14970.05859375,-4447.52783203125
377712.002695655,-2688.087890625,113.27864074707031,-32004.61328125,15785.94140625,-11612.9609375,-3987.282958984375,14970.2373046875,-4452.26611328125
377712.006703401,-2694.77099609375,108.36125946044922,-32007.67578125,15783.9521484375,-11616.044921875,-3990.54638671875,14966.548828125,-4455.7978515625
377712.013790437,-2696.827392578125,109.45648956298828,-32009.240234375,15789.294921875,-11611.6416015625,-3988.691162109375,14969.0302734375,-4452.646484375
377712.017713214,-2698.123779296875,107.57894897460938,-32008.4140625,15790.0322265625,-11611.0380859375,-3988.981689453125,14968.8291015625,-4448.6455078125
377712.020757496,-2702.6611328125,103.1532974243164,-32003.09375,15788.9814453125,-11610.14453125,-3986.768798828125,14969.8349609375,-4445.44921875
377712.023814542,-2705.209228515625,106.08138275146484,-31992.744140625,15798.2353515625,-11604.265625,-3983.12548828125,14971.0419921875,-4444.95751953125
377712.02684679,-2705.36572265625,109.9705810546875,-31986.732421875,15804.896484375,-11598.8564453125,-3979.996337890625,14970.7958984375,-4450.50048828125
377712.031822375,-2709.612548828125,115.84909057617188,-31988.095703125,15803.9345703125,-11599.125,-3981.069091796875,14969.365234375,-4451.72998046875
377712.035738223,-2706.103271484375,107.13191223144531,-31987.0234375,15805.365234375,-11594.54296875,-3978.8564453125,14971.2880859375,-4444.66650390625
377712.038775941,-2706.215087890625,91.08335876464844,-31988.876953125,15798.6826171875,-11595.6826171875,-3980.108154296875,14970.0810546875,-4444.08544921875
377712.045842191,-2711.512451171875,86.21067810058594,-31992.96875,15793.6083984375,-11598.3427734375,-3982.276123046875,14968.046875,-4442.38671875
377712.049745276,-2711.311279296875,81.76268005371094,-32004.2109375,15783.70703125,-11604.8466796875,-3984.802001953125,14965.521484375,-4445.27001953125
377712.05278737,-2717.4580078125,70.765625,-32025.712890625,15766.0712890625,-11619.1298828125,-3999.084716796875,14952.400390625,-4454.7919921875
377712.055759447,-2727.516357421875,68.66455841064453,-32034.23046875,15760.3046875,-11622.169921875,-4001.163330078125,14950.9697265625,-4454.52392578125
377712.059744583,-2712.25,81.00272369384766,-32027.658203125,15765.646484375,-11620.158203125,-3997.11767578125,14957.8095703125,-4448.98046875
377712.062712284,-2704.44921875,88.3564453125,-32023.814453125,15768.41796875,-11619.3974609375,-3995.8212890625,14962.50390625,-4449.8525390625
377712.06681995,-2702.37060546875,90.21163940429688,-32020.6171875,15770.228515625,-11616.4921875,-3992.33447265625,14968.3154296875,-4446.96875
377712.070779194,-2708.0478515625,79.43810272216797,-32031.32421875,15759.7900390625,-11625.5224609375,-3999.4423828125,14964.515625,-4448.86865234375
377712.075834643,-2709.478515625,79.0357666015625,-32032.552734375,15759.56640625,-11626.5732421875,-3999.777587890625,14963.62109375,-4450.72412109375
377712.0788286,-2704.918701171875,87.8870620727539,-32022.16015625,15771.7265625,-11618.548828125,-3992.289794921875,14967.9130859375,-4449.69580078125
377712.082826135,-2704.78466796875,91.41863250732422,-32018.6953125,15771.837890625,-11624.650390625,-3995.799072265625,14967.3984375,-4448.2431640625
377712.086831692,-2709.56787109375,91.61979675292969,-32020.796875,15772.8212890625,-11627.01953125,-4002.34814453125,14960.8720703125,-4453.89794921875
377712.090747176,-2704.628173828125,98.101806640625,-32016.52734375,15780.197265625,-11614.123046875,-3991.864990234375,14968.9853515625,-4446.455078125
377712.094836608,-2705.522216796875,98.61589813232422,-32016.66015625,15781.650390625,-11613.318359375,-3994.390869140625,14965.4541015625,-4450.27685546875
377712.098926405,-2699.844970703125,106.64017486572266,-32008.97265625,15791.6416015625,-11609.5634765625,-3994.793212890625,14962.771484375,-4455.7978515625
377712.10381301,-2701.141357421875,106.5731201171875,-32003.18359375,15794.8154296875,-11607.6630859375,-3993.72021484375,14960.357421875,-4458.70361328125
377712.106825566,-2698.414306640625,108.89769744873047,-31995.6953125,15798.056640625,-11602.2314453125,-3987.282958984375,14965.744140625,-4450.74658203125
377712.110844981,-2698.213134765625,106.68487548828125,-31995.671875,15793.6982421875,-11605.1826171875,-3990.32275390625,14964.380859375,-4445.6279296875
377712.114869502,-2695.821533203125,110.10469055175781,-31989.615234375,15797.6767578125,-11601.8291015625,-3988.04296875,14967.2421875,-4442.36474609375
377712.11886886,-2693.2958984375,121.14645385742188,-31980.517578125,15804.6953125,-11594.6767578125,-3980.6220703125,14973.6796875,-4441.53759765625
377712.122891192,-2698.57080078125,112.8986587524414,-31984.67578125,15798.861328125,-11602.611328125,-3987.841796875,14966.9736328125,-4449.3828125
377712.126879975,-2701.56591796875,99.53231811523438,-31992.521484375,15790.7255859375,-11607.7080078125,-3992.31201171875,14964.1796875,-4456.51318359375
377712.131860301,-2698.861328125,99.88994598388672,-32000.658203125,15789.4736328125,-11604.8916015625,-3989.473388671875,14968.0244140625,-4449.49462890625
377712.134922817,-2698.6826171875,95.12902069091797,-32008.748046875,15782.90234375,-11602.8349609375,-3982.387939453125,14974.1708984375,-4440.1962890625
377712.138842676,-2695.642822265625,94.34671020507812,-32013.0625,15776.7998046875,-11611.3291015625,-3986.8359375,14974.283203125,-4443.19140625
377712.14286902,-2697.2744140625,91.9997787475586,-32017.17578125,15770.0048828125,-11619.5986328125,-3990.94873046875,14972.025390625,-4449.15966796875
377712.146912868,-2707.623291015625,82.56734466552734,-32027.904296875,15760.7509765625,-11627.6904296875,-3997.85546875,14965.4541015625,-4455.171875
377712.150943953,-2703.97998046875,87.14945220947266,-32028.5078125,15766.205078125,-11618.2353515625,-3990.904052734375,14970.4384765625,-4446.7900390625
377712.154825522,-2702.482421875,88.49055480957031,-32028.1953125,15769.06640625,-11614.279296875,-3987.282958984375,14973.2998046875,-4444.2197265625
377712.159908686,-2699.621337890625,94.63728332519531,-32022.96484375,15777.2919921875,-11610.7705078125,-3987.0146484375,14972.0478515625,-4447.6171875
377712.162858518,-2704.538818359375,91.23982238769531,-32023.544921875,15773.8720703125,-11614.3466796875,-3989.0263671875,14970.8857421875,-4451.68505859375
#377741.190951392,-2723.2470703125,108.38360595703125,-32000.232421875,15664.1923828125,-11545.63671875,-4085.47412109375,14867.28515625,-4343.078125
377741.195007275,-2726.734130859375,102.79566955566406,-32003.205078125,15661.0400390625,-11545.5703125,-4083.239013671875,14867.4638671875,-4341.20068359375
377741.198943545,-2731.204345703125,97.65476989746094,-32001.86328125,15659.744140625,-11541.8369140625,-4077.51708984375,14869.05078125,-4344.0615234375
377741.202049456,-2731.94189453125,97.45360565185547,-32002.556640625,15656.525390625,-11546.21875,-4077.651123046875,14872.11328125,-4341.4462890625
377741.206814626,-2735.182861328125,95.62076568603516,-32009.53125,15653.4853515625,-11547.4033203125,-4078.6123046875,14873.365234375,-4340.77587890625
377741.210936149,-2732.36669921875,96.4477767944336,-32013.6875,15655.3408203125,-11545.48046875,-4079.126220703125,14876.9853515625,-4336.0595703125
377741.214893935,-2729.259765625,97.31949615478516,-32013.53125,15654.5810546875,-11547.8271484375,-4081.5849609375,14876.046875,-4334.58447265625
377741.2189469,-2725.102294921875,104.0697250366211,-32005.44140625,15660.4365234375,-11544.921875,-4078.6123046875,14878.1484375,-4336.640625
377741.222180447,-2727.896240234375,103.68974304199219,-32004.3671875,15657.4189453125,-11549.6376953125,-4080.10986328125,14877.1201171875,-4342.2958984375
377741.227027303,-2730.310302734375,99.6217269897461,-32010.0234375,15652.546875,-11552.431640625,-4082.68017578125,14875.8232421875,-4341.8486328125
377741.231104336,-2727.516357421875,101.3204574584961,-32011.609375,15655.6982421875,-11545.6591796875,-4077.338134765625,14879.0419921875,-4336.57373046875
377741.235088013,-2726.55517578125,101.67808532714844,-32011.1171875,15654.2900390625,-11547.4697265625,-4079.6181640625,14876.404296875,-4337.6689453125
377741.238919987,-2722.0849609375,105.27671813964844,-32004.94921875,15655.072265625,-11548.900390625,-4080.735595703125,14876.2255859375,-4340.73095703125
377741.243281829,-2715.111083984375,114.82090759277344,-31993.19140625,15665.0859375,-11541.9267578125,-4073.7841796875,14882.0595703125,-4337.35595703125
377741.247050714,-2719.447265625,112.63043975830078,-31996.90234375,15660.2802734375,-11547.849609375,-4082.90380859375,14874.3486328125,-4340.41796875
377741.251059189,-2719.916748046875,107.71305847167969,-32002.6015625,15653.91015625,-11551.7841796875,-4088.044677734375,14869.185546875,-4340.4853515625
377741.255022445,-2723.76123046875,99.10763549804688,-32006.71484375,15646.1767578125,-11558.556640625,-4093.6103515625,14864.8935546875,-4346.4755859375
377741.258262191,-2717.2568359375,108.71888732910156,-31993.146484375,15662.560546875,-11546.6650390625,-4084.155517578125,14875.599609375,-4342.0498046875
377741.262130268,-2718.732177734375,113.83743286132812,-31989.81640625,15666.650390625,-11548.05078125,-4084.848388671875,14876.60546875,-4344.7099609375
377741.266928258,-2721.235595703125,116.7431640625,-31991.806640625,15670.8974609375,-11544.4521484375,-4083.127197265625,14877.5,-4343.36865234375
377741.272329415,-2726.37646484375,111.95988464355469,-31996.611328125,15669.5341796875,-11539.5126953125,-4074.544189453125,14885.2333984375,-4334.8525390625
377741.275249709,-2728.56689453125,106.17078399658203,-31999.427734375,15665.0185546875,-11541.189453125,-4072.5771484375,14889.390625,-4328.0576171875
377741.27903391,-2732.6796875,97.40890502929688,-32004.27734375,15655.5419921875,-11546.77734375,-4075.30419921875,14886.6865234375,-4330.6728515625
377741.282125965,-2738.692138671875,90.92689514160156,-32008.904296875,15649.931640625,-11550.5322265625,-4077.628662109375,14882.439453125,-4335.92529296875
377741.286358713,-2738.513427734375,91.7092056274414,-32011.140625,15651.205078125,-11548.7890625,-4078.0087890625,14883.78125,-4333.2431640625
377741.290177923,-2735.205322265625,93.63145446777344,-32014.650390625,15652.009765625,-11549.2138671875,-4082.07666015625,14879.9140625,-4333.80224609375
377741.296136299,-2733.484130859375,92.96090698242188,-32014.203125,15650.4453125,-11550.0625,-4082.121337890625,14876.7177734375,-4335.16552734375
377741.300419737,-2741.0615234375,90.03282928466797,-32015.0078125,15645.349609375,-11556.8349609375,-4084.759033203125,14873.4765625,-4339.2783203125
377741.304125899,-2739.474609375,95.39724731445312,-32011.54296875,15648.4111328125,-11556.09765625,-4084.848388671875,14872.5380859375,-4342.4296875
377741.307264996,-2738.15576171875,99.24174499511719,-32012.927734375,15649.5517578125,-11555.2255859375,-4086.2119140625,14869.8330078125,-4344.2626953125
377741.310333711,-2732.791259765625,105.29906463623047,-32012.81640625,15652.3232421875,-11552.029296875,-4086.032958984375,14873.029296875,-4340.2841796875
377741.313999029,-2735.36181640625,100.98518371582031,-32016.125,15646.064453125,-11558.7802734375,-4089.87744140625,14869.9677734375,-4342.81005859375
377741.31816796,-2733.37255859375,103.13095092773438,-32009.955078125,15648.4111328125,-11561.57421875,-4092.313720703125,14866.48046875,-4348.53173828125
377741.323081916,-2725.728271484375,115.2679443359375,-31996.5,15664.4375,-11552.1865234375,-4086.0107421875,14869.5205078125,-4348.77783203125
377741.328180031,-2729.885498046875,112.78690338134766,-32001.39453125,15662.224609375,-11550.0185546875,-4081.450927734375,14872.6494140625,-4346.56494140625
377741.331250569,-2726.488037109375,114.4185791015625,-32002.265625,15662.7392578125,-11547.537109375,-4079.260498046875,14875.3095703125,-4340.57470703125
377741.335082543,-2721.503662109375,119.0453872680664,-31994.66796875,15668.416015625,-11541.390625,-4075.035888671875,14877.0751953125,-4336.77490234375
377741.338190278,-2723.26953125,118.8218765258789,-31990.30859375,15667.791015625,-11542.955078125,-4077.964111328125,14874.794921875,-4339.56884765625
377741.3421353,-2723.98486328125,121.32527160644531,-31984.921875,15670.025390625,-11539.78125,-4074.8125,14878.259765625,-4338.38427734375
377741.346147786,-2720.85546875,117.70428466796875,-31988.587890625,15665.3544921875,-11539.892578125,-4073.359619140625,14879.51171875,-4336.21630859375
377741.35103585,-2719.134521484375,117.2125473022461,-31994.107421875,15666.337890625,-11539.9375,-4076.779296875,14871.8671875,-4341.513671875
377741.356135424,-2725.593994140625,110.79759979248047,-31999.583984375,15661.0400390625,-11546.1513671875,-4083.57421875,14863.1279296875,-4347.01220703125
377741.359176789,-2730.310302734375,108.20479583740234,-31998.734375,15659.609375,-11546.6650390625,-4080.66845703125,14862.4794921875,-4353.51611328125
377741.363006939,-2736.0546875,103.89090728759766,-32000.859375,15657.3525390625,-11550.1748046875,-4082.70263671875,14860.4228515625,-4356.71240234375
377741.366128896,-2739.76513671875,96.78305053710938,-32007.609375,15652.994140625,-11552.96875,-4084.78125,14859.4169921875,-4353.40478515625
377741.370108198,-2737.418212890625,97.09597778320312,-32011.990234375,15654.625,-11551.6494140625,-4085.47412109375,14859.73046875,-4349.35888671875
377741.374195077,-2742.603759765625,93.65380859375,-32014.650390625,15651.9208984375,-11552.365234375,-4084.8037109375,14860.5126953125,-4348.30859375
377741.378190789,-2738.915771484375,99.04058074951172,-32006.6484375,15656.2119140625,-11547.2021484375,-4077.27099609375,14868.0673828125,-4346.20751953125
377741.383153975,-2740.390869140625,96.24661254882812,-32008.01171875,15650.37890625,-11554.041015625,-4079.528564453125,14868.984375,-4345.3134765625
377741.387191624,-2747.096435546875,85.96480560302734,-32021.04296875,15637.66015625,-11563.7646484375,-4089.005859375,14865.318359375,-4344.75439453125
377741.390145103,-2739.8544921875,92.78208923339844,-32021.9140625,15643.78515625,-11556.9921875,-4086.2119140625,14866.279296875,-4339.0771484375
377741.394140814,-2736.591064453125,96.29131317138672,-32017.689453125,15644.74609375,-11556.4326171875,-4085.49658203125,14865.2060546875,-4341.2451171875
377741.39820399,-2728.410400390625,104.78498077392578,-32006.849609375,15650.2890625,-11552.0966796875,-4081.07080078125,14870.3701171875,-4339.703125
377741.402206265,-2724.431884765625,109.7917709350586,-32001.23828125,15654.71484375,-11550.8671875,-4080.735595703125,14871.263671875,-4340.060546875
377741.406228233,-2726.711669921875,108.60712432861328,-32002.04296875,15657.240234375,-11544.0498046875,-4073.9853515625,14873.9462890625,-4337.78076171875
377741.410280833,-2723.671875,111.0211181640625,-32005.552734375,15660.056640625,-11541.94921875,-4074.5888671875,14870.90625,-4337.40087890625
377741.415202447,-2723.805908203125,109.52354431152344,-32006.447265625,15656.0107421875,-11544.8994140625,-4076.220703125,14868.24609375,-4340.52978515625
377741.419199982,-2717.614501953125,123.20281219482422,-31990.419921875,15674.3623046875,-11528.26953125,-4061.49072265625,14880.025390625,-4337.40087890625
377741.422250828,-2722.0400390625,123.6945571899414,-31988.341796875,15676.708984375,-11529.0302734375,-4063.636474609375,14879.421875,-4340.4404296875
377741.426218825,-2725.012939453125,118.64305877685547,-31992.677734375,15671.9033203125,-11534.4833984375,-4069.447998046875,14873.767578125,-4340.52978515625
377741.430235322,-2726.443359375,115.17853546142578,-31998.51171875,15668.259765625,-11539.6689453125,-4076.622802734375,14865.9892578125,-4341.53564453125
377741.434298863,-2726.93505859375,113.14453125,-31998.244140625,15666.0693359375,-11543.0439453125,-4082.233154296875,14862.6806640625,-4343.21240234375
377741.439177081,-2724.699951171875,116.98902893066406,-31990.197265625,15669.8017578125,-11541.748046875,-4080.10986328125,14867.6201171875,-4343.3017578125
377741.443157476,-2722.46484375,118.26307678222656,-31987.626953125,15668.70703125,-11544.9892578125,-4082.121337890625,14865.4970703125,-4346.05078125
377741.446182795,-2729.013916015625,112.00459289550781,-31994.935546875,15663.677734375,-11547.4248046875,-4084.021240234375,14862.390625,-4347.34716796875
377741.450237583,-2732.478515625,108.49536895751953,-32001.037109375,15664.9072265625,-11543.8486328125,-4082.344970703125,14862.2783203125,-4344.6201171875
377741.454269033,-2731.807861328125,108.696533203125,-31999.830078125,15667.3212890625,-11540.9208984375,-4080.132080078125,14863.9775390625,-4342.92138671875
377741.458260733,-2736.121826171875,101.99101257324219,-31999.13671875,15660.8388671875,-11545.7265625,-4082.434326171875,14865.318359375,-4342.67578125
377741.462317709,-2736.881591796875,102.52745056152344,-31996.8125,15661.2861328125,-11547.7607421875,-4083.7978515625,14865.2060546875,-4345.6484375
377741.467135391,-2740.077880859375,96.71599578857422,-32005.10546875,15652.9716796875,-11555.13671875,-4088.916259765625,14863.3291015625,-4347.4814453125
377741.471181792,-2735.495849609375,98.4817886352539,-32009.77734375,15652.099609375,-11554.4208984375,-4088.938720703125,14863.5302734375,-4343.74853515625
377741.474355168,-2730.891357421875,102.75096893310547,-32011.095703125,15653.2841796875,-11553.5947265625,-4088.51416015625,14863.306640625,-4342.18408203125
377741.478235643,-2731.4501953125,101.20870208740234,-32012.146484375,15648.322265625,-11554.5556640625,-4082.344970703125,14869.810546875,-4342.228515625
377741.48227548,-2734.244140625,95.03961944580078,-32017.0859375,15638.822265625,-11559.763671875,-4078.58984375,14875.0634765625,-4341.06640625
377741.486178565,-2733.55126953125,96.06779479980469,-32019.90234375,15641.9521484375,-11557.55078125,-4079.90869140625,14873.87890625,-4340.55224609375
377741.490159325,-2727.784423828125,107.35543060302734,-32015.455078125,15658.8720703125,-11545.927734375,-4074.656005859375,14875.0185546875,-4336.37255859375
377741.49474544,-2727.15869140625,106.01432037353516,-32015.990234375,15654.357421875,-11551.9853515625,-4081.51806640625,14867.1513671875,-4340.10546875
377741.499191886,-2729.729248046875,101.99101257324219,-32010.537109375,15652.45703125,-11549.2353515625,-4077.539306640625,14868.1796875,-4340.59716796875
377741.502523165,-2734.95947265625,99.55467224121094,-32010.537109375,15647.6513671875,-11556.2314453125,-4084.021240234375,14864.267578125,-4342.92138671875
377741.50664323,-2740.97216796875,97.7218246459961,-32014.560546875,15646.869140625,-11558.7802734375,-4091.91162109375,14857.8974609375,-4346.40869140625
377741.511535305,-2732.299560546875,106.1931381225586,-32010.201171875,15656.837890625,-11550.1298828125,-4088.51416015625,14862.6357421875,-4338.451171875
377741.514325776,-2731.53955078125,108.36125946044922,-32009.708984375,15658.58203125,-11549.66015625,-4088.916259765625,14862.703125,-4337.6689453125
377741.518378741,-2735.786376953125,104.18148040771484,-32011.029296875,15654.625,-11556.90234375,-4094.90673828125,14855.349609375,-4346.76611328125
377741.524375772,-2739.876953125,99.26409912109375,-32009.28515625,15650.892578125,-11564.904296875,-4103.1767578125,14847.75,-4354.6337890625
377741.527343473,-2737.798095703125,100.2252197265625,-32008.904296875,15651.048828125,-11566.0888671875,-4105.814453125,14845.7158203125,-4356.51123046875
377741.530369522,-2735.853515625,97.47595977783203,-32013.53125,15648.3896484375,-11566.06640625,-4104.205078125,14844.8212890625,-4355.6396484375
377741.534305062,-2733.439453125,101.23104858398438,-32007.2734375,15655.8095703125,-11558.1318359375,-4093.90087890625,14854.455078125,-4349.13525390625
377741.538352557,-2729.57275390625,108.04833221435547,-31996.1640625,15664.8623046875,-11552.1416015625,-4085.362548828125,14863.7314453125,-4345.20166015625
377741.542337328,-2727.024658203125,110.2164535522461,-31989.32421875,15665.64453125,-11551.716796875,-4082.30029296875,14868.693359375,-4342.83203125
377741.54666088,-2732.523193359375,105.85786437988281,-31991.939453125,15662.3369140625,-11549.056640625,-4078.791015625,14874.1025390625,-4336.19384765625
377741.550774745,-2734.489990234375,100.53814697265625,-32000.43359375,15659.7216796875,-11545.6591796875,-4075.48291015625,14875.3095703125,-4333.869140625
377741.555410456,-2732.322021484375,101.38751220703125,-32002.646484375,15660.146484375,-11544.0947265625,-4074.11962890625,14877.3212890625,-4332.17041015625
377741.55871402,-2737.14990234375,93.2738265991211,-32007.1171875,15648.8134765625,-11551.560546875,-4076.1982421875,14878.8408203125,-4333.15380859375
377741.562700979,-2735.54052734375,97.4312515258789,-32006.6484375,15649.037109375,-11553.236328125,-4076.265380859375,14877.142578125,-4333.6904296875
377741.566427563,-2740.56982421875,94.79374694824219,-32015.56640625,15645.5283203125,-11556.701171875,-4080.623779296875,14872.068359375,-4335.0986328125
377741.570430932,-2733.282958984375,97.07362365722656,-32023.634765625,15647.8525390625,-11556.9921875,-4084.46826171875,14866.16796875,-4336.21630859375
377741.574495202,-2732.97021484375,98.39237976074219,-32023.947265625,15646.869140625,-11557.818359375,-4084.043701171875,14865.2060546875,-4336.439453125
377741.57845007,-2735.428955078125,101.58867645263672,-32018.896484375,15647.2490234375,-11559.875,-4084.982421875,14860.19921875,-4343.92724609375
377741.583677644,-2728.611572265625,115.24559783935547,-32005.0390625,15661.822265625,-11546.6650390625,-4070.7890625,14867.2626953125,-4343.54736328125
377741.586486713,-2729.997314453125,113.34569549560547,-32009.642578125,15658.4248046875,-11552.41015625,-4075.90771484375,14864.267578125,-4347.12353515625
377741.590328533,-2727.203369140625,114.91031646728516,-32011.408203125,15662.0458984375,-11549.4150390625,-4075.237060546875,14864.8486328125,-4343.77099609375
377741.594582067,-2726.2646484375,118.66541290283203,-32006.826171875,15668.9755859375,-11541.9267578125,-4069.1796875,14866.5478515625,-4341.267578125
377741.598416958,-2725.906982421875,117.97250366210938,-32002.177734375,15667.7236328125,-11545.6591796875,-4071.07958984375,14866.591796875,-4341.98291015625
377741.602459712,-2729.0361328125,114.50798797607422,-32000.544921875,15663.7451171875,-11549.6376953125,-4073.247802734375,14867.083984375,-4342.67578125
377741.606616974,-2734.2666015625,110.95405578613281,-32002.490234375,15663.119140625,-11551.716796875,-4077.0029296875,14862.3681640625,-4343.3017578125
377741.610853733,-2734.221923828125,109.05416107177734,-32002.982421875,15663.365234375,-11549.951171875,-4075.527587890625,14864.3125,-4338.96533203125
377741.614907428,-2728.902099609375,113.23394012451172,-31994.353515625,15672.0146484375,-11541.1220703125,-4069.157470703125,14872.2470703125,-4332.01416015625
377741.617969943,-2730.75732421875,112.74220275878906,-31989.392578125,15673.3564453125,-11542.1279296875,-4068.5986328125,14873.521484375,-4331.8349609375
377741.622521415,-2736.859375,107.66835021972656,-31991.515625,15667.6787109375,-11547.9169921875,-4072.28662109375,14868.693359375,-4335.38916015625
377741.626398608,-2731.986572265625,113.07747650146484,-31986.888671875,15673.69140625,-11541.748046875,-4067.81640625,14875.33203125,-4326.470703125
377741.630497886,-2729.617431640625,111.78107452392578,-31990.2421875,15671.76953125,-11540.853515625,-4068.844482421875,14876.6279296875,-4324.36962890625
377741.634789347,-2722.35302734375,114.61974334716797,-31985.2578125,15674.49609375,-11535.5791015625,-4062.11669921875,14882.8642578125,-4319.56396484375
377741.638901389,-2718.821533203125,122.4652099609375,-31974.23828125,15686.8564453125,-11524.3359375,-4050.51611328125,14891.8271484375,-4315.6748046875
377741.642754513,-2722.934326171875,124.56626892089844,-31972.314453125,15690.7685546875,-11522.7490234375,-4048.482177734375,14896.3203125,-4314.4453125
377741.645948676,-2725.929443359375,117.41371154785156,-31983.669921875,15679.1005859375,-11532.94140625,-4055.92529296875,14892.095703125,-4315.048828125
377741.6508196,-2730.73486328125,109.5458984375,-31996.611328125,15674.9658203125,-11532.986328125,-4058.31689453125,14883.37890625,-4320.123046875
377741.654818593,-2735.65234375,100.6052017211914,-32009.060546875,15666.3154296875,-11537.5458984375,-4063.07763671875,14876.8515625,-4326.73876953125
377741.658538613,-2739.2509765625,94.23495483398438,-32017.130859375,15653.396484375,-11553.3935546875,-4077.539306640625,14869.1181640625,-4331.79052734375
377741.662520831,-2733.484130859375,100.02405548095703,-32014.4921875,15654.5810546875,-11555.1591796875,-4079.193359375,14869.498046875,-4328.482421875
377741.666560304,-2741.2626953125,94.34671020507812,-32024.529296875,15647.8076171875,-11557.86328125,-4081.249755859375,14864.22265625,-4335.21044921875
377741.669903617,-2737.395751953125,96.67129516601562,-32026.943359375,15648.478515625,-11556.9697265625,-4080.5791015625,14867.2177734375,-4331.41064453125
377741.673884741,-2732.210205078125,101.47692108154297,-32021.7578125,15651.697265625,-11556.544921875,-4080.48974609375,14866.681640625,-4333.35498046875
377741.678679449,-2730.019775390625,105.41082763671875,-32013.978515625,15655.4521484375,-11555.248046875,-4077.27099609375,14870.2578125,-4335.16552734375
377741.682894328,-2732.880859375,107.86952209472656,-32008.97265625,15656.8603515625,-11556.2763671875,-4077.539306640625,14871.1962890625,-4338.20556640625
377741.686960422,-2735.33935546875,107.13191223144531,-32011.6328125,15656.369140625,-11559.673828125,-4081.87548828125,14864.0439453125,-4342.876953125
377741.690932065,-2724.185791015625,112.49633026123047,-32006.2890625,15664.9521484375,-11548.6318359375,-4073.135986328125,14867.888671875,-4335.7021484375
377741.694686363,-2719.894287109375,115.13383483886719,-31998.0859375,15670.3388671875,-11542.060546875,-4067.257568359375,14871.95703125,-4333.220703125
377741.69959339,-2725.77294921875,112.85395812988281,-31991.537109375,15671.1884765625,-11544.1171875,-4069.850341796875,14868.9619140625,-4339.0322265625
377741.702936339,-2727.44921875,112.60808563232422,-31983.201171875,15673.7587890625,-11543.603515625,-4070.72216796875,14869.5654296875,-4340.306640625
377741.708742282,-2731.427978515625,105.947265625,-31989.19140625,15666.650390625,-11550.6435546875,-4078.388671875,14863.619140625,-4342.20654296875
377741.712790506,-2730.95849609375,101.78984069824219,-31993.9296875,15662.6494140625,-11550.912109375,-4077.449951171875,14864.71484375,-4335.72412109375
377741.715687096,-2730.6455078125,101.09693908691406,-31993.146484375,15665.0185546875,-11549.2802734375,-4078.09814453125,14862.904296875,-4336.685546875
377741.718677407,-2730.98095703125,102.66156005859375,-31987.58203125,15667.6787109375,-11547.24609375,-4072.934814453125,14868.447265625,-4332.70703125
377741.72263811,-2727.73974609375,111.24462890625,-31978.015625,15681.73828125,-11536.71875,-4062.742431640625,14877.6787109375,-4327.87890625
377741.726808135,-2727.784423828125,112.58573913574219,-31980.40625,15684.419921875,-11530.5048828125,-4054.673583984375,14886.75390625,-4319.58642578125
377741.72975432,-2737.060546875,99.42056274414062,-31995.44921875,15670.71875,-11536.7861328125,-4058.71923828125,14885.0322265625,-4315.74169921875
377741.735882269,-2740.122802734375,94.39141845703125,-32000.1875,15668.3271484375,-11535.3779296875,-4055.343994140625,14887.2451171875,-4313.484375
377741.739988111,-2741.910888671875,92.11154174804688,-31999.853515625,15668.8857421875,-11533.0751953125,-4051.968994140625,14891.4697265625,-4314.84765625
377741.742854433,-2748.392822265625,85.3836669921875,-32006.447265625,15662.11328125,-11536.4951171875,-4052.080810546875,14891.5810546875,-4320.2568359375
377741.746770282,-2751.700927734375,79.59455871582031,-32019.90234375,15652.904296875,-11547.380859375,-4063.569580078125,14884.0263671875,-4324.41455078125
377741.750788603,-2743.251953125,85.87540435791016,-32025.333984375,15653.1728515625,-11548.8115234375,-4066.765869140625,14881.166015625,-4321.12841796875
377741.75382158,-2735.294677734375,92.17859649658203,-32024.373046875,15654.5361328125,-11546.62109375,-4063.591796875,14882.4169921875,-4318.20068359375
377741.757856676,-2730.913818359375,98.54884338378906,-32020.103515625,15656.3017578125,-11548.8779296875,-4063.70361328125,14879.1318359375,-4322.4248046875
377741.761927145,-2727.8515625,104.58380889892578,-32013.62109375,15659.587890625,-11548.185546875,-4061.11083984375,14881.8583984375,-4323.76611328125
377741.766706172,-2730.600830078125,104.6732177734375,-32014.60546875,15658.3583984375,-11548.341796875,-4062.69775390625,14883.2216796875,-4322.80517578125
377741.770805086,-2726.823486328125,106.1931381225586,-32015.3203125,15658.6484375,-11547.0009765625,-4063.457763671875,14881.970703125,-4319.4521484375
377741.774893789,-2728.54443359375,106.93074798583984,-32012.861328125,15658.603515625,-11547.5595703125,-4065.357666015625,14879.556640625,-4322.20166015625
377741.778910287,-2728.6787109375,110.05998992919922,-32004.63671875,15663.8564453125,-11547.380859375,-4067.27978515625,14876.13671875,-4328.7060546875
377741.783008471,-2729.86328125,112.60808563232422,-31994.912109375,15668.1484375,-11545.615234375,-4065.871826171875,14877.701171875,-4329.95751953125
377741.786911191,-2726.421142578125,117.25724792480469,-31988.38671875,15672.171875,-11542.798828125,-4063.88232421875,14881.0537109375,-4324.66015625
377741.790005433,-2723.426025390625,118.41954040527344,-31987.068359375,15673.4677734375,-11540.0048828125,-4062.69775390625,14879.6005859375,-4322.044921875
377741.794877451,-2720.900146484375,117.41371154785156,-31982.529296875,15673.982421875,-11536.8974609375,-4060.037841796875,14882.7529296875,-4319.630859375
377741.799073733,-2731.96435546875,109.32238006591797,-31981.5234375,15670.31640625,-11542.5302734375,-4065.044677734375,14878.349609375,-4325.8447265625
377741.803060692,-2730.93603515625,117.2125473022461,-31970.9296875,15685.4931640625,-11535.2880859375,-4061.11083984375,14881.322265625,-4328.01318359375
377741.808988071,-2739.876953125,105.0531997680664,-31982.529296875,15674.40625,-11546.3974609375,-4071.48193359375,14876.337890625,-4331.96923828125
377741.81212498,-2744.414306640625,99.30879974365234,-31994.041015625,15670.16015625,-11545.435546875,-4071.794921875,14875.5556640625,-4330.3154296875
377741.815135712,-2742.626220703125,99.50996398925781,-31993.34765625,15672.4619140625,-11540.49609375,-4066.20703125,14878.4384765625,-4325.75537109375
377741.818161031,-2741.016845703125,101.94630432128906,-31987.55859375,15678.2060546875,-11537.076171875,-4062.89892578125,14880.2490234375,-4326.38134765625
377741.822160754,-2743.2294921875,99.08528137207031,-31990.173828125,15675.0546875,-11539.78125,-4064.8212890625,14879.4892578125,-4330.0244140625
377741.827098414,-2750.73974609375,91.06100463867188,-32003.49609375,15666.2255859375,-11542.5751953125,-4068.553955078125,14875.6669921875,-4334.6962890625
377741.831051458,-2753.287841796875,89.04934692382812,-32014.068359375,15663.2978515625,-11539.3564453125,-4062.89892578125,14878.505859375,-4329.8681640625
377741.835144902,-2753.980712890625,85.11544036865234,-32019.87890625,15659.5654296875,-11541.4130859375,-4064.4189453125,14876.7177734375,-4330.60595703125
377741.841215233,-2752.304443359375,82.29912567138672,-32023.12109375,15654.111328125,-11548.744140625,-4067.972900390625,14873.0068359375,-4333.869140625
377741.844236905,-2748.817626953125,82.00855255126953,-32027.412109375,15646.0419921875,-11559.5625,-4076.220703125,14867.6201171875,-4339.0322265625
377741.847214817,-2746.783447265625,83.7296371459961,-32032.060546875,15643.29296875,-11560.8583984375,-4079.0146484375,14864.1337890625,-4344.59814453125
377741.851100397,-2743.654296875,83.23789978027344,-32037.671875,15638.3984375,-11565.4853515625,-4084.759033203125,14858.568359375,-4347.12353515625
377741.856241544,-2740.34619140625,88.42350006103516,-32030.67578125,15642.6220703125,-11560.61328125,-4081.607421875,14862.5693359375,-4345.17919921875
377741.860186566,-2738.222900390625,96.73834991455078,-32017.935546875,15652.0546875,-11554.376953125,-4078.2099609375,14862.5693359375,-4349.33642578125
377741.863230483,-2737.328857421875,97.81123352050781,-32014.44921875,15651.1611328125,-11559.47265625,-4085.27294921875,14852.4658203125,-4359.283203125
377741.869111184,-2735.74169921875,99.59937286376953,-32015.341796875,15652.1220703125,-11561.3955078125,-4087.664794921875,14849.1357421875,-4363.70849609375
377741.872248458,-2742.089599609375,97.52066040039062,-32017.80078125,15650.9375,-11562.244140625,-4090.324462890625,14850.9013671875,-4359.99853515625
377741.875127908,-2738.2451171875,100.44873809814453,-32011.54296875,15654.4462890625,-11560.2548828125,-4089.7880859375,14853.5166015625,-4356.10888671875
377741.87926183,-2739.988525390625,100.38168334960938,-32003.697265625,15656.078125,-11558.6015625,-4084.535400390625,14858.724609375,-4353.2255859375
377741.883113132,-2736.501708984375,107.13191223144531,-31993.705078125,15663.4091796875,-11552.029296875,-4077.539306640625,14867.083984375,-4348.62109375
377741.887201835,-2735.94287109375,109.14356994628906,-31993.4609375,15669.220703125,-11550.8447265625,-4080.7802734375,14863.0830078125,-4352.35400390625
377741.89121505,-2739.74267578125,105.3437728881836,-31996.544921875,15672.484375,-11546.2626953125,-4079.08154296875,14860.4677734375,-4353.20361328125
377741.895193622,-2731.919677734375,105.9025650024414,-31993.4375,15671.8359375,-11547.0224609375,-4077.762939453125,14861.853515625,-4346.900390625
377741.89792064,-2744.92822265625,101.43221282958984,-31993.03515625,15672.484375,-11545.7265625,-4074.656005859375,14862.7919921875,-4349.470703125
377741.9017672,-2749.197509765625,106.34960174560547,-31987.9609375,15681.291015625,-11538.037109375,-4065.49169921875,14871.9345703125,-4344.57568359375
377741.907771161,-2748.57177734375,102.21453094482422,-31994.533203125,15675.6806640625,-11542.9775390625,-4070.0068359375,14870.4140625,-4342.6982421875
377741.910878896,-2746.470703125,99.04058074951172,-32003.33984375,15671.232421875,-11543.669921875,-4070.431396484375,14869.185546875,-4338.71923828125
377741.915046003,-2751.72314453125,90.81513977050781,-32014.11328125,15658.8720703125,-11554.17578125,-4078.232177734375,14860.9150390625,-4344.240234375
377741.919238637,-2747.833984375,99.48761749267578,-32012.32421875,15657.642578125,-11555.0029296875,-4077.561767578125,14861.138671875,-4344.32958984375
377741.923227055,-2743.54248046875,100.09111022949219,-32011.251953125,15662.9853515625,-11551.8505859375,-4075.751220703125,14861.7197265625,-4348.37548828125
377741.9262903,-2751.902099609375,88.37879943847656,-32023.65625,15657.1064453125,-11556.65625,-4079.796875,14857.3837890625,-4352.4658203125
377741.932172096,-2751.16455078125,83.97550201416016,-32035.771484375,15647.31640625,-11563.3623046875,-4084.51318359375,14851.638671875,-4351.1025390625
377741.93527509,-2747.54345703125,84.13196563720703,-32035.951171875,15644.6787109375,-11560.814453125,-4076.555908203125,14856.9814453125,-4346.38623046875
377741.939277365,-2745.375244140625,88.7364273071289,-32030.474609375,15647.8076171875,-11561.5517578125,-4076.1982421875,14857.361328125,-4345.33544921875
377741.943212541,-2737.217041015625,99.84524536132812,-32019.142578125,15655.4521484375,-11557.4609375,-4073.963134765625,14859.171875,-4348.2861328125
377741.947248367,-2740.34619140625,100.94047546386719,-32018.873046875,15655.0498046875,-11558.556640625,-4077.449951171875,14856.3994140625,-4349.73876953125
377741.951186825,-2744.056640625,96.13484954833984,-32026.25,15646.8466796875,-11565.4404296875,-4084.51318359375,14851.2587890625,-4350.16357421875
377741.954118058,-2739.4521484375,97.40890502929688,-32025.4453125,15642.533203125,-11570.134765625,-4089.654052734375,14847.01171875,-4353.33740234375
377741.958130545,-2732.031494140625,109.83647155761719,-32011.095703125,15656.5703125,-11559.673828125,-4078.120361328125,14855.9970703125,-4350.78955078125
377741.962275042,-2736.45703125,109.1212158203125,-32008.8828125,15657.7099609375,-11559.673828125,-4077.71826171875,14857.0703125,-4350.9013671875
377741.967199574,-2739.608642578125,106.68487548828125,-32016.21484375,15654.15625,-11564.501953125,-4082.434326171875,14854.4775390625,-4348.6884765625
377741.970791593,-2737.2392578125,110.93170928955078,-32016.728515625,15664.1923828125,-11549.99609375,-4072.28662109375,14858.4560546875,-4342.92138671875
377741.975213606,-2738.2451171875,111.11051940917969,-32013.93359375,15665.4208984375,-11543.4912109375,-4064.865966796875,14863.150390625,-4340.79833984375
377741.979239585,-2745.218994140625,106.7519302368164,-32009.77734375,15660.548828125,-11548.587890625,-4068.553955078125,14859.931640625,-4346.00634765625
377741.982034432,-2745.666015625,103.68974304199219,-32003.138671875,15661.30859375,-11550.30859375,-4071.526611328125,14855.4384765625,-4352.1083984375
377741.986246758,-2751.209228515625,94.99491119384766,-32005.8203125,15655.7431640625,-11555.8291015625,-4080.020263671875,14847.99609375,-4357.31591796875
377741.990063051,-2761.75927734375,75.95122528076172,-32019.72265625,15640.7001953125,-11565.1728515625,-4090.614990234375,14840.396484375,-4360.98193359375
377741.99402813,-2764.106201171875,74.92304992675781,-32020.86328125,15644.65625,-11561.640625,-4090.50341796875,14840.6416015625,-4361.31689453125
377741.999182405,-2762.96630859375,77.18057250976562,-32017.46484375,15649.3056640625,-11560.1884765625,-4088.3798828125,14843.681640625,-4362.814453125
377742.002890755,-2767.6376953125,69.93860626220703,-32021.958984375,15639.359375,-11567.720703125,-4090.5703125,14843.837890625,-4364.78173828125
377742.00701556,-2766.207275390625,68.75396728515625,-32026.0703125,15635.0673828125,-11571.900390625,-4094.526611328125,14842.474609375,-4365.31787109375
377742.011284776,-2759.255859375,75.12421417236328,-32027.12109375,15640.9912109375,-11560.6796875,-4084.11083984375,14850.2529296875,-4357.58447265625
377742.014928214,-2750.4716796875,85.76364135742188,-32020.013671875,15650.4228515625,-11547.8271484375,-4067.369384765625,14863.6640625,-4347.4140625
377742.018068769,-2748.973876953125,88.75877380371094,-32016.28125,15648.8134765625,-11552.0517578125,-4068.375,14866.2119140625,-4347.50390625
377742.023187306,-2750.114013671875,87.28356170654297,-32015.923828125,15643.6064453125,-11559.427734375,-4074.70068359375,14864.9609375,-4348.12939453125
377742.027991131,-2746.001220703125,93.49734497070312,-32012.81640625,15649.037109375,-11554.7119140625,-4072.845458984375,14867.3076171875,-4345.71533203125
377742.032114477,-2741.687255859375,97.92298889160156,-32013.197265625,15652.009765625,-11552.767578125,-4074.208984375,14868.3134765625,-4341.6923828125
377742.036324981,-2735.786376953125,106.3719482421875,-32006.087890625,15659.341796875,-11545.123046875,-4069.135009765625,14873.4990234375,-4338.33935546875
377742.040217855,-2735.719482421875,107.37777709960938,-32003.00390625,15658.08984375,-11547.984375,-4070.856201171875,14870.302734375,-4343.54736328125
377742.043062661,-2730.73486328125,116.47493743896484,-31998.51171875,15663.23046875,-11548.744140625,-4070.49853515625,14866.1005859375,-4349.91748046875
377742.046090533,-2731.13720703125,120.0959243774414,-32001.015625,15666.0244140625,-11546.0390625,-4067.950439453125,14863.9326171875,-4353.18115234375
377742.050084786,-2734.713623046875,117.2125473022461,-32007.765625,15662.91796875,-11543.8046875,-4063.658935546875,14865.7431640625,-4349.40380859375
377742.054957533,-2736.45703125,117.61487579345703,-32006.22265625,15664.572265625,-11541.14453125,-4062.11669921875,14867.6650390625,-4346.16259765625
377742.059155273,-2735.048828125,119.55947875976562,-31998.04296875,15669.220703125,-11537.7919921875,-4058.4287109375,14870.2353515625,-4343.8603515625
377742.063113423,-2739.921630859375,119.00068664550781,-31989.123046875,15673.177734375,-11534.3271484375,-4054.62890625,14872.5380859375,-4344.97802734375
377742.066418081,-2739.16162109375,125.52739715576172,-31979.109375,15684.666015625,-11525.2744140625,-4049.71142578125,14876.1142578125,-4340.4853515625
377742.070074648,-2736.300537109375,124.18629455566406,-31976.78515625,15689.4716796875,-11522.369140625,-4051.41015625,14871.4873046875,-4340.79833984375
377742.074064889,-2737.17236328125,121.83935546875,-31971.48828125,15690.298828125,-11520.669921875,-4048.862060546875,14874.9296875,-4336.4619140625
377742.078112749,-2738.580322265625,113.97154235839844,-31971.912109375,15684.7998046875,-11525.8115234375,-4050.739501953125,14878.416015625,-4336.841796875
377742.082389258,-2752.259765625,97.76653289794922,-31985.48046875,15668.953125,-11541.9716796875,-4064.061279296875,14871.7109375,-4344.4189453125
377742.087137288,-2760.082763671875,82.76850891113281,-32003.048828125,15651.80859375,-11553.4375,-4070.632568359375,14869.654296875,-4343.21240234375
377742.091353261,-2757.4228515625,80.33216857910156,-32016.728515625,15644.74609375,-11556.791015625,-4074.9912109375,14867.6650390625,-4340.77587890625
377742.094385509,-2754.405517578125,82.36618041992188,-32018.470703125,15645.3046875,-11551.42578125,-4069.738525390625,14870.7939453125,-4338.76416015625
377742.09810881,-2749.73388671875,91.88802337646484,-32009.419921875,15657.53125,-11541.0771484375,-4060.3955078125,14876.6728515625,-4337.73583984375
377742.102390425,-2751.499755859375,92.78208923339844,-32007.85546875,15655.6083984375,-11545.5029296875,-4064.798828125,14876.203125,-4340.17236328125
377742.10650429,-2752.95263671875,94.61493682861328,-32010.46875,15652.2333984375,-11547.984375,-4065.0,14877.7236328125,-4341.423828125
377742.111087853,-2748.191650390625,100.35932922363281,-32009.462890625,15657.5986328125,-11540.6298828125,-4057.065185546875,14883.6689453125,-4334.8525390625
377742.115392806,-2745.17431640625,99.77819061279297,-32011.318359375,15653.6416015625,-11544.921875,-4060.10498046875,14881.8359375,-4336.283203125
377742.119408939,-2742.000244140625,99.77819061279297,-32007.966796875,15652.658203125,-11546.21875,-4057.154541015625,14885.7919921875,-4335.880859375
377742.122227854,-2744.74951171875,100.4263916015625,-32003.673828125,15655.072265625,-11545.7041015625,-4056.595703125,14884.00390625,-4341.6474609375
377742.126181263,-2745.800048828125,100.64990234375,-32004.255859375,15656.0556640625,-11545.5927734375,-4059.233154296875,14879.3994140625,-4341.6474609375
377742.130150354,-2746.35888671875,97.20773315429688,-32012.4375,15652.9716796875,-11550.2197265625,-4066.475341796875,14869.38671875,-4342.40771484375
377742.134365962,-2746.15771484375,95.5984115600586,-32010.291015625,15654.1787109375,-11548.9453125,-4067.838623046875,14868.9619140625,-4343.14501953125
377742.138269047,-2746.068359375,95.46430206298828,-32003.31640625,15656.48046875,-11547.4033203125,-4065.9833984375,14870.6376953125,-4342.8544921875
377742.143156382,-2753.53369140625,85.1824951171875,-32007.228515625,15645.9755859375,-11557.505859375,-4075.37109375,14864.5361328125,-4348.21875
377742.14722211,-2758.182861328125,80.5556869506836,-32011.05078125,15642.443359375,-11562.892578125,-4081.67431640625,14862.189453125,-4346.34130859375
377742.150211692,-2754.36083984375,85.49542236328125,-32007.697265625,15650.6689453125,-11553.7958984375,-4075.035888671875,14865.67578125,-4339.16650390625
377742.154455015,-2746.626953125,93.72086334228516,-31999.427734375,15659.4755859375,-11546.28515625,-4068.442138671875,14873.4765625,-4332.55029296875
377742.158195092,-2746.783447265625,96.31366729736328,-31994.98046875,15661.9794921875,-11549.1240234375,-4072.130126953125,14872.5830078125,-4336.77490234375
377742.162264467,-2748.2587890625,97.25244140625,-31994.265625,15660.302734375,-11553.7734375,-4077.31591796875,14867.798828125,-4343.99462890625
377742.16634223,-2753.13134765625,91.9997787475586,-32001.751953125,15652.1220703125,-11555.896484375,-4076.757080078125,14870.0341796875,-4344.4189453125
377742.171205131,-2751.96923828125,92.20094299316406,-32007.384765625,15652.390625,-11554.3095703125,-4077.583984375,14868.40234375,-4344.2626953125
377742.175208501,-2744.593017578125,101.78984069824219,-32003.16015625,15661.5986328125,-11545.771484375,-4069.649169921875,14873.2080078125,-4339.45703125
377742.17826664,-2747.34228515625,98.41473388671875,-32006.06640625,15654.55859375,-11551.0458984375,-4072.040771484375,14871.4873046875,-4340.10546875
377742.182439582,-2752.86328125,94.25730895996094,-32009.1953125,15646.2431640625,-11558.35546875,-4078.9921875,14867.2177734375,-4344.2626953125
377742.1864951,-2744.92822265625,97.31949615478516,-32006.69140625,15651.0712890625,-11549.99609375,-4071.951416015625,14873.4765625,-4340.75341796875
