#377715.166590936,-2750.650390625,-21.345916748046875,-32114.986328125,15646.0419921875,-11654.2216796875,-4068.822265625,14872.068359375,-4554.30224609375
377715.171491763,-2749.510498046875,-21.3906192779541,-32122.541015625,15642.5107421875,-11655.8310546875,-4069.962158203125,14871.0849609375,-4550.591796875
377715.175483828,-2752.997314453125,-23.357572555541992,-32129.314453125,15640.923828125,-11659.5859375,-4079.39453125,14862.45703125,-4556.04541015625
377715.179476622,-2749.622314453125,-17.635526657104492,-32123.94921875,15644.947265625,-11662.5595703125,-4085.2060546875,14856.1982421875,-4566.03662109375
377715.186601584,-2750.605712890625,-20.943584442138672,-32123.099609375,15637.7275390625,-11672.818359375,-4090.861083984375,14853.6728515625,-4571.69189453125
377715.191450993,-2751.65625,-22.26233673095703,-32122.294921875,15635.0673828125,-11675.7021484375,-4090.48095703125,14859.4619140625,-4568.3388671875
377715.194514238,-2754.383056640625,-27.045610427856445,-32131.66015625,15628.4736328125,-11679.658203125,-4095.599609375,14861.33984375,-4563.17578125
377715.198310474,-2752.080810546875,-27.023258209228516,-32134.791015625,15629.189453125,-11677.8251953125,-4097.49951171875,14860.8701171875,-4559.7783203125
377715.201435713,-2748.72802734375,-26.397409439086914,-32132.64453125,15629.255859375,-11679.501953125,-4098.572265625,14857.16015625,-4561.9912109375
377715.205300143,-2746.023681640625,-22.038820266723633,-32124.396484375,15632.162109375,-11677.2890625,-4092.939697265625,14861.5634765625,-4558.3251953125
377715.208552653,-2741.0390625,-13.723971366882324,-32115.142578125,15637.794921875,-11674.115234375,-4089.832763671875,14861.5859375,-4557.43115234375
377715.211670234,-2741.486083984375,-10.304154396057129,-32114.673828125,15640.833984375,-11671.3876953125,-4091.28564453125,14855.751953125,-4560.7392578125
377715.215494914,-2742.178955078125,-10.840596199035645,-32115.25390625,15644.65625,-11666.984375,-4090.3916015625,14854.857421875,-4562.3486328125
377715.218596085,-2743.54248046875,-13.142826080322266,-32110.001953125,15645.5283203125,-11663.408203125,-4084.937744140625,14860.9599609375,-4557.60986328125
377715.222691352,-2741.77685546875,-10.4829683303833,-32102.58203125,15649.9765625,-11660.078125,-4080.132080078125,14864.826171875,-4557.587890625
377715.226813969,-2744.92822265625,-11.309982299804688,-32099.51953125,15651.7197265625,-11657.8203125,-4077.71826171875,14865.4521484375,-4559.5546875
377715.231566375,-2754.003173828125,-14.930965423583984,-32106.58203125,15646.82421875,-11665.576171875,-4089.47509765625,14852.935546875,-4566.08154296875
377715.235619705,-2748.079833984375,-6.794930458068848,-32102.783203125,15653.26171875,-11656.703125,-4080.31103515625,14856.51171875,-4561.7451171875
377715.241613819,-2738.17822265625,-5.096197605133057,-32096.591796875,15657.7548828125,-11647.9853515625,-4067.88330078125,14865.3408203125,-4558.392578125
377715.244511138,-2735.898193359375,0.0,-32092.412109375,15662.11328125,-11644.990234375,-4063.032958984375,14868.6708984375,-4553.05029296875
377715.247653882,-2740.703857421875,-6.057322978973389,-32099.810546875,15654.5810546875,-11649.1259765625,-4062.92138671875,14870.90625,-4555.93359375
377715.251420579,-2747.476318359375,-17.25554656982422,-32116.259765625,15641.1025390625,-11658.759765625,-4070.230224609375,14868.537109375,-4553.1396484375
377715.255326582,-2749.2421875,-16.741456985473633,-32121.333984375,15646.5341796875,-11657.015625,-4076.71240234375,14863.8876953125,-4552.201171875
377715.259397051,-2748.4375,-14.662744522094727,-32120.8203125,15647.3388671875,-11659.765625,-4081.00390625,14861.9208984375,-4553.69873046875
377715.263285184,-2744.101318359375,-6.504357814788818,-32110.91796875,15654.357421875,-11659.1396484375,-4078.321533203125,14863.3515625,-4555.44189453125
377715.267266309,-2745.576416015625,-9.119511604309082,-32110.740234375,15649.484375,-11666.0908203125,-4084.066162109375,14858.7470703125,-4560.404296875
377715.270275217,-2746.470703125,-7.845462322235107,-32113.623046875,15648.970703125,-11667.431640625,-4087.038818359375,14858.0537109375,-4559.1298828125
377715.274727863,-2740.413330078125,-1.0952354669570923,-32111.677734375,15652.546875,-11663.498046875,-4084.46826171875,14861.1611328125,-4551.21728515625
377715.278851939,-2738.803955078125,-2.2798779010772705,-32109.419921875,15650.6025390625,-11665.576171875,-4085.47412109375,14860.78125,-4554.10107421875
377715.282763047,-2737.127685546875,-4.85032844543457,-32107.029296875,15648.0537109375,-11670.2255859375,-4087.955322265625,14862.099609375,-4556.7158203125
377715.288812591,-2738.781494140625,-3.598630905151367,-32105.62109375,15648.43359375,-11671.5224609375,-4090.436279296875,14859.685546875,-4561.43212890625
377715.291895164,-2735.428955078125,2.5033953189849854,-32102.111328125,15656.2568359375,-11660.3681640625,-4080.86962890625,14867.5087890625,-4557.05126953125
377715.295706716,-2733.529052734375,3.3304100036621094,-32100.0546875,15660.212890625,-11652.322265625,-4071.571533203125,14875.80078125,-4550.47998046875
377715.298731306,-2730.17626953125,4.358590126037598,-32093.05859375,15665.4658203125,-11644.833984375,-4063.6142578125,14882.08203125,-4545.69677734375
377715.302695291,-2730.422119140625,6.414950847625732,-32084.23046875,15669.4892578125,-11639.3359375,-4056.864013671875,14888.4072265625,-4545.47314453125
377715.308678465,-2739.96630859375,1.2069941759109497,-32086.197265625,15665.130859375,-11641.8388671875,-4056.8193359375,14889.078125,-4543.998046875
377715.311518166,-2738.35693359375,-0.04470348730683327,-32089.52734375,15664.0126953125,-11641.1015625,-4057.08740234375,14886.9990234375,-4542.85791015625
377715.318404268,-2738.33447265625,-4.135072708129883,-32094.400390625,15659.38671875,-11643.9404296875,-4062.4072265625,14881.724609375,-4546.65771484375
377715.321671364,-2740.681396484375,-3.3751134872436523,-32091.986328125,15659.0732421875,-11645.9521484375,-4065.558837890625,14878.2373046875,-4549.9208984375
377715.324432661,-2737.865234375,-0.9834767580032349,-32087.404296875,15660.2353515625,-11646.197265625,-4066.274169921875,14876.650390625,-4554.65966796875
377715.328417432,-2740.2568359375,-10.393561363220215,-32097.373046875,15648.5234375,-11660.7490234375,-4083.060302734375,14862.1669921875,-4566.5283203125
377715.331463538,-2742.425048828125,-13.321640014648438,-32104.34765625,15649.126953125,-11653.3505859375,-4075.751220703125,14863.865234375,-4564.2041015625
377715.334453484,-2742.4697265625,-19.311906814575195,-32112.4609375,15643.6279296875,-11649.6396484375,-4068.732666015625,14870.4814453125,-4558.68310546875
377715.338506449,-2738.893310546875,-8.62777328491211,-32105.666015625,15658.58203125,-11639.8046875,-4063.837646484375,14872.828125,-4554.88330078125
377715.343641396,-2733.93115234375,4.336238384246826,-32095.09375,15671.166015625,-11633.8818359375,-4057.6015625,14878.349609375,-4549.98828125
377715.347432526,-2732.14306640625,6.057322978973389,-32094.400390625,15666.7626953125,-11640.609375,-4061.870849609375,14876.046875,-4553.765625
377715.351529252,-2732.813720703125,6.2808403968811035,-32099.048828125,15663.4765625,-11647.94140625,-4070.744384765625,14872.0458984375,-4553.1845703125
377715.354524668,-2730.086669921875,9.588898658752441,-32101.396484375,15662.828125,-11650.220703125,-4072.756103515625,14873.38671875,-4548.6025390625
377715.358561952,-2729.97509765625,8.51601505279541,-32099.162109375,15661.3310546875,-11650.220703125,-4069.269287109375,14876.6953125,-4546.92578125
377715.362575897,-2724.14111328125,17.00967788696289,-32089.595703125,15666.60546875,-11648.7900390625,-4066.475341796875,14882.640625,-4545.80859375
377715.366554469,-2727.896240234375,14.618041038513184,-32088.96875,15661.8896484375,-11653.640625,-4069.29150390625,14883.7587890625,-4546.50146484375
377715.371388197,-2727.6728515625,10.371209144592285,-32090.17578125,15661.46484375,-11650.712890625,-4068.3974609375,14886.4404296875,-4539.66162109375
377715.375750768,-2727.493896484375,5.386770248413086,-32096.859375,15657.3525390625,-11655.7861328125,-4076.91357421875,14878.4384765625,-4542.7685546875
377715.379569614,-2728.522216796875,0.75995934009552,-32097.57421875,15654.0,-11656.3232421875,-4076.10888671875,14880.673828125,-4543.1259765625
377715.382572688,-2732.27734375,0.9611250162124634,-32092.65625,15655.228515625,-11654.9375,-4071.6162109375,14882.23828125,-4548.46826171875
377715.386586268,-2736.322998046875,-1.0281802415847778,-32091.40625,15652.2783203125,-11659.0947265625,-4076.98046875,14876.1591796875,-4557.47607421875
377715.390472943,-2733.484130859375,4.112720966339111,-32088.6328125,15657.7099609375,-11653.4169921875,-4072.6220703125,14878.5283203125,-4552.759765625
377715.394634215,-2729.796142578125,7.621944904327393,-32087.76171875,15663.9912109375,-11646.5771484375,-4067.32470703125,14881.2099609375,-4547.28369140625
377715.398718542,-2732.880859375,2.8833749294281006,-32089.83984375,15659.85546875,-11652.12109375,-4074.030029296875,14874.8173828125,-4552.69287109375
377715.403460008,-2735.54052734375,7.107854843139648,-32083.515625,15665.8681640625,-11648.701171875,-4072.241943359375,14875.9580078125,-4553.7880859375
377715.408756504,-2739.519287109375,4.045665740966797,-32086.3984375,15663.6103515625,-11649.21484375,-4069.872802734375,14877.7900390625,-4553.67626953125
377715.412698244,-2742.223876953125,-4.000962257385254,-32096.43359375,15658.201171875,-11649.2373046875,-4069.09033203125,14881.2548828125,-4548.9599609375
377715.415632031,-2740.077880859375,-10.080636978149414,-32105.888671875,15654.2900390625,-11648.1865234375,-4067.369384765625,14884.9873046875,-4539.9521484375
377715.418700381,-2750.292724609375,-20.183626174926758,-32112.482421875,15644.791015625,-11653.1044921875,-4072.130126953125,14877.41015625,-4549.22802734375
377715.422746053,-2736.56884765625,0.0,-32091.47265625,15666.404296875,-11635.021484375,-4056.08154296875,14890.7548828125,-4543.30517578125
377715.426726813,-2729.2822265625,8.761883735656738,-32085.458984375,15670.6064453125,-11633.7919921875,-4052.237060546875,14894.8447265625,-4542.90283203125
377715.431039789,-2724.76708984375,15.534461975097656,-32084.185546875,15678.2509765625,-11629.1875,-4050.135986328125,14895.224609375,-4539.1474609375
377715.435845072,-2723.090576171875,14.23806095123291,-32091.00390625,15672.126953125,-11633.345703125,-4052.7958984375,14896.72265625,-4534.744140625
377715.438838665,-2724.34228515625,13.05341911315918,-32093.73046875,15664.8173828125,-11643.6494140625,-4061.89306640625,14890.6875,-4539.326171875
377715.443061567,-2723.53759765625,13.947488784790039,-32091.31640625,15660.6376953125,-11648.9697265625,-4062.89892578125,14890.28515625,-4542.2099609375
377715.447109062,-2722.710693359375,9.678305625915527,-32094.82421875,15653.6640625,-11659.2734375,-4071.392578125,14883.1103515625,-4549.3173828125
377715.451127748,-2725.415283203125,7.554889678955078,-32099.5859375,15651.8759765625,-11661.7548828125,-4076.71240234375,14879.6455078125,-4549.83154296875
377715.455051984,-2720.85546875,10.997057914733887,-32100.279296875,15653.462890625,-11661.642578125,-4077.561767578125,14880.6064453125,-4545.1826171875
377715.45897549,-2720.85546875,12.360514640808105,-32096.009765625,15654.22265625,-11658.46875,-4073.31494140625,14881.724609375,-4542.5673828125
377715.463899656,-2719.73779296875,18.641355514526367,-32085.90625,15664.52734375,-11649.6845703125,-4067.01171875,14883.400390625,-4541.9189453125
377715.467084337,-2725.593994140625,13.05341911315918,-32088.4765625,15660.99609375,-11656.412109375,-4072.822998046875,14878.103515625,-4547.46240234375
377715.47069532,-2727.493896484375,9.655953407287598,-32092.298828125,15660.2578125,-11654.69140625,-4072.264404296875,14878.013671875,-4547.84228515625
377715.474787669,-2728.522216796875,8.694828987121582,-32095.607421875,15658.984375,-11655.5185546875,-4074.70068359375,14873.9462890625,-4550.23388671875
377715.480817521,-2725.504638671875,13.47810173034668,-32087.337890625,15664.9296875,-11650.3330078125,-4071.347900390625,14876.8740234375,-4548.89306640625
377715.48387092,-2719.96142578125,19.088390350341797,-32074.619140625,15674.7421875,-11641.9736328125,-4065.0,14884.7861328125,-4546.47900390625
377715.486616901,-2724.386962890625,13.120473861694336,-32075.87109375,15667.74609375,-11649.103515625,-4070.565673828125,14881.322265625,-4550.3232421875
377715.491683289,-2737.686279296875,3.442168712615967,-32088.8125,15659.3642578125,-11658.71484375,-4083.70849609375,14867.576171875,-4563.7119140625
377715.495691764,-2728.812744140625,14.975668907165527,-32082.44140625,15675.6806640625,-11644.2080078125,-4075.37109375,14873.767578125,-4555.03955078125
377715.498586895,-2729.6396484375,12.941659927368164,-32081.548828125,15677.759765625,-11639.044921875,-4067.88330078125,14877.1650390625,-4552.84912109375
377715.502560362,-2730.55615234375,14.416874885559082,-32075.669921875,15681.58203125,-11633.3681640625,-4059.9931640625,14883.3115234375,-4550.345703125
377715.5067158,-2728.34326171875,14.774502754211426,-32073.658203125,15682.2294921875,-11628.517578125,-4053.242919921875,14888.7431640625,-4545.83056640625
377715.510692548,-2725.012939453125,18.171968460083008,-32077.14453125,15685.359375,-11622.59375,-4048.30322265625,14892.609375,-4540.17578125
377715.515083564,-2726.97998046875,18.52959632873535,-32084.341796875,15684.0625,-11621.7890625,-4047.878662109375,14892.4306640625,-4540.130859375
377715.52000846,-2720.833251953125,20.9659366607666,-32082.017578125,15683.34765625,-11622.28125,-4042.8271484375,14896.4541015625,-4536.48779296875
377715.524048661,-2711.512451171875,27.894977569580078,-32076.720703125,15681.6708984375,-11625.2763671875,-4042.8271484375,14899.337890625,-4534.25244140625
377715.527090391,-2707.310302734375,31.694772720336914,-32074.685546875,15677.5361328125,-11630.9541015625,-4048.169189453125,14898.2421875,-4532.24072265625
377715.531036507,-2712.004150390625,25.726858139038086,-32084.744140625,15667.8349609375,-11641.8388671875,-4062.787109375,14888.4072265625,-4535.9287109375
377715.534942144,-2713.859375,20.31773567199707,-32093.283203125,15661.2861328125,-11649.7734375,-4072.1748046875,14882.7529296875,-4538.49951171875
377715.539028294,-2715.535888671875,15.89208984375,-32096.5234375,15654.6025390625,-11657.619140625,-4077.78515625,14879.265625,-4545.7412109375
377715.542982433,-2717.122802734375,17.00967788696289,-32090.0859375,15656.771484375,-11656.859375,-4074.7900390625,14882.7529296875,-4544.802734375
377715.547654247,-2715.893310546875,20.518901824951172,-32085.013671875,15662.26953125,-11657.0380859375,-4075.974609375,14880.8525390625,-4542.74609375
377715.551787439,-2716.4521484375,21.502378463745117,-32086.263671875,15666.181640625,-11649.7958984375,-4067.548095703125,14889.9052734375,-4533.8056640625
377715.554763893,-2719.425048828125,18.77546501159668,-32092.12109375,15664.37109375,-11650.421875,-4067.48095703125,14891.8271484375,-4533.5595703125
377715.559068117,-2721.123779296875,12.874605178833008,-32093.818359375,15658.7158203125,-11656.859375,-4074.0078125,14887.8935546875,-4536.599609375
377715.563049971,-2726.75634765625,9.074808120727539,-32093.171875,15655.36328125,-11662.603515625,-4079.88623046875,14884.1611328125,-4543.7744140625
377715.567110229,-2721.6376953125,18.842519760131836,-32081.771484375,15667.1201171875,-11654.9375,-4072.353759765625,14891.5146484375,-4537.91845703125
377715.57088349,-2723.78369140625,19.311906814575195,-32082.263671875,15670.830078125,-11651.2265625,-4072.867919921875,14888.7431640625,-4539.572265625
377715.575735817,-2722.800048828125,19.535425186157227,-32080.587890625,15675.9931640625,-11643.7392578125,-4069.738525390625,14885.8818359375,-4540.33203125
377715.578976657,-2721.302490234375,17.501415252685547,-32077.7265625,15676.3740234375,-11642.0625,-4069.269287109375,14884.0712890625,-4540.3994140625
377715.582745178,-2724.386962890625,12.092293739318848,-32077.525390625,15674.9658203125,-11641.66015625,-4066.3857421875,14882.88671875,-4540.62255859375
377715.586659932,-2725.080078125,11.533499717712402,-32077.591796875,15678.4970703125,-11636.6533203125,-4060.68603515625,14885.412109375,-4537.11376953125
377715.590859495,-2727.650390625,9.074808120727539,-32082.375,15681.0,-11632.8984375,-4059.769775390625,14885.4345703125,-4533.26904296875
377715.594814728,-2724.386962890625,12.29345989227295,-32080.765625,15689.13671875,-11623.0634765625,-4049.867919921875,14892.9453125,-4525.3564453125
377715.598892126,-2725.325927734375,11.466444969177246,-32079.15625,15687.638671875,-11624.181640625,-4049.13037109375,14893.4140625,-4526.51904296875
377715.603691939,-2719.425048828125,19.7142391204834,-32067.869140625,15693.0703125,-11619.0849609375,-4040.547119140625,14901.416015625,-4520.7744140625
377715.606779617,-2713.702880859375,26.95620346069336,-32064.091796875,15690.9912109375,-11620.671875,-4037.440185546875,14905.1044921875,-4522.361328125
377715.609857449,-2717.390869140625,20.429494857788086,-32077.212890625,15675.6357421875,-11634.4404296875,-4051.074951171875,14894.3759765625,-4531.9951171875
377715.615967164,-2716.005126953125,18.082561492919922,-32083.068359375,15670.8974609375,-11639.603515625,-4059.52392578125,14891.0224609375,-4535.7724609375
377715.6189469,-2716.094482421875,16.003849029541016,-32086.48828125,15664.83984375,-11650.578125,-4069.380859375,14884.607421875,-4542.0087890625
377715.624767795,-2720.587158203125,11.309982299804688,-32088.052734375,15656.3466796875,-11660.2568359375,-4072.4208984375,14884.048828125,-4545.5849609375
377715.627822288,-2716.005126953125,18.52959632873535,-32081.1015625,15663.2529296875,-11656.1220703125,-4068.71044921875,14887.3349609375,-4544.71337890625
377715.631888381,-2707.8466796875,28.587881088256836,-32078.0390625,15671.9033203125,-11649.0810546875,-4065.9833984375,14890.240234375,-4539.7958984375
377715.634875409,-2703.711669921875,31.650070190429688,-32079.267578125,15673.4453125,-11645.8173828125,-4063.591796875,14894.419921875,-4532.732421875
377715.638021435,-2703.935302734375,30.756000518798828,-32077.97265625,15675.255859375,-11641.3251953125,-4055.72412109375,14900.2314453125,-4528.3740234375
377715.642956177,-2706.77392578125,29.928985595703125,-32072.09375,15677.826171875,-11638.5087890625,-4049.264404296875,14907.80859375,-4524.03759765625
377715.64712292,-2708.740966796875,27.894977569580078,-32069.634765625,15677.357421875,-11641.3251953125,-4053.3994140625,14905.439453125,-4526.42919921875
377715.650873936,-2711.95947265625,26.799741744995117,-32073.3671875,15675.859375,-11644.0068359375,-4058.830810546875,14899.6279296875,-4529.22314453125
377715.654879858,-2709.500732421875,30.420724868774414,-32071.265625,15680.93359375,-11637.4580078125,-4055.165283203125,14899.5830078125,-4527.5693359375
377715.658932094,-2715.669921875,26.129188537597656,-32071.04296875,15681.8046875,-11634.955078125,-4056.48388671875,14894.46484375,-4533.380859375
377715.662865446,-2723.873046875,22.15057945251465,-32070.3046875,15682.3642578125,-11635.580078125,-4059.769775390625,14888.83203125,-4537.404296875
377715.66588566,-2714.55224609375,25.503339767456055,-32062.03515625,15692.3994140625,-11626.7294921875,-4051.3876953125,14892.9453125,-4534.8115234375
377715.67089516,-2720.14013671875,15.936793327331543,-32071.7578125,15688.0185546875,-11629.3671875,-4056.2158203125,14892.095703125,-4531.32421875
377715.675144683,-2727.292724609375,6.303192138671875,-32083.24609375,15681.0,-11631.6240234375,-4059.233154296875,14890.9560546875,-4527.43505859375
377715.679235574,-2726.488037109375,5.073845863342285,-32079.3359375,15680.6201171875,-11624.60546875,-4047.856201171875,14900.41015625,-4518.51708984375
377715.683280516,-2721.615478515625,9.41008472442627,-32068.62890625,15686.6328125,-11612.22265625,-4032.388916015625,14910.8935546875,-4515.83447265625
377715.687835999,-2724.6552734375,14.930965423583984,-32065.521484375,15691.3046875,-11613.162109375,-4035.987548828125,14904.388671875,-4526.6083984375
377715.691170925,-2720.453125,19.602479934692383,-32068.78515625,15691.6396484375,-11616.6259765625,-4040.837890625,14900.611328125,-4527.32373046875
377715.694031048,-2715.669921875,18.931926727294922,-32074.3515625,15686.1865234375,-11622.7734375,-4045.93408203125,14899.4716796875,-4523.1435546875
377715.699973378,-2714.75341796875,18.909576416015625,-32075.513671875,15678.3857421875,-11630.39453125,-4048.549072265625,14900.7685546875,-4520.55078125
377715.70299578,-2711.98193359375,23.335220336914062,-32068.181640625,15678.8544921875,-11630.640625,-4044.52587890625,14907.1611328125,-4517.26513671875
377715.706867503,-2709.74658203125,31.471256256103516,-32062.83984375,15684.666015625,-11632.0263671875,-4046.8056640625,14906.19921875,-4522.62939453125
377715.710956571,-2706.2822265625,34.82401657104492,-32063.912109375,15684.7783203125,-11632.33984375,-4048.839599609375,14906.3115234375,-4520.88623046875
377715.715097057,-2699.241455078125,39.38377380371094,-32064.5390625,15684.4873046875,-11632.7421875,-4050.739501953125,14906.8701171875,-4516.21484375
377715.719910363,-2695.79931640625,45.821075439453125,-32057.9453125,15689.5166015625,-11629.232421875,-4046.09033203125,14910.759765625,-4516.63916015625
377715.725025618,-2689.741943359375,50.492591857910156,-32048.84765625,15693.2041015625,-11626.86328125,-4039.51904296875,14916.4365234375,-4516.08056640625
377715.729194548,-2695.933349609375,44.39056396484375,-32052.603515625,15686.4765625,-11635.6923828125,-4047.766845703125,14909.1279296875,-4522.51806640625
377715.732230078,-2696.17919921875,48.79385757446289,-32052.490234375,15693.361328125,-11632.5849609375,-4049.599609375,14906.3115234375,-4520.48388671875
377715.735304628,-2691.127685546875,54.78412628173828,-32049.4296875,15701.2509765625,-11624.8291015625,-4045.553955078125,14908.5908203125,-4510.71630859375
377715.739198596,-2694.435791015625,48.81621170043945,-32050.880859375,15694.9482421875,-11628.5625,-4048.30322265625,14904.5009765625,-4514.806640625
377715.743118091,-2691.0830078125,55.54408645629883,-32038.900390625,15705.1845703125,-11621.275390625,-4045.062255859375,14905.0595703125,-4520.7744140625
377715.746156174,-2692.915771484375,58.11453628540039,-32031.658203125,15715.0869140625,-11611.26171875,-4038.267333984375,14909.373046875,-4520.46142578125
377715.750338962,-2702.37060546875,41.596595764160156,-32043.169921875,15704.1123046875,-11616.0,-4043.005859375,14902.4892578125,-4522.1376953125
377715.754375517,-2707.220947265625,26.308002471923828,-32055.462890625,15693.830078125,-11618.2353515625,-4046.71630859375,14898.734375,-4519.67919921875
377715.759060094,-2712.607666015625,19.42366600036621,-32059.0390625,15692.3994140625,-11612.9609375,-4038.13330078125,14905.9541015625,-4518.025390625
377715.763099931,-2712.518310546875,24.5869197845459,-32049.5859375,15708.0009765625,-11592.9560546875,-4017.994384765625,14921.3095703125,-4510.3359375
377715.767094183,-2717.94970703125,22.75407600402832,-32052.201171875,15705.140625,-11595.8837890625,-4018.575439453125,14922.9853515625,-4508.10107421875
377715.771076767,-2715.46875,25.61509895324707,-32055.5078125,15702.7041015625,-11598.6552734375,-4021.168212890625,14925.2431640625,-4497.90869140625
377715.775065914,-2713.16650390625,24.51986312866211,-32062.818359375,15699.1728515625,-11605.31640625,-4030.891357421875,14917.5322265625,-4497.12646484375
377715.778104361,-2710.104248046875,26.73268699645996,-32064.740234375,15695.8642578125,-11612.513671875,-4038.93798828125,14913.2626953125,-4500.70263671875
377715.782412961,-2707.422119140625,26.55387306213379,-32063.82421875,15687.482421875,-11619.6435546875,-4038.53564453125,14917.62109375,-4502.46826171875
377715.787271852,-2708.271484375,25.346878051757812,-32064.3828125,15683.615234375,-11625.2763671875,-4040.949462890625,14915.20703125,-4507.609375
377715.791086321,-2704.35986328125,28.54317855834961,-32064.830078125,15681.8271484375,-11625.142578125,-4039.2060546875,14918.2021484375,-4502.177734375
377715.795367206,-2700.247314453125,30.823055267333984,-32066.39453125,15680.4638671875,-11625.09765625,-4038.066162109375,14919.4091796875,-4498.1767578125
377715.799150314,-2699.598876953125,33.23704528808594,-32062.548828125,15682.744140625,-11626.013671875,-4037.775634765625,14919.990234375,-4499.04833984375
377715.803451985,-2700.4482421875,34.287574768066406,-32058.81640625,15682.1181640625,-11628.181640625,-4036.054443359375,14920.8623046875,-4503.02734375
377715.80812161,-2697.095703125,45.70931625366211,-32050.748046875,15691.4609375,-11624.5615234375,-4033.2158203125,14924.21484375,-4505.5751953125
377715.811333277,-2689.607666015625,54.38179397583008,-32046.568359375,15697.4287109375,-11621.521484375,-4033.886474609375,14922.404296875,-4504.9716796875
377715.815050744,-2693.228759765625,49.196189880371094,-32051.75390625,15693.71875,-11623.599609375,-4038.4013671875,14915.7880859375,-4509.53173828125
377715.82034724,-2689.339599609375,51.99015808105469,-32045.205078125,15698.30078125,-11619.0625,-4037.663818359375,14916.615234375,-4507.87744140625
377715.823386052,-2689.406494140625,55.298213958740234,-32033.828125,15705.3642578125,-11613.3408203125,-4032.32177734375,14917.2861328125,-4510.06787109375
377715.827364989,-2694.8603515625,56.572265625,-32027.703125,15708.42578125,-11612.826171875,-4032.03125,14915.4306640625,-4510.8056640625
377715.831538296,-2697.05078125,56.929893493652344,-32026.630859375,15712.046875,-11606.92578125,-4028.32080078125,14915.1181640625,-4508.88330078125
377715.835371363,-2697.006103515625,56.1699333190918,-32027.166015625,15717.388671875,-11598.4765625,-4022.375244140625,14916.056640625,-4503.33984375
377715.838519577,-2693.38525390625,58.941551208496094,-32021.01953125,15726.1513671875,-11586.2275390625,-4010.439453125,14924.103515625,-4494.1533203125
377715.842462411,-2695.8662109375,58.203941345214844,-32017.935546875,15731.068359375,-11582.62890625,-4007.01953125,14927.0986328125,-4493.72900390625
377715.847207888,-2702.929443359375,51.163143157958984,-32027.501953125,15724.02734375,-11588.1279296875,-4010.394775390625,14922.2255859375,-4502.8037109375
377715.851368431,-2710.484375,38.80262756347656,-32046.634765625,15708.515625,-11599.2138671875,-4017.435546875,14917.107421875,-4504.3681640625
377715.855367789,-2705.008056640625,40.21078872680664,-32051.59765625,15707.1298828125,-11597.7392578125,-4020.31884765625,14916.1904296875,-4497.037109375
377715.859221279,-2700.78369140625,45.776371002197266,-32050.076171875,15712.1142578125,-11597.3369140625,-4023.224609375,14914.2685546875,-4502.84814453125
377715.863170312,-2701.007080078125,46.91631317138672,-32049.4296875,15708.76171875,-11607.23828125,-4029.9970703125,14914.2685546875,-4504.994140625
377715.866323996,-2701.431884765625,38.95909118652344,-32055.955078125,15695.4619140625,-11621.72265625,-4041.2177734375,14910.669921875,-4506.84912109375
377715.870490009,-2702.638916015625,27.470293045043945,-32069.92578125,15677.3125,-11634.8876953125,-4048.437255859375,14908.970703125,-4507.966796875
377715.875477629,-2700.224853515625,28.92315673828125,-32075.333984375,15677.22265625,-11635.8486328125,-4052.035888671875,14904.166015625,-4513.2197265625
377715.879085329,-2699.107177734375,29.012563705444336,-32073.390625,15678.8994140625,-11634.1728515625,-4050.337158203125,14904.3447265625,-4514.87353515625
377715.883556573,-2695.642822265625,33.0358772277832,-32066.52734375,15680.173828125,-11635.4013671875,-4047.2080078125,14910.9384765625,-4512.45947265625
377715.887443977,-2696.000244140625,34.48874282836914,-32063.734375,15681.693359375,-11636.36328125,-4048.482177734375,14909.75390625,-4514.64990234375
377715.891263916,-2698.66015625,34.46638870239258,-32066.236328125,15682.609375,-11635.9384765625,-4048.50439453125,14908.1220703125,-4511.31982421875
377715.895125064,-2695.19580078125,38.80262756347656,-32063.890625,15686.2529296875,-11632.4287109375,-4046.671630859375,14909.2392578125,-4503.5634765625
377715.898260514,-2697.945068359375,38.087371826171875,-32062.03515625,15686.029296875,-11630.595703125,-4043.475341796875,14909.462890625,-4504.033203125
377715.903130344,-2695.642822265625,48.39152526855469,-32048.53515625,15698.099609375,-11622.99609375,-4038.6025390625,14912.32421875,-4505.3740234375
377715.907133349,-2688.736083984375,61.333187103271484,-32034.162109375,15714.0361328125,-11611.8427734375,-4032.03125,14914.849609375,-4503.9658203125
377715.911276388,-2686.36669921875,59.25447463989258,-32035.75,15712.3603515625,-11611.0380859375,-4033.6181640625,14910.9384765625,-4505.86572265625
377715.915295074,-2687.752685546875,58.29335021972656,-32033.783203125,15714.3046875,-11604.7353515625,-4028.991455078125,14913.1064453125,-4503.943359375
377715.919241919,-2692.06640625,52.99598693847656,-32030.966796875,15713.5224609375,-11603.8408203125,-4028.164306640625,14915.1630859375,-4505.396484375
377715.922307352,-2694.48046875,52.616004943847656,-32020.796875,15721.8369140625,-11591.32421875,-4014.2392578125,14928.88671875,-4498.26611328125
377715.926331508,-2699.75537109375,48.950321197509766,-32019.1640625,15726.59765625,-11585.3564453125,-4008.696044921875,14933.15625,-4497.70751953125
377715.931123299,-2699.15185546875,45.28463363647461,-32025.9140625,15723.982421875,-11582.6513671875,-4004.8291015625,14935.5478515625,-4493.46044921875
377715.935160583,-2699.77783203125,40.76958084106445,-32036.509765625,15717.9482421875,-11586.33984375,-4009.768798828125,14929.7802734375,-4493.974609375
377715.939201149,-2698.727294921875,43.36238479614258,-32041.470703125,15721.5693359375,-11589.22265625,-4017.390869140625,14922.4267578125,-4496.88037109375
377715.943305168,-2697.05078125,41.79776382446289,-32045.115234375,15712.4716796875,-11603.4384765625,-4029.52783203125,14918.984375,-4499.67431640625
377715.947231956,-2703.2646484375,31.426551818847656,-32059.599609375,15693.8525390625,-11625.455078125,-4047.2080078125,14911.98828125,-4507.4306640625
377715.950191999,-2708.897216796875,22.10587501525879,-32076.98828125,15680.375,-11640.341796875,-4062.787109375,14901.572265625,-4512.2138671875
377715.954379528,-2708.0927734375,15.869738578796387,-32087.626953125,15669.109375,-11648.3662109375,-4067.168212890625,14899.5615234375,-4511.2080078125
377715.959216173,-2704.38232421875,19.84834861755371,-32086.533203125,15669.220703125,-11649.7958984375,-4066.072998046875,14899.740234375,-4510.3359375
377715.963302324,-2702.616455078125,25.4362850189209,-32079.201171875,15673.4677734375,-11645.482421875,-4060.753173828125,14901.86328125,-4512.59375
377715.967326115,-2702.929443359375,27.291479110717773,-32074.88671875,15674.5634765625,-11645.83984375,-4060.328369140625,14900.8125,-4515.07470703125
377715.971346259,-2703.130615234375,29.37019157409668,-32075.490234375,15675.1220703125,-11644.521484375,-4058.31689453125,14898.935546875,-4514.3369140625
377715.975411623,-2707.936279296875,29.16902732849121,-32078.419921875,15673.19921875,-11647.9189453125,-4063.345947265625,14896.185546875,-4515.9912109375
377715.980285465,-2697.095703125,43.78706741333008,-32065.74609375,15686.767578125,-11640.5205078125,-4058.674560546875,14899.5830078125,-4517.01953125
377715.983331206,-2688.244384765625,55.49938201904297,-32053.048828125,15697.6298828125,-11634.1728515625,-4051.208984375,14903.875,-4518.6064453125
377715.986407944,-2686.36669921875,64.90946960449219,-32040.578125,15707.6884765625,-11622.83984375,-4038.826171875,14914.3359375,-4511.6103515625
377715.991268657,-2682.38818359375,73.2690200805664,-32035.01171875,15717.880859375,-11609.0712890625,-4027.69482421875,14923.1865234375,-4501.23876953125
377715.996432778,-2682.812744140625,70.43034362792969,-32039.572265625,15716.6962890625,-11605.2939453125,-4023.828125,14920.3701171875,-4503.8095703125
377716.000400774,-2684.35498046875,64.7977066040039,-32036.888671875,15717.478515625,-11599.236328125,-4016.34033203125,14925.1318359375,-4499.67431640625
377716.003383427,-2685.651611328125,63.568359375,-32023.92578125,15728.9453125,-11583.92578125,-3999.33056640625,14938.4755859375,-4493.6396484375
377716.006446307,-2683.528076171875,66.54114532470703,-32014.828125,15736.4775390625,-11577.0185546875,-3991.373291015625,14943.83984375,-4488.833984375
377716.01035705,-2690.904052734375,56.19228744506836,-32023.412109375,15726.84375,-11582.0478515625,-3998.078857421875,14935.0107421875,-4489.48193359375
377716.014522334,-2694.77099609375,47.408050537109375,-32031.927734375,15721.099609375,-11583.6123046875,-4003.443359375,14927.5234375,-4491.51611328125
377716.019298808,-2690.39013671875,55.3205680847168,-32024.373046875,15732.2978515625,-11576.3037109375,-4001.4091796875,14928.2607421875,-4489.88427734375
377716.02352718,-2690.859375,55.991119384765625,-32023.791015625,15730.375,-11584.439453125,-4011.065185546875,14921.890625,-4496.70166015625
377716.027515598,-2695.19580078125,47.00571823120117,-32032.77734375,15717.6123046875,-11600.7568359375,-4025.12451171875,14912.189453125,-4506.4248046875
377716.030465066,-2696.112060546875,41.171913146972656,-32044.220703125,15707.0849609375,-11609.853515625,-4031.11474609375,14912.9501953125,-4504.07763671875
377716.036412502,-2697.2744140625,34.19816970825195,-32058.861328125,15693.361328125,-11622.68359375,-4040.077880859375,14911.162109375,-4500.568359375
377716.039474288,-2696.98388671875,27.82792091369629,-32067.376953125,15683.861328125,-11630.5517578125,-4044.838623046875,14908.748046875,-4505.30712890625
377716.042479186,-2697.632080078125,30.420724868774414,-32064.26953125,15688.041015625,-11628.78515625,-4042.268310546875,14911.2734375,-4507.09521484375
377716.047496344,-2702.68359375,26.53152084350586,-32066.505859375,15680.888671875,-11635.669921875,-4044.9951171875,14911.765625,-4510.0234375
377716.051481844,-2697.945068359375,33.99700164794922,-32065.09765625,15686.2978515625,-11631.177734375,-4042.11181640625,14915.4306640625,-4506.5361328125
377716.055603368,-2692.513427734375,37.41682052612305,-32065.521484375,15689.2255859375,-11631.3115234375,-4044.838623046875,14912.0556640625,-4505.3515625
377716.059531979,-2692.35693359375,36.74626922607422,-32065.25390625,15685.0234375,-11638.576171875,-4052.52783203125,14902.623046875,-4511.52099609375
377716.06350034,-2687.819580078125,44.36821365356445,-32057.453125,15689.3154296875,-11639.939453125,-4053.980712890625,14899.7626953125,-4517.33203125
377716.068553236,-2684.60107421875,55.052345275878906,-32049.65234375,15695.685546875,-11635.87109375,-4048.571533203125,14902.51171875,-4518.09228515625
377716.072339626,-2689.406494140625,59.65680694580078,-32053.36328125,15696.3115234375,-11635.8486328125,-4050.873779296875,14897.3486328125,-4519.12060546875
377716.076470266,-2683.952880859375,63.300140380859375,-32056.24609375,15696.9599609375,-11631.3564453125,-4049.30908203125,14896.185546875,-4517.9580078125
377716.079761796,-2676.263671875,69.82685089111328,-32048.7578125,15703.396484375,-11621.96875,-4040.569580078125,14905.5517578125,-4512.30322265625
377716.084508367,-2673.425048828125,81.9638442993164,-32031.4140625,15723.6474609375,-11602.7236328125,-4023.179931640625,14915.9892578125,-4512.6162109375
377716.088813685,-2668.99951171875,90.25634765625,-32013.375,15740.232421875,-11583.0537109375,-4002.34814453125,14929.6015625,-4508.369140625
377716.091652657,-2668.17236328125,90.3010482788086,-32005.84375,15748.3466796875,-11569.173828125,-3989.875732421875,14936.5087890625,-4503.02734375
377716.095459833,-2677.00146484375,83.37200927734375,-32008.837890625,15748.5478515625,-11564.390625,-3986.791259765625,14937.447265625,-4494.1982421875
377716.098621904,-2684.466796875,74.56542205810547,-32011.498046875,15743.40625,-11566.7822265625,-3989.74169921875,14934.8544921875,-4489.88427734375
377716.103482253,-2688.55712890625,67.36815643310547,-32012.01171875,15739.78515625,-11572.4140625,-3995.776611328125,14932.060546875,-4489.2138671875
377716.111511602,-2692.938232421875,62.51782989501953,-32015.0078125,15736.701171875,-11578.806640625,-4001.275146484375,14929.9150390625,-4487.93994140625
377716.114531451,-2699.129638671875,53.66653823852539,-32028.685546875,15727.603515625,-11588.798828125,-4011.087646484375,14921.3759765625,-4496.29931640625
377716.11851294,-2700.35888671875,44.39056396484375,-32046.544921875,15713.65625,-11601.986328125,-4023.91748046875,14913.1064453125,-4498.7802734375
377716.121518202,-2707.131591796875,29.86193084716797,-32066.86328125,15689.7177734375,-11625.7236328125,-4043.2294921875,14897.794921875,-4510.3359375
377716.124639795,-2707.4892578125,28.29730796813965,-32070.841796875,15682.005859375,-11635.6923828125,-4050.583251953125,14894.7333984375,-4513.353515625
377716.128518082,-2706.86328125,27.246776580810547,-32073.43359375,15678.8095703125,-11642.8447265625,-4058.5849609375,14890.9111328125,-4517.220703125
377716.131456974,-2704.717529296875,28.92315673828125,-32077.501953125,15680.53125,-11644.6328125,-4064.441162109375,14887.7373046875,-4517.935546875
377716.13657624,-2701.498779296875,28.744342803955078,-32082.822265625,15675.4794921875,-11650.98046875,-4068.91162109375,14886.26171875,-4513.7333984375
377716.139486687,-2698.615478515625,31.85123634338379,-32079.201171875,15677.4912109375,-11647.203125,-4062.563720703125,14890.9560546875,-4511.744140625
377716.143553145,-2691.2841796875,41.037803649902344,-32067.9140625,15684.822265625,-11642.1748046875,-4054.830078125,14898.0185546875,-4510.29150390625
377716.146606544,-2690.412353515625,45.88813018798828,-32061.923828125,15688.5556640625,-11640.85546875,-4053.757080078125,14899.0693359375,-4513.04052734375
377716.150555942,-2689.78662109375,50.35847854614258,-32062.75,15692.064453125,-11636.5859375,-4052.013671875,14899.4267578125,-4516.84033203125
377716.154648656,-2683.97509765625,59.88032150268555,-32059.912109375,15698.3896484375,-11630.998046875,-4049.175048828125,14901.416015625,-4510.11279296875
377716.158706727,-2684.154052734375,66.45173645019531,-32053.318359375,15705.654296875,-11624.740234375,-4042.2236328125,14904.724609375,-4504.63623046875
377716.163581662,-2688.110107421875,62.89780807495117,-32049.65234375,15705.4306640625,-11625.611328125,-4043.69873046875,14900.8349609375,-4509.71044921875
#377747.189599188,-2773.8515625,42.445960998535156,-32039.416015625,15618.7958984375,-11524.828125,-4154.9208984375,14857.4501953125,-4420.8623046875
377747.194441304,-2777.003173828125,34.801666259765625,-32053.048828125,15608.0888671875,-11532.44921875,-4163.28076171875,14847.66015625,-4424.28173828125
377747.198478952,-2774.4326171875,36.14277267456055,-32054.0546875,15610.212890625,-11528.7392578125,-4159.32421875,14847.1015625,-4424.55029296875
377747.202926493,-2776.399658203125,34.39933395385742,-32055.375,15606.2333984375,-11532.583984375,-4161.02294921875,14845.2236328125,-4426.87451171875
377747.206922204,-2786.234375,22.888185501098633,-32068.986328125,15590.85546875,-11552.72265625,-4179.84326171875,14829.779296875,-4435.92724609375
377747.210865767,-2786.390869140625,20.5412540435791,-32081.123046875,15587.0556640625,-11560.5908203125,-4191.08642578125,14820.234375,-4437.33544921875
377747.215591917,-2788.290771484375,15.042723655700684,-32094.51171875,15578.7861328125,-11569.3525390625,-4202.150390625,14810.7802734375,-4439.54833984375
377747.218519504,-2790.168212890625,11.868776321411133,-32096.591796875,15575.09765625,-11570.08984375,-4200.67529296875,14810.5341796875,-4441.06787109375
377747.222491147,-2789.654052734375,14.774502754211426,-32091.5625,15577.35546875,-11571.0283203125,-4198.61865234375,14812.3447265625,-4441.93994140625
377747.226533537,-2787.30712890625,19.602479934692383,-32083.11328125,15582.7197265625,-11564.099609375,-4186.41455078125,14822.4697265625,-4438.408203125
377747.231561999,-2788.558837890625,20.429494857788086,-32081.66015625,15584.1728515625,-11559.5849609375,-4177.85400390625,14833.310546875,-4429.5791015625
377747.235537654,-2785.586181640625,24.69867706298828,-32076.36328125,15587.97265625,-11551.873046875,-4170.9697265625,14841.46875,-4419.8115234375
377747.238872215,-2780.758056640625,37.52857971191406,-32059.173828125,15603.373046875,-11538.3955078125,-4160.86669921875,14849.0009765625,-4415.85546875
377747.241648828,-2771.72802734375,54.33708953857422,-32036.375,15622.662109375,-11525.4755859375,-4150.65185546875,14856.064453125,-4415.36376953125
377747.245864072,-2765.6259765625,63.948341369628906,-32023.412109375,15630.10546875,-11522.97265625,-4148.39453125,14856.6455078125,-4417.68798828125
377747.250540261,-2760.2392578125,75.45948791503906,-32014.537109375,15646.400390625,-11511.70703125,-4141.15234375,14857.763671875,-4415.4755859375
377747.254904656,-2755.8359375,78.54402923583984,-32011.744140625,15653.396484375,-11504.80078125,-4136.05615234375,14861.98828125,-4409.75341796875
377747.258903285,-2760.373291015625,70.36328887939453,-32014.158203125,15648.568359375,-11507.6611328125,-4138.3583984375,14862.2333984375,-4411.0048828125
377747.262660501,-2760.999267578125,65.87059020996094,-32007.966796875,15649.3056640625,-11505.2470703125,-4134.603515625,14868.7607421875,-4409.060546875
377747.266697056,-2765.178955078125,58.31570053100586,-32006.826171875,15646.466796875,-11505.515625,-4134.55859375,14872.4482421875,-4409.10498046875
377747.270570602,-2772.979736328125,46.826904296875,-32019.03125,15634.6650390625,-11511.439453125,-4140.75,14868.447265625,-4412.033203125
377747.273908445,-2774.94677734375,38.80262756347656,-32031.099609375,15622.5732421875,-11520.46875,-4151.3896484375,14857.0029296875,-4417.1962890625
377747.277954481,-2769.13525390625,44.032936096191406,-32028.373046875,15629.7705078125,-11512.5341796875,-4144.9521484375,14860.2890625,-4415.7880859375
377747.28256503,-2771.303466796875,40.613121032714844,-32031.8828125,15623.802734375,-11520.357421875,-4150.29443359375,14856.556640625,-4419.990234375
377747.286580798,-2776.8466796875,30.398372650146484,-32043.37109375,15608.6474609375,-11537.009765625,-4166.63330078125,14844.6201171875,-4428.8642578125
377747.290652726,-2783.663818359375,20.071866989135742,-32062.392578125,15593.9404296875,-11553.3037109375,-4183.26318359375,14830.091796875,-4435.10009765625
377747.294772426,-2777.673583984375,22.821130752563477,-32070.3046875,15594.833984375,-11554.1533203125,-4186.5263671875,14824.7724609375,-4432.28369140625
377747.297667193,-2783.90966796875,15.646221160888672,-32081.146484375,15584.396484375,-11565.708984375,-4197.23291015625,14814.8701171875,-4441.51513671875
377747.301798562,-2790.32470703125,7.689000129699707,-32090.33203125,15572.080078125,-11577.48828125,-4205.5029296875,14806.7119140625,-4449.986328125
377747.306740962,-2791.6435546875,6.124378204345703,-32092.2109375,15567.095703125,-11582.0478515625,-4205.525390625,14806.7119140625,-4450.1650390625
377747.310814713,-2785.273193359375,18.842519760131836,-32086.287109375,15582.294921875,-11567.4296875,-4191.890625,14815.8095703125,-4444.6220703125
377747.314677319,-2773.91845703125,28.99021339416504,-32081.705078125,15592.30859375,-11554.8681640625,-4178.81494140625,14826.4931640625,-4436.8212890625
377747.319003059,-2775.974853515625,25.905672073364258,-32080.990234375,15587.2353515625,-11558.8916015625,-4180.3349609375,14829.5107421875,-4432.93212890625
377747.322964491,-2778.4560546875,28.118494033813477,-32069.09765625,15593.5380859375,-11551.626953125,-4169.65087890625,14840.5751953125,-4426.0029296875
377747.326811781,-2776.466552734375,36.67921447753906,-32054.94921875,15606.8369140625,-11542.2392578125,-4160.576171875,14849.873046875,-4421.8681640625
377747.32997677,-2775.371337890625,39.54023742675781,-32050.703125,15611.62109375,-11539.177734375,-4160.1513671875,14851.3486328125,-4418.58203125
377747.333968105,-2772.398681640625,44.502323150634766,-32046.568359375,15616.626953125,-11532.1591796875,-4153.982421875,14851.638671875,-4417.419921875
377747.33872197,-2764.0615234375,55.611141204833984,-32034.720703125,15625.7470703125,-11524.7158203125,-4148.39453125,14855.3046875,-4416.0341796875
377747.342688143,-2760.0380859375,62.406070709228516,-32025.265625,15630.5751953125,-11525.9453125,-4151.3671875,14853.7626953125,-4422.60546875
377747.346742202,-2765.871826171875,60.97555923461914,-32023.857421875,15629.658203125,-11533.9921875,-4161.69384765625,14844.53125,-4429.95947265625
377747.350892899,-2766.095458984375,59.00860595703125,-32023.322265625,15632.408203125,-11529.7900390625,-4156.08349609375,14848.21875,-4424.88525390625
377747.354067369,-2762.697998046875,58.53921890258789,-32023.388671875,15638.017578125,-11522.0341796875,-4147.7236328125,14857.8525390625,-4415.654296875
377747.358096995,-2759.568603515625,59.14271545410156,-32021.82421875,15643.1591796875,-11518.591796875,-4146.29345703125,14862.5244140625,-4410.71435546875
377747.36208906,-2765.894287109375,54.73942184448242,-32025.333984375,15639.0234375,-11524.224609375,-4150.361328125,14859.841796875,-4414.73779296875
377747.367845043,-2767.190673828125,56.30404281616211,-32028.126953125,15639.001953125,-11527.2197265625,-4155.1669921875,14853.4267578125,-4422.89599609375
377747.372124834,-2769.068115234375,49.419708251953125,-32038.6328125,15629.189453125,-11531.8681640625,-4160.03955078125,14850.7001953125,-4425.3994140625
377747.37491421,-2772.488037109375,40.85898971557617,-32053.318359375,15615.509765625,-11541.5244140625,-4169.02490234375,14844.576171875,-4425.53369140625
377747.378986138,-2777.584228515625,29.37019157409668,-32063.779296875,15602.970703125,-11547.08984375,-4171.08154296875,14842.51953125,-4426.29345703125
377747.382137269,-2776.2431640625,25.771560668945312,-32065.142578125,15596.82421875,-11549.59375,-4169.69580078125,14846.2744140625,-4423.0751953125
377747.387691224,-2778.880615234375,23.111703872680664,-32069.43359375,15592.2197265625,-11554.4658203125,-4172.64599609375,14842.8544921875,-4426.89697265625
377747.390758481,-2786.8154296875,15.065075874328613,-32082.509765625,15580.23828125,-11566.2451171875,-4186.75,14828.4375,-4437.0673828125
377747.394871617,-2788.13427734375,12.829901695251465,-32091.046875,15576.1259765625,-11569.8662109375,-4193.88037109375,14821.3525390625,-4442.27490234375
377747.399012468,-2774.767822265625,26.50916862487793,-32078.798828125,15592.755859375,-11554.33203125,-4182.63720703125,14830.248046875,-4437.6259765625
377747.403045376,-2775.05859375,28.789047241210938,-32073.724609375,15592.4208984375,-11556.4775390625,-4182.9052734375,14828.28125,-4442.34228515625
377747.406966694,-2773.2255859375,34.17581558227539,-32063.779296875,15597.650390625,-11549.5263671875,-4173.24951171875,14832.6171875,-4441.31396484375
377747.409927831,-2767.615234375,41.79776382446289,-32054.30078125,15608.5361328125,-11534.4169921875,-4157.111328125,14845.380859375,-4430.69677734375
377747.413868842,-2766.564697265625,44.882301330566406,-32054.234375,15614.90625,-11529.1640625,-4155.14453125,14846.296875,-4425.779296875
377747.417915972,-2762.072021484375,47.98919677734375,-32050.099609375,15617.677734375,-11528.9404296875,-4155.21142578125,14846.453125,-4426.271484375
377747.421985347,-2762.206298828125,46.87160873413086,-32044.779296875,15613.5654296875,-11533.9921875,-4155.546875,14844.0166015625,-4430.8310546875
377747.426989012,-2761.267333984375,50.93962478637695,-32037.158203125,15618.9296875,-11530.7060546875,-4150.87548828125,14847.392578125,-4428.8642578125
377747.430842866,-2761.468505859375,55.365272521972656,-32037.470703125,15626.4169921875,-11526.2353515625,-4148.23779296875,14850.07421875,-4426.0703125
377747.434907865,-2764.35205078125,51.118438720703125,-32047.08203125,15623.8916015625,-11528.76171875,-4151.43408203125,14848.3984375,-4422.3818359375
377747.43812719,-2767.615234375,44.43526840209961,-32054.5703125,15615.4423828125,-11539.9599609375,-4163.45947265625,14841.423828125,-4427.14306640625
377747.442100292,-2767.2353515625,49.576168060302734,-32048.736328125,15619.287109375,-11540.697265625,-4167.66162109375,14837.6689453125,-4432.10498046875
377747.44613247,-2765.693115234375,55.92406463623047,-32039.013671875,15627.0205078125,-11531.689453125,-4156.396484375,14848.0625,-4427.27685546875
377747.451029286,-2765.178955078125,57.19811248779297,-32039.705078125,15628.294921875,-11528.4931640625,-4154.1162109375,14849.9853515625,-4423.56689453125
377747.454878764,-2768.866943359375,50.11260986328125,-32049.517578125,15622.193359375,-11531.734375,-4157.111328125,14847.1015625,-4425.869140625
377747.459139592,-2763.413330078125,52.77246856689453,-32046.052734375,15626.283203125,-11530.9970703125,-4158.09521484375,14848.4423828125,-4424.30419921875
377747.463176876,-2761.13330078125,55.38762283325195,-32040.2421875,15630.0380859375,-11529.3427734375,-4156.5751953125,14850.275390625,-4425.71240234375
377747.466258355,-2765.380126953125,49.419708251953125,-32040.578125,15626.4619140625,-11529.3427734375,-4154.49658203125,14851.572265625,-4425.95849609375
377747.470227445,-2767.615234375,43.69765853881836,-32047.796875,15619.845703125,-11533.4775390625,-4156.21728515625,14849.4931640625,-4423.32080078125
377747.474046656,-2768.665771484375,37.95326232910156,-32058.7265625,15611.9560546875,-11539.3564453125,-4164.353515625,14842.1845703125,-4422.2255859375
377747.478098162,-2763.882568359375,43.161216735839844,-32058.123046875,15614.861328125,-11537.7919921875,-4166.7451171875,14842.2060546875,-4420.0126953125
377747.482853121,-2763.100341796875,41.9542236328125,-32058.681640625,15609.02734375,-11543.759765625,-4168.5107421875,14841.71484375,-4425.51123046875
377747.486847009,-2767.72705078125,35.89690017700195,-32064.62890625,15598.65625,-11557.1708984375,-4181.7880859375,14832.0810546875,-4434.13916015625
377747.490922583,-2767.101318359375,38.89203643798828,-32064.560546875,15601.5625,-11555.3828125,-4183.173828125,14829.845703125,-4431.07666015625
377747.493958478,-2763.368408203125,41.1048583984375,-32067.041015625,15601.271484375,-11554.779296875,-4183.330078125,14827.677734375,-4427.8583984375
377747.497918452,-2758.585205078125,41.373077392578125,-32065.544921875,15598.58984375,-11555.181640625,-4181.9892578125,14829.1083984375,-4426.94189453125
377747.502137707,-2759.8369140625,44.547027587890625,-32057.23046875,15603.4619140625,-11551.314453125,-4176.5576171875,14834.71875,-4427.0537109375
377747.506104245,-2766.788330078125,44.25645446777344,-32053.02734375,15603.7978515625,-11550.15234375,-4173.1376953125,14835.4560546875,-4431.009765625
377747.510792468,-2772.577392578125,39.18260955810547,-32057.51953125,15601.9873046875,-11552.0517578125,-4176.177734375,14830.494140625,-4437.53662109375
377747.514863302,-2768.285888671875,42.110687255859375,-32058.90625,15608.2900390625,-11552.9013671875,-4183.9111328125,14820.2568359375,-4445.53857421875
377747.519162785,-2766.2294921875,43.652957916259766,-32055.060546875,15611.1064453125,-11548.9453125,-4177.8984375,14825.263671875,-4446.0078125
377747.522205609,-2766.788330078125,42.490665435791016,-32050.61328125,15611.6650390625,-11544.921875,-4167.25927734375,14834.4052734375,-4444.35400390625
377747.526147349,-2772.085693359375,39.07085037231445,-32050.412109375,15610.5927734375,-11547.6044921875,-4167.1025390625,14835.0537109375,-4444.2421875
377747.529945408,-2776.8466796875,34.82401657104492,-32056.3359375,15607.865234375,-11550.419921875,-4170.23193359375,14835.1435546875,-4441.828125
377747.533839741,-2774.209228515625,38.19913101196289,-32059.12890625,15613.6103515625,-11542.3291015625,-4162.90087890625,14840.9775390625,-4434.74267578125
377747.538775577,-2774.991455078125,38.132076263427734,-32060.962890625,15613.654296875,-11540.0263671875,-4161.7158203125,14840.955078125,-4436.75439453125
377747.543120644,-2770.6552734375,43.11651611328125,-32055.5078125,15616.1357421875,-11541.30078125,-4163.81689453125,14839.6806640625,-4440.46484375
377747.546919433,-2762.51904296875,57.622798919677734,-32043.482421875,15632.564453125,-11533.6337890625,-4161.9169921875,14836.931640625,-4444.15283203125
377747.550205857,-2765.8271484375,56.28169250488281,-32046.857421875,15632.5869140625,-11533.5224609375,-4163.81689453125,14831.5224609375,-4446.67822265625
377747.555221921,-2767.95068359375,51.27490234375,-32051.6640625,15630.0830078125,-11531.01953125,-4161.29150390625,14834.16015625,-4440.4423828125
377747.558883593,-2767.906005859375,47.58686447143555,-32052.22265625,15626.7529296875,-11532.986328125,-4161.82763671875,14836.0146484375,-4435.79296875
377747.561940638,-2768.35302734375,46.91631317138672,-32049.96484375,15622.193359375,-11538.41796875,-4163.9287109375,14836.2607421875,-4435.7705078125
377747.566018766,-2766.900146484375,48.59269332885742,-32048.021484375,15618.6171875,-11541.8818359375,-4166.70068359375,14834.5400390625,-4439.056640625
377747.571321826,-2770.968017578125,44.278804779052734,-32056.0234375,15610.3017578125,-11549.3701171875,-4176.62451171875,14827.23046875,-4445.67236328125
377747.575248615,-2770.073974609375,40.099029541015625,-32064.515625,15601.8974609375,-11555.6728515625,-4185.185546875,14817.619140625,-4450.2548828125
377747.578229444,-2760.082763671875,46.20105743408203,-32059.978515625,15604.646484375,-11554.9580078125,-4186.86181640625,14813.5966796875,-4452.75830078125
377747.582159879,-2759.814697265625,47.2515869140625,-32053.853515625,15603.9541015625,-11556.5,-4188.11328125,14811.00390625,-4454.814453125
377747.585977631,-2764.6201171875,47.96684265136719,-32052.1328125,15604.5576171875,-11558.400390625,-4190.52734375,14806.041015625,-4459.06103515625
377747.590298265,-2763.279052734375,51.18549346923828,-32053.5859375,15606.45703125,-11557.70703125,-4189.3876953125,14807.337890625,-4456.177734375
377747.594282307,-2765.782470703125,47.58686447143555,-32061.38671875,15602.7919921875,-11559.8525390625,-4191.26513671875,14804.7900390625,-4454.6357421875
377747.598363716,-2766.05078125,49.46440887451172,-32059.0390625,15605.49609375,-11557.7744140625,-4190.66162109375,14806.5107421875,-4454.3896484375
377747.603298823,-2765.804931640625,49.48676300048828,-32051.10546875,15606.859375,-11553.572265625,-4180.24560546875,14817.10546875,-4449.09228515625
377747.60632086,-2761.379150390625,53.71124267578125,-32040.82421875,15615.5771484375,-11542.2177734375,-4162.67724609375,14832.0361328125,-4440.68798828125
377747.609938771,-2765.313232421875,53.04069137573242,-32042.1875,15620.1591796875,-11539.177734375,-4160.1513671875,14835.166015625,-4439.92822265625
377747.614012158,-2770.94580078125,46.558685302734375,-32049.787109375,15616.515625,-11540.4736328125,-4164.26416015625,14834.5625,-4438.31884765625
377747.618171972,-2772.778564453125,42.021278381347656,-32051.150390625,15614.90625,-11537.009765625,-4158.564453125,14841.1337890625,-4431.72509765625
377747.622150543,-2772.64453125,40.76958084106445,-32047.908203125,15616.470703125,-11533.0087890625,-4148.86376953125,14852.4658203125,-4422.53857421875
377747.627025114,-2775.661865234375,40.23313903808594,-32050.166015625,15616.404296875,-11534.6181640625,-4150.7412109375,14849.560546875,-4427.03125
377747.631086102,-2772.711669921875,46.73749923706055,-32050.63671875,15621.9921875,-11531.623046875,-4152.5966796875,14845.9169921875,-4429.4453125
377747.634304333,-2768.53173828125,48.525638580322266,-32053.228515625,15623.0869140625,-11532.2705078125,-4158.49755859375,14838.8759765625,-4433.37890625
377747.638285457,-2776.287841796875,41.30602264404297,-32057.05078125,15618.4375,-11536.361328125,-4163.146484375,14835.03125,-4438.07275390625
377747.642072941,-2768.598876953125,52.660709381103516,-32046.166015625,15626.841796875,-11532.6953125,-4160.84423828125,14839.94921875,-4435.5693359375
377747.646146328,-2768.509521484375,52.99598693847656,-32044.935546875,15624.5625,-11539.8251953125,-4167.728515625,14834.361328125,-4439.16796875
377747.650216432,-2770.185791015625,47.92213821411133,-32052.490234375,15618.1923828125,-11547.2685546875,-4175.931640625,14826.5830078125,-4441.2021484375
377747.655035938,-2772.75634765625,40.50136184692383,-32063.107421875,15609.072265625,-11552.767578125,-4181.7431640625,14818.625,-4442.6103515625
377747.659082339,-2770.14111328125,37.9085578918457,-32066.638671875,15600.9365234375,-11559.919921875,-4187.80029296875,14812.322265625,-4447.12548828125
377747.662085778,-2767.95068359375,38.7579231262207,-32061.990234375,15597.583984375,-11561.373046875,-4187.19677734375,14813.931640625,-4449.583984375
377747.666406412,-2765.8271484375,44.591732025146484,-32055.28515625,15601.5849609375,-11558.8916015625,-4182.07861328125,14816.9267578125,-4449.4501953125
377747.670457554,-2765.514404296875,47.184532165527344,-32057.453125,15600.265625,-11562.1328125,-4186.7275390625,14813.9765625,-4449.09228515625
377747.674387624,-2767.302490234375,43.25062561035156,-32064.94140625,15594.431640625,-11566.603515625,-4193.25439453125,14807.9189453125,-4450.58984375
377747.678505865,-2761.513427734375,49.66557693481445,-32059.353515625,15602.7470703125,-11559.62890625,-4189.767578125,14811.1826171875,-4447.28173828125
377747.683307867,-2766.274169921875,50.470237731933594,-32052.04296875,15606.6357421875,-11555.494140625,-4184.62646484375,14815.2060546875,-4447.95263671875
377747.687354267,-2767.101318359375,51.00667953491211,-32045.00390625,15611.3525390625,-11548.6103515625,-4173.49560546875,14823.185546875,-4445.53857421875
377747.690402561,-2768.598876953125,48.726802825927734,-32045.5390625,15610.81640625,-11546.9560546875,-4170.3212890625,14828.0576171875,-4438.4306640625
377747.694133156,-2766.385986328125,49.08443069458008,-32046.12109375,15613.7890625,-11538.3955078125,-4159.48095703125,14839.9716796875,-4427.388671875
377747.698168252,-2768.95654296875,48.302120208740234,-32045.8515625,15616.515625,-11531.01953125,-4150.00390625,14849.626953125,-4422.94091796875
377747.702325148,-2772.6220703125,46.245758056640625,-32041.5390625,15616.962890625,-11530.3935546875,-4146.85205078125,14854.611328125,-4423.92431640625
377747.706297156,-2775.684326171875,42.62477493286133,-32039.66015625,15616.068359375,-11529.9462890625,-4143.8125,14860.333984375,-4422.11376953125
377747.710252024,-2780.288818359375,35.15929412841797,-32047.953125,15608.7373046875,-11534.39453125,-4146.5615234375,14856.5791015625,-4422.2255859375
377747.715186402,-2781.384033203125,32.05240249633789,-32056.73828125,15604.6689453125,-11537.3447265625,-4152.373046875,14849.560546875,-4422.60546875
377747.718412655,-2775.371337890625,36.969783782958984,-32054.591796875,15613.453125,-11533.9248046875,-4152.41748046875,14848.5546875,-4423.16455078125
377747.722360595,-2775.95263671875,36.589805603027344,-32052.826171875,15615.5322265625,-11536.830078125,-4155.25634765625,14844.3974609375,-4427.88037109375
377747.726178711,-2781.8310546875,32.29827117919922,-32055.462890625,15609.8994140625,-11546.9560546875,-4165.67236328125,14836.685546875,-4435.6142578125
377747.732377771,-2787.955322265625,23.62579345703125,-32065.34375,15597.4052734375,-11561.640625,-4182.61474609375,14826.5380859375,-4440.419921875
377747.735493893,-2782.34521484375,26.55387306213379,-32066.259765625,15601.80859375,-11560.076171875,-4187.46533203125,14823.0283203125,-4437.46923828125
377747.738286187,-2778.54541015625,31.426551818847656,-32060.314453125,15606.94921875,-11553.7060546875,-4179.9775390625,14827.208984375,-4433.55810546875
377747.743162946,-2777.71826171875,33.32645034790039,-32058.236328125,15605.4072265625,-11559.2490234375,-4185.3642578125,14820.7939453125,-4440.0400390625
377747.747307079,-2780.959228515625,29.41489601135254,-32059.12890625,15599.998046875,-11564.61328125,-4191.60009765625,14813.171875,-4449.025390625
377747.751552591,-2778.992431640625,29.906633377075195,-32059.8671875,15598.58984375,-11561.23828125,-4188.3818359375,14815.3623046875,-4448.26513671875
377747.754392656,-2778.74658203125,27.917327880859375,-32065.119140625,15594.833984375,-11560.3896484375,-4187.59912109375,14815.9208984375,-4445.56103515625
377747.758233747,-2775.281982421875,29.772523880004883,-32063.666015625,15594.3876953125,-11557.8408203125,-4184.80517578125,14818.7373046875,-4441.26904296875
377747.762384079,-2775.997314453125,30.48777961730957,-32060.158203125,15592.4423828125,-11560.478515625,-4183.9560546875,14820.525390625,-4439.6376953125
377747.766528577,-2773.605712890625,35.29340362548828,-32053.720703125,15595.4375,-11561.1943359375,-4184.3359375,14820.8603515625,-4439.5927734375
377747.771303228,-2773.761962890625,38.53440856933594,-32050.14453125,15601.80859375,-11554.4208984375,-4179.64208984375,14823.7216796875,-4437.13427734375
377747.774279681,-2770.789306640625,43.2059211730957,-32049.31640625,15607.0830078125,-11546.12890625,-4172.9365234375,14830.9638671875,-4430.47314453125
377747.779251255,-2770.163330078125,42.960052490234375,-32050.63671875,15604.580078125,-11547.537109375,-4173.49560546875,14830.248046875,-4430.49560546875
377747.782354979,-2768.75537109375,45.88813018798828,-32044.33203125,15611.017578125,-11539.2666015625,-4162.65478515625,14838.1162109375,-4429.95947265625
377747.786355431,-2772.33154296875,43.898826599121094,-32042.275390625,15609.072265625,-11539.333984375,-4158.3408203125,14843.6142578125,-4430.1826171875
377747.79035953,-2775.2373046875,40.92604446411133,-32047.505859375,15605.5859375,-11542.798828125,-4161.1572265625,14843.7041015625,-4429.9814453125
377747.796298943,-2774.767822265625,40.50136184692383,-32053.564453125,15606.345703125,-11543.2900390625,-4166.05224609375,14839.9716796875,-4429.15478515625
377747.799379692,-2768.487060546875,47.832733154296875,-32046.052734375,15615.4423828125,-11535.7578125,-4162.00634765625,14843.97265625,-4424.3935546875
377747.802488157,-2766.72119140625,50.58199691772461,-32039.818359375,15620.046875,-11533.455078125,-4158.60888671875,14842.1845703125,-4426.87451171875
377747.806304085,-2777.74072265625,39.897865295410156,-32048.51171875,15607.6865234375,-11547.939453125,-4171.9755859375,14829.533203125,-4439.2353515625
377747.810330794,-2786.92724609375,30.532482147216797,-32059.12890625,15599.3046875,-11555.1591796875,-4180.916015625,14823.900390625,-4444.443359375
377747.814387041,-2783.14990234375,28.632585525512695,-32064.830078125,15598.7685546875,-11553.6611328125,-4180.3349609375,14827.275390625,-4437.6259765625
377747.818460062,-2785.31787109375,21.748247146606445,-32073.76953125,15591.66015625,-11561.23828125,-4185.7890625,14822.291015625,-4441.29150390625
377747.822389768,-2792.6044921875,14.215709686279297,-32079.9609375,15582.4072265625,-11573.21875,-4194.48388671875,14813.2607421875,-4448.421875
377747.828423267,-2790.771728515625,20.407142639160156,-32073.859375,15589.73828125,-11571.9228515625,-4193.99169921875,14815.384765625,-4447.70654296875
377747.831524803,-2778.92529296875,39.51788330078125,-32060.359375,15610.212890625,-11557.39453125,-4182.9501953125,14826.873046875,-4438.29638671875
377747.83531411,-2775.8408203125,41.75305938720703,-32063.48828125,15609.51953125,-11557.55078125,-4184.939453125,14824.81640625,-4436.28466796875
377747.838368967,-2779.573486328125,34.712257385253906,-32068.8515625,15598.4775390625,-11564.1669921875,-4189.85693359375,14818.603515625,-4439.27978515625
377747.842365044,-2782.769775390625,28.789047241210938,-32069.92578125,15589.693359375,-11571.4091796875,-4196.1376953125,14811.8525390625,-4445.35986328125
377747.846447182,-2780.489990234375,32.03004837036133,-32064.60546875,15592.7109375,-11567.408203125,-4190.41552734375,14814.9150390625,-4444.51025390625
377747.853351153,-2782.591064453125,29.928985595703125,-32069.43359375,15589.3583984375,-11570.4248046875,-4194.68505859375,14811.517578125,-4444.73388671875
377747.85646217,-2786.63671875,18.887224197387695,-32083.044921875,15575.3212890625,-11579.8798828125,-4204.1396484375,14802.4873046875,-4449.06982421875
377747.859532709,-2781.697021484375,27.1126651763916,-32073.14453125,15587.1904296875,-11561.7529296875,-4185.00634765625,14812.6796875,-4444.46533203125
377747.863374164,-2784.31201171875,28.118494033813477,-32067.041015625,15588.28515625,-11561.9091796875,-4183.732421875,14810.623046875,-4448.28759765625
377747.867430776,-2788.8271484375,22.485855102539062,-32069.9921875,15579.92578125,-11569.6650390625,-4190.1025390625,14802.3984375,-4458.189453125
377747.87047287,-2791.285888671875,18.75311279296875,-32076.630859375,15573.2421875,-11572.0341796875,-4191.24267578125,14801.8837890625,-4460.3798828125
377747.874450348,-2787.575439453125,24.944547653198242,-32074.015625,15587.369140625,-11556.1201171875,-4178.25634765625,14810.1767578125,-4455.1943359375
377747.88030151,-2787.061279296875,25.793912887573242,-32072.607421875,15590.296875,-11556.544921875,-4177.7197265625,14812.7021484375,-4450.232421875
377747.883473063,-2791.53173828125,22.955242156982422,-32070.439453125,15587.615234375,-11561.5068359375,-4181.47509765625,14810.82421875,-4449.91943359375
377747.886562564,-2797.4326171875,17.076732635498047,-32075.111328125,15580.08203125,-11571.6318359375,-4191.44384765625,14802.80078125,-4456.021484375
377747.890414595,-2798.170166015625,13.612212181091309,-32080.85546875,15575.6787109375,-11579.052734375,-4199.82568359375,14795.46875,-4456.8486328125
377747.894322056,-2802.640625,7.487834453582764,-32087.873046875,15572.9970703125,-11579.544921875,-4200.83154296875,14790.9990234375,-4457.7646484375
377747.898385232,-2803.51220703125,5.811453342437744,-32090.35546875,15571.7451171875,-11581.66796875,-4203.22314453125,14788.0478515625,-4458.591796875
377747.902429445,-2797.8125,12.986363410949707,-32080.02734375,15580.5517578125,-11572.90625,-4193.7685546875,14799.2236328125,-4451.2158203125
377747.906619526,-2801.32177734375,12.025238990783691,-32078.44140625,15581.78125,-11571.296875,-4191.3095703125,14802.4208984375,-4451.14892578125
377747.910677961,-2802.93115234375,12.539328575134277,-32080.498046875,15582.4296875,-11571.3642578125,-4191.1083984375,14802.3310546875,-4446.3876953125
377747.91459928,-2793.789306640625,25.682153701782227,-32075.78125,15595.4599609375,-11563.7646484375,-4189.40966796875,14801.7275390625,-4443.8623046875
377747.917492588,-2789.698974609375,35.20399856567383,-32069.388671875,15601.9873046875,-11564.14453125,-4193.90234375,14797.435546875,-4447.37109375
377747.921547376,-2791.91162109375,34.48874282836914,-32065.455078125,15599.103515625,-11568.4580078125,-4195.958984375,14798.1962890625,-4449.78515625
377747.926508374,-2789.967041015625,33.34880447387695,-32065.388671875,15593.2255859375,-11571.7666015625,-4194.46142578125,14803.5380859375,-4449.31591796875
377747.930479288,-2801.277099609375,22.418800354003906,-32079.0234375,15579.2548828125,-11580.908203125,-4203.24560546875,14796.6982421875,-4456.2001953125
377747.9348466,-2801.388916015625,17.970802307128906,-32086.30859375,15575.65625,-11578.583984375,-4204.22900390625,14795.15625,-4452.66845703125
377747.938509001,-2793.11865234375,13.723971366882324,-32085.28125,15572.5498046875,-11574.76171875,-4198.86474609375,14801.056640625,-4446.7900390625
377747.94286428,-2787.50830078125,17.27789878845215,-32078.75390625,15575.2763671875,-11572.9736328125,-4196.85302734375,14801.0791015625,-4450.34423828125
377747.946513553,-2784.625,27.336183547973633,-32068.8515625,15584.59765625,-11567.51953125,-4193.9248046875,14801.146484375,-4453.96484375
377747.949857595,-2785.787353515625,27.13501739501953,-32068.248046875,15581.22265625,-11567.408203125,-4193.1650390625,14801.0341796875,-4453.451171875
377747.95454983,-2785.4521484375,27.939680099487305,-32072.607421875,15582.8759765625,-11565.59765625,-4193.544921875,14796.162109375,-4453.74169921875
377747.958583832,-2778.098388671875,34.9581298828125,-32068.361328125,15593.4482421875,-11560.568359375,-4190.59423828125,14798.77734375,-4452.646484375
377747.962518643,-2780.579345703125,32.00769805908203,-32070.55078125,15588.62109375,-11569.8662109375,-4198.373046875,14796.2509765625,-4457.51904296875
377747.966790047,-2787.50830078125,25.525691986083984,-32074.3515625,15581.3115234375,-11574.7841796875,-4199.490234375,14796.7880859375,-4459.10595703125
377747.970770442,-2788.581298828125,22.798778533935547,-32075.46875,15579.478515625,-11571.095703125,-4191.779296875,14802.107421875,-4453.71923828125
377747.974747555,-2795.91259765625,11.48879623413086,-32088.1640625,15568.5712890625,-11581.466796875,-4204.67626953125,14793.2783203125,-4456.13330078125
377747.977656544,-2795.73388671875,10.572375297546387,-32088.365234375,15569.2197265625,-11582.6962890625,-4207.1796875,14791.2666015625,-4453.40625
377747.982498295,-2797.678466796875,9.074808120727539,-32085.458984375,15567.341796875,-11585.5576171875,-4208.38623046875,14790.6630859375,-4453.96484375
377747.986652638,-2796.471435546875,10.527671813964844,-32079.42578125,15571.5888671875,-11577.8017578125,-4199.44580078125,14798.84375,-4450.9921875
377747.990786561,-2793.94580078125,16.0932559967041,-32074.015625,15582.5634765625,-11565.5078125,-4189.87939453125,14807.5615234375,-4444.2646484375
377747.994843902,-2796.806640625,13.187529563903809,-32078.93359375,15581.244140625,-11566.9384765625,-4193.23193359375,14801.794921875,-4447.013671875
377747.998727659,-2796.404296875,12.204052925109863,-32079.357421875,15578.0927734375,-11569.9560546875,-4195.7802734375,14800.85546875,-4447.34912109375
377748.002448408,-2794.169189453125,15.109779357910156,-32072.541015625,15580.685546875,-11570.537109375,-4197.25537109375,14802.1298828125,-4447.88525390625
377748.005593339,-2794.83984375,15.176834106445312,-32069.298828125,15581.9599609375,-11570.2236328125,-4197.18798828125,14800.05078125,-4451.39453125
377748.010501095,-2796.44921875,14.528634071350098,-32072.33984375,15581.244140625,-11572.4140625,-4199.9150390625,14796.6533203125,-4450.7685546875
377748.014602926,-2795.8232421875,15.959145545959473,-32078.462890625,15581.78125,-11574.068359375,-4203.06689453125,14792.8984375,-4450.1875
377748.01867996,-2791.10693359375,20.451847076416016,-32075.490234375,15585.3798828125,-11570.7607421875,-4198.26123046875,14799.0224609375,-4445.650390625
377748.022831386,-2786.770751953125,23.22346305847168,-32069.2109375,15586.1845703125,-11567.318359375,-4189.87939453125,14807.5390625,-4441.2021484375
377748.026666642,-2782.591064453125,29.258434295654297,-32062.818359375,15591.2802734375,-11561.7080078125,-4184.09033203125,14810.1767578125,-4441.15771484375
377748.030521955,-2788.201416015625,24.631622314453125,-32069.43359375,15583.2783203125,-11566.7822265625,-4187.21923828125,14807.78515625,-4445.404296875
377748.033615832,-2788.402587890625,23.64814567565918,-32073.724609375,15581.8037109375,-11565.6640625,-4187.107421875,14807.8076171875,-4443.0576171875
377748.038638825,-2781.0263671875,32.1865119934082,-32067.689453125,15589.3583984375,-11560.7919921875,-4185.27490234375,14808.455078125,-4442.6103515625
377748.04252477,-2778.478271484375,34.376983642578125,-32060.91796875,15590.9677734375,-11561.5517578125,-4186.3251953125,14807.494140625,-4447.37109375
377748.046652857,-2782.792236328125,29.191377639770508,-32062.951171875,15583.2119140625,-11569.888671875,-4189.56640625,14804.0966796875,-4453.29443359375
377748.050621218,-2786.569580078125,24.72102928161621,-32069.25390625,15579.3896484375,-11575.2080078125,-4193.20947265625,14801.0791015625,-4453.1826171875
377748.05467783,-2787.6201171875,20.831825256347656,-32077.212890625,15577.4892578125,-11578.181640625,-4198.328125,14797.123046875,-4448.93603515625
377748.057717007,-2780.288818359375,29.86193084716797,-32069.3671875,15588.9111328125,-11565.3740234375,-4187.7783203125,14805.818359375,-4441.09033203125
377748.061685732,-2782.881591796875,29.99604034423828,-32066.326171875,15589.3134765625,-11569.0615234375,-4190.21435546875,14803.873046875,-4444.3984375
377748.065611427,-2784.379150390625,29.526655197143555,-32063.7109375,15590.2080078125,-11570.4697265625,-4190.1025390625,14803.60546875,-4446.52197265625
377748.070572425,-2786.882568359375,28.94550895690918,-32064.001953125,15593.314453125,-11561.8642578125,-4182.03369140625,14810.01953125,-4440.576171875
377748.074648,-2788.469482421875,25.078657150268555,-32071.37890625,15588.486328125,-11566.7373046875,-4188.9853515625,14803.314453125,-4442.4541015625
377748.078605785,-2785.094482421875,28.07379150390625,-32068.115234375,15590.5654296875,-11567.4970703125,-4192.7177734375,14800.1181640625,-4444.73388671875
377748.082585087,-2782.009765625,33.0358772277832,-32055.978515625,15598.5673828125,-11561.08203125,-4183.5087890625,14807.6953125,-4444.75634765625
377748.087529675,-2781.160400390625,36.79096984863281,-32049.541015625,15603.015625,-11560.27734375,-4180.06689453125,14811.205078125,-4444.2421875
377748.090573957,-2779.059326171875,38.89203643798828,-32051.439453125,15602.5908203125,-11560.0986328125,-4179.82080078125,14813.23828125,-4438.0283203125
377748.093794011,-2778.8359375,33.88524627685547,-32060.6484375,15594.611328125,-11564.2119140625,-4184.87255859375,14810.8466796875,-4435.68115234375
377748.098691192,-2778.187744140625,29.012563705444336,-32063.376953125,15586.7880859375,-11567.005859375,-4187.24169921875,14810.6904296875,-4432.775390625
377748.102607769,-2782.32275390625,23.82695960998535,-32064.94140625,15583.0771484375,-11570.24609375,-4190.66162109375,14806.33203125,-4438.74365234375
377748.106779253,-2784.669677734375,24.475160598754883,-32065.388671875,15584.462890625,-11570.4248046875,-4191.04150390625,14804.96875,-4444.7783203125
377748.110733756,-2783.70849609375,24.452808380126953,-32067.48828125,15580.7529296875,-11571.85546875,-4189.02978515625,14807.046875,-4442.2080078125
377748.113779132,-2785.675537109375,19.803646087646484,-32071.556640625,15576.3720703125,-11569.4638671875,-4182.43603515625,14809.0361328125,-4438.27392578125
377748.117715037,-2790.302490234375,16.048553466796875,-32073.30078125,15575.6787109375,-11568.2568359375,-4181.83251953125,14807.5166015625,-4438.810546875
377748.121745393,-2787.597900390625,19.066038131713867,-32067.734375,15581.625,-11566.7822265625,-4180.71484375,14808.25390625,-4438.20703125
377748.126704932,-2786.90478515625,19.289554595947266,-32064.314453125,15581.4677734375,-11569.576171875,-4183.173828125,14807.091796875,-4440.71044921875
377748.130769202,-2786.837890625,20.876529693603516,-32063.623046875,15583.1220703125,-11569.9560546875,-4186.28076171875,14805.7060546875,-4440.93408203125
377748.134791899,-2781.25,25.458637237548828,-32063.623046875,15584.396484375,-11566.7822265625,-4184.42529296875,14810.466796875,-4431.77001953125
377748.138801833,-2776.064208984375,29.303136825561523,-32060.3359375,15586.67578125,-11563.4736328125,-4180.759765625,14813.931640625,-4428.95361328125
377748.141845751,-2778.679443359375,29.526655197143555,-32054.904296875,15588.28515625,-11562.2666015625,-4174.76953125,14820.97265625,-4427.0087890625
377748.14584912,-2780.13232421875,33.0358772277832,-32048.66796875,15593.7841796875,-11560.0986328125,-4171.3046875,14827.0078125,-4424.48291015625
377748.149872911,-2782.2333984375,30.800703048706055,-32052.267578125,15593.314453125,-11562.1552734375,-4174.0986328125,14824.5712890625,-4423.87939453125
377748.154793796,-2783.999267578125,26.95620346069336,-32060.404296875,15589.0673828125,-11567.564453125,-4180.82666015625,14817.216796875,-4424.974609375
377748.158885781,-2786.435546875,26.576223373413086,-32061.0078125,15588.28515625,-11564.390625,-4178.5244140625,14814.1103515625,-4429.5791015625
377748.162810016,-2785.385009765625,30.353668212890625,-32055.017578125,15592.0625,-11562.3564453125,-4176.42333984375,14810.8466796875,-4437.6259765625
377748.166844018,-2783.976806640625,30.26426124572754,-32051.6640625,15589.849609375,-11567.2958984375,-4178.703125,14808.7236328125,-4442.7890625
377748.16992185,-2783.261474609375,31.314794540405273,-32051.462890625,15592.7109375,-11562.7587890625,-4173.42822265625,14811.8974609375,-4440.08447265625
377748.173859214,-2789.698974609375,25.65980339050293,-32063.533203125,15588.419921875,-11569.2177734375,-4183.41943359375,14801.6376953125,-4444.73388671875
377748.177862219,-2787.865966796875,24.877490997314453,-32066.572265625,15585.40234375,-11570.0673828125,-4182.5927734375,14803.626953125,-4438.47509765625
377748.18194217,-2784.22265625,27.470293045043945,-32061.4765625,15588.7548828125,-11565.8203125,-4177.1162109375,14805.013671875,-4435.4130859375
377748.185871511,-2780.93701171875,30.28661346435547,-32058.078125,15590.9677734375,-11565.6865234375,-4178.189453125,14803.404296875,-4439.369140625
