#354442.005340257,-94578.546875,-187500.046875,-187500.015625,-187500.015625,-98259.40625,-149429.0625,-67149.6484375,-187500.046875
354442.008232106,-92192.8359375,-187500.046875,-186721.53125,-187500.015625,-104331.6171875,-147841.546875,-65045.609375,-187500.046875
354442.012262097,-94337.171875,-187500.046875,-180725.859375,-187500.015625,-110488.4296875,-146543.421875,-61966.234375,-187500.046875
354442.016091153,-97930.546875,-187500.046875,-185458.03125,-187500.015625,-108467.5390625,-147229.0625,-61989.41015625,-187500.046875
354442.020000072,-98269.828125,-187500.046875,-187500.015625,-187500.015625,-101045.6640625,-149028.953125,-65158.12890625,-187500.046875
354442.024697778,-94563.0546875,-187500.046875,-187500.015625,-187500.015625,-98261.484375,-149421.609375,-67110.8203125,-187500.046875
354442.028816019,-92226.25,-187500.046875,-186709.796875,-187500.015625,-104346.2578125,-147833.71875,-65041.83203125,-187500.046875
354442.032903992,-94383.9765625,-187500.046875,-180746.578125,-187500.015625,-110488.9609375,-146540.078125,-61981.58984375,-187500.046875
354442.035831215,-97996.171875,-187500.046875,-185535.0625,-187500.015625,-108453.2578125,-147236.953125,-62062.234375,-187500.046875
354442.03982875,-98325.2578125,-187500.046875,-187500.015625,-187500.015625,-101030.6640625,-149035.265625,-65234.1015625,-187500.046875
354442.043880256,-94614.640625,-187500.046875,-187500.015625,-187500.015625,-98264.75,-149423.0625,-67174.5,-187500.046875
354442.047958018,-92256.9609375,-187500.046875,-186713.828125,-187500.015625,-104360.8984375,-147830.28125,-65070.7109375,-187500.046875
354442.052859575,-94372.75,-187500.046875,-180721.3125,-187500.015625,-110486.6875,-146532.0,-61949.6484375,-187500.046875
354442.056832312,-97941.4296875,-187500.046875,-185482.421875,-187500.015625,-108431.1953125,-147224.328125,-61974.48046875,-187500.046875
354442.060852457,-98246.9140625,-187500.046875,-187500.015625,-187500.015625,-101003.265625,-149018.984375,-65125.83203125,-187500.046875
354442.063988636,-94528.765625,-187500.046875,-187500.015625,-187500.015625,-98255.7421875,-149402.171875,-67066.03125,-187500.046875
354442.068235242,-92167.7734375,-187500.046875,-186608.203125,-187500.015625,-104361.859375,-147803.890625,-64935.39453125,-187500.046875
354442.072365518,-94333.65625,-187500.046875,-180679.765625,-187500.015625,-110477.0078125,-146518.359375,-61872.4453125,-187500.046875
354442.076289024,-97962.46875,-187500.046875,-185524.546875,-187500.015625,-108410.03125,-147227.03125,-61990.6640625,-187500.046875
354442.081200427,-98253.953125,-187500.046875,-187500.015625,-187500.015625,-100981.1796875,-149021.875,-65137.4296875,-187500.046875
354442.085107888,-94535.8984375,-187500.046875,-187500.015625,-187500.015625,-98250.515625,-149402.765625,-67072.3515625,-187500.046875
354442.089243633,-92200.921875,-187500.046875,-186630.234375,-187500.015625,-104369.6171875,-147805.40625,-64959.46484375,-187500.046875
354442.092363402,-94356.8125,-187500.046875,-180699.734375,-187500.015625,-110471.484375,-146517.40625,-61875.6875,-187500.046875
354442.096359843,-97960.609375,-187500.046875,-185532.578125,-187500.015625,-108387.453125,-147224.65625,-61969.4296875,-187500.046875
354442.10019984,-98265.0625,-187500.046875,-187500.015625,-187500.015625,-100958.9375,-149021.3125,-65151.22265625,-187500.046875
354442.104262651,-94551.1015625,-187500.046875,-187500.015625,-187500.015625,-98246.2890625,-149399.9375,-67097.2109375,-187500.046875
354442.109287102,-92226.5625,-187500.046875,-186637.5625,-187500.015625,-104380.9921875,-147799.609375,-64974.6875,-187500.046875
354442.113165025,-94359.7890625,-187500.046875,-180694.5,-187500.015625,-110471.375,-146508.359375,-61850.44921875,-187500.046875
354442.11719538,-97970.671875,-187500.046875,-185559.84375,-187500.015625,-108370.8671875,-147220.09375,-61966.9921875,-187500.046875
354442.120198089,-98250.1796875,-187500.046875,-187500.015625,-187500.015625,-100936.3671875,-149013.265625,-65124.98046875,-187500.046875
354442.124343316,-94511.0859375,-187500.046875,-187500.015625,-187500.015625,-98236.40625,-149382.65625,-67024.4296875,-187500.046875
354442.128328452,-92188.515625,-187500.046875,-186567.90625,-187500.015625,-104385.0859375,-147780.59375,-64888.9921875,-187500.046875
354442.132251959,-94363.8984375,-187500.046875,-180684.78125,-187500.015625,-110468.3984375,-146502.140625,-61819.2265625,-187500.046875
354442.137195088,-97974.0625,-187500.046875,-185573.171875,-187500.015625,-108350.28125,-147218.484375,-61949.26953125,-187500.046875
354442.141166731,-98266.7421875,-187500.046875,-187500.015625,-187500.015625,-100917.4765625,-149016.0625,-65142.7734375,-187500.046875
354442.145306853,-94525.3046875,-187500.046875,-187500.015625,-187500.015625,-98239.515625,-149383.0625,-67048.8828125,-187500.046875
354442.148219853,-92203.9609375,-187500.046875,-186568.9375,-187500.015625,-104400.4609375,-147775.140625,-64897.953125,-187500.046875
354442.152277559,-94389.6484375,-187500.046875,-180698.8125,-187500.015625,-110469.09375,-146496.46875,-61824.30078125,-187500.046875
354442.156409657,-97981.1953125,-187500.046875,-185592.5625,-187500.015625,-108329.6953125,-147212.546875,-61940.3046875,-187500.046875
354442.160462258,-98259.5625,-187500.046875,-187500.015625,-187500.015625,-100894.9453125,-149005.46875,-65128.109375,-187500.046875
354442.164421137,-94534.9375,-187500.046875,-187500.015625,-187500.015625,-98236.8125,-149369.4375,-67046.46875,-187500.046875
354442.169106444,-92214.0234375,-187500.046875,-186552.59375,-187500.015625,-104411.3203125,-147761.484375,-64882.01953125,-187500.046875
354442.173159773,-94387.7734375,-187500.046875,-180685.828125,-187500.015625,-110467.7109375,-146486.046875,-61792.46875,-187500.046875
354442.176098665,-97984.171875,-187500.046875,-185604.796875,-187500.015625,-108314.0078125,-147212.203125,-61928.99609375,-187500.046875
354442.180039311,-98258.6953125,-187500.046875,-187500.015625,-187500.015625,-100883.171875,-149007.609375,-65130.546875,-187500.046875
354442.184039034,-94494.1484375,-187500.046875,-187500.015625,-187500.015625,-98242.0,-149362.984375,-67004.296875,-187500.046875
354442.188086894,-92197.390625,-187500.046875,-186522.09375,-187500.015625,-104426.765625,-147755.359375,-64855.62109375,-187500.046875
354442.192031916,-94401.8515625,-187500.046875,-180692.125,-187500.015625,-110469.2734375,-146484.21875,-61788.515625,-187500.046875
354442.19591859,-98004.1328125,-187500.046875,-185635.625,-187500.015625,-108296.078125,-147212.75,-61939.03125,-187500.046875
354442.201029104,-98263.2109375,-187500.046875,-187500.015625,-187500.015625,-100862.7421875,-149003.96875,-65130.0546875,-187500.046875
354442.204120429,-94491.7109375,-187500.046875,-187500.015625,-187500.015625,-98237.796875,-149354.265625,-66977.9609375,-187500.046875
354442.208097907,-92189.8359375,-187500.046875,-186472.578125,-187500.015625,-104431.890625,-147742.484375,-64798.82421875,-187500.046875
354442.212096535,-94417.8828125,-187500.046875,-180686.3125,-187500.015625,-110465.4765625,-146477.0625,-61768.8671875,-187500.046875
354442.216268748,-98005.0234375,-187500.046875,-185650.5,-187500.015625,-108273.28125,-147211.671875,-61924.43359375,-187500.046875
354442.220323901,-98248.4140625,-187500.046875,-187500.015625,-187500.015625,-100836.6796875,-149001.6875,-65113.91796875,-187500.046875
354442.225161276,-94497.7421875,-187500.046875,-187500.015625,-187500.015625,-98229.34375,-149350.015625,-66989.921875,-187500.046875
354442.229175221,-92198.3984375,-187500.046875,-186474.390625,-187500.015625,-104436.3828125,-147735.0625,-64803.96484375,-187500.046875
354442.232262534,-94396.78125,-187500.046875,-180666.265625,-187500.015625,-110458.8828125,-146463.734375,-61719.37890625,-187500.046875
354442.236136445,-97992.3046875,-187500.046875,-185659.71875,-187500.015625,-108248.0703125,-147204.703125,-61887.578125,-187500.046875
354442.240396909,-98216.0703125,-187500.046875,-187500.015625,-187500.015625,-100812.875,-148993.9375,-65071.00390625,-187500.046875
354442.244407207,-94470.9921875,-187500.046875,-187500.015625,-187500.015625,-98225.3203125,-149338.984375,-66954.875,-187500.046875
354442.248104617,-92201.546875,-187500.046875,-186462.515625,-187500.015625,-104444.71875,-147723.078125,-64784.09375,-187500.046875
354442.252474117,-94417.2109375,-187500.046875,-180679.859375,-187500.015625,-110453.9609375,-146454.75,-61710.9765625,-187500.046875
354442.257385885,-97995.90625,-187500.046875,-185681.9375,-187500.015625,-108223.546875,-147196.453125,-61872.84765625,-187500.046875
354442.260327694,-98200.1328125,-187500.046875,-187500.015625,-187500.015625,-100787.0546875,-148984.28125,-65045.85546875,-187500.046875
354442.264478391,-94435.921875,-187500.046875,-187500.015625,-187500.015625,-98221.6328125,-149323.984375,-66905.8359375,-187500.046875
354442.268320575,-92194.8203125,-187500.046875,-186431.65625,-187500.015625,-104459.1796875,-147712.109375,-64758.03125,-187500.046875
354442.272506281,-94402.7265625,-187500.046875,-180650.171875,-187500.015625,-110454.96875,-146444.765625,-61661.7578125,-187500.046875
354442.276365605,-97960.2109375,-187500.046875,-185652.453125,-187500.015625,-108199.7890625,-147188.203125,-61801.5,-187500.046875
354442.280583037,-98166.5625,-187500.046875,-187500.015625,-187500.015625,-100767.1171875,-148977.890625,-64993.26171875,-187500.046875
354442.285332161,-94424.6953125,-187500.046875,-187500.015625,-187500.015625,-98219.6484375,-149313.9375,-66876.328125,-187500.046875
354442.288503714,-92189.3671875,-187500.046875,-186413.765625,-187500.015625,-104464.765625,-147698.78125,-64718.06640625,-187500.046875
354442.292519117,-94432.34375,-187500.046875,-180679.078125,-187500.015625,-110450.3203125,-146439.3125,-61666.09375,-187500.046875
354442.296175684,-98017.3828125,-187500.046875,-185735.78125,-187500.015625,-108182.109375,-147190.21875,-61857.89453125,-187500.046875
354442.300187806,-98227.0,-187500.046875,-187500.015625,-187500.015625,-100754.3984375,-148980.59375,-65065.81640625,-187500.046875
354442.304237124,-94485.09375,-187500.046875,-187500.015625,-187500.015625,-98224.1171875,-149312.640625,-66935.8046875,-187500.046875
354442.308234659,-92200.140625,-187500.046875,-186398.796875,-187500.015625,-104471.7421875,-147690.0625,-64696.921875,-187500.046875
354442.31322009,-94429.2109375,-187500.046875,-180666.296875,-187500.015625,-110446.609375,-146435.21875,-61631.47265625,-187500.046875
354442.316342047,-98023.8671875,-187500.046875,-185751.3125,-187500.015625,-108164.625,-147191.875,-61849.78125,-187500.046875
354442.320110568,-98227.78125,-187500.046875,-187500.015625,-187500.015625,-100734.59375,-148979.78125,-65065.30078125,-187500.046875
354442.324163168,-94455.703125,-187500.046875,-187500.015625,-187500.015625,-98217.0546875,-149303.125,-66901.140625,-187500.046875
354442.328209934,-92190.3046875,-187500.046875,-186377.09375,-187500.015625,-104477.328125,-147679.625,-64674.16796875,-187500.046875
354442.332473679,-94437.953125,-187500.046875,-180668.84375,-187500.015625,-110440.7265625,-146426.75,-61619.87109375,-187500.046875
354442.336288878,-98002.765625,-187500.046875,-185741.828125,-187500.015625,-108135.6796875,-147183.75,-61804.33984375,-187500.046875
354442.341578811,-98196.890625,-187500.046875,-187500.015625,-187500.015625,-100701.2734375,-148973.234375,-65020.15234375,-187500.046875
354442.344240187,-94448.953125,-187500.046875,-187500.015625,-187500.015625,-98204.0,-149296.625,-66881.5390625,-187500.046875
354442.348500286,-92229.7109375,-187500.046875,-186398.015625,-187500.015625,-104476.03125,-147676.71875,-64699.94140625,-187500.046875
354442.352438014,-94458.2265625,-187500.046875,-180684.375,-187500.015625,-110426.2421875,-146421.71875,-61621.3671875,-187500.046875
354442.356587253,-98031.9140625,-187500.046875,-185790.359375,-187500.015625,-108108.234375,-147184.359375,-61833.1953125,-187500.046875
354442.36049909,-98185.109375,-187500.046875,-187500.015625,-187500.015625,-100671.2734375,-148970.734375,-65019.6171875,-187500.046875
354442.364415667,-94406.59375,-187500.046875,-187500.015625,-187500.015625,-98195.0546875,-149285.171875,-66842.890625,-187500.046875
354442.369473668,-92159.6875,-187500.046875,-186318.53125,-187500.015625,-104478.46875,-147658.1875,-64606.53125,-187500.046875
354442.372470178,-94431.9375,-187500.046875,-180650.0625,-187500.015625,-110420.0546875,-146409.8125,-61568.23828125,-187500.046875
354442.376514027,-98013.828125,-187500.046875,-185779.109375,-187500.015625,-108082.8203125,-147174.34375,-61789.25,-187500.046875
354442.380471083,-98169.0390625,-187500.046875,-187500.015625,-187500.015625,-100641.28125,-148961.765625,-64993.77734375,-187500.046875
354442.384455125,-94413.5234375,-187500.046875,-187500.015625,-187500.015625,-98186.6953125,-149274.0,-66839.5859375,-187500.046875
354442.388687144,-92184.875,-187500.046875,-186315.515625,-187500.015625,-104478.4921875,-147646.59375,-64608.76953125,-187500.046875
354442.392691972,-94479.5078125,-187500.046875,-180689.671875,-187500.015625,-110411.1796875,-146406.5,-61605.296875,-187500.046875
354442.397526064,-98062.0859375,-187500.046875,-185844.078125,-187500.015625,-108062.796875,-147177.34375,-61847.72265625,-187500.046875
354442.400590404,-98199.5078125,-187500.046875,-187500.015625,-187500.015625,-100623.890625,-148962.4375,-65041.51953125,-187500.046875
354442.403578526,-94401.5625,-187500.046875,-187500.015625,-187500.015625,-98182.1796875,-149264.40625,-66830.53125,-187500.046875
354442.408531502,-92163.328125,-187500.046875,-186284.265625,-187500.015625,-104483.1640625,-147633.390625,-64574.859375,-187500.046875
354442.41228033,-94441.0859375,-187500.046875,-180647.890625,-187500.015625,-110405.5234375,-146391.0,-61538.9140625,-187500.046875
354442.416352987,-98005.3359375,-187500.046875,-185800.578125,-187500.015625,-108039.078125,-147162.515625,-61761.6015625,-187500.046875
354442.420341041,-98152.1171875,-187500.046875,-187500.015625,-187500.015625,-100601.3359375,-148952.78125,-64979.58203125,-187500.046875
354442.424345869,-94390.4140625,-187500.046875,-187500.015625,-187500.015625,-98181.1796875,-149256.921875,-66806.2578125,-187500.046875
354442.428321888,-92208.703125,-187500.046875,-186309.71875,-187500.015625,-104493.890625,-147633.984375,-64605.59375,-187500.046875
354442.431488335,-94509.453125,-187500.046875,-180713.3125,-187500.015625,-110404.4765625,-146399.96875,-61602.8828125,-187500.046875
354442.436648445,-98061.0390625,-187500.046875,-185871.96875,-187500.015625,-108022.5390625,-147172.515625,-61826.1328125,-187500.046875
354442.440702139,-98205.65625,-187500.046875,-187500.015625,-187500.015625,-100585.0390625,-148962.484375,-65052.91796875,-187500.046875
354442.444547606,-94410.703125,-187500.046875,-187500.015625,-187500.015625,-98179.7265625,-149255.984375,-66844.28125,-187500.046875
354442.448725288,-92216.640625,-187500.046875,-186301.515625,-187500.015625,-104498.8125,-147625.375,-64610.890625,-187500.046875
354442.452615245,-94463.8828125,-187500.046875,-180656.71875,-187500.015625,-110396.515625,-146382.0625,-61524.25,-187500.046875
354442.456671492,-98012.6640625,-187500.046875,-185829.765625,-187500.015625,-108001.1015625,-147156.59375,-61748.125,-187500.046875
354442.459583398,-98114.8359375,-187500.046875,-187500.015625,-187500.015625,-100563.046875,-148941.5,-64932.3984375,-187500.046875
354442.464382482,-94341.8203125,-187500.046875,-187500.015625,-187500.015625,-98176.75,-149235.734375,-66741.796875,-187500.046875
354442.468399709,-92200.859375,-187500.046875,-186267.078125,-187500.015625,-104508.6875,-147612.078125,-64558.67578125,-187500.046875
354442.472627352,-94481.5859375,-187500.046875,-180668.296875,-187500.015625,-110398.2421875,-146380.328125,-61517.38671875,-187500.046875
354442.47672189,-98033.546875,-187500.046875,-185865.015625,-187500.015625,-107985.546875,-147161.875,-61759.03125,-187500.046875
354442.480915253,-98140.9453125,-187500.046875,-187500.015625,-187500.015625,-100547.3359375,-148949.765625,-64963.9140625,-187500.046875
354442.484637825,-94364.59375,-187500.046875,-187500.015625,-187500.015625,-98177.625,-149239.484375,-66767.34375,-187500.046875
354442.487678096,-92167.3984375,-187500.046875,-186220.90625,-187500.015625,-104511.6640625,-147603.546875,-64498.10546875,-187500.046875
354442.491756588,-94475.078125,-187500.046875,-180656.609375,-187500.015625,-110393.8359375,-146376.75,-61487.1015625,-187500.046875
354442.496501701,-98017.1796875,-187500.046875,-185854.9375,-187500.015625,-107970.6171875,-147157.265625,-61719.78125,-187500.046875
354442.500593321,-98129.2734375,-187500.046875,-187500.015625,-187500.015625,-100528.4453125,-148944.0625,-64943.1484375,-187500.046875
354442.504561682,-94334.6015625,-187500.046875,-187500.015625,-187500.015625,-98173.4453125,-149229.140625,-66725.4140625,-187500.046875
354442.508809017,-92156.53125,-187500.046875,-186189.9375,-187500.015625,-104516.3984375,-147590.953125,-64467.19140625,-187500.046875
354442.512521014,-94434.0859375,-187500.046875,-180617.390625,-187500.015625,-110385.2734375,-146360.625,-61417.4296875,-187500.046875
354442.515735598,-97977.7109375,-187500.046875,-185840.828125,-187500.015625,-107946.875,-147146.421875,-61668.70703125,-187500.046875
354442.519706876,-98108.4921875,-187500.046875,-187500.015625,-187500.015625,-100504.953125,-148938.546875,-64925.2890625,-187500.046875
354442.524542427,-94359.8125,-187500.046875,-187500.015625,-187500.015625,-98166.4453125,-149228.8125,-66760.125,-187500.046875
354442.528674526,-92178.4375,-187500.046875,-186207.28125,-187500.015625,-104519.3515625,-147589.9375,-64485.25390625,-187500.046875
354442.53278985,-94465.984375,-187500.046875,-180648.78125,-187500.015625,-110378.6796875,-146363.921875,-61442.5078125,-187500.046875
354442.536739977,-98006.859375,-187500.046875,-185881.671875,-187500.015625,-107925.265625,-147150.671875,-61690.390625,-187500.046875
354442.540775803,-98103.859375,-187500.046875,-187500.015625,-187500.015625,-100479.3203125,-148937.75,-64918.2265625,-187500.046875
354442.54392037,-94305.765625,-187500.046875,-187500.015625,-187500.015625,-98153.7734375,-149215.796875,-66693.7421875,-187500.046875
354442.547834395,-92146.65625,-187500.046875,-186167.671875,-187500.015625,-104517.0234375,-147576.140625,-64430.4921875,-187500.046875
354442.552820555,-94472.375,-187500.046875,-180651.984375,-187500.015625,-110368.890625,-146359.6875,-61430.99609375,-187500.046875
354442.556949007,-98041.0546875,-187500.046875,-185924.453125,-187500.015625,-107910.9375,-147154.71875,-61723.62890625,-187500.046875
354442.560837141,-98118.546875,-187500.046875,-187500.015625,-187500.015625,-100468.875,-148937.984375,-64934.74609375,-187500.046875
354442.564822277,-94328.515625,-187500.046875,-187500.015625,-187500.015625,-98157.3984375,-149213.609375,-66715.6171875,-187500.046875
354442.56889931,-92199.875,-187500.046875,-186206.921875,-187500.015625,-104529.203125,-147576.28125,-64482.078125,-187500.046875
354442.571868834,-94505.6328125,-187500.046875,-180689.015625,-187500.015625,-110368.421875,-146357.125,-61455.47265625,-187500.046875
354442.575873298,-98008.578125,-187500.046875,-185921.34375,-187500.015625,-107885.5234375,-147145.921875,-61675.8828125,-187500.046875
354442.580599447,-98100.734375,-187500.046875,-187500.015625,-187500.015625,-100442.34375,-148932.734375,-64916.3515625,-187500.046875
354442.584647672,-94351.5390625,-187500.046875,-187500.015625,-187500.015625,-98155.40625,-149211.4375,-66748.1015625,-187500.046875
354442.588732728,-92224.7734375,-187500.046875,-186221.234375,-187500.015625,-104543.21875,-147570.859375,-64499.06640625,-187500.046875
354442.592980792,-94530.1796875,-187500.046875,-180708.578125,-187500.015625,-110367.2109375,-146351.109375,-61462.828125,-187500.046875
354442.595680824,-98064.6328125,-187500.046875,-185993.046875,-187500.015625,-107870.125,-147146.875,-61737.640625,-187500.046875
354442.599846108,-98101.4921875,-187500.046875,-187500.015625,-187500.015625,-100425.1796875,-148924.125,-64922.67578125,-187500.046875
354442.604898274,-94302.2578125,-187500.046875,-187500.015625,-187500.015625,-98150.015625,-149188.9375,-66683.65625,-187500.046875
354442.608835274,-92192.5,-187500.046875,-186160.0625,-187500.015625,-104544.5859375,-147545.9375,-64437.41796875,-187500.046875
354442.612956432,-94529.1484375,-187500.046875,-180704.21875,-187500.015625,-110358.1171875,-146336.171875,-61442.46484375,-187500.046875
354442.615922674,-98069.328125,-187500.046875,-186020.71875,-187500.015625,-107845.203125,-147140.21875,-61743.49609375,-187500.046875
354442.619997884,-98154.578125,-187500.046875,-187500.015625,-187500.015625,-100403.8828125,-148927.953125,-65006.25,-187500.046875
354442.62480572,-94339.6484375,-187500.046875,-187500.015625,-187500.015625,-98150.0625,-149187.484375,-66741.9765625,-187500.046875
354442.628579347,-92196.5234375,-187500.046875,-186150.84375,-187500.015625,-104552.875,-147536.953125,-64435.2734375,-187500.046875
354442.632955046,-94539.2734375,-187500.046875,-180712.109375,-187500.015625,-110349.1953125,-146330.28125,-61440.921875,-187500.046875
354442.635932958,-98052.9921875,-187500.046875,-186022.484375,-187500.015625,-107815.875,-147133.625,-61717.48046875,-187500.046875
354442.639899861,-98108.7578125,-187500.046875,-187500.015625,-187500.015625,-100371.3359375,-148916.671875,-64956.875,-187500.046875
354442.643999139,-94312.3125,-187500.046875,-187500.015625,-187500.015625,-98137.4765625,-149173.9375,-66719.1953125,-187500.046875
354442.647972241,-92203.203125,-187500.046875,-186142.75,-187500.015625,-104556.3203125,-147525.25,-64437.6640625,-187500.046875
354442.652862857,-94514.28125,-187500.046875,-180681.53125,-187500.015625,-110342.203125,-146316.171875,-61390.0703125,-187500.046875
354442.656885554,-98039.421875,-187500.046875,-186026.171875,-187500.015625,-107792.1171875,-147127.828125,-61691.12890625,-187500.046875
354442.660852457,-98101.921875,-187500.046875,-187500.015625,-187500.015625,-100348.265625,-148913.109375,-64953.3203125,-187500.046875
354442.665037433,-94280.0625,-187500.046875,-187500.015625,-187500.015625,-98130.9765625,-149163.984375,-66678.515625,-187500.046875
354442.668078798,-92128.0546875,-187500.046875,-186048.359375,-187500.015625,-104553.328125,-147504.015625,-64323.73828125,-187500.046875
354442.672019444,-94477.046875,-187500.046875,-180632.515625,-187500.015625,-110328.7890625,-146300.453125,-61317.02734375,-187500.046875
354442.676015885,-98022.8125,-187500.046875,-186018.609375,-187500.015625,-107767.28125,-147119.0,-61654.515625,-187500.046875
354442.68090249,-98058.53125,-187500.046875,-187500.015625,-187500.015625,-100323.234375,-148902.265625,-64895.51953125,-187500.046875
354442.68483876,-94256.5,-187500.046875,-187500.015625,-187500.015625,-98124.921875,-149155.734375,-66643.265625,-187500.046875
354442.688846141,-92153.5859375,-187500.046875,-186065.078125,-187500.015625,-104562.1796875,-147503.15625,-64337.171875,-187500.046875
354442.691911939,-94514.171875,-187500.046875,-180674.609375,-187500.015625,-110327.4765625,-146303.328125,-61339.64453125,-187500.046875
354442.696158544,-98050.890625,-187500.046875,-186068.578125,-187500.015625,-107751.2578125,-147125.3125,-61678.09765625,-187500.046875
354442.699818028,-98063.4921875,-187500.046875,-187500.015625,-187500.015625,-100306.8984375,-148901.890625,-64899.54296875,-187500.046875
354442.703804623,-94234.125,-187500.046875,-187500.015625,-187500.015625,-98119.6875,-149143.765625,-66603.3046875,-187500.046875
354442.70894504,-92147.3671875,-187500.046875,-186041.015625,-187500.015625,-104565.171875,-147491.421875,-64303.5546875,-187500.046875
354442.712805458,-94498.640625,-187500.046875,-180648.671875,-187500.015625,-110323.0,-146292.03125,-61294.5625,-187500.046875
354442.717137032,-98010.296875,-187500.046875,-186035.609375,-187500.015625,-107734.4921875,-147112.90625,-61611.21875,-187500.046875
354442.720167822,-98032.984375,-187500.046875,-187500.015625,-187500.015625,-100290.5078125,-148894.84375,-64860.875,-187500.046875
354442.724162439,-94199.1953125,-187500.046875,-187500.015625,-187500.015625,-98119.8671875,-149135.53125,-66562.109375,-187500.046875
354442.728104544,-92099.3828125,-187500.046875,-185989.21875,-187500.015625,-104567.921875,-147479.625,-64236.76953125,-187500.046875
354442.732164437,-94481.46875,-187500.046875,-180637.5,-187500.015625,-110312.3203125,-146285.953125,-61265.34765625,-187500.046875
354442.736288149,-98037.8125,-187500.046875,-186086.359375,-187500.015625,-107709.75,-147116.546875,-61650.515625,-187500.046875
354442.741130993,-98060.2734375,-187500.046875,-187500.015625,-187500.015625,-100266.078125,-148896.578125,-64905.75390625,-187500.046875
354442.74510446,-94250.21875,-187500.046875,-187500.015625,-187500.015625,-98110.3203125,-149135.25,-66632.046875,-187500.046875
354442.748118839,-92178.484375,-187500.046875,-186054.671875,-187500.015625,-104572.125,-147480.65625,-64330.69140625,-187500.046875
354442.752142995,-94525.859375,-187500.046875,-180675.4375,-187500.015625,-110307.21875,-146281.59375,-61302.140625,-187500.046875
354442.756236438,-98047.9140625,-187500.046875,-186112.609375,-187500.015625,-107685.921875,-147108.5625,-61651.33984375,-187500.046875
354442.760279557,-98069.265625,-187500.046875,-187500.015625,-187500.015625,-100247.8671875,-148888.859375,-64924.0390625,-187500.046875
354442.764238801,-94206.3203125,-187500.046875,-187500.015625,-187500.015625,-98104.625,-149115.4375,-66582.0234375,-187500.046875
354442.769090763,-92126.8515625,-187500.046875,-185993.265625,-187500.015625,-104571.5,-147457.25,-64254.359375,-187500.046875
354442.772795831,-94502.328125,-187500.046875,-180646.859375,-187500.015625,-110295.171875,-146264.625,-61250.375,-187500.046875
354442.776177799,-98014.8125,-187500.046875,-186088.234375,-187500.015625,-107656.59375,-147096.40625,-61591.3046875,-187500.046875
354442.77981832,-98021.765625,-187500.046875,-187500.015625,-187500.015625,-100217.5546875,-148877.921875,-64856.0,-187500.046875
354442.784206054,-94224.25,-187500.046875,-187500.015625,-187500.015625,-98096.6171875,-149111.53125,-66591.8125,-187500.046875
354442.788148888,-92155.8828125,-187500.046875,-185994.65625,-187500.015625,-104576.390625,-147452.015625,-64258.828125,-187500.046875
354442.792144964,-94567.796875,-187500.046875,-180703.296875,-187500.015625,-110290.90625,-146268.515625,-61305.515625,-187500.046875
354442.797053085,-98097.78125,-187500.046875,-186185.25,-187500.015625,-107640.75,-147107.21875,-61689.13671875,-187500.046875
354442.800879588,-98061.4140625,-187500.046875,-187500.015625,-187500.015625,-100201.28125,-148879.9375,-64912.34765625,-187500.046875
354442.803813375,-94212.671875,-187500.046875,-187500.015625,-187500.015625,-98093.734375,-149099.125,-66576.0546875,-187500.046875
354442.807995798,-92126.9375,-187500.046875,-185947.15625,-187500.015625,-104579.09375,-147432.6875,-64206.99609375,-187500.046875
354442.811840536,-94508.0703125,-187500.046875,-180630.453125,-187500.015625,-110282.34375,-146245.5,-61206.296875,-187500.046875
354442.816049216,-98054.6875,-187500.046875,-186147.46875,-187500.015625,-107619.5390625,-147091.828125,-61616.875,-187500.046875
354442.82012479,-98043.6953125,-187500.046875,-187500.015625,-187500.015625,-100185.125,-148870.109375,-64885.640625,-187500.046875
354442.825174039,-94214.859375,-187500.046875,-187500.015625,-187500.015625,-98097.09375,-149089.984375,-66572.078125,-187500.046875
354442.828897341,-92142.203125,-187500.046875,-185942.75,-187500.015625,-104591.0546875,-147423.078125,-64207.62109375,-187500.046875
354442.832101349,-94551.0546875,-187500.046875,-180669.1875,-187500.015625,-110283.53125,-146240.9375,-61244.09375,-187500.046875
354442.836024126,-98045.234375,-187500.046875,-186154.46875,-187500.015625,-107600.5390625,-147082.375,-61600.51171875,-187500.046875
354442.840182846,-98018.4375,-187500.046875,-187500.015625,-187500.015625,-100164.8984375,-148859.75,-64860.984375,-187500.046875
354442.844273737,-94204.3515625,-187500.046875,-187500.015625,-187500.015625,-98094.03125,-149080.296875,-66562.0625,-187500.046875
354442.84818375,-92180.453125,-187500.046875,-185968.921875,-187500.015625,-104600.578125,-147420.6875,-64246.53515625,-187500.046875
354442.852168886,-94574.4140625,-187500.046875,-180688.546875,-187500.015625,-110281.046875,-146238.609375,-61255.22265625,-187500.046875
354442.857022671,-98075.875,-187500.046875,-186194.140625,-187500.015625,-107585.8984375,-147081.984375,-61626.375,-187500.046875
354442.860363432,-98026.078125,-187500.046875,-187500.015625,-187500.015625,-100146.6328125,-148855.734375,-64869.03125,-187500.046875
354442.864316476,-94180.53125,-187500.046875,-187500.015625,-187500.015625,-98086.96875,-149067.046875,-66527.21875,-187500.046875
354442.86832094,-92144.28125,-187500.046875,-185912.21875,-187500.015625,-104596.734375,-147403.96875,-64177.4453125,-187500.046875
354442.872299877,-94569.0703125,-187500.046875,-180672.03125,-187500.015625,-110271.796875,-146229.890625,-61223.1484375,-187500.046875
354442.876202597,-98111.3046875,-187500.046875,-186237.328125,-187500.015625,-107569.421875,-147084.84375,-61659.3203125,-187500.046875
354442.88106878,-98045.546875,-187500.046875,-187500.015625,-187500.015625,-100130.8984375,-148856.5625,-64894.69140625,-187500.046875
354442.885299341,-94220.1328125,-187500.046875,-187500.015625,-187500.015625,-98087.59375,-149064.65625,-66573.1484375,-187500.046875
354442.888240785,-92199.5859375,-187500.046875,-185954.625,-187500.015625,-104606.5234375,-147400.484375,-64235.0234375,-187500.046875
354442.892188725,-94626.9140625,-187500.046875,-180727.4375,-187500.015625,-110270.4296875,-146226.40625,-61284.796875,-187500.046875
354442.895840186,-98093.5625,-187500.046875,-186230.46875,-187500.015625,-107548.078125,-147071.109375,-61631.47265625,-187500.046875
354442.900319817,-98036.0234375,-187500.046875,-187500.015625,-187500.015625,-100108.4765625,-148846.296875,-64890.17578125,-187500.046875
354442.904244782,-94195.03125,-187500.046875,-187500.015625,-187500.015625,-98080.703125,-149050.1875,-66547.0234375,-187500.046875
354442.908410431,-92176.4296875,-187500.046875,-185920.328125,-187500.015625,-104608.1328125,-147385.96875,-64200.625,-187500.046875
354442.913198939,-94577.3125,-187500.046875,-180674.875,-187500.015625,-110264.640625,-146212.390625,-61214.453125,-187500.046875
354442.916249056,-98070.0234375,-187500.046875,-186219.71875,-187500.015625,-107532.9453125,-147066.40625,-61603.890625,-187500.046875
354442.920201007,-98017.921875,-187500.046875,-187500.015625,-187500.015625,-100094.21875,-148842.03125,-64876.765625,-187500.046875
354442.924351339,-94177.421875,-187500.046875,-187500.015625,-187500.015625,-98078.984375,-149041.0,-66530.6796875,-187500.046875
354442.928467757,-92165.828125,-187500.046875,-185902.921875,-187500.015625,-104611.21875,-147375.421875,-64180.9765625,-187500.046875
354442.932296449,-94564.5546875,-187500.046875,-180667.75,-187500.015625,-110257.625,-146201.109375,-61183.140625,-187500.046875
354442.936276115,-98050.6875,-187500.046875,-186221.015625,-187500.015625,-107511.1328125,-147053.640625,-61568.73046875,-187500.046875
354442.941139745,-98018.2109375,-187500.046875,-187500.015625,-187500.015625,-100075.328125,-148833.5,-64879.984375,-187500.046875
354442.945327274,-94193.734375,-187500.046875,-187500.015625,-187500.015625,-98081.8046875,-149032.0,-66557.3671875,-187500.046875
354442.948140354,-92193.65625,-187500.046875,-185924.71875,-187500.015625,-104625.6328125,-147365.546875,-64208.26953125,-187500.046875
354442.952298345,-94603.625,-187500.046875,-180703.890625,-187500.015625,-110258.1640625,-146196.375,-61219.34765625,-187500.046875
354442.956198148,-98080.28125,-187500.046875,-186266.078125,-187500.015625,-107495.5703125,-147052.5,-61605.33984375,-187500.046875
354442.960371454,-97973.21875,-187500.046875,-187500.015625,-187500.015625,-100054.921875,-148821.359375,-64830.87890625,-187500.046875
354442.964409103,-94118.1875,-187500.046875,-187500.015625,-187500.015625,-98075.6796875,-149011.015625,-66456.96875,-187500.046875
354442.969310295,-92102.21875,-187500.046875,-185816.890625,-187500.015625,-104622.5,-147339.484375,-64064.75,-187500.046875
354442.972358224,-94561.265625,-187500.046875,-180669.3125,-187500.015625,-110250.921875,-146181.34375,-61137.765625,-187500.046875
354442.976365605,-98054.6640625,-187500.046875,-186270.453125,-187500.015625,-107477.71875,-147045.375,-61553.1484375,-187500.046875
354442.980193567,-97979.65625,-187500.046875,-187500.015625,-187500.015625,-100039.7890625,-148821.09375,-64834.25390625,-187500.046875
354442.984369792,-94139.984375,-187500.046875,-187500.015625,-187500.015625,-98078.5390625,-149009.265625,-66478.109375,-187500.046875
354442.988340705,-92137.15625,-187500.046875,-185833.828125,-187500.015625,-104633.4296875,-147336.015625,-64088.21875,-187500.046875
354442.992419562,-94587.9296875,-187500.046875,-180684.078125,-187500.015625,-110244.9921875,-146176.390625,-61143.82421875,-187500.046875
354442.997116902,-98061.90625,-187500.046875,-186282.59375,-187500.015625,-107454.7578125,-147039.15625,-61549.53125,-187500.046875
354443.000373788,-97964.9453125,-187500.046875,-187500.015625,-187500.015625,-100018.046875,-148810.515625,-64813.15234375,-187500.046875
#354648.588994198,-53681.26953125,-187500.046875,-184395.140625,-187500.015625,-43559.75,-84790.3828125,13659.8662109375,-187500.046875
354648.591930901,-52719.8515625,-187500.046875,-187500.015625,-187278.828125,-39003.703125,-85887.3828125,11359.4697265625,-187500.046875
354648.595895251,-50154.453125,-187500.046875,-187500.015625,-187500.015625,-39153.03515625,-85540.90625,10806.8671875,-187500.046875
354648.600534609,-49772.55078125,-187500.046875,-181393.125,-187500.015625,-43927.45703125,-84258.5859375,12872.771484375,-187500.046875
354648.604598149,-51860.2734375,-187500.046875,-178743.03125,-187500.015625,-46514.47265625,-83825.2109375,14605.8818359375,-187500.046875
354648.608707274,-53679.4140625,-187500.046875,-184436.578125,-187500.015625,-43534.29296875,-84782.046875,13687.0458984375,-187500.046875
354648.612813116,-52753.44921875,-187500.046875,-187500.015625,-187245.1875,-38948.49609375,-85896.234375,11300.4609375,-187500.046875
354648.616839825,-50171.30859375,-187500.046875,-187500.015625,-187500.015625,-39128.203125,-85540.8828125,10759.3701171875,-187500.046875
354648.619761942,-49800.69140625,-187500.046875,-181402.265625,-187500.015625,-43940.53515625,-84249.8515625,12832.60546875,-187500.046875
354648.623730303,-51957.703125,-187500.046875,-178837.921875,-187500.015625,-46515.87890625,-83827.625,14491.6640625,-187500.046875
354648.628946207,-53710.70703125,-187500.046875,-184507.078125,-187500.015625,-43503.82421875,-84783.2265625,13641.068359375,-187500.046875
354648.632986408,-52701.859375,-187500.046875,-187500.015625,-187236.03125,-38916.51171875,-85886.1953125,11336.40234375,-187500.046875
354648.63707584,-50114.8671875,-187500.046875,-187500.015625,-187500.015625,-39139.11328125,-85522.21875,10814.6005859375,-187500.046875
354648.641029615,-49782.85546875,-187500.046875,-181363.15625,-187500.015625,-43956.76171875,-84237.9375,12874.6044921875,-187500.046875
354648.643611857,-51924.28515625,-187500.046875,-178823.484375,-187500.015625,-46501.171875,-83825.34375,14546.91796875,-187500.046875
354648.647964947,-53701.296875,-187500.046875,-184557.015625,-187500.015625,-43466.6328125,-84790.9140625,13634.36328125,-187500.046875
354648.652004055,-52695.06640625,-187500.046875,-187500.015625,-187245.453125,-38903.45703125,-85887.8046875,11314.251953125,-187500.046875
354648.656888837,-50111.55859375,-187500.046875,-187500.015625,-187500.015625,-39157.953125,-85513.015625,10822.8037109375,-187500.046875
354648.660616514,-49762.26953125,-187500.046875,-181310.625,-187500.015625,-43964.62890625,-84224.9296875,12931.69140625,-187500.046875
354648.66506843,-51952.60546875,-187500.046875,-178877.28125,-187500.015625,-46477.9921875,-83826.734375,14524.677734375,-187500.046875
354648.669079458,-53750.53515625,-187500.046875,-184659.828125,-187500.015625,-43437.8671875,-84798.40625,13552.734375,-187500.046875
354648.672115717,-52702.77734375,-187500.046875,-187500.015625,-187254.84375,-38898.83203125,-85882.171875,11274.197265625,-187500.046875
354648.676221924,-50115.5625,-187500.046875,-187500.015625,-187500.015625,-39183.1015625,-85497.3671875,10813.013671875,-187500.046875
354648.679975858,-49786.765625,-187500.046875,-181293.796875,-187500.015625,-43988.14453125,-84210.734375,12921.521484375,-187500.046875
354648.684072949,-51932.24609375,-187500.046875,-178857.34375,-187500.015625,-46469.1875,-83813.3671875,14568.6435546875,-187500.046875
354648.688958095,-53689.515625,-187500.046875,-184640.828125,-187500.015625,-43402.37109375,-84787.34375,13626.0703125,-187500.046875
354648.693068314,-52683.9765625,-187500.046875,-187500.015625,-187249.640625,-38878.71484375,-85876.8984375,11270.6884765625,-187500.046875
354648.696919615,-50116.0078125,-187500.046875,-187500.015625,-187500.015625,-39200.3984375,-85486.9296875,10799.7822265625,-187500.046875
354648.70028809,-49841.0390625,-187500.046875,-181316.59375,-187500.015625,-44016.3515625,-84206.3515625,12869.0390625,-187500.046875
354648.704133557,-51970.3984375,-187500.046875,-178896.59375,-187500.015625,-46467.53515625,-83810.9921875,14540.4580078125,-187500.046875
354648.708160266,-53685.22265625,-187500.046875,-184670.515625,-187500.015625,-43373.58203125,-84783.9453125,13630.294921875,-187500.046875
354648.712021778,-52657.4921875,-187500.046875,-187500.015625,-187257.859375,-38865.125,-85865.6796875,11287.318359375,-187500.046875
354648.716948862,-50068.51171875,-187500.046875,-187500.015625,-187500.015625,-39219.69140625,-85462.4765625,10870.6591796875,-187500.046875
354648.721043764,-49778.765625,-187500.046875,-181212.4375,-187500.015625,-44031.10546875,-84180.046875,12989.11328125,-187500.046875
354648.725046039,-51972.9453125,-187500.046875,-178912.28125,-187500.015625,-46450.703125,-83805.3828125,14564.9111328125,-187500.046875
354648.727747165,-53714.37109375,-187500.046875,-184746.015625,-187500.015625,-43343.921875,-84788.9296875,13591.134765625,-187500.046875
354648.73198976,-52643.41015625,-187500.046875,-187500.015625,-187255.359375,-38848.49609375,-85861.8828125,11283.4736328125,-187500.046875
354648.736113836,-50053.87109375,-187500.046875,-187500.015625,-187500.015625,-39239.40234375,-85448.8828125,10893.14453125,-187500.046875
354648.740171177,-49828.07421875,-187500.046875,-181214.515625,-187500.015625,-44051.6015625,-84175.3046875,12960.9267578125,-187500.046875
354648.744739058,-52000.03515625,-187500.046875,-178947.421875,-187500.015625,-46430.36328125,-83804.5546875,14556.193359375,-187500.046875
354648.749066621,-53687.4140625,-187500.046875,-184754.328125,-187500.015625,-43306.3046875,-84783.0078125,13618.3369140625,-187500.046875
354648.752940897,-52606.6875,-187500.046875,-187500.015625,-187271.4375,-38836.8046875,-85848.203125,11313.7373046875,-187500.046875
354648.755825088,-50049.55859375,-187500.046875,-187500.015625,-187500.015625,-39265.5546875,-85431.25,10911.5849609375,-187500.046875
354648.760122748,-49795.125,-187500.046875,-181132.296875,-187500.015625,-44071.8515625,-84156.1484375,13044.58984375,-187500.046875
354648.764142528,-51969.01171875,-187500.046875,-178918.1875,-187500.015625,-46416.66015625,-83797.6953125,14629.26171875,-187500.046875
354648.768194399,-53658.69140625,-187500.046875,-184775.03125,-187500.015625,-43267.12109375,-84786.421875,13653.65234375,-187500.046875
354648.773109084,-52558.31640625,-187500.046875,-187500.015625,-187286.1875,-38820.98046875,-85841.359375,11362.12890625,-187500.046875
354648.776753251,-50019.828125,-187500.046875,-187500.015625,-187500.015625,-39282.0078125,-85413.65625,10963.8212890625,-187500.046875
354648.782044278,-49791.08203125,-187500.046875,-181102.90625,-187500.015625,-44088.5703125,-84138.875,13089.0693359375,-187500.046875
354648.786154132,-52013.58203125,-187500.046875,-178979.046875,-187500.015625,-46409.3515625,-83793.8046875,14601.3212890625,-187500.046875
354648.789166687,-53704.71484375,-187500.046875,-184884.3125,-187500.015625,-43234.62109375,-84789.484375,13596.029296875,-187500.046875
354648.792194559,-52597.3203125,-187500.046875,-187500.015625,-187269.484375,-38793.10546875,-85842.4140625,11285.306640625,-187500.046875
354648.795872277,-50038.22265625,-187500.046875,-187500.015625,-187500.015625,-39297.5859375,-85402.5703125,10933.3115234375,-187500.046875
354648.800957264,-49822.53125,-187500.046875,-181076.28125,-187500.015625,-44126.390625,-84124.859375,13077.1337890625,-187500.046875
354648.80510869,-52008.77734375,-187500.046875,-178948.890625,-187500.015625,-46418.671875,-83778.515625,14645.9580078125,-187500.046875
354648.809118624,-53681.515625,-187500.046875,-184904.5,-187500.015625,-43196.15625,-84780.59375,13642.3876953125,-187500.046875
354648.81205861,-52556.05859375,-187500.046875,-187500.015625,-187237.703125,-38735.6171875,-85835.328125,11322.1201171875,-187500.046875
354648.816218059,-50004.83203125,-187500.046875,-187500.015625,-187500.015625,-39274.2265625,-85390.5234375,10953.2265625,-187500.046875
354648.820264824,-49807.33203125,-187500.046875,-181025.140625,-187500.015625,-44150.59765625,-84106.5078125,13103.28515625,-187500.046875
354648.824157698,-52001.35546875,-187500.046875,-178914.78125,-187500.015625,-46437.203125,-83763.8515625,14684.470703125,-187500.046875
354648.828091415,-53700.15625,-187500.046875,-184969.15625,-187500.015625,-43171.3671875,-84783.1171875,13626.427734375,-187500.046875
354648.83316218,-52570.1640625,-187500.046875,-187500.015625,-187207.453125,-38687.11328125,-85845.96875,11274.5107421875,-187500.046875
354648.837236661,-49988.73828125,-187500.046875,-187500.015625,-187500.015625,-39259.4296875,-85391.78125,10945.42578125,-187500.046875
354648.839822915,-49815.04296875,-187500.046875,-180979.859375,-187500.015625,-44173.6171875,-84102.7109375,13102.5029296875,-187500.046875
354648.843974706,-52037.140625,-187500.046875,-178918.03125,-187500.015625,-46438.98828125,-83766.0703125,14662.833984375,-187500.046875
354648.848266166,-53701.16015625,-187500.046875,-184979.484375,-187500.015625,-43146.7578125,-84788.4140625,13632.8427734375,-187500.046875
354648.852308191,-52517.3671875,-187500.046875,-187500.015625,-187187.796875,-38648.6484375,-85848.515625,11325.6513671875,-187500.046875
354648.856310831,-49982.0546875,-187500.046875,-187500.015625,-187500.015625,-39251.5390625,-85395.7578125,10943.9951171875,-187500.046875
354648.860874702,-49805.23046875,-187500.046875,-180932.90625,-187500.015625,-44194.5390625,-84100.296875,13132.1416015625,-187500.046875
354648.865201171,-52045.12109375,-187500.046875,-178928.375,-187500.015625,-46435.125,-83771.546875,14676.267578125,-187500.046875
354648.868330057,-53699.41796875,-187500.046875,-185039.703125,-187500.015625,-43106.48046875,-84798.5859375,13624.4609375,-187500.046875
354648.872326862,-52526.93359375,-187500.046875,-187500.015625,-187167.578125,-38616.9765625,-85854.8828125,11272.7890625,-187500.046875
354648.876329138,-49967.97265625,-187500.046875,-187500.015625,-187500.015625,-39253.3046875,-85387.953125,10934.3837890625,-187500.046875
354648.880334696,-49790.72265625,-187500.046875,-180880.015625,-187500.015625,-44207.078125,-84090.328125,13151.7890625,-187500.046875
354648.884359216,-52016.734375,-187500.046875,-178870.734375,-187500.015625,-46439.03515625,-83763.296875,14720.8369140625,-187500.046875
354648.889291041,-53713.41015625,-187500.046875,-185074.875,-187500.015625,-43079.2109375,-84806.8515625,13603.31640625,-187500.046875
354648.893427515,-52490.9921875,-187500.046875,-187500.015625,-187161.140625,-38580.921875,-85859.3515625,11297.8681640625,-187500.046875
354648.896288003,-49941.015625,-187500.046875,-187500.015625,-187500.015625,-39246.22265625,-85387.0390625,10962.435546875,-187500.046875
354648.900189264,-49808.94140625,-187500.046875,-180849.28125,-187500.015625,-44240.25,-84088.46875,13146.1337890625,-187500.046875
354648.904239677,-52058.93359375,-187500.046875,-178872.0,-187500.015625,-46462.75,-83762.625,14704.810546875,-187500.046875
354648.908256174,-53726.73046875,-187500.046875,-185112.546875,-187500.015625,-43053.953125,-84808.796875,13605.8193359375,-187500.046875
354648.912138473,-52493.16015625,-187500.046875,-187500.015625,-187129.390625,-38526.13671875,-85866.7734375,11273.9521484375,-187500.046875
354648.917223095,-49931.5390625,-187500.046875,-187500.015625,-187500.015625,-39216.40234375,-85387.484375,10945.671875,-187500.046875
354648.921299399,-49818.44140625,-187500.046875,-180830.234375,-187500.015625,-44244.2265625,-84084.2265625,13133.482421875,-187500.046875
354648.924352433,-52106.18359375,-187500.046875,-178910.875,-187500.015625,-46456.3359375,-83768.5703125,14653.267578125,-187500.046875
354648.928112566,-53768.44140625,-187500.046875,-185183.4375,-187500.015625,-43028.91796875,-84821.5390625,13539.5693359375,-187500.046875
354648.932362454,-52514.3046875,-187500.046875,-187500.015625,-187115.328125,-38501.34765625,-85874.890625,11214.048828125,-187500.046875
354648.936376399,-49917.5234375,-187500.046875,-187500.015625,-187500.015625,-39225.56640625,-85377.3828125,10948.7119140625,-187500.046875
354648.940373934,-49807.8671875,-187500.046875,-180771.765625,-187500.015625,-44262.3984375,-84071.1015625,13158.9638671875,-187500.046875
354648.944857212,-52077.015625,-187500.046875,-178868.515625,-187500.015625,-46448.04296875,-83759.1640625,14704.85546875,-187500.046875
354648.949239111,-53742.01953125,-187500.046875,-185201.921875,-187500.015625,-42985.01953125,-84822.1171875,13560.646484375,-187500.046875
354648.952261878,-52455.765625,-187500.046875,-187500.015625,-187105.15625,-38472.2265625,-85870.9765625,11258.2158203125,-187500.046875
354648.956363709,-49896.44921875,-187500.046875,-187500.015625,-187500.015625,-39235.515625,-85374.96875,10966.458984375,-187500.046875
354648.960091022,-49821.546875,-187500.046875,-180734.8125,-187500.015625,-44289.04296875,-84072.0390625,13160.349609375,-187500.046875
354648.964328875,-52103.63671875,-187500.046875,-178888.515625,-187500.015625,-46448.1328125,-83767.5,14687.2646484375,-187500.046875
354648.968405544,-53720.83203125,-187500.046875,-185215.578125,-187500.015625,-42955.76171875,-84826.96875,13578.0810546875,-187500.046875
354648.972330509,-52446.78125,-187500.046875,-187500.015625,-187091.5625,-38444.0390625,-85874.0859375,11236.9375,-187500.046875
354648.977019462,-49886.1875,-187500.046875,-187500.015625,-187500.015625,-39240.36328125,-85367.3671875,10962.7041015625,-187500.046875
354648.980226753,-49833.01171875,-187500.046875,-180713.078125,-187500.015625,-44298.41015625,-84064.890625,13158.4716796875,-187500.046875
354648.984197666,-52126.63671875,-187500.046875,-178923.390625,-187500.015625,-46425.48828125,-83768.328125,14663.2138671875,-187500.046875
354648.988443907,-53774.33984375,-187500.046875,-185309.796875,-187500.015625,-42923.5078125,-84837.390625,13487.1318359375,-187500.046875
354648.992379083,-52454.5390625,-187500.046875,-187500.015625,-187101.484375,-38439.3671875,-85872.5859375,11189.5966796875,-187500.046875
354648.996263205,-49873.8046875,-187500.046875,-187500.015625,-187500.015625,-39269.37890625,-85353.0234375,10967.0849609375,-187500.046875
354649.000568888,-49790.87890625,-187500.046875,-180630.375,-187500.015625,-44312.48828125,-84044.9765625,13228.6337890625,-187500.046875
354649.005374171,-52094.80859375,-187500.046875,-178901.90625,-187500.015625,-46402.265625,-83758.3359375,14711.158203125,-187500.046875
354649.008036642,-53732.56640625,-187500.046875,-185314.046875,-187500.015625,-42879.6328125,-84833.09375,13518.2900390625,-187500.046875
354649.012465219,-52407.62109375,-187500.046875,-187500.015625,-187103.453125,-38419.00390625,-85864.5625,11214.40625,-187500.046875
354649.01608933,-49893.7421875,-187500.046875,-187500.015625,-187500.015625,-39292.19921875,-85344.9921875,10939.748046875,-187500.046875
354649.020442784,-49841.23828125,-187500.046875,-180646.265625,-187500.015625,-44334.83984375,-84043.765625,13186.478515625,-187500.046875
354649.024519088,-52110.90234375,-187500.046875,-178936.984375,-187500.015625,-46385.61328125,-83762.15625,14701.3681640625,-187500.046875
354649.028379142,-53719.22265625,-187500.046875,-185358.484375,-187500.015625,-42841.90234375,-84840.3828125,13510.3779296875,-187500.046875
354649.033419274,-52432.140625,-187500.046875,-187500.015625,-187111.015625,-38412.41015625,-85869.9296875,11135.7734375,-187500.046875
354649.036404479,-49877.515625,-187500.046875,-187500.015625,-187500.015625,-39321.7265625,-85330.890625,10944.2861328125,-187500.046875
354649.040421706,-49822.39453125,-187500.046875,-180571.1875,-187500.015625,-44352.85546875,-84028.8828125,13230.958984375,-187500.046875
354649.044001692,-52143.35546875,-187500.046875,-178971.359375,-187500.015625,-46368.89453125,-83765.21875,14666.0302734375,-187500.046875
354649.048340924,-53753.12890625,-187500.046875,-185424.65625,-187500.015625,-42810.98828125,-84850.265625,13441.490234375,-187500.046875
354649.052339553,-52389.60546875,-187500.046875,-187500.015625,-187117.265625,-38404.453125,-85864.046875,11157.96875,-187500.046875
354649.056408928,-49841.73046875,-187500.046875,-187500.015625,-187500.015625,-39348.4140625,-85317.1875,10990.21875,-187500.046875
354649.061086576,-49826.8203125,-187500.046875,-180534.640625,-187500.015625,-44369.98046875,-84023.0234375,13250.60546875,-187500.046875
354649.064093297,-52151.13671875,-187500.046875,-178995.46875,-187500.015625,-46344.75390625,-83768.8359375,14668.5556640625,-187500.046875
354649.06812037,-53727.04296875,-187500.046875,-185445.96875,-187500.015625,-42765.97265625,-84850.0390625,13457.515625,-187500.046875
354649.072332697,-52336.296875,-187500.046875,-187500.015625,-187115.109375,-38381.6328125,-85851.53125,11195.83203125,-187500.046875
354649.076389673,-49813.96875,-187500.046875,-187500.015625,-187500.015625,-39363.859375,-85297.875,11028.060546875,-187500.046875
354649.080240245,-49823.3125,-187500.046875,-180484.125,-187500.015625,-44394.20703125,-84006.546875,13290.81640625,-187500.046875
354649.084393495,-52140.00390625,-187500.046875,-178974.421875,-187500.015625,-46345.91796875,-83760.6171875,14714.8466796875,-187500.046875
354649.089477388,-53725.81640625,-187500.046875,-185482.734375,-187500.015625,-42739.28515625,-84854.0859375,13463.2158203125,-187500.046875
354649.092686502,-52359.0078125,-187500.046875,-187500.015625,-187108.125,-38357.78515625,-85858.6796875,11147.3515625,-187500.046875
354649.096539262,-49825.59375,-187500.046875,-187500.015625,-187500.015625,-39371.234375,-85292.3359375,11007.2509765625,-187500.046875
354649.10051127,-49860.50390625,-187500.046875,-180477.0625,-187500.015625,-44414.66015625,-83999.890625,13258.1162109375,-187500.046875
354649.104564599,-52162.3984375,-187500.046875,-178993.21875,-187500.015625,-46336.75390625,-83756.8359375,14700.943359375,-187500.046875
354649.108473519,-53700.53515625,-187500.046875,-185494.0625,-187500.015625,-42704.50390625,-84848.4765625,13485.09765625,-187500.046875
354649.112414165,-52327.53515625,-187500.046875,-187500.015625,-187121.609375,-38346.2265625,-85850.5234375,11160.896484375,-187500.046875
354649.117522491,-49814.73046875,-187500.046875,-187500.015625,-187500.015625,-39398.125,-85280.109375,11022.78515625,-187500.046875
354649.120585006,-49863.14453125,-187500.046875,-180431.375,-187500.015625,-44433.66015625,-83991.015625,13284.8037109375,-187500.046875
354649.12366065,-52188.55078125,-187500.046875,-179016.4375,-187500.015625,-46325.35546875,-83757.890625,14685.744140625,-187500.046875
354649.128543609,-53756.03515625,-187500.046875,-185580.203125,-187500.015625,-42676.54296875,-84858.1484375,13398.3955078125,-187500.046875
354649.132615901,-52338.5546875,-187500.046875,-187500.015625,-187131.859375,-38332.94921875,-85846.9296875,11113.890625,-187500.046875
354649.136619271,-49814.88671875,-187500.046875,-187500.015625,-187500.015625,-39413.58984375,-85263.609375,11019.96875,-187500.046875
354649.140623735,-49901.23046875,-187500.046875,-180428.640625,-187500.015625,-44444.25390625,-83980.0,13262.921875,-187500.046875
354649.144286136,-52242.44140625,-187500.046875,-179090.171875,-187500.015625,-46299.6953125,-83761.3515625,14628.61328125,-187500.046875
354649.148552434,-53701.765625,-187500.046875,-185576.859375,-187500.015625,-42631.37109375,-84851.46875,13450.05078125,-187500.046875
354649.15162042,-52279.03125,-187500.046875,-187500.015625,-187142.90625,-38308.9453125,-85836.15625,11158.974609375,-187500.046875
354649.156643048,-49784.3984375,-187500.046875,-187500.015625,-187500.015625,-39431.13671875,-85248.859375,11050.0986328125,-187500.046875
354649.160738315,-49864.75390625,-187500.046875,-180359.46875,-187500.015625,-44462.11328125,-83963.5703125,13322.623046875,-187500.046875
354649.164483132,-52195.68359375,-187500.046875,-179049.96875,-187500.015625,-46289.92578125,-83748.8984375,14696.16015625,-187500.046875
354649.168619971,-53700.19921875,-187500.046875,-185628.109375,-187500.015625,-42597.3515625,-84852.8359375,13433.755859375,-187500.046875
354649.173579146,-52251.515625,-187500.046875,-187500.015625,-187119.734375,-38270.61328125,-85833.6015625,11153.54296875,-187500.046875
354649.176592796,-49765.35546875,-187500.046875,-187500.015625,-187500.015625,-39426.9140625,-85241.75,11048.04296875,-187500.046875
354649.179542628,-49871.5703125,-187500.046875,-180327.390625,-187500.015625,-44482.69921875,-83956.859375,13317.236328125,-187500.046875
354649.18373745,-52208.890625,-187500.046875,-179046.015625,-187500.015625,-46290.28515625,-83747.2734375,14691.1083984375,-187500.046875
354649.188510278,-53693.26953125,-187500.046875,-185646.84375,-187500.015625,-42568.91796875,-84855.0859375,13435.9462890625,-187500.046875
354649.192636542,-52261.41796875,-187500.046875,-187500.015625,-187120.28125,-38257.58203125,-85833.3125,11116.998046875,-187500.046875
354649.198619351,-49761.84375,-187500.046875,-187500.015625,-187500.015625,-39444.48046875,-85227.15625,11052.0439453125,-187500.046875
354649.201746414,-49878.38671875,-187500.046875,-180291.234375,-187500.015625,-44493.359375,-83942.15625,13331.8544921875,-187500.046875
354649.204765169,-52223.0625,-187500.046875,-179075.625,-187500.015625,-46264.66796875,-83742.1328125,14683.2412109375,-187500.046875
354649.208563958,-53740.58984375,-187500.046875,-185742.140625,-187500.015625,-42528.375,-84860.65625,13350.9423828125,-187500.046875
354649.212627498,-52286.51953125,-187500.046875,-187500.015625,-187122.390625,-38241.7109375,-85832.640625,11046.5,-187500.046875
354649.216588201,-49797.921875,-187500.046875,-187500.015625,-187500.015625,-39467.859375,-85218.171875,10995.2255859375,-187500.046875
354649.22055875,-49901.7890625,-187500.046875,-180265.28125,-187500.015625,-44512.47265625,-83930.5078125,13323.115234375,-187500.046875
354649.224686837,-52236.2734375,-187500.046875,-179078.25,-187500.015625,-46249.828125,-83735.1328125,14681.3857421875,-187500.046875
354649.228678902,-53703.6875,-187500.046875,-185716.640625,-187500.015625,-42501.640625,-84847.4453125,13388.158203125,-187500.046875
354649.232466751,-52214.703125,-187500.046875,-187500.015625,-187128.296875,-38238.24609375,-85805.796875,11121.625,-187500.046875
354649.235559534,-49747.33984375,-187500.046875,-187500.015625,-187500.015625,-39498.08203125,-85185.7421875,11079.15625,-187500.046875
354649.239557798,-49902.2578125,-187500.046875,-180218.40625,-187500.015625,-44525.12109375,-83911.9375,13362.9453125,-187500.046875
354649.244415959,-52223.82421875,-187500.046875,-179074.625,-187500.015625,-46229.64453125,-83726.1015625,14713.4384765625,-187500.046875
354649.248448867,-53682.9453125,-187500.046875,-185716.171875,-187500.015625,-42481.9921875,-84842.5703125,13394.953125,-187500.046875
354649.252669946,-52177.12890625,-187500.046875,-187500.015625,-187156.78125,-38254.7890625,-85791.1328125,11147.8427734375,-187500.046875
354649.256837053,-49707.53125,-187500.046875,-187500.015625,-187500.015625,-39544.5703125,-85160.796875,11143.1044921875,-187500.046875
354649.260363432,-49881.875,-187500.046875,-180146.015625,-187500.015625,-44553.7109375,-83890.3671875,13426.603515625,-187500.046875
354649.263729719,-52215.328125,-187500.046875,-179077.84375,-187500.015625,-46215.60546875,-83716.984375,14746.8759765625,-187500.046875
354649.267678753,-53662.5390625,-187500.046875,-185745.5,-187500.015625,-42443.19140625,-84837.9453125,13414.6455078125,-187500.046875
354649.272609848,-52150.62109375,-187500.046875,-187500.015625,-187172.8125,-38245.1328125,-85780.4296875,11165.970703125,-187500.046875
354649.276334243,-49710.546875,-187500.046875,-187500.015625,-187500.015625,-39562.74609375,-85149.0390625,11153.2744140625,-187500.046875
354649.280588507,-49926.2421875,-187500.046875,-180204.703125,-187500.015625,-44548.01171875,-83893.2734375,13400.5185546875,-187500.046875
354649.284379638,-52249.08203125,-187500.046875,-179192.6875,-187500.015625,-46168.421875,-83730.5546875,14704.2294921875,-187500.046875
354649.288841035,-53654.9375,-187500.046875,-185811.859375,-187500.015625,-42409.6640625,-84844.8984375,13390.505859375,-187500.046875
354649.291356543,-52131.62109375,-187500.046875,-187500.015625,-187206.203125,-38266.90234375,-85768.5859375,11161.947265625,-187500.046875
354649.29582414,-49700.578125,-187500.046875,-187500.015625,-187500.015625,-39610.28515625,-85123.734375,11188.2099609375,-187500.046875
354649.300882141,-49873.4921875,-187500.046875,-180130.578125,-187500.015625,-44566.16015625,-83864.796875,13512.8369140625,-187500.046875
354649.304822422,-52189.4453125,-187500.046875,-179156.65625,-187500.015625,-46153.22265625,-83711.2421875,14811.673828125,-187500.046875
354649.308841473,-53622.34765625,-187500.046875,-185846.28125,-187500.015625,-42373.09765625,-84839.9609375,13432.68359375,-187500.046875
354649.312769355,-52130.32421875,-187500.046875,-187500.015625,-187191.921875,-38231.4296875,-85771.625,11145.2275390625,-187500.046875
354649.31672313,-49714.86328125,-187500.046875,-187500.015625,-187500.015625,-39614.734375,-85123.2890625,11168.3173828125,-187500.046875
354649.319861862,-49933.55078125,-187500.046875,-180111.828125,-187500.015625,-44616.94140625,-83860.4140625,13466.658203125,-187500.046875
354649.323918473,-52269.7109375,-187500.046875,-179194.6875,-187500.015625,-46180.42578125,-83711.796875,14751.5478515625,-187500.046875
354649.32878648,-53676.5078125,-187500.046875,-185928.671875,-187500.015625,-42353.3359375,-84845.1015625,13380.6708984375,-187500.046875
354649.332438306,-52111.55078125,-187500.046875,-187500.015625,-187167.703125,-38199.890625,-85768.1796875,11152.134765625,-187500.046875
354649.336712992,-49695.1484375,-187500.046875,-187500.015625,-187500.015625,-39619.8984375,-85114.59375,11177.861328125,-187500.046875
354649.340857125,-49939.47265625,-187500.046875,-180117.328125,-187500.015625,-44628.07421875,-83855.609375,13466.724609375,-187500.046875
354649.344612882,-52296.33203125,-187500.046875,-179247.09375,-187500.015625,-46169.47265625,-83715.328125,14726.9609375,-187500.046875
354649.347621426,-53683.0546875,-187500.046875,-185984.34375,-187500.015625,-42327.4296875,-84849.28125,13361.873046875,-187500.046875
354649.351605468,-52093.1328125,-187500.046875,-187500.015625,-187182.890625,-38192.94140625,-85759.890625,11159.98046875,-187500.046875
354649.355553408,-49651.00390625,-187500.046875,-187500.015625,-187500.015625,-39639.45703125,-85090.1171875,11253.0078125,-187500.046875
354649.360550144,-49904.80859375,-187500.046875,-180040.984375,-187500.015625,-44635.02734375,-83834.953125,13552.3544921875,-187500.046875
354649.364944442,-52254.78125,-187500.046875,-179223.21875,-187500.015625,-46139.34375,-83703.703125,14801.5263671875,-187500.046875
354649.368940153,-53653.77734375,-187500.046875,-186003.375,-187500.015625,-42285.43359375,-84846.2578125,13387.6220703125,-187500.046875
354649.371911866,-52066.48828125,-187500.046875,-187500.015625,-187191.078125,-38176.17578125,-85753.71875,11171.201171875,-187500.046875
354649.375961548,-49660.66015625,-187500.046875,-187500.015625,-187500.015625,-39653.203125,-85081.9609375,11241.5419921875,-187500.046875
354649.379786593,-49921.97265625,-187500.046875,-180038.8125,-187500.015625,-44645.0390625,-83826.0859375,13552.2421875,-187500.046875
354649.383835547,-52274.94140625,-187500.046875,-179256.453125,-187500.015625,-46125.23828125,-83699.640625,14792.8095703125,-187500.046875
354649.388940955,-53636.1640625,-187500.046875,-186034.265625,-187500.015625,-42250.54296875,-84842.171875,13400.98828125,-187500.046875
354649.392929373,-52058.890625,-187500.046875,-187500.015625,-187198.5625,-38158.25,-85749.140625,11155.197265625,-187500.046875
354649.396816413,-49650.15234375,-187500.046875,-187471.09375,-187500.015625,-39665.71875,-85069.9375,11250.7060546875,-187500.046875
354649.400044854,-49930.22265625,-187500.046875,-179996.0,-187500.015625,-44669.515625,-83817.2109375,13564.8271484375,-187500.046875
354649.403969819,-52271.140625,-187500.046875,-179242.53125,-187500.015625,-46119.3359375,-83695.9765625,14821.576171875,-187500.046875
354649.407921405,-53634.84375,-187500.046875,-186068.6875,-187500.015625,-42214.375,-84845.6328125,13401.6591796875,-187500.046875
354649.411867886,-52025.765625,-187500.046875,-187500.015625,-187188.421875,-38122.890625,-85747.078125,11174.330078125,-187500.046875
354649.41698387,-49614.32421875,-187500.046875,-187425.390625,-187500.015625,-39663.6640625,-85057.8671875,11288.189453125,-187500.046875
354649.420944208,-49928.8359375,-187500.046875,-179965.296875,-187500.015625,-44679.1015625,-83805.34375,13580.8525390625,-187500.046875
354649.424912569,-52272.05859375,-187500.046875,-179254.734375,-187500.015625,-46102.640625,-83689.0859375,14830.8291015625,-187500.046875
354649.427892305,-53591.234375,-187500.046875,-186071.796875,-187500.015625,-42177.2734375,-84836.9140625,13440.505859375,-187500.046875
354649.431951834,-51969.34765625,-187500.046875,-187500.015625,-187190.96875,-38111.0,-85733.0859375,11219.771484375,-187500.046875
354649.436062417,-49572.34765625,-187500.046875,-187350.75,-187500.015625,-39685.3203125,-85039.1328125,11345.1640625,-187500.046875
354649.43993961,-49893.09375,-187500.046875,-179914.421875,-187500.015625,-44688.55859375,-83791.7734375,13654.5693359375,-187500.046875
354649.444537395,-52287.81640625,-187500.046875,-179305.78125,-187500.015625,-46079.7734375,-83694.25,14821.6201171875,-187500.046875
354649.448999157,-53595.48046875,-187500.046875,-186133.90625,-187500.015625,-42142.29296875,-84845.1875,13416.076171875,-187500.046875
354649.453000339,-51971.6484375,-187500.046875,-187500.015625,-187204.359375,-38101.05078125,-85731.9296875,11187.427734375,-187500.046875
354649.456121567,-49576.63671875,-187500.046875,-187317.96875,-187500.015625,-39708.6328125,-85025.7421875,11346.259765625,-187500.046875
354649.459634452,-49925.953125,-187500.046875,-179922.46875,-187500.015625,-44699.8671875,-83785.203125,13642.8564453125,-187500.046875
354649.463702369,-52324.359375,-187500.046875,-179371.984375,-187500.015625,-46056.1484375,-83699.3515625,14790.73046875,-187500.046875
354649.468097031,-53600.80078125,-187500.046875,-186192.421875,-187500.015625,-42104.2734375,-84851.3984375,13397.4345703125,-187500.046875
354649.472994577,-51965.21484375,-187500.046875,-187500.015625,-187220.140625,-38089.78515625,-85731.4375,11175.9169921875,-187500.046875
354649.4766103,-49599.4140625,-187500.046875,-187304.796875,-187500.015625,-39731.6328125,-85020.9609375,11322.6787109375,-187500.046875
354649.48100241,-49955.8125,-187500.046875,-179917.5,-187500.015625,-44716.2734375,-83779.65625,13628.5517578125,-187500.046875
354649.48395443,-52328.3828125,-187500.046875,-179391.6875,-187500.015625,-46036.30078125,-83695.9765625,14794.9326171875,-187500.046875
354649.488009583,-53603.68359375,-187500.046875,-186244.078125,-187500.015625,-42072.5546875,-84853.5234375,13369.13671875,-187500.046875
354649.491967004,-51915.66015625,-187500.046875,-187500.015625,-187231.875,-38081.5390625,-85720.484375,11210.0478515625,-187500.046875
354649.49566259,-49560.0078125,-187500.046875,-187230.640625,-187500.015625,-39752.734375,-85004.6015625,11381.150390625,-187500.046875
354649.499974837,-49963.12109375,-187500.046875,-179902.28125,-187500.015625,-44731.40625,-83774.15625,13652.2890625,-187500.046875
354649.505016428,-52327.9375,-187500.046875,-179417.203125,-187500.015625,-46021.1015625,-83696.625,14817.216796875,-187500.046875
354649.509115342,-53618.50390625,-187500.046875,-186313.296875,-187500.015625,-42046.1796875,-84858.6015625,13344.05859375,-187500.046875
354649.511970359,-51945.8125,-187500.046875,-187500.015625,-187240.703125,-38081.359375,-85718.671875,11152.939453125,-187500.046875
354649.516014572,-49583.703125,-187500.046875,-187214.5625,-187500.015625,-39782.796875,-84990.921875,11358.888671875,-187500.046875
354649.51998585,-49968.21875,-187500.046875,-179870.09375,-187500.015625,-44747.72265625,-83758.0859375,13680.67578125,-187500.046875
354649.524168638,-52350.66796875,-187500.046875,-179462.046875,-187500.015625,-45992.58203125,-83693.6953125,14809.6171875,-187500.046875
354649.528912657,-53612.55859375,-187500.046875,-186347.046875,-187500.015625,-42009.56640625,-84857.6640625,13339.521484375,-187500.046875
354649.533015582,-51906.4296875,-187500.046875,-187500.015625,-187258.625,-38089.765625,-85703.46875,11190.400390625,-187500.046875
354649.537002541,-49558.265625,-187500.046875,-187124.828125,-187500.015625,-39820.3046875,-84966.3984375,11428.0673828125,-187500.046875
354649.540111735,-49954.44921875,-187500.046875,-179838.140625,-187500.015625,-44748.39453125,-83741.8359375,13751.3076171875,-187500.046875
354649.544056757,-52309.9453125,-187500.046875,-179479.75,-187500.015625,-45946.53515625,-83685.46875,14875.443359375,-187500.046875
354649.548191773,-53547.55859375,-187500.046875,-186356.0625,-187500.015625,-41958.31640625,-84847.7578125,13396.49609375,-187500.046875
354649.552200978,-51852.71484375,-187500.046875,-187500.015625,-187276.53125,-38074.02734375,-85687.8046875,11228.7568359375,-187500.046875
354649.556985839,-49543.69140625,-187500.046875,-187082.84375,-187500.015625,-39840.17578125,-84948.0703125,11452.2958984375,-187500.046875
354649.560722269,-49961.3359375,-187500.046875,-179838.96875,-187500.015625,-44755.61328125,-83730.6171875,13770.9541015625,-187500.046875
354649.565006436,-52348.43359375,-187500.046875,-179565.4375,-187500.015625,-45919.89453125,-83691.4375,14841.625,-187500.046875
354649.567964655,-53570.89453125,-187500.046875,-186444.328125,-187500.015625,-41924.1171875,-84855.5625,13355.1005859375,-187500.046875
354649.571941769,-51881.73046875,-187500.046875,-187500.015625,-187298.75,-38070.31640625,-85685.234375,11171.87109375,-187500.046875
354649.57594295,-49542.39453125,-187500.046875,-187048.046875,-187500.015625,-39858.03125,-84926.7734375,11467.2939453125,-187500.046875
354649.579954343,-49981.02734375,-187500.046875,-179845.09375,-187500.015625,-44753.265625,-83714.8125,13778.1962890625,-187500.046875
354649.584159376,-52319.5546875,-187500.046875,-179564.4375,-187500.015625,-45887.6171875,-83675.6796875,14895.828125,-187500.046875
