#354443.00305668,-94116.9609375,-187500.046875,-187500.015625,-187500.015625,-98070.828125,-148995.078125,-66437.8984375,-187500.046875
354443.007986317,-92131.6796875,-187500.046875,-185801.671875,-187500.015625,-104634.484375,-147322.1875,-64051.5390625,-187500.046875
354443.012473242,-94581.7421875,-187500.046875,-180668.21875,-187500.015625,-110234.9375,-146167.046875,-61106.7421875,-187500.046875
354443.016382526,-98072.5703125,-187500.046875,-186307.734375,-187500.015625,-107428.359375,-147037.4375,-61543.203125,-187500.046875
354443.020475969,-97969.28125,-187500.046875,-187500.015625,-187500.015625,-99992.359375,-148808.140625,-64815.58984375,-187500.046875
354443.024507419,-94121.140625,-187500.046875,-187500.015625,-187500.015625,-98065.53125,-148989.796875,-66446.546875,-187500.046875
354443.028138458,-92143.59375,-187500.046875,-185798.03125,-187500.015625,-104640.671875,-147315.609375,-64058.625,-187500.046875
354443.031062763,-94599.1796875,-187500.046875,-180680.234375,-187500.015625,-110227.6484375,-146163.75,-61112.12890625,-187500.046875
354443.036266998,-98121.9453125,-187500.046875,-186367.078125,-187500.015625,-107410.484375,-147041.53125,-61599.26171875,-187500.046875
354443.040524179,-98006.546875,-187500.046875,-187500.015625,-187500.015625,-99975.578125,-148810.0625,-64867.2421875,-187500.046875
354443.044538489,-94104.4453125,-187500.046875,-187500.015625,-187500.015625,-98061.7109375,-148976.609375,-66421.671875,-187500.046875
354443.048680069,-92117.7734375,-187500.046875,-185752.453125,-187500.015625,-104645.9296875,-147295.71875,-64003.21484375,-187500.046875
354443.052456977,-94568.6640625,-187500.046875,-180640.96875,-187500.015625,-110220.03125,-146143.546875,-61048.13671875,-187500.046875
354443.056444666,-98040.875,-187500.046875,-186295.390625,-187500.015625,-107383.96875,-147019.1875,-61481.8046875,-187500.046875
354443.059477279,-97940.4453125,-187500.046875,-187500.015625,-187500.015625,-99951.65625,-148791.703125,-64783.53515625,-187500.046875
354443.064108249,-94119.7734375,-187500.046875,-187500.015625,-187500.015625,-98062.3984375,-148968.234375,-66444.15625,-187500.046875
354443.068388404,-92168.515625,-187500.046875,-185799.21875,-187500.015625,-104661.6171875,-147292.28125,-64061.26171875,-187500.046875
354443.072358953,-94598.2578125,-187500.046875,-180677.0625,-187500.015625,-110223.7421875,-146139.53125,-61072.5859375,-187500.046875
354443.076400978,-98079.140625,-187500.046875,-186359.59375,-187500.015625,-107371.2109375,-147018.234375,-61524.1171875,-187500.046875
354443.080134126,-97940.46875,-187500.046875,-187500.015625,-187500.015625,-99936.0390625,-148786.21875,-64787.22265625,-187500.046875
354443.084303786,-94077.6640625,-187500.046875,-187500.015625,-187500.015625,-98060.7265625,-148952.9375,-66390.203125,-187500.046875
354443.087302849,-92124.8828125,-187500.046875,-185730.75,-187500.015625,-104664.9921875,-147272.15625,-63983.6328125,-187500.046875
354443.092386012,-94581.1171875,-187500.046875,-180648.921875,-187500.015625,-110216.5390625,-146124.65625,-61023.34765625,-187500.046875
354443.096054248,-98052.6796875,-187500.046875,-186345.328125,-187500.015625,-107350.3515625,-147008.5625,-61480.26171875,-187500.046875
354443.100434689,-97942.59375,-187500.046875,-187500.015625,-187500.015625,-99921.2578125,-148784.03125,-64793.68359375,-187500.046875
354443.104388827,-94086.1171875,-187500.046875,-187500.015625,-187500.015625,-98063.1796875,-148947.6875,-66393.890625,-187500.046875
354443.108385268,-92139.7890625,-187500.046875,-185724.875,-187500.015625,-104672.859375,-147265.90625,-63980.03515625,-187500.046875
354443.112145766,-94591.0859375,-187500.046875,-180648.046875,-187500.015625,-110211.734375,-146119.609375,-61010.515625,-187500.046875
354443.115424168,-98071.5625,-187500.046875,-186368.46875,-187500.015625,-107331.4453125,-147005.390625,-61488.44140625,-187500.046875
354443.119334911,-97907.078125,-187500.046875,-187500.015625,-187500.015625,-99896.609375,-148770.625,-64745.94140625,-187500.046875
354443.124214587,-94062.1953125,-187500.046875,-187500.015625,-187500.015625,-98053.8359375,-148934.40625,-66359.8515625,-187500.046875
354443.128522093,-92101.96875,-187500.046875,-185672.75,-187500.015625,-104672.859375,-147250.078125,-63919.44140625,-187500.046875
354443.132557189,-94575.6875,-187500.046875,-180629.046875,-187500.015625,-110203.0390625,-146110.65625,-60974.12890625,-187500.046875
354443.136455169,-98064.296875,-187500.046875,-186377.1875,-187500.015625,-107308.421875,-147002.46875,-61470.6953125,-187500.046875
354443.140354607,-97898.828125,-187500.046875,-187500.015625,-187500.015625,-99875.53125,-148766.8125,-64733.19921875,-187500.046875
354443.143410194,-94038.7265625,-187500.046875,-187500.015625,-187500.015625,-98048.8125,-148922.1875,-66320.734375,-187500.046875
354443.148577961,-92091.46875,-187500.046875,-185647.421875,-187500.015625,-104672.2109375,-147234.859375,-63880.48046875,-187500.046875
354443.152623997,-94589.765625,-187500.046875,-180640.140625,-187500.015625,-110192.421875,-146100.234375,-60965.859375,-187500.046875
354443.156571937,-98077.375,-187500.046875,-186404.875,-187500.015625,-107285.828125,-146996.671875,-61475.76953125,-187500.046875
354443.160547956,-97907.65625,-187500.046875,-187500.015625,-187500.015625,-99853.53125,-148760.84375,-64753.00390625,-187500.046875
354443.164315382,-94035.0859375,-187500.046875,-187500.015625,-187500.015625,-98041.0546875,-148912.546875,-66325.46875,-187500.046875
354443.168503641,-92103.9375,-187500.046875,-185651.09375,-187500.015625,-104674.359375,-147227.34375,-63893.109375,-187500.046875
354443.171350635,-94617.75,-187500.046875,-180667.71875,-187500.015625,-110185.5859375,-146096.984375,-60992.8828125,-187500.046875
354443.175584113,-98089.734375,-187500.046875,-186430.40625,-187500.015625,-107266.0625,-146991.46875,-61488.28515625,-187500.046875
354443.180308074,-97918.8984375,-187500.046875,-187500.015625,-187500.015625,-99834.046875,-148755.0,-64769.43359375,-187500.046875
354443.184530612,-94026.4375,-187500.046875,-187500.015625,-187500.015625,-98033.078125,-148899.3125,-66306.609375,-187500.046875
354443.188401606,-92073.984375,-187500.046875,-185604.125,-187500.015625,-104671.453125,-147208.359375,-63835.33203125,-187500.046875
354443.192436337,-94582.4609375,-187500.046875,-180628.3125,-187500.015625,-110175.328125,-146080.75,-60928.484375,-187500.046875
354443.196719775,-98042.3046875,-187500.046875,-186395.046875,-187500.015625,-107244.1875,-146980.671875,-61420.0,-187500.046875
354443.199289254,-97851.734375,-187500.046875,-187500.015625,-187500.015625,-99812.453125,-148742.234375,-64685.5703125,-187500.046875
354443.203545706,-93985.78125,-187500.046875,-187500.015625,-187500.015625,-98028.359375,-148887.890625,-66256.0234375,-187500.046875
354443.208499046,-92082.90625,-187500.046875,-185611.484375,-187500.015625,-104675.03125,-147202.46875,-63834.0546875,-187500.046875
354443.212295646,-94607.5390625,-187500.046875,-180657.5,-187500.015625,-110166.875,-146076.859375,-60940.82421875,-187500.046875
354443.216683745,-98065.75,-187500.046875,-186434.828125,-187500.015625,-107223.171875,-146976.640625,-61438.73046875,-187500.046875
354443.220703889,-97888.5234375,-187500.046875,-187500.015625,-187500.015625,-99791.1953125,-148740.625,-64733.01953125,-187500.046875
354443.224707259,-94014.8125,-187500.046875,-187500.015625,-187500.015625,-98023.4375,-148881.796875,-66292.1875,-187500.046875
354443.228284692,-92099.9140625,-187500.046875,-185604.609375,-187500.015625,-104679.65625,-147192.78125,-63840.875,-187500.046875
354443.231661555,-94614.3984375,-187500.046875,-180644.15625,-187500.015625,-110163.5,-146066.890625,-60926.69921875,-187500.046875
354443.236713721,-98072.90625,-187500.046875,-186441.359375,-187500.015625,-107204.3984375,-146969.96875,-61432.1171875,-187500.046875
354443.240720373,-97877.9296875,-187500.046875,-187500.015625,-187500.015625,-99775.1484375,-148730.4375,-64716.66015625,-187500.046875
354443.244739788,-93985.7578125,-187500.046875,-187500.015625,-187500.015625,-98017.3359375,-148863.484375,-66252.2265625,-187500.046875
354443.248323785,-92077.203125,-187500.046875,-185569.390625,-187500.015625,-104677.625,-147172.109375,-63799.2109375,-187500.046875
354443.251529981,-94599.0625,-187500.046875,-180635.21875,-187500.015625,-110150.3828125,-146049.703125,-60893.66015625,-187500.046875
354443.25558951,-98077.2890625,-187500.046875,-186467.859375,-187500.015625,-107179.9921875,-146960.640625,-61434.41796875,-187500.046875
354443.259708481,-97847.1328125,-187500.046875,-187500.015625,-187500.015625,-99749.3984375,-148718.71875,-64678.50390625,-187500.046875
354443.264548043,-93959.671875,-187500.046875,-187500.015625,-187500.015625,-98010.6796875,-148851.796875,-66213.4453125,-187500.046875
354443.268644039,-92074.03125,-187500.046875,-185559.640625,-187500.015625,-104680.015625,-147163.421875,-63776.94921875,-187500.046875
354443.272619329,-94604.7421875,-187500.046875,-180648.28125,-187500.015625,-110139.5390625,-146044.015625,-60882.28515625,-187500.046875
354443.276725172,-98057.0546875,-187500.046875,-186472.9375,-187500.015625,-107154.125,-146952.484375,-61400.28515625,-187500.046875
354443.279718764,-97848.9609375,-187500.046875,-187500.015625,-187500.015625,-99728.765625,-148713.234375,-64687.4921875,-187500.046875
354443.283850134,-93986.2265625,-187500.046875,-187500.015625,-187500.015625,-98004.9375,-148845.78125,-66248.1796875,-187500.046875
354443.287817401,-92095.8515625,-187500.046875,-185571.015625,-187500.015625,-104681.3515625,-147153.875,-63793.35546875,-187500.046875
354443.291853956,-94587.484375,-187500.046875,-180625.140625,-187500.015625,-110136.0546875,-146033.515625,-60845.89453125,-187500.046875
354443.296752595,-98034.3515625,-187500.046875,-186461.375,-187500.015625,-107138.9296875,-146946.34375,-61366.42578125,-187500.046875
354443.300575817,-97826.0078125,-187500.046875,-187500.015625,-187500.015625,-99712.515625,-148706.765625,-64665.875,-187500.046875
354443.304585386,-93931.125,-187500.046875,-187500.015625,-187500.015625,-98002.2109375,-148831.65625,-66183.0,-187500.046875
354443.307412688,-92021.328125,-187500.046875,-185493.265625,-187500.015625,-104683.140625,-147134.09375,-63683.2265625,-187500.046875
354443.311795681,-94559.9921875,-187500.046875,-180610.40625,-187500.015625,-110123.1796875,-146019.859375,-60789.90625,-187500.046875
354443.315860316,-98046.640625,-187500.046875,-186504.34375,-187500.015625,-107114.6328125,-146941.6875,-61370.78125,-187500.046875
354443.319851286,-97797.3984375,-187500.046875,-187500.015625,-187500.015625,-99689.5625,-148697.5,-64628.48046875,-187500.046875
354443.324798427,-93901.6015625,-187500.046875,-187500.015625,-187500.015625,-97996.4375,-148819.140625,-66141.8515625,-187500.046875
354443.328396281,-92030.203125,-187500.046875,-185501.015625,-187500.015625,-104689.6953125,-147125.34375,-63681.640625,-187500.046875
354443.332414602,-94555.7265625,-187500.046875,-180617.046875,-187500.015625,-110119.359375,-146011.203125,-60768.08984375,-187500.046875
354443.335846166,-98017.140625,-187500.046875,-186502.515625,-187500.015625,-107094.8984375,-146931.734375,-61325.140625,-187500.046875
354443.339847712,-97759.1953125,-187500.046875,-187500.015625,-187500.015625,-99663.3203125,-148685.015625,-64585.72265625,-187500.046875
354443.34381498,-93897.21875,-187500.046875,-187500.015625,-187500.015625,-97988.078125,-148806.890625,-66138.1171875,-187500.046875
354443.34768962,-92028.9453125,-187500.046875,-185493.234375,-187500.015625,-104689.4453125,-147112.671875,-63663.24609375,-187500.046875
354443.351886995,-94602.3984375,-187500.046875,-180669.03125,-187500.015625,-110109.25,-146008.953125,-60808.7265625,-187500.046875
354443.356758284,-98046.0625,-187500.046875,-186557.46875,-187500.015625,-107071.296875,-146933.234375,-61358.46484375,-187500.046875
354443.360880537,-97785.90625,-187500.046875,-187500.015625,-187500.015625,-99647.453125,-148687.984375,-64627.02734375,-187500.046875
354443.363587497,-93872.234375,-187500.046875,-187500.015625,-187500.015625,-97988.5078125,-148796.5625,-66106.203125,-187500.046875
354443.367716679,-92008.0703125,-187500.046875,-185465.203125,-187500.015625,-104695.0546875,-147097.71875,-63620.46484375,-187500.046875
354443.371963284,-94533.3046875,-187500.046875,-180603.578125,-187500.015625,-110097.671875,-145987.140625,-60698.0625,-187500.046875
354443.375952432,-98021.921875,-187500.046875,-186558.203125,-187500.015625,-107048.2265625,-146921.1875,-61314.09765625,-187500.046875
354443.380677487,-97788.96875,-187500.046875,-187500.015625,-187500.015625,-99627.890625,-148679.953125,-64630.875,-187500.046875
354443.38474431,-93905.3125,-187500.046875,-187500.015625,-187500.015625,-97988.6640625,-148790.640625,-66146.453125,-187500.046875
354443.388871303,-92033.8203125,-187500.046875,-185471.953125,-187500.015625,-104704.15625,-147092.140625,-63635.99609375,-187500.046875
354443.392013317,-94591.734375,-187500.046875,-180659.109375,-187500.015625,-110094.75,-145991.21875,-60754.09765625,-187500.046875
354443.395483901,-98070.8046875,-187500.046875,-186623.4375,-187500.015625,-107029.296875,-146927.359375,-61372.34765625,-187500.046875
354443.399889139,-97828.21875,-187500.046875,-187500.015625,-187500.015625,-99609.8984375,-148684.203125,-64689.5703125,-187500.046875
354443.404005192,-93933.296875,-187500.046875,-187500.015625,-187500.015625,-97986.625,-148785.6875,-66181.8828125,-187500.046875
354443.407920311,-92061.0,-187500.046875,-185484.5625,-187500.015625,-104705.5390625,-147080.765625,-63654.19140625,-187500.046875
354443.412851407,-94606.7734375,-187500.046875,-180669.359375,-187500.015625,-110083.4375,-145979.953125,-60753.0703125,-187500.046875
354443.416887961,-98022.96875,-187500.046875,-186587.40625,-187500.015625,-106996.7265625,-146909.65625,-61297.8046875,-187500.046875
354443.419838523,-97737.9609375,-187500.046875,-187500.015625,-187500.015625,-99575.4765625,-148662.140625,-64569.6953125,-187500.046875
354443.423939989,-93881.6640625,-187500.046875,-187500.015625,-187500.015625,-97971.765625,-148769.84375,-66111.921875,-187500.046875
354443.427948464,-92048.5546875,-187500.046875,-185472.359375,-187500.015625,-104704.0859375,-147069.8125,-63622.16015625,-187500.046875
354443.43195074,-94606.28125,-187500.046875,-180680.0625,-187500.015625,-110071.7890625,-145971.125,-60730.71875,-187500.046875
354443.436021574,-97992.4609375,-187500.046875,-186584.578125,-187500.015625,-106968.2734375,-146896.46875,-61250.08203125,-187500.046875
354443.440811905,-97707.34375,-187500.046875,-187500.015625,-187500.015625,-99545.328125,-148646.640625,-64532.4375,-187500.046875
354443.445036995,-93828.6484375,-187500.046875,-187500.015625,-187500.015625,-97955.71875,-148744.671875,-66034.6953125,-187500.046875
354443.448034235,-91981.1796875,-187500.046875,-185394.984375,-187500.015625,-104694.4296875,-147039.703125,-63507.80859375,-187500.046875
354443.451986915,-94553.7109375,-187500.046875,-180632.09375,-187500.015625,-110052.4140625,-145948.109375,-60632.48046875,-187500.046875
354443.455987732,-98018.4375,-187500.046875,-186641.671875,-187500.015625,-106940.21875,-146893.09375,-61266.3984375,-187500.046875
354443.4599488,-97738.6328125,-187500.046875,-187500.015625,-187500.015625,-99523.0859375,-148646.234375,-64573.05078125,-187500.046875
354443.464009787,-93849.1875,-187500.046875,-187500.015625,-187500.015625,-97953.3671875,-148739.140625,-66065.5234375,-187500.046875
354443.468916085,-92034.71875,-187500.046875,-185440.53125,-187500.015625,-104699.6171875,-147035.390625,-63571.40234375,-187500.046875
354443.472874964,-94602.2578125,-187500.046875,-180681.578125,-187500.015625,-110044.4765625,-145942.609375,-60683.734375,-187500.046875
354443.475966289,-97992.484375,-187500.046875,-186633.6875,-187500.015625,-106913.9609375,-146878.46875,-61231.57421875,-187500.046875
354443.480071402,-97690.84375,-187500.046875,-187500.015625,-187500.015625,-99498.609375,-148629.015625,-64522.9609375,-187500.046875
354443.48394896,-93826.1875,-187500.046875,-187500.015625,-187500.015625,-97945.65625,-148723.234375,-66037.265625,-187500.046875
354443.487965093,-92006.2421875,-187500.046875,-185398.9375,-187500.015625,-104702.453125,-147018.46875,-63515.09765625,-187500.046875
354443.491897352,-94608.65625,-187500.046875,-180688.796875,-187500.015625,-110038.328125,-145935.234375,-60670.45703125,-187500.046875
354443.496733267,-98057.640625,-187500.046875,-186716.546875,-187500.015625,-106897.125,-146884.671875,-61304.48828125,-187500.046875
354443.500835098,-97712.53125,-187500.046875,-187500.015625,-187500.015625,-99477.828125,-148626.9375,-64546.85546875,-187500.046875
354443.5046255,-93817.8515625,-187500.046875,-187500.015625,-187500.015625,-97938.796875,-148710.578125,-66021.953125,-187500.046875
354443.508062898,-92011.1796875,-187500.046875,-185389.03125,-187500.015625,-104702.1875,-147004.09375,-63501.6875,-187500.046875
354443.511539681,-94614.5078125,-187500.046875,-180687.34375,-187500.015625,-110024.984375,-145923.59375,-60653.515625,-187500.046875
354443.516057968,-98017.2734375,-187500.046875,-186684.875,-187500.015625,-106866.4375,-146869.78125,-61233.9453125,-187500.046875
354443.520097805,-97687.25,-187500.046875,-187500.015625,-187500.015625,-99453.7734375,-148615.078125,-64513.55078125,-187500.046875
354443.524917675,-93813.109375,-187500.046875,-187500.015625,-187500.015625,-97935.109375,-148698.90625,-66011.921875,-187500.046875
354443.52868729,-92001.078125,-187500.046875,-185361.75,-187500.015625,-104705.0703125,-146988.15625,-63473.0078125,-187500.046875
354443.532143651,-94615.1328125,-187500.046875,-180681.46875,-187500.015625,-110016.5859375,-145905.546875,-60632.4375,-187500.046875
354443.535970155,-98049.640625,-187500.046875,-186733.421875,-187500.015625,-106846.5234375,-146858.46875,-61268.74609375,-187500.046875
354443.539999051,-97705.53125,-187500.046875,-187500.015625,-187500.015625,-99435.3984375,-148602.203125,-64541.6015625,-187500.046875
354443.544148654,-93768.8515625,-187500.046875,-187500.015625,-187500.015625,-97927.6640625,-148671.828125,-65948.6015625,-187500.046875
354443.548131967,-92005.1875,-187500.046875,-185349.296875,-187500.015625,-104708.515625,-146969.296875,-63458.32421875,-187500.046875
354443.552108716,-94613.75,-187500.046875,-180677.046875,-187500.015625,-110008.3125,-145892.78125,-60608.72265625,-187500.046875
354443.557078466,-98031.265625,-187500.046875,-186729.171875,-187500.015625,-106819.9453125,-146847.875,-61232.58203125,-187500.046875
354443.560060754,-97711.5703125,-187500.046875,-187500.015625,-187500.015625,-99412.1796875,-148595.15625,-64548.328125,-187500.046875
354443.563954357,-93799.09375,-187500.046875,-187500.015625,-187500.015625,-97925.828125,-148662.0625,-65984.609375,-187500.046875
354443.568004405,-92035.296875,-187500.046875,-185358.921875,-187500.015625,-104711.796875,-146953.046875,-63479.06640625,-187500.046875
354443.572071957,-94622.984375,-187500.046875,-180676.546875,-187500.015625,-109998.140625,-145873.203125,-60598.6171875,-187500.046875
354443.576039224,-98042.2578125,-187500.046875,-186750.203125,-187500.015625,-106795.515625,-146833.28125,-61240.0703125,-187500.046875
354443.580042593,-97731.84375,-187500.046875,-187500.015625,-187500.015625,-99390.5859375,-148584.5625,-64583.3984375,-187500.046875
354443.585153472,-93855.7578125,-187500.046875,-187500.015625,-187500.015625,-97924.671875,-148652.015625,-66060.9609375,-187500.046875
354443.58803511,-92079.9765625,-187500.046875,-185383.109375,-187500.015625,-104719.2421875,-146938.609375,-63525.84765625,-187500.046875
354443.591979038,-94638.3828125,-187500.046875,-180683.140625,-187500.015625,-109992.21875,-145856.328125,-60604.765625,-187500.046875
354443.59624716,-98029.453125,-187500.046875,-186747.390625,-187500.015625,-106770.90625,-146811.71875,-61219.6640625,-187500.046875
354443.600213697,-97696.1640625,-187500.046875,-187500.015625,-187500.015625,-99364.8828125,-148559.125,-64548.28515625,-187500.046875
354443.604234936,-93808.390625,-187500.046875,-187500.015625,-187500.015625,-97915.6796875,-148624.21875,-66008.609375,-187500.046875
354443.60825508,-92014.84375,-187500.046875,-185306.15625,-187500.015625,-104715.8203125,-146907.3125,-63430.49609375,-187500.046875
354443.612744558,-94634.78125,-187500.046875,-180685.484375,-187500.015625,-109980.7734375,-145839.34375,-60582.14453125,-187500.046875
354443.616175392,-98062.7109375,-187500.046875,-186806.6875,-187500.015625,-106748.15625,-146807.859375,-61255.9609375,-187500.046875
354443.619198523,-97675.828125,-187500.046875,-187500.015625,-187500.015625,-99341.6796875,-148547.03125,-64527.7890625,-187500.046875
354443.624176661,-93755.640625,-187500.046875,-187500.015625,-187500.015625,-97908.125,-148599.921875,-65936.7109375,-187500.046875
354443.628106002,-92022.9375,-187500.046875,-185301.375,-187500.015625,-104717.3203125,-146889.5,-63422.08984375,-187500.046875
354443.632203093,-94636.6640625,-187500.046875,-180684.0625,-187500.015625,-109970.2734375,-145823.140625,-60566.87890625,-187500.046875
354443.636226884,-98031.2890625,-187500.046875,-186793.859375,-187500.015625,-106720.3515625,-146791.890625,-61207.94921875,-187500.046875
354443.641110207,-97671.578125,-187500.046875,-187500.015625,-187500.015625,-99315.0625,-148537.015625,-64522.9609375,-187500.046875
354443.644343389,-93752.3359375,-187500.046875,-187500.015625,-187500.015625,-97901.109375,-148589.609375,-65929.84375,-187500.046875
354443.647082441,-92011.8046875,-187500.046875,-185268.046875,-187500.015625,-104720.2890625,-146877.21875,-63392.18359375,-187500.046875
354443.651961753,-94640.5078125,-187500.046875,-180678.65625,-187500.015625,-109960.6796875,-145814.046875,-60550.6953125,-187500.046875
354443.656166786,-98050.8671875,-187500.046875,-186820.65625,-187500.015625,-106695.8515625,-146785.734375,-61221.359375,-187500.046875
354443.660205529,-97631.0078125,-187500.046875,-187500.015625,-187500.015625,-99288.1953125,-148518.359375,-64474.30078125,-187500.046875
354443.66427928,-93714.3828125,-187500.046875,-187500.015625,-187500.015625,-97891.453125,-148564.875,-65874.859375,-187500.046875
354443.669213293,-91995.4453125,-187500.046875,-185236.484375,-187500.015625,-104714.484375,-146851.234375,-63345.08984375,-187500.046875
354443.672245176,-94627.4921875,-187500.046875,-180664.390625,-187500.015625,-109944.609375,-145790.4375,-60507.46875,-187500.046875
354443.676119451,-98031.640625,-187500.046875,-186815.75,-187500.015625,-106671.625,-146766.890625,-61181.08203125,-187500.046875
354443.680315368,-97640.84375,-187500.046875,-187500.015625,-187500.015625,-99268.859375,-148506.75,-64483.59765625,-187500.046875
354443.68423231,-93748.1796875,-187500.046875,-187500.015625,-187500.015625,-97892.75,-148553.21875,-65913.234375,-187500.046875
354443.688304238,-92041.4921875,-187500.046875,-185267.75,-187500.015625,-104721.5859375,-146840.390625,-63387.9609375,-187500.046875
354443.692187266,-94644.4609375,-187500.046875,-180676.34375,-187500.015625,-109937.390625,-145776.421875,-60513.32421875,-187500.046875
354443.697138053,-98038.6640625,-187500.046875,-186837.140625,-187500.015625,-106648.015625,-146753.53125,-61189.48828125,-187500.046875
354443.70096638,-97616.125,-187500.046875,-187500.015625,-187500.015625,-99242.90625,-148489.359375,-64463.125,-187500.046875
354443.704288178,-93701.484375,-187500.046875,-187500.015625,-187500.015625,-97878.9375,-148530.71875,-65859.8203125,-187500.046875
354443.708240493,-91986.328125,-187500.046875,-185204.625,-187500.015625,-104714.7734375,-146816.0,-63306.15234375,-187500.046875
354443.712276683,-94656.640625,-187500.046875,-180695.5625,-187500.015625,-109924.25,-145766.765625,-60514.75390625,-187500.046875
354443.716214412,-98037.765625,-187500.046875,-186859.421875,-187500.015625,-106620.125,-146745.265625,-61182.3359375,-187500.046875
354443.720292904,-97617.9375,-187500.046875,-187500.015625,-187500.015625,-99219.796875,-148481.0,-64471.6640625,-187500.046875
354443.724903088,-93696.1875,-187500.046875,-187500.015625,-187500.015625,-97873.953125,-148516.546875,-65859.4609375,-187500.046875
354443.728269011,-91972.4921875,-187500.046875,-185189.390625,-187500.015625,-104715.8203125,-146796.921875,-63282.86328125,-187500.046875
354443.731332256,-94609.8125,-187500.046875,-180655.71875,-187500.015625,-109908.1796875,-145743.703125,-60439.07421875,-187500.046875
354443.736288513,-98002.875,-187500.046875,-186848.515625,-187500.015625,-106588.5625,-146728.046875,-61131.5078125,-187500.046875
354443.740315587,-97612.2109375,-187500.046875,-187500.015625,-187500.015625,-99192.28125,-148470.4375,-64470.65625,-187500.046875
354443.744311663,-93692.2734375,-187500.046875,-187500.015625,-187500.015625,-97864.921875,-148503.5625,-65853.9609375,-187500.046875
354443.748310292,-91977.6953125,-187500.046875,-185181.8125,-187500.015625,-104715.6875,-146782.875,-63270.2578125,-187500.046875
354443.752349764,-94627.0703125,-187500.046875,-180675.1875,-187500.015625,-109895.796875,-145735.1875,-60441.5546875,-187500.046875
354443.75625686,-97982.5625,-187500.046875,-186854.578125,-187500.015625,-106556.3515625,-146716.765625,-61099.03125,-187500.046875
354443.759277803,-97575.21875,-187500.046875,-187500.015625,-187500.015625,-99157.296875,-148456.171875,-64432.12109375,-187500.046875
354443.764091839,-93660.2265625,-187500.046875,-187500.015625,-187500.015625,-97849.921875,-148483.328125,-65817.28125,-187500.046875
354443.768043425,-91942.3125,-187500.046875,-185130.78125,-187500.015625,-104708.78125,-146758.21875,-63216.34375,-187500.046875
354443.77234072,-94614.53125,-187500.046875,-180664.453125,-187500.015625,-109877.7578125,-145716.75,-60413.61328125,-187500.046875
354443.776371075,-97989.0859375,-187500.046875,-186880.65625,-187500.015625,-106528.8828125,-146706.765625,-61104.26171875,-187500.046875
354443.780278901,-97533.7578125,-187500.046875,-187500.015625,-187500.015625,-99132.046875,-148438.765625,-64382.79296875,-187500.046875
354443.784330772,-93598.53125,-187500.046875,-187500.015625,-187500.015625,-97841.6328125,-148461.421875,-65733.0390625,-187500.046875
354443.787414438,-91920.4765625,-187500.046875,-185091.390625,-187500.015625,-104705.765625,-146741.015625,-63165.78515625,-187500.046875
354443.791386811,-94588.875,-187500.046875,-180634.84375,-187500.015625,-109858.7109375,-145700.765625,-60358.1796875,-187500.046875
354443.796266487,-97974.0,-187500.046875,-186879.296875,-187500.015625,-106497.96875,-146694.96875,-61076.4765625,-187500.046875
354443.800249435,-97543.8828125,-187500.046875,-187500.015625,-187500.015625,-99103.078125,-148430.265625,-64394.86328125,-187500.046875
354443.804395392,-93625.7109375,-187500.046875,-187500.015625,-187500.015625,-97830.859375,-148451.65625,-65761.6015625,-187500.046875
354443.808397667,-91948.015625,-187500.046875,-185101.96875,-187500.015625,-104706.5703125,-146731.015625,-63180.87109375,-187500.046875
354443.812028706,-94640.4375,-187500.046875,-180679.125,-187500.015625,-109852.71875,-145698.34375,-60399.75390625,-187500.046875
354443.815481057,-97984.75,-187500.046875,-186897.46875,-187500.015625,-106475.1953125,-146688.328125,-61073.125,-187500.046875
354443.819401646,-97529.46875,-187500.046875,-187500.015625,-187500.015625,-99075.8515625,-148418.21875,-64377.76171875,-187500.046875
354443.824328729,-93618.5390625,-187500.046875,-187500.015625,-187500.015625,-97821.8984375,-148436.734375,-65753.890625,-187500.046875
354443.828051302,-91952.5078125,-187500.046875,-185090.34375,-187500.015625,-104704.21875,-146713.984375,-63171.37109375,-187500.046875
354443.832322705,-94620.1171875,-187500.046875,-180653.421875,-187500.015625,-109835.015625,-145677.421875,-60354.875,-187500.046875
354443.836487624,-97987.703125,-187500.046875,-186912.0625,-187500.015625,-106449.1796875,-146673.75,-61068.72265625,-187500.046875
354443.840367005,-97534.140625,-187500.046875,-187500.015625,-187500.015625,-99056.3125,-148404.765625,-64381.3828125,-187500.046875
354443.843479117,-93607.6953125,-187500.046875,-187500.015625,-187500.015625,-97813.828125,-148416.8125,-65732.03125,-187500.046875
354443.847117085,-91961.265625,-187500.046875,-185076.484375,-187500.015625,-104701.2265625,-146693.203125,-63160.0390625,-187500.046875
354443.852426345,-94641.0859375,-187500.046875,-180662.84375,-187500.015625,-109819.8671875,-145660.125,-60354.984375,-187500.046875
354443.856484051,-97998.296875,-187500.046875,-186928.984375,-187500.015625,-106420.96875,-146658.953125,-61069.01171875,-187500.046875
354443.86051003,-97549.515625,-187500.046875,-187500.015625,-187500.015625,-99030.6796875,-148390.96875,-64402.23828125,-187500.046875
354443.864119189,-93625.578125,-187500.046875,-187500.015625,-187500.015625,-97807.9921875,-148399.203125,-65752.796875,-187500.046875
354443.868049259,-91958.1171875,-187500.046875,-185053.875,-187500.015625,-104703.8828125,-146673.125,-63139.5859375,-187500.046875
354443.871419923,-94631.6328125,-187500.046875,-180650.984375,-187500.015625,-109808.2890625,-145643.203125,-60323.42578125,-187500.046875
354443.875476899,-97966.1796875,-187500.046875,-186912.34375,-187500.015625,-106390.859375,-146642.46875,-61016.77734375,-187500.046875
354443.880022901,-97495.09375,-187500.046875,-187500.015625,-187500.015625,-99002.5390625,-148372.40625,-64329.52734375,-187500.046875
354443.884190373,-93570.8359375,-187500.046875,-187500.015625,-187500.015625,-97792.953125,-148378.140625,-65673.5390625,-187500.046875
354443.888269594,-91932.7265625,-187500.046875,-185009.375,-187500.015625,-104695.28125,-146655.71875,-63086.9921875,-187500.046875
354443.892290103,-94631.8359375,-187500.046875,-180644.921875,-187500.015625,-109789.0625,-145631.859375,-60298.97265625,-187500.046875
354443.895124699,-97978.625,-187500.046875,-186933.3125,-187500.015625,-106362.0703125,-146638.703125,-61022.80859375,-187500.046875
354443.89950441,-97479.578125,-187500.046875,-187500.015625,-187500.015625,-98976.03125,-148366.390625,-64311.04296875,-187500.046875
354443.903509968,-93610.0,-187500.046875,-187500.015625,-187500.015625,-97789.3046875,-148378.859375,-65723.4296875,-187500.046875
354443.908469872,-91978.9296875,-187500.046875,-185054.921875,-187500.015625,-104700.171875,-146653.53125,-63130.06640625,-187500.046875
354443.912494028,-94660.4453125,-187500.046875,-180680.96875,-187500.015625,-109777.6171875,-145627.0625,-60313.9921875,-187500.046875
354443.91652803,-98017.5859375,-187500.046875,-186997.953125,-187500.015625,-106333.953125,-146637.03125,-61061.5,-187500.046875
354443.920577348,-97521.2421875,-187500.046875,-187500.015625,-187500.015625,-98950.4375,-148362.09375,-64364.796875,-187500.046875
354443.923623454,-93561.765625,-187500.046875,-187500.015625,-187500.015625,-97772.8359375,-148352.9375,-65651.8359375,-187500.046875
354443.927826299,-91941.265625,-187500.046875,-184991.125,-187500.015625,-104689.3359375,-146627.015625,-63060.77734375,-187500.046875
354443.931493076,-94644.0625,-187500.046875,-180656.953125,-187500.015625,-109755.71875,-145609.90625,-60277.04296875,-187500.046875
354443.935432264,-98005.1796875,-187500.046875,-186997.40625,-187500.015625,-106301.703125,-146627.625,-61042.76953125,-187500.046875
354443.940681717,-97477.7890625,-187500.046875,-187500.015625,-187500.015625,-98922.8984375,-148347.71875,-64313.8828125,-187500.046875
354443.944586261,-93554.8125,-187500.046875,-187500.015625,-187500.015625,-97761.1015625,-148340.96875,-65643.9453125,-187500.046875
354443.948499921,-91928.2109375,-187500.046875,-184971.765625,-187500.015625,-104684.2578125,-146609.46875,-63028.1875,-187500.046875
354443.952338824,-94626.375,-187500.046875,-180646.28125,-187500.015625,-109736.265625,-145590.90625,-60233.2578125,-187500.046875
354443.955616496,-97971.203125,-187500.046875,-186990.46875,-187500.015625,-106267.3203125,-146606.515625,-60991.20703125,-187500.046875
354443.959626429,-97439.7890625,-187500.046875,-187500.015625,-187500.015625,-98891.5859375,-148324.71875,-64267.234375,-187500.046875
354443.963503258,-93528.2578125,-187500.046875,-187500.015625,-187500.015625,-97746.5703125,-148317.921875,-65603.1328125,-187500.046875
354443.96863237,-91918.9140625,-187500.046875,-184950.0,-187500.015625,-104680.015625,-146587.90625,-62996.1328125,-187500.046875
354443.972604378,-94623.3359375,-187500.046875,-180642.625,-187500.015625,-109722.9921875,-145573.40625,-60204.78125,-187500.046875
354443.976573833,-97929.921875,-187500.046875,-186963.828125,-187500.015625,-106235.3359375,-146589.09375,-60922.5625,-187500.046875
354443.980470353,-97428.8203125,-187500.046875,-187500.015625,-187500.015625,-98862.03125,-148313.5625,-64251.9453125,-187500.046875
354443.984644754,-93511.7890625,-187500.046875,-187500.015625,-187500.015625,-97735.0390625,-148300.828125,-65576.1328125,-187500.046875
354443.987576717,-91903.84375,-187500.046875,-184928.859375,-187500.015625,-104676.234375,-146569.578125,-62957.46484375,-187500.046875
354443.991674172,-94591.953125,-187500.046875,-180617.3125,-187500.015625,-109704.0625,-145554.203125,-60139.2890625,-187500.046875
354443.996226373,-97938.171875,-187500.046875,-186995.5,-187500.015625,-106207.796875,-146579.34375,-60916.05859375,-187500.046875
354444.000571441,-97433.7578125,-187500.046875,-187500.015625,-187500.015625,-98840.3515625,-148303.984375,-64250.46875,-187500.046875
#354649.588100386,-53516.828125,-187500.046875,-186436.8125,-187500.015625,-41884.41796875,-84840.1796875,13413.0361328125,-187500.046875
354649.59207203,-51811.1640625,-187500.046875,-187500.015625,-187314.796875,-38058.5390625,-85664.7578125,11243.396484375,-187500.046875
354649.596078681,-49523.1953125,-187500.046875,-187006.453125,-187500.015625,-39880.36328125,-84907.953125,11499.6591796875,-187500.046875
354649.60019364,-49993.09765625,-187500.046875,-179841.28125,-187500.015625,-44771.83984375,-83705.609375,13792.9931640625,-187500.046875
354649.605199129,-52388.2421875,-187500.046875,-179687.21875,-187500.015625,-45866.359375,-83686.921875,14818.826171875,-187500.046875
354649.608825427,-53540.38671875,-187500.046875,-186539.140625,-187500.015625,-41851.13671875,-84846.4375,13356.3515625,-187500.046875
354649.611773071,-51770.70703125,-187500.046875,-187500.015625,-187323.28125,-38055.1171875,-85651.015625,11264.7431640625,-187500.046875
354649.615735962,-49506.69921875,-187500.046875,-186971.515625,-187500.015625,-39908.234375,-84890.3359375,11532.9189453125,-187500.046875
354649.619906716,-49974.1640625,-187500.046875,-179830.140625,-187500.015625,-44774.1640625,-83689.5546875,13850.03515625,-187500.046875
354649.624262724,-52336.8984375,-187500.046875,-179683.5,-187500.015625,-45836.07421875,-83673.0859375,14902.154296875,-187500.046875
354649.628348874,-53523.265625,-187500.046875,-186589.921875,-187500.015625,-41811.640625,-84842.1953125,13369.115234375,-187500.046875
354649.633151605,-51784.8125,-187500.046875,-187500.015625,-187339.8125,-38047.40625,-85645.0859375,11229.650390625,-187500.046875
354649.637216968,-49515.70703125,-187500.046875,-186955.0,-187500.015625,-39927.45703125,-84875.515625,11538.5966796875,-187500.046875
354649.640206185,-49984.35546875,-187500.046875,-179817.765625,-187500.015625,-44781.16015625,-83676.484375,13873.705078125,-187500.046875
354649.643844883,-52344.3671875,-187500.046875,-179715.53125,-187500.015625,-45815.2421875,-83666.7578125,14909.91015625,-187500.046875
354649.647832936,-53517.20703125,-187500.046875,-186630.34375,-187500.015625,-41784.328125,-84837.5859375,13367.662109375,-187500.046875
354649.65179838,-51783.31640625,-187500.046875,-187500.015625,-187349.328125,-38050.08984375,-85633.3515625,11218.4970703125,-187500.046875
354649.655991014,-49541.27734375,-187500.046875,-186929.453125,-187500.015625,-39964.25,-84858.015625,11524.0673828125,-187500.046875
354649.661171545,-50040.7265625,-187500.046875,-179844.609375,-187500.015625,-44796.1796875,-83667.8984375,13842.501953125,-187500.046875
354649.665091405,-52369.30859375,-187500.046875,-179773.0,-187500.015625,-45784.375,-83665.28125,14895.4482421875,-187500.046875
354649.668183459,-53504.80078125,-187500.046875,-186671.171875,-187500.015625,-41740.85546875,-84835.46875,13364.8232421875,-187500.046875
354649.672105506,-51722.18359375,-187500.046875,-187500.015625,-187369.625,-38040.5,-85614.1328125,11276.7900390625,-187500.046875
354649.676478289,-49458.5078125,-187500.046875,-186812.1875,-187500.015625,-39971.53515625,-84826.078125,11649.70703125,-187500.046875
354649.680121362,-49996.984375,-187500.046875,-179805.28125,-187500.015625,-44787.30859375,-83647.578125,13930.8369140625,-187500.046875
354649.684069302,-52378.7890625,-187500.046875,-179842.5,-187500.015625,-45747.359375,-83662.2421875,14895.783203125,-187500.046875
354649.689194767,-53507.75,-187500.046875,-186746.859375,-187500.015625,-41707.21484375,-84833.6328125,13343.5224609375,-187500.046875
354649.693299151,-51709.12890625,-187500.046875,-187500.015625,-187395.28125,-38043.98828125,-85602.1953125,11272.0517578125,-187500.046875
354649.69626904,-49452.140625,-187500.046875,-186793.015625,-187500.015625,-40000.66015625,-84811.1015625,11666.6943359375,-187500.046875
354649.700201663,-50023.3828125,-187500.046875,-179840.03125,-187500.015625,-44795.53515625,-83641.3671875,13921.203125,-187500.046875
354649.704230195,-52388.35546875,-187500.046875,-179908.25,-187500.015625,-45720.40234375,-83659.3125,14886.619140625,-187500.046875
354649.708256904,-53470.08984375,-187500.046875,-186784.78125,-187500.015625,-41668.50390625,-84825.984375,13366.5439453125,-187500.046875
354649.712222347,-51668.828125,-187500.046875,-187500.015625,-187404.796875,-38029.86328125,-85587.0859375,11295.7001953125,-187500.046875
354649.71700028,-49476.0546875,-187500.046875,-186803.34375,-187500.015625,-40017.3125,-84794.8515625,11644.4990234375,-187500.046875
354649.72105361,-50019.31640625,-187500.046875,-179812.875,-187500.015625,-44807.91796875,-83621.4765625,13960.072265625,-187500.046875
354649.724380513,-52369.6015625,-187500.046875,-179912.8125,-187500.015625,-45702.38671875,-83649.03125,14936.3525390625,-187500.046875
354649.727879541,-53461.86328125,-187500.046875,-186831.390625,-187500.015625,-41635.2890625,-84824.828125,13376.8935546875,-187500.046875
354649.732327081,-51669.65625,-187500.046875,-187500.015625,-187412.875,-38017.09765625,-85583.328125,11285.6865234375,-187500.046875
354649.736328627,-49450.6875,-187500.046875,-186744.71875,-187500.015625,-40034.8125,-84779.984375,11694.767578125,-187500.046875
354649.740399461,-49994.28125,-187500.046875,-179761.015625,-187500.015625,-44813.55078125,-83608.015625,14029.162109375,-187500.046875
354649.744956768,-52350.890625,-187500.046875,-179917.65625,-187500.015625,-45676.55078125,-83644.5,14979.71484375,-187500.046875
354649.749128251,-53405.359375,-187500.046875,-186825.359375,-187500.015625,-41594.4296875,-84818.4140625,13438.830078125,-187500.046875
354649.752274641,-51629.87109375,-187500.046875,-187500.015625,-187425.21875,-38005.38671875,-85573.609375,11317.42578125,-187500.046875
354649.756364803,-49465.50390625,-187500.046875,-186744.953125,-187500.015625,-40055.421875,-84768.3203125,11689.984375,-187500.046875
354649.759884982,-50059.390625,-187500.046875,-179824.28125,-187500.015625,-44825.91015625,-83605.0,13979.2060546875,-187500.046875
354649.764370813,-52405.453125,-187500.046875,-180016.34375,-187500.015625,-45655.046875,-83647.671875,14929.1328125,-187500.046875
354649.768439823,-53448.33984375,-187500.046875,-186938.796875,-187500.015625,-41557.52734375,-84822.5703125,13375.4853515625,-187500.046875
354649.772467261,-51639.48046875,-187500.046875,-187500.015625,-187430.359375,-37987.81640625,-85566.2578125,11287.384765625,-187500.046875
354649.776983724,-49437.9453125,-187500.046875,-186690.828125,-187500.015625,-40068.00390625,-84746.7734375,11735.984375,-187500.046875
354649.78019612,-50046.0703125,-187500.046875,-179786.125,-187500.015625,-44831.67578125,-83589.109375,14030.2568359375,-187500.046875
354649.784251638,-52397.36328125,-187500.046875,-180039.859375,-187500.015625,-45626.078125,-83643.4921875,14959.083984375,-187500.046875
354649.788247714,-53442.84375,-187500.046875,-186991.03125,-187500.015625,-41517.5625,-84823.59375,13366.6337890625,-187500.046875
354649.792537351,-51580.49609375,-187500.046875,-187500.015625,-187447.46875,-37974.02734375,-85550.8359375,11346.169921875,-187500.046875
354649.796394852,-49401.35546875,-187500.046875,-186621.890625,-187500.015625,-40083.0703125,-84725.7421875,11799.6875,-187500.046875
354649.800359566,-50034.78125,-187500.046875,-179764.375,-187500.015625,-44834.24609375,-83572.9296875,14081.1748046875,-187500.046875
354649.805355938,-52382.453125,-187500.046875,-180065.78125,-187500.015625,-45595.4140625,-83634.7265625,14998.9150390625,-187500.046875
354649.808358282,-53423.28515625,-187500.046875,-187039.578125,-187500.015625,-41476.1875,-84819.953125,13381.162109375,-187500.046875
354649.812260273,-51575.3984375,-187500.046875,-187500.015625,-187457.953125,-37962.15625,-85542.5625,11328.490234375,-187500.046875
354649.816428839,-49387.65625,-187500.046875,-186586.3125,-187500.015625,-40105.19921875,-84706.984375,11825.9951171875,-187500.046875
354649.820357086,-50025.83984375,-187500.046875,-179721.375,-187500.015625,-44857.24609375,-83555.4921875,14127.3974609375,-187500.046875
354649.824397652,-52389.1796875,-187500.046875,-180089.90625,-187500.015625,-45580.70703125,-83628.2265625,15017.4443359375,-187500.046875
354649.828294173,-53417.60546875,-187500.046875,-187093.25,-187500.015625,-41435.015625,-84819.8671875,13385.07421875,-187500.046875
354649.833042203,-51529.7578125,-187500.046875,-187500.015625,-187455.34375,-37930.1484375,-85534.515625,11368.72265625,-187500.046875
354649.836204274,-49413.046875,-187500.046875,-186598.90625,-187500.015625,-40111.09765625,-84700.75,11798.6591796875,-187500.046875
354649.840337467,-50060.64453125,-187500.046875,-179734.890625,-187500.015625,-44865.046875,-83549.3203125,14110.701171875,-187500.046875
354649.844209919,-52406.9296875,-187500.046875,-180128.078125,-187500.015625,-45560.25390625,-83624.2265625,15016.8408203125,-187500.046875
354649.848462725,-53405.515625,-187500.046875,-187158.484375,-187500.015625,-41384.8359375,-84819.21875,13391.9140625,-187500.046875
354649.852550333,-51544.28515625,-187500.046875,-187500.015625,-187453.0,-37889.78125,-85537.53125,11316.21875,-187500.046875
354649.856538751,-49396.59375,-187500.046875,-186572.484375,-187500.015625,-40110.921875,-84689.5078125,11808.7392578125,-187500.046875
354649.861273288,-50037.84375,-187500.046875,-179671.09375,-187500.015625,-44879.48828125,-83532.625,14160.43359375,-187500.046875
354649.864497354,-52408.15625,-187500.046875,-180123.65625,-187500.015625,-45548.62890625,-83615.4140625,15040.1982421875,-187500.046875
354649.867498605,-53427.91015625,-187500.046875,-187229.046875,-187500.015625,-41334.90234375,-84819.0390625,13364.7333984375,-187500.046875
354649.872489506,-51512.92578125,-187500.046875,-187500.015625,-187422.234375,-37829.1875,-85530.5390625,11332.22265625,-187500.046875
354649.876531531,-49352.80859375,-187500.046875,-186518.046875,-187500.015625,-40097.265625,-84674.21875,11851.6552734375,-187500.046875
354649.880451391,-50037.93359375,-187500.046875,-179579.484375,-187500.015625,-44920.9921875,-83514.4765625,14185.400390625,-187500.046875
354649.88438766,-52430.62109375,-187500.046875,-180074.234375,-187500.015625,-45578.76171875,-83602.140625,15061.857421875,-187500.046875
354649.889253115,-53455.046875,-187500.046875,-187341.078125,-187500.015625,-41261.54296875,-84829.5,13347.7685546875,-187500.046875
354649.892450194,-51510.22265625,-187500.046875,-187500.015625,-187325.859375,-37686.515625,-85554.6328125,11273.884765625,-187500.046875
354649.89552985,-49323.97265625,-187500.046875,-186575.828125,-187500.015625,-40026.05078125,-84680.6796875,11798.2119140625,-187500.046875
354649.900514916,-50029.44140625,-187500.046875,-179518.4375,-187500.015625,-44942.62890625,-83498.3203125,14155.650390625,-187500.046875
354649.904482913,-52415.35546875,-187500.046875,-180029.78125,-187500.015625,-45577.375,-83585.2890625,15080.87890625,-187500.046875
354649.908564687,-53418.34375,-187500.046875,-187355.703125,-187500.015625,-41207.25,-84821.875,13374.4345703125,-187500.046875
354649.912172387,-51486.328125,-187500.046875,-187500.015625,-187284.640625,-37618.43359375,-85555.5234375,11252.13671875,-187500.046875
354649.916347517,-49301.4453125,-187500.046875,-186580.5,-187500.015625,-40001.62109375,-84677.28125,11779.7939453125,-187500.046875
354649.920574796,-50000.42578125,-187500.046875,-179461.21875,-187500.015625,-44953.58203125,-83487.4296875,14177.5546875,-187500.046875
354649.923131147,-52451.85546875,-187500.046875,-180056.53125,-187500.015625,-45574.8046875,-83584.9296875,15032.9111328125,-187500.046875
354649.928433113,-53436.3359375,-187500.046875,-187424.875,-187500.015625,-41163.12890625,-84824.78125,13328.099609375,-187500.046875
354649.932484984,-51486.08203125,-187500.046875,-187500.015625,-187250.90625,-37561.34765625,-85557.8515625,11197.978515625,-187500.046875
354649.93651461,-49256.0703125,-187500.046875,-186537.4375,-187500.015625,-39976.7421875,-84663.5546875,11794.2109375,-187500.046875
354649.940571222,-49971.81640625,-187500.046875,-179387.09375,-187500.015625,-44956.734375,-83471.2265625,14200.1083984375,-187500.046875
354649.945525656,-52408.0234375,-187500.046875,-179998.75,-187500.015625,-45557.3046875,-83573.75,15085.1025390625,-187500.046875
354649.948608958,-53386.62890625,-187500.046875,-187398.953125,-187500.015625,-41126.33984375,-84821.15625,13367.2373046875,-187500.046875
354649.951677309,-51441.22265625,-187500.046875,-187500.015625,-187245.96875,-37546.2578125,-85552.1953125,11216.1943359375,-187500.046875
354649.956583606,-49284.1875,-187500.046875,-186508.0,-187500.015625,-40000.61328125,-84661.7265625,11747.361328125,-187500.046875
354649.960146087,-50033.8671875,-187500.046875,-179391.328125,-187500.015625,-44974.05859375,-83474.2890625,14132.650390625,-187500.046875
354649.964397798,-52459.12109375,-187500.046875,-180036.390625,-187500.015625,-45543.82421875,-83581.265625,15017.0419921875,-187500.046875
354649.968594079,-53424.78125,-187500.046875,-187445.234375,-187500.015625,-41101.9296875,-84828.3828125,13284.759765625,-187500.046875
354649.972687523,-51421.796875,-187500.046875,-187500.015625,-187253.234375,-37542.4140625,-85541.1796875,11205.197265625,-187500.046875
354649.976267873,-49262.328125,-187500.046875,-186412.25,-187500.015625,-40028.9140625,-84642.28125,11770.361328125,-187500.046875
354649.979597693,-50045.9140625,-187500.046875,-179333.28125,-187500.015625,-44999.2265625,-83462.8671875,14133.0302734375,-187500.046875
354649.984536082,-52488.17578125,-187500.046875,-180051.609375,-187500.015625,-45532.22265625,-83581.3515625,14981.525390625,-187500.046875
354649.988527417,-53408.578125,-187500.046875,-187459.09375,-187500.015625,-41059.73046875,-84828.7578125,13280.400390625,-187500.046875
354649.992529328,-51380.71484375,-187500.046875,-187500.015625,-187241.328125,-37507.58984375,-85535.546875,11215.4794921875,-187500.046875
354649.996568071,-49184.0078125,-187500.046875,-186293.859375,-187500.015625,-40027.63671875,-84620.53125,11854.3818359375,-187500.046875
354650.000694335,-49969.73828125,-187500.046875,-179209.765625,-187500.015625,-45001.23828125,-83438.390625,14243.8955078125,-187500.046875
354650.004584292,-52443.94140625,-187500.046875,-180005.015625,-187500.015625,-45504.9765625,-83569.640625,15043.3046875,-187500.046875
354650.00756585,-53445.48046875,-187500.046875,-187500.015625,-187500.015625,-41026.671875,-84835.0390625,13207.2880859375,-187500.046875
354650.01151306,-51382.16796875,-187500.046875,-187500.015625,-187248.09375,-37497.421875,-85530.421875,11184.5673828125,-187500.046875
354650.016656759,-49189.8203125,-187500.046875,-186248.84375,-187500.015625,-40042.16796875,-84611.0078125,11850.1796875,-187500.046875
354650.020594853,-49980.82421875,-187500.046875,-179186.25,-187500.015625,-45005.41796875,-83433.828125,14245.8623046875,-187500.046875
354650.024734245,-52446.84765625,-187500.046875,-180009.421875,-187500.015625,-45484.4375,-83568.3203125,15044.9140625,-187500.046875
354650.028697865,-53361.79296875,-187500.046875,-187465.25,-187500.015625,-40986.88671875,-84823.4375,13294.236328125,-187500.046875
354650.032698682,-51338.8046875,-187500.046875,-187500.015625,-187248.875,-37484.7265625,-85522.21875,11207.09765625,-187500.046875
354650.035321768,-49177.34765625,-187500.046875,-186201.34375,-187500.015625,-40058.8203125,-84598.6953125,11856.125,-187500.046875
354650.039594265,-49976.69140625,-187500.046875,-179149.859375,-187500.015625,-45015.921875,-83423.171875,14265.7998046875,-187500.046875
354650.044744893,-52421.234375,-187500.046875,-180003.046875,-187500.015625,-45460.453125,-83564.5859375,15082.353515625,-187500.046875
354650.048682257,-53353.75,-187500.046875,-187500.015625,-187500.015625,-40946.0703125,-84828.9375,13279.3505859375,-187500.046875
354650.05269839,-51300.359375,-187500.046875,-187500.015625,-187247.25,-37461.1875,-85516.0546875,11223.1240234375,-187500.046875
354650.056755731,-49216.41796875,-187500.046875,-186198.765625,-187500.015625,-40077.2578125,-84594.734375,11799.91015625,-187500.046875
354650.060297061,-50066.8125,-187500.046875,-179195.40625,-187500.015625,-45036.953125,-83428.0859375,14163.25,-187500.046875
354650.063780773,-52524.69921875,-187500.046875,-180126.671875,-187500.015625,-45439.48828125,-83579.5859375,14946.0751953125,-187500.046875
354650.067767003,-53413.671875,-187500.046875,-187500.015625,-187500.015625,-40906.80078125,-84839.9765625,13160.05859375,-187500.046875
354650.072701381,-51325.125,-187500.046875,-187500.015625,-187249.953125,-37445.7890625,-85515.6953125,11144.3115234375,-187500.046875
354650.076429423,-49225.89453125,-187500.046875,-186164.859375,-187500.015625,-40089.375,-84584.234375,11773.1103515625,-187500.046875
354650.080745316,-50054.765625,-187500.046875,-179147.875,-187500.015625,-45035.0546875,-83414.8359375,14185.6240234375,-187500.046875
354650.084651683,-52514.21484375,-187500.046875,-180114.84375,-187500.015625,-45412.3515625,-83572.96875,14955.3505859375,-187500.046875
354650.087806825,-53402.609375,-187500.046875,-187500.015625,-187500.015625,-40872.66796875,-84833.5234375,13150.224609375,-187500.046875
354650.091779563,-51330.6015625,-187500.046875,-187500.015625,-187257.8125,-37435.19140625,-85501.03125,11107.4755859375,-187500.046875
354650.095641439,-49207.23046875,-187500.046875,-186070.828125,-187500.015625,-40111.01171875,-84553.9921875,11800.5361328125,-187500.046875
354650.10072205,-50038.828125,-187500.046875,-179069.25,-187500.015625,-45040.73046875,-83386.5546875,14237.5693359375,-187500.046875
354650.104744383,-52521.19140625,-187500.046875,-180126.703125,-187500.015625,-45378.35546875,-83562.9140625,14953.7421875,-187500.046875
354650.108824333,-53361.70703125,-187500.046875,-187500.015625,-187500.015625,-40828.5234375,-84824.6875,13177.6943359375,-187500.046875
354650.112704808,-51276.66796875,-187500.046875,-187500.015625,-187262.6875,-37422.921875,-85485.703125,11147.2177734375,-187500.046875
354650.116713648,-49182.578125,-187500.046875,-185992.28125,-187500.015625,-40127.1484375,-84535.4375,11839.3388671875,-187500.046875
354650.119829771,-50045.17578125,-187500.046875,-179043.828125,-187500.015625,-45038.609375,-83376.859375,14246.30859375,-187500.046875
354650.123836058,-52510.484375,-187500.046875,-180131.859375,-187500.015625,-45341.38671875,-83553.6171875,14968.0244140625,-187500.046875
354650.127456886,-53360.0078125,-187500.046875,-187500.015625,-187500.015625,-40777.5625,-84820.2890625,13146.8271484375,-187500.046875
354650.132670238,-51239.85546875,-187500.046875,-187500.015625,-187256.28125,-37391.20703125,-85469.625,11154.34765625,-187500.046875
354650.136857402,-49142.703125,-187500.046875,-185923.234375,-187500.015625,-40122.36328125,-84513.015625,11874.7216796875,-187500.046875
354650.140702139,-50058.98828125,-187500.046875,-179022.9375,-187500.015625,-45044.890625,-83362.328125,14233.009765625,-187500.046875
354650.14442617,-52510.75390625,-187500.046875,-180146.125,-187500.015625,-45315.30078125,-83545.921875,14966.2587890625,-187500.046875
354650.147756355,-53309.6015625,-187500.046875,-187500.015625,-187500.015625,-40718.95703125,-84811.2578125,13178.0078125,-187500.046875
354650.151886266,-51185.65234375,-187500.046875,-187500.015625,-187251.71875,-37357.20703125,-85452.9765625,11172.4296875,-187500.046875
354650.156750261,-49116.66015625,-187500.046875,-185871.5625,-187500.015625,-40128.109375,-84490.4453125,11887.9990234375,-187500.046875
354650.160832765,-50011.69140625,-187500.046875,-178950.8125,-187500.015625,-45044.33203125,-83336.9609375,14300.712890625,-187500.046875
354650.164804408,-52494.078125,-187500.046875,-180154.234375,-187500.015625,-45285.6171875,-83532.46875,14982.0615234375,-187500.046875
354650.16882127,-53312.75390625,-187500.046875,-187500.015625,-187500.015625,-40692.71484375,-84805.421875,13142.736328125,-187500.046875
354650.171831638,-51176.8671875,-187500.046875,-187500.015625,-187264.75,-37361.05078125,-85440.2578125,11156.626953125,-187500.046875
354650.175857982,-49106.0234375,-187500.046875,-185795.015625,-187500.015625,-40161.30078125,-84469.859375,11911.7138671875,-187500.046875
354650.179777112,-50054.25,-187500.046875,-178952.5625,-187500.015625,-45057.5625,-83328.5546875,14276.2822265625,-187500.046875
354650.183941667,-52481.6484375,-187500.046875,-180162.140625,-187500.015625,-45250.61328125,-83527.953125,15009.21875,-187500.046875
354650.188867656,-53286.04296875,-187500.046875,-187500.015625,-187500.015625,-40647.1171875,-84804.0390625,13154.962890625,-187500.046875
354650.19300559,-51154.29296875,-187500.046875,-187500.015625,-187268.8125,-37344.421875,-85431.5859375,11160.0693359375,-187500.046875
354650.196833552,-49080.40625,-187500.046875,-185728.0,-187500.015625,-40171.984375,-84451.4140625,11950.9638671875,-187500.046875
354650.200887976,-50013.63671875,-187500.046875,-178883.203125,-187500.015625,-45055.88671875,-83311.5703125,14349.9765625,-187500.046875
354650.204888793,-52453.10546875,-187500.046875,-180142.359375,-187500.015625,-45227.99609375,-83520.15625,15049.8095703125,-187500.046875
354650.207937086,-53257.43359375,-187500.046875,-187500.015625,-187500.015625,-40606.9296875,-84800.3515625,13166.9208984375,-187500.046875
354650.21182449,-51117.03125,-187500.046875,-187500.015625,-187272.546875,-37331.30078125,-85420.3203125,11177.2353515625,-187500.046875
354650.216861705,-49081.76953125,-187500.046875,-185679.0,-187500.015625,-40192.55078125,-84438.2734375,11953.421875,-187500.046875
354650.220898624,-50042.6953125,-187500.046875,-178867.796875,-187500.015625,-45069.58984375,-83304.1953125,14337.6162109375,-187500.046875
354650.224965812,-52518.10546875,-187500.046875,-180226.828125,-187500.015625,-45201.91015625,-83527.1484375,14972.78515625,-187500.046875
354650.227512681,-53281.3046875,-187500.046875,-187500.015625,-187500.015625,-40568.28125,-84805.046875,13107.0185546875,-187500.046875
354650.231982466,-51130.30859375,-187500.046875,-187500.015625,-187277.359375,-37317.734375,-85416.1171875,11125.0224609375,-187500.046875
354650.235981095,-49091.828125,-187500.046875,-185649.671875,-187500.015625,-40204.796875,-84423.9453125,11936.1220703125,-187500.046875
354650.239995769,-50052.1953125,-187500.046875,-178849.703125,-187500.015625,-45066.16796875,-83291.40625,14338.1298828125,-187500.046875
354650.244775526,-52496.0,-187500.046875,-180219.25,-187500.015625,-45169.7890625,-83515.53125,14998.4677734375,-187500.046875
354650.248909083,-53234.90234375,-187500.046875,-187500.015625,-187500.015625,-40521.03125,-84790.4921875,13136.857421875,-187500.046875
354650.253069626,-51078.2734375,-187500.046875,-187500.015625,-187284.234375,-37289.953125,-85395.7109375,11154.34765625,-187500.046875
354650.255907504,-49069.1640625,-187500.046875,-185584.984375,-187500.015625,-40216.17578125,-84400.6328125,11958.7646484375,-187500.046875
354650.259663626,-50041.3984375,-187500.046875,-178792.875,-187500.015625,-45078.8203125,-83271.6953125,14369.064453125,-187500.046875
354650.264035679,-52519.58203125,-187500.046875,-180258.84375,-187500.015625,-45142.296875,-83511.7265625,14971.4443359375,-187500.046875
354650.268005134,-53262.6875,-187500.046875,-187500.015625,-187500.015625,-40475.07421875,-84796.6640625,13066.337890625,-187500.046875
354650.271963649,-51056.92578125,-187500.046875,-187500.015625,-187301.375,-37282.015625,-85384.8046875,11140.466796875,-187500.046875
354650.276614311,-49038.140625,-187500.046875,-185504.578125,-187500.015625,-40234.79296875,-84376.296875,11994.9970703125,-187500.046875
354650.280957191,-50060.8203125,-187500.046875,-178805.578125,-187500.015625,-45067.75390625,-83257.2109375,14353.9775390625,-187500.046875
354650.284091547,-52552.125,-187500.046875,-180339.15625,-187500.015625,-45098.98046875,-83508.375,14912.994140625,-187500.046875
354650.287997914,-53253.5,-187500.046875,-187500.015625,-187500.015625,-40430.52734375,-84787.1640625,13035.26953125,-187500.046875
354650.291971015,-51065.7578125,-187500.046875,-187500.015625,-187299.21875,-37264.73828125,-85371.7734375,11084.140625,-187500.046875
354650.295665143,-49088.09765625,-187500.046875,-185528.0625,-187500.015625,-40252.7421875,-84364.625,11920.3193359375,-187500.046875
354650.299735248,-50100.40625,-187500.046875,-178821.3125,-187500.015625,-45081.65625,-83248.625,14311.9111328125,-187500.046875
354650.304785591,-52528.85546875,-187500.046875,-180329.046875,-187500.015625,-45085.546875,-83496.28125,14942.3203125,-187500.046875
354650.308725872,-53234.5234375,-187500.046875,-187500.015625,-187500.015625,-40398.20703125,-84781.2421875,13031.71484375,-187500.046875
354650.31166367,-51015.33203125,-187500.046875,-187500.015625,-187293.828125,-37255.46484375,-85352.546875,11117.7353515625,-187500.046875
354650.316046663,-49038.07421875,-187500.046875,-185431.703125,-187500.015625,-40270.37890625,-84334.1796875,11987.8662109375,-187500.046875
354650.320038728,-50093.1640625,-187500.046875,-178772.21875,-187500.015625,-45096.07421875,-83224.84375,14342.3544921875,-187500.046875
354650.323987396,-52549.0859375,-187500.046875,-180349.15625,-187500.015625,-45074.953125,-83484.4375,14928.126953125,-187500.046875
354650.328516988,-53235.9765625,-187500.046875,-187500.015625,-187500.015625,-40372.2578125,-84771.78125,13015.7333984375,-187500.046875
354650.332819753,-50965.8203125,-187500.046875,-187500.015625,-187292.0,-37244.46484375,-85333.8671875,11157.9462890625,-187500.046875
354650.336706428,-48988.140625,-187500.046875,-185339.453125,-187500.015625,-40287.140625,-84309.953125,12056.8662109375,-187500.046875
354650.339708043,-50048.41796875,-187500.046875,-178687.3125,-187500.015625,-45103.00390625,-83202.4453125,14427.9619140625,-187500.046875
354650.344139902,-52515.40234375,-187500.046875,-180332.0625,-187500.015625,-45040.9765625,-83470.8203125,14986.1513671875,-187500.046875
354650.347686338,-53187.71875,-187500.046875,-187500.015625,-187500.015625,-40315.640625,-84760.5859375,13056.123046875,-187500.046875
354650.35160875,-50961.10546875,-187500.046875,-187500.015625,-187298.90625,-37229.35546875,-85319.265625,11132.599609375,-187500.046875
354650.355652963,-48972.24609375,-187500.046875,-185268.5625,-187500.015625,-40305.91796875,-84283.53125,12084.4931640625,-187500.046875
354650.360783899,-50008.51953125,-187500.046875,-178624.234375,-187500.015625,-45098.7109375,-83179.6015625,14502.99609375,-187500.046875
354650.36503488,-52442.66796875,-187500.046875,-180300.84375,-187500.015625,-44995.11328125,-83457.5703125,15079.224609375,-187500.046875
354650.368070046,-53148.89453125,-187500.046875,-187500.015625,-187500.015625,-40273.1484375,-84756.1171875,13074.0048828125,-187500.046875
354650.371961461,-50901.26953125,-187500.046875,-187500.015625,-187318.5,-37220.4609375,-85304.1796875,11183.650390625,-187500.046875
354650.376050164,-48951.3046875,-187500.046875,-185211.0,-187500.015625,-40326.125,-84266.0078125,12118.4677734375,-187500.046875
354650.380071038,-50007.9140625,-187500.046875,-178613.0625,-187500.015625,-45098.98046875,-83167.9609375,14525.19140625,-187500.046875
354650.383970111,-52435.24609375,-187500.046875,-180345.1875,-187500.015625,-44958.8359375,-83454.2421875,15078.173828125,-187500.046875
354650.387976763,-53112.21484375,-187500.046875,-187500.015625,-187500.015625,-40233.8984375,-84750.953125,13080.3076171875,-187500.046875
354650.392751049,-50856.03125,-187500.046875,-187500.015625,-187337.6875,-37207.85546875,-85290.546875,11202.76171875,-187500.046875
354650.397161028,-48912.8125,-187500.046875,-185146.9375,-187500.015625,-40341.6796875,-84247.390625,12165.3388671875,-187500.046875
354650.400126176,-50042.4921875,-187500.046875,-178628.234375,-187500.015625,-45106.58203125,-83163.421875,14499.8447265625,-187500.046875
354650.404129181,-52507.734375,-187500.046875,-180443.828125,-187500.015625,-44936.21484375,-83462.21875,14992.0078125,-187500.046875
354650.408160266,-53120.3046875,-187500.046875,-187500.015625,-187500.015625,-40194.3828125,-84750.6875,13045.439453125,-187500.046875
354650.41179094,-50838.8203125,-187500.046875,-187500.015625,-187346.25,-37198.3984375,-85279.3046875,11191.98828125,-187500.046875
354650.416173204,-48929.95703125,-187500.046875,-185100.578125,-187500.015625,-40374.671875,-84229.734375,12148.9775390625,-187500.046875
354650.421078408,-50064.21875,-187500.046875,-178591.484375,-187500.015625,-45130.69921875,-83144.9765625,14502.794921875,-187500.046875
354650.424231362,-52509.92578125,-187500.046875,-180452.71875,-187500.015625,-44917.86328125,-83452.296875,15004.5693359375,-187500.046875
354650.427695017,-53106.11328125,-187500.046875,-187500.015625,-187500.015625,-40160.20703125,-84745.390625,13046.1767578125,-187500.046875
354650.432206375,-50845.76953125,-187500.046875,-187500.015625,-187362.359375,-37194.0390625,-85268.578125,11156.7392578125,-187500.046875
354650.436156867,-48947.32421875,-187500.046875,-185090.453125,-187500.015625,-40386.875,-84215.2734375,12128.1240234375,-187500.046875
354650.440113558,-50082.63671875,-187500.046875,-178596.765625,-187500.015625,-45128.10546875,-83133.71875,14489.00390625,-187500.046875
354650.444035606,-52524.02734375,-187500.046875,-180490.3125,-187500.015625,-44889.76953125,-83444.3828125,14982.642578125,-187500.046875
354650.449193163,-53091.80859375,-187500.046875,-187500.015625,-187500.015625,-40124.21875,-84733.765625,13038.0859375,-187500.046875
354650.453241387,-50788.6171875,-187500.046875,-187500.015625,-187355.921875,-37168.359375,-85246.828125,11208.349609375,-187500.046875
354650.456208723,-48925.3515625,-187500.046875,-185045.234375,-187500.015625,-40397.08984375,-84193.921875,12163.0146484375,-187500.046875
354650.459826634,-50092.76171875,-187500.046875,-178595.28125,-187500.015625,-45132.84375,-83120.125,14504.4716796875,-187500.046875
354650.463758164,-52491.171875,-187500.046875,-180500.78125,-187500.015625,-44858.36328125,-83434.0078125,15033.939453125,-187500.046875
354650.468136051,-53059.64453125,-187500.046875,-187500.015625,-187500.015625,-40067.51171875,-84732.375,13053.8876953125,-187500.046875
354650.472198133,-50780.90625,-187500.046875,-187500.015625,-187360.65625,-37152.01953125,-85241.125,11178.8671875,-187500.046875
354650.476728089,-48843.12109375,-187500.046875,-184922.75,-187500.015625,-40407.9296875,-84165.5859375,12267.8447265625,-187500.046875
354650.481041795,-50028.5,-187500.046875,-178494.75,-187500.015625,-45133.22265625,-83095.71875,14605.61328125,-187500.046875
354650.484270236,-52484.0859375,-187500.046875,-180500.1875,-187500.015625,-44834.76171875,-83426.1171875,15053.095703125,-187500.046875
354650.488178426,-53055.15234375,-187500.046875,-187500.015625,-187500.015625,-40039.1953125,-84729.140625,13044.27734375,-187500.046875
354650.49221571,-50754.15234375,-187500.046875,-187500.015625,-187377.53125,-37147.52734375,-85226.3984375,11200.2802734375,-187500.046875
354650.496223456,-48898.734375,-187500.046875,-184943.71875,-187500.015625,-40427.98046875,-84155.59375,12209.037109375,-187500.046875
354650.500304501,-50087.51171875,-187500.046875,-178544.59375,-187500.015625,-45133.359375,-83089.4609375,14554.2041015625,-187500.046875
354650.50515318,-52526.0625,-187500.046875,-180586.890625,-187500.015625,-44797.1875,-83425.9609375,14998.8251953125,-187500.046875
354650.509164208,-53059.2421875,-187500.046875,-187500.015625,-187500.015625,-40001.84375,-84721.921875,13008.8046875,-187500.046875
354650.512138108,-50743.9140625,-187500.046875,-187500.015625,-187384.078125,-37138.296875,-85209.921875,11182.3994140625,-187500.046875
354650.516266925,-48880.0,-187500.046875,-184887.234375,-187500.015625,-40440.8984375,-84133.5078125,12233.0654296875,-187500.046875
354650.520242579,-50078.01171875,-187500.046875,-178510.796875,-187500.015625,-45135.97265625,-83071.484375,14585.6533203125,-187500.046875
354650.524247772,-52507.80078125,-187500.046875,-180596.8125,-187500.015625,-44766.7890625,-83414.2265625,15025.8935546875,-187500.046875
354650.52818623,-52991.203125,-187500.046875,-187500.015625,-187500.015625,-39956.0,-84706.2265625,13068.0146484375,-187500.046875
354650.532340574,-50706.5859375,-187500.046875,-187500.015625,-187389.1875,-37120.81640625,-85191.796875,11200.4365234375,-187500.046875
354650.537200194,-48899.9609375,-187500.046875,-184874.9375,-187500.015625,-40459.25,-84115.2890625,12208.34375,-187500.046875
354650.540338561,-50083.5078125,-187500.046875,-178498.65625,-187500.015625,-45138.2734375,-83056.375,14593.587890625,-187500.046875
354650.544150478,-52496.9375,-187500.046875,-180619.34375,-187500.015625,-44734.04296875,-83406.8046875,15031.525390625,-187500.046875
354650.54825085,-53017.19921875,-187500.046875,-187500.015625,-187500.015625,-39916.328125,-84709.109375,12996.1533203125,-187500.046875
354650.552291416,-50685.73046875,-187500.046875,-187500.015625,-187393.828125,-37112.12109375,-85181.734375,11189.3505859375,-187500.046875
354650.55627874,-48830.42578125,-187500.046875,-184773.46875,-187500.015625,-40474.984375,-84090.8828125,12298.4658203125,-187500.046875
354650.560912628,-50043.05078125,-187500.046875,-178447.65625,-187500.015625,-45141.046875,-83039.3046875,14662.275390625,-187500.046875
354650.564913809,-52509.58984375,-187500.046875,-180676.734375,-187500.015625,-44705.14453125,-83408.2578125,15017.8916015625,-187500.046875
354650.568075516,-53008.14453125,-187500.046875,-187500.015625,-187500.015625,-39880.96484375,-84710.8984375,12979.0546875,-187500.046875
354650.57228456,-50643.734375,-187500.046875,-187500.015625,-187394.5625,-37104.0078125,-85168.28125,11213.7138671875,-187500.046875
354650.576008227,-48838.6953125,-187500.046875,-184748.90625,-187500.015625,-40496.53125,-84077.40625,12290.12890625,-187500.046875
354650.580391584,-50071.9296875,-187500.046875,-178462.1875,-187500.015625,-45146.2109375,-83030.6953125,14645.01953125,-187500.046875
354650.584336606,-52499.91015625,-187500.046875,-180705.5,-187500.015625,-44676.44140625,-83399.4765625,15026.7197265625,-187500.046875
