#354441.004509534,-94836.4609375,-187500.046875,-187500.015625,-187500.015625,-98524.7890625,-149724.59375,-67828.734375,-187500.046875
354441.008518738,-92121.015625,-187500.046875,-187500.015625,-187500.015625,-103864.9140625,-148268.984375,-66121.2890625,-187500.046875
354441.012572797,-93831.7734375,-187500.046875,-180981.765625,-187500.015625,-110446.09375,-146830.890625,-62899.23828125,-187500.046875
354441.016552463,-97460.046875,-187500.046875,-184647.578125,-187500.015625,-109341.3359375,-147310.734375,-62518.2109375,-187500.046875
354441.021058351,-98264.4140625,-187500.046875,-187500.015625,-187500.015625,-102144.09375,-149099.171875,-65517.5,-187500.046875
354441.025925628,-94804.3671875,-187500.046875,-187500.015625,-187500.015625,-98503.984375,-149716.921875,-67792.6640625,-187500.046875
354441.028924691,-92054.359375,-187500.046875,-187500.015625,-187500.015625,-103859.9296875,-148255.046875,-66035.1015625,-187500.046875
354441.031842432,-93783.6953125,-187500.046875,-180953.359375,-187500.015625,-110436.2578125,-146821.796875,-62826.6640625,-187500.046875
354441.036901162,-97462.03125,-187500.046875,-184677.484375,-187500.015625,-109318.40625,-147310.3125,-62506.8984375,-187500.046875
354441.040970902,-98257.7734375,-187500.046875,-187500.015625,-187500.015625,-102113.8515625,-149100.1875,-65509.83203125,-187500.046875
354441.044865964,-94757.6015625,-187500.046875,-187500.015625,-187500.015625,-98490.640625,-149710.6875,-67733.4765625,-187500.046875
354441.048742063,-92059.03125,-187500.046875,-187500.015625,-187500.015625,-103873.2734375,-148251.515625,-66018.984375,-187500.046875
354441.053971096,-93817.203125,-187500.046875,-180970.5,-187500.015625,-110443.703125,-146824.859375,-62834.8671875,-187500.046875
354441.057021577,-97491.6953125,-187500.046875,-184718.015625,-187500.015625,-109309.5078125,-147316.859375,-62523.44140625,-187500.046875
354441.060129677,-98293.1796875,-187500.046875,-187500.015625,-187500.015625,-102093.3828125,-149108.3125,-65548.4375,-187500.046875
354441.064769399,-94844.1328125,-187500.046875,-187500.015625,-187500.015625,-98490.7734375,-149721.34375,-67845.7265625,-187500.046875
354441.069039344,-92096.1796875,-187500.046875,-187500.015625,-187500.015625,-103901.859375,-148244.296875,-66051.84375,-187500.046875
354441.073048184,-93824.171875,-187500.046875,-180927.671875,-187500.015625,-110475.9765625,-146807.9375,-62804.33203125,-187500.046875
354441.07706067,-97494.8671875,-187500.046875,-184692.625,-187500.015625,-109319.0546875,-147304.953125,-62481.484375,-187500.046875
354441.081979002,-98269.15625,-187500.046875,-187500.015625,-187500.015625,-102086.765625,-149097.015625,-65489.0703125,-187500.046875
354441.084917894,-94854.078125,-187500.046875,-187500.015625,-187500.015625,-98505.4375,-149713.75,-67833.9453125,-187500.046875
354441.087992444,-92164.0859375,-187500.046875,-187500.015625,-187500.015625,-103933.0625,-148243.09375,-66090.890625,-187500.046875
354441.093112804,-93862.1953125,-187500.046875,-180940.546875,-187500.015625,-110487.734375,-146805.125,-62805.7421875,-187500.046875
354441.096667626,-97518.1328125,-187500.046875,-184726.59375,-187500.015625,-109310.625,-147303.9375,-62490.40234375,-187500.046875
354441.101034939,-98257.6875,-187500.046875,-187500.015625,-187500.015625,-102067.8515625,-149090.859375,-65469.37890625,-187500.046875
354441.105048154,-94790.328125,-187500.046875,-187500.015625,-187500.015625,-98493.2265625,-149695.046875,-67748.1171875,-187500.046875
354441.109959922,-92077.40625,-187500.046875,-187500.015625,-187500.015625,-103946.09375,-148216.25,-65964.78125,-187500.046875
354441.112727053,-93838.7890625,-187500.046875,-180875.875,-187500.015625,-110517.9296875,-146786.625,-62737.75,-187500.046875
354441.115971176,-97537.515625,-187500.046875,-184703.75,-187500.015625,-109322.9609375,-147295.09375,-62446.50390625,-187500.046875
354441.120917952,-98349.6015625,-187500.046875,-187500.015625,-187500.015625,-102051.5625,-149102.4375,-65537.3046875,-187500.046875
354441.124909652,-94820.328125,-187500.046875,-187500.015625,-187500.015625,-98483.171875,-149703.984375,-67785.421875,-187500.046875
354441.129001637,-92077.25,-187500.046875,-187500.015625,-187500.015625,-103999.0703125,-148209.25,-65950.65625,-187500.046875
354441.133153063,-93889.8203125,-187500.046875,-180808.265625,-187500.015625,-110622.71875,-146773.671875,-62734.37109375,-187500.046875
354441.138040033,-97576.921875,-187500.046875,-184619.390625,-187500.015625,-109429.0859375,-147277.40625,-62409.37890625,-187500.046875
354441.141042013,-98357.890625,-187500.046875,-187500.015625,-187500.015625,-102146.3984375,-149079.34375,-65446.5546875,-187500.046875
354441.14401409,-94848.7578125,-187500.046875,-187500.015625,-187500.015625,-98577.1796875,-149680.203125,-67702.9453125,-187500.046875
354441.148144731,-92127.0703125,-187500.046875,-187466.5625,-187500.015625,-104127.1015625,-148182.40625,-65885.921875,-187500.046875
354441.153090777,-93928.109375,-187500.046875,-180551.375,-187500.015625,-110837.25,-146721.796875,-62606.5,-187500.046875
354441.157108004,-97640.3984375,-187500.046875,-184305.46875,-187500.015625,-109694.6484375,-147206.625,-62213.21875,-187500.046875
354441.161243021,-98457.5546875,-187500.046875,-187500.015625,-187500.015625,-102309.7265625,-149036.5,-65285.06640625,-187500.046875
354441.165149752,-94957.3203125,-187500.046875,-187500.015625,-187500.015625,-98707.2890625,-149654.734375,-67599.140625,-187500.046875
354441.169118478,-92237.265625,-187500.046875,-187339.484375,-187500.015625,-104267.6953125,-148150.609375,-65764.1328125,-187500.046875
354441.172183911,-94011.75,-187500.046875,-180555.734375,-187500.015625,-110869.2109375,-146715.0,-62510.9453125,-187500.046875
354441.176155919,-97652.8046875,-187500.046875,-184396.015625,-187500.015625,-109624.8203125,-147224.015625,-62170.171875,-187500.046875
354441.180801476,-98423.09375,-187500.046875,-187500.015625,-187500.015625,-102321.3671875,-149030.171875,-65223.21875,-187500.046875
354441.185142896,-94923.5,-187500.046875,-187500.015625,-187500.015625,-98785.546875,-149626.890625,-67499.5859375,-187500.046875
354441.189206801,-92224.078125,-187500.046875,-187269.078125,-187500.015625,-104355.734375,-148149.0625,-65711.6953125,-187500.046875
354441.193267424,-94038.234375,-187500.046875,-180521.875,-187500.015625,-110928.0625,-146730.125,-62486.15625,-187500.046875
354441.197056002,-97743.8671875,-187500.046875,-184451.5625,-187500.015625,-109621.4296875,-147213.1875,-62143.48046875,-187500.046875
354441.199978119,-98448.640625,-187500.046875,-187500.015625,-187500.015625,-102288.6875,-149016.9375,-65148.00390625,-187500.046875
354441.203784566,-94907.3203125,-187500.046875,-187500.015625,-187500.015625,-98755.5703125,-149622.734375,-67430.96875,-187500.046875
354441.209084709,-92193.390625,-187500.046875,-187273.265625,-187500.015625,-104320.84375,-148117.390625,-65590.65625,-187500.046875
354441.212759509,-94047.4921875,-187500.046875,-180590.046875,-187500.015625,-110864.6953125,-146696.421875,-62376.296875,-187500.046875
354441.21707832,-97768.0078125,-187500.046875,-184565.234375,-187500.015625,-109554.953125,-147232.21875,-62139.7734375,-187500.046875
354441.221300128,-98561.734375,-187500.046875,-187500.015625,-187500.015625,-102231.984375,-149049.203125,-65292.1953125,-187500.046875
354441.225231293,-95063.3515625,-187500.046875,-187500.015625,-187500.015625,-98712.453125,-149636.796875,-67560.359375,-187500.046875
354441.228228897,-92358.7265625,-187500.046875,-187397.5,-187500.015625,-104278.421875,-148127.515625,-65682.75,-187500.046875
354441.232163708,-94137.8359375,-187500.046875,-180693.78125,-187500.015625,-110812.1953125,-146705.203125,-62432.53515625,-187500.046875
354441.237147681,-97762.953125,-187500.046875,-184632.609375,-187500.015625,-109485.1484375,-147235.90625,-62137.359375,-187500.046875
354441.241350526,-98475.8203125,-187500.046875,-187500.015625,-187500.015625,-102154.6484375,-149043.359375,-65204.0625,-187500.046875
354441.245260539,-94957.3828125,-187500.046875,-187500.015625,-187500.015625,-98661.875,-149630.109375,-67471.625,-187500.046875
354441.248783271,-92266.28125,-187500.046875,-187379.28125,-187500.015625,-104255.109375,-148122.5,-65610.59375,-187500.046875
354441.252273912,-94116.6484375,-187500.046875,-180721.203125,-187500.015625,-110779.3125,-146711.421875,-62406.94140625,-187500.046875
354441.256318854,-97799.65625,-187500.046875,-184727.21875,-187500.015625,-109436.6015625,-147254.28125,-62180.67578125,-187500.046875
354441.260215375,-98491.21875,-187500.046875,-187500.015625,-187500.015625,-102114.9921875,-149053.765625,-65226.79296875,-187500.046875
354441.265126778,-94989.3515625,-187500.046875,-187500.015625,-187500.015625,-98647.5703125,-149633.125,-67492.9921875,-187500.046875
354441.269345304,-92306.9140625,-187500.046875,-187396.484375,-187500.015625,-104254.8359375,-148120.515625,-65626.625,-187500.046875
354441.273239272,-94143.8046875,-187500.046875,-180738.109375,-187500.015625,-110764.046875,-146701.0625,-62397.66796875,-187500.046875
354441.277201798,-97840.515625,-187500.046875,-184778.046875,-187500.015625,-109393.75,-147232.59375,-62154.65625,-187500.046875
354441.279917511,-98515.4921875,-187500.046875,-187500.015625,-187500.015625,-102090.1171875,-149045.984375,-65215.91015625,-187500.046875
354441.284272424,-94929.8046875,-187500.046875,-187500.015625,-187500.015625,-98647.65625,-149620.59375,-67412.8828125,-187500.046875
354441.288180614,-92287.3828125,-187500.046875,-187364.796875,-187500.015625,-104278.9140625,-148114.28125,-65590.34375,-187500.046875
354441.292304326,-94168.546875,-187500.046875,-180746.75,-187500.015625,-110789.4375,-146702.953125,-62391.4765625,-187500.046875
354441.297168321,-97853.4375,-187500.046875,-184782.03125,-187500.015625,-109402.8046875,-147250.234375,-62158.76953125,-187500.046875
354441.300940489,-98519.5390625,-187500.046875,-187500.015625,-187500.015625,-102084.3046875,-149046.8125,-65199.8828125,-187500.046875
354441.305363231,-94984.609375,-187500.046875,-187500.015625,-187500.015625,-98658.859375,-149613.28125,-67425.625,-187500.046875
354441.309257928,-92356.046875,-187500.046875,-187365.578125,-187500.015625,-104293.171875,-148105.4375,-65575.703125,-187500.046875
354441.312421458,-94221.8125,-187500.046875,-180768.6875,-187500.015625,-110782.84375,-146703.125,-62378.66796875,-187500.046875
354441.316437956,-97872.078125,-187500.046875,-184840.390625,-187500.015625,-109375.421875,-147260.28125,-62166.19140625,-187500.046875
354441.319978192,-98506.3046875,-187500.046875,-187500.015625,-187500.015625,-102055.25,-149056.03125,-65190.1796875,-187500.046875
354441.324905276,-94962.1484375,-187500.046875,-187500.015625,-187500.015625,-98635.4296875,-149611.921875,-67382.734375,-187500.046875
354441.329081135,-92340.328125,-187500.046875,-187414.03125,-187500.015625,-104243.1015625,-148106.609375,-65552.90625,-187500.046875
354441.33336749,-94192.7734375,-187500.046875,-180869.265625,-187500.015625,-110666.9765625,-146712.578125,-62357.0546875,-187500.046875
354441.336470849,-97849.0078125,-187500.046875,-184980.671875,-187500.015625,-109215.96875,-147279.984375,-62180.40625,-187500.046875
354441.340249581,-98514.1484375,-187500.046875,-187500.015625,-187500.015625,-101925.9453125,-149081.484375,-65289.35546875,-187500.046875
354441.344417782,-94954.0546875,-187500.046875,-187500.015625,-187500.015625,-98539.3203125,-149630.4375,-67465.03125,-187500.046875
354441.348059397,-92317.9375,-187500.046875,-187500.015625,-187500.015625,-104107.7890625,-148128.296875,-65596.3125,-187500.046875
354441.353233729,-94157.5078125,-187500.046875,-181047.96875,-187500.015625,-110482.75,-146743.875,-62416.3515625,-187500.046875
354441.357399742,-97767.78125,-187500.046875,-185123.0,-187500.015625,-109036.34375,-147306.84375,-62226.49609375,-187500.046875
354441.361331271,-98402.5234375,-187500.046875,-187500.015625,-187500.015625,-101806.96875,-149092.84375,-65295.30078125,-187500.046875
354441.364278551,-94856.15625,-187500.046875,-187500.015625,-187500.015625,-98473.875,-149631.828125,-67451.5546875,-187500.046875
354441.368321305,-92238.3828125,-187500.046875,-187500.015625,-187500.015625,-104026.3828125,-148131.734375,-65578.3671875,-187500.046875
354441.37246799,-94102.6796875,-187500.046875,-181090.96875,-187500.015625,-110391.84375,-146755.96875,-62427.26171875,-187500.046875
354441.376402072,-97729.671875,-187500.046875,-185156.46875,-187500.015625,-108965.875,-147322.03125,-62254.63671875,-187500.046875
354441.381024655,-98341.75,-187500.046875,-187500.015625,-187500.015625,-101767.0,-149099.96875,-65288.7734375,-187500.046875
354441.385336537,-94835.1875,-187500.046875,-187500.015625,-187500.015625,-98457.6875,-149637.234375,-67477.703125,-187500.046875
354441.389404454,-92254.5,-187500.046875,-187500.015625,-187500.015625,-104019.5625,-148138.0625,-65622.953125,-187500.046875
354441.392033739,-94129.65625,-187500.046875,-181127.203125,-187500.015625,-110375.2421875,-146764.65625,-62476.8125,-187500.046875
354441.396398134,-97749.0078125,-187500.046875,-185201.59375,-187500.015625,-108945.890625,-147330.984375,-62311.61328125,-187500.046875
354441.400390928,-98358.78125,-187500.046875,-187500.015625,-187500.015625,-101753.1640625,-149103.015625,-65342.88671875,-187500.046875
354441.404462491,-94858.28125,-187500.046875,-187500.015625,-187500.015625,-98455.65625,-149631.71875,-67496.65625,-187500.046875
354441.409199946,-92309.640625,-187500.046875,-187500.015625,-187500.015625,-104028.75,-148135.25,-65660.90625,-187500.046875
354441.413020614,-94126.90625,-187500.046875,-181090.796875,-187500.015625,-110384.6484375,-146755.34375,-62456.5625,-187500.046875
354441.417381363,-97694.8046875,-187500.046875,-185130.734375,-187500.015625,-108937.421875,-147315.078125,-62229.2890625,-187500.046875
354441.420548904,-98303.890625,-187500.046875,-187500.015625,-187500.015625,-101729.515625,-149093.421875,-65276.21484375,-187500.046875
354441.423952753,-94765.8515625,-187500.046875,-187500.015625,-187500.015625,-98448.28125,-149618.796875,-67418.921875,-187500.046875
354441.428454629,-92224.9296875,-187500.046875,-187500.015625,-187500.015625,-104045.8984375,-148119.21875,-65588.8671875,-187500.046875
354441.432494101,-94084.1953125,-187500.046875,-181035.203125,-187500.015625,-110400.6328125,-146741.859375,-62396.32421875,-187500.046875
354441.437386176,-97702.2265625,-187500.046875,-185135.953125,-187500.015625,-108933.6640625,-147312.546875,-62216.125,-187500.046875
354441.441371677,-98332.765625,-187500.046875,-187500.015625,-187500.015625,-101725.3125,-149094.984375,-65298.609375,-187500.046875
354441.445352437,-94827.140625,-187500.046875,-187500.015625,-187500.015625,-98472.640625,-149615.671875,-67457.1171875,-187500.046875
354441.448408024,-92248.328125,-187500.046875,-187447.34375,-187500.015625,-104081.9296875,-148105.765625,-65548.03125,-187500.046875
354441.452481775,-94128.40625,-187500.046875,-181028.65625,-187500.015625,-110423.359375,-146735.5625,-62396.4609375,-187500.046875
354441.456487333,-97753.703125,-187500.046875,-185178.234375,-187500.015625,-108931.6328125,-147311.984375,-62251.62109375,-187500.046875
354441.460424332,-98357.3515625,-187500.046875,-187500.015625,-187500.015625,-101708.390625,-149091.671875,-65319.3515625,-187500.046875
354441.464193947,-94823.609375,-187500.046875,-187500.015625,-187500.015625,-98475.546875,-149603.59375,-67455.3515625,-187500.046875
354441.469170261,-92311.34375,-187500.046875,-187487.296875,-187500.015625,-104115.2109375,-148101.625,-65621.0078125,-187500.046875
354441.473267716,-94189.0,-187500.046875,-181057.0,-187500.015625,-110449.1328125,-146734.6875,-62445.1640625,-187500.046875
354441.476563622,-97773.703125,-187500.046875,-185187.796875,-187500.015625,-108927.4453125,-147309.734375,-62246.97265625,-187500.046875
354441.480567356,-98371.8828125,-187500.046875,-187500.015625,-187500.015625,-101690.2890625,-149091.40625,-65326.4375,-187500.046875
354441.484610475,-94839.078125,-187500.046875,-187500.015625,-187500.015625,-98477.9609375,-149596.9375,-67451.1953125,-187500.046875
354441.488561332,-92284.203125,-187500.046875,-187397.984375,-187500.015625,-104125.53125,-148082.09375,-65529.4140625,-187500.046875
354441.492452747,-94197.7578125,-187500.046875,-181027.609375,-187500.015625,-110459.0546875,-146723.4375,-62409.734375,-187500.046875
354441.497323671,-97802.6953125,-187500.046875,-185213.9375,-187500.015625,-108929.2578125,-147307.0,-62264.60546875,-187500.046875
354441.501343816,-98363.8828125,-187500.046875,-187500.015625,-187500.015625,-101657.546875,-149090.359375,-65308.82421875,-187500.046875
354441.50417987,-94800.3828125,-187500.046875,-187500.015625,-187500.015625,-98431.203125,-149599.734375,-67423.90625,-187500.046875
354441.508324368,-92244.9140625,-187500.046875,-187385.21875,-187500.015625,-104130.609375,-148080.234375,-65520.2734375,-187500.046875
354441.51243094,-94178.3125,-187500.046875,-180984.671875,-187500.015625,-110493.7734375,-146714.28125,-62382.109375,-187500.046875
354441.516565956,-97826.3671875,-187500.046875,-185195.796875,-187500.015625,-108941.21875,-147299.875,-62232.77734375,-187500.046875
354441.520611992,-98398.34375,-187500.046875,-187500.015625,-187500.015625,-101633.25,-149092.78125,-65309.65234375,-187500.046875
354441.525357105,-94790.9765625,-187500.046875,-187500.015625,-187500.015625,-98411.46875,-149598.34375,-67421.375,-187500.046875
354441.529211323,-92252.3515625,-187500.046875,-187362.6875,-187500.015625,-104142.2109375,-148071.1875,-65517.23046875,-187500.046875
354441.532463104,-94180.28125,-187500.046875,-180925.796875,-187500.015625,-110522.265625,-146698.5625,-62340.6484375,-187500.046875
354441.536428912,-97819.328125,-187500.046875,-185170.1875,-187500.015625,-108950.765625,-147288.5625,-62196.5234375,-187500.046875
354441.540468749,-98414.4375,-187500.046875,-187500.015625,-187500.015625,-101605.5546875,-149091.59375,-65315.91015625,-187500.046875
354441.544577509,-94814.1328125,-187500.046875,-187500.015625,-187500.015625,-98376.4609375,-149596.890625,-67418.71875,-187500.046875
354441.54861224,-92262.2109375,-187500.046875,-187326.421875,-187500.015625,-104136.9140625,-148062.8125,-65496.2890625,-187500.046875
354441.553534583,-94210.703125,-187500.046875,-180914.53125,-187500.015625,-110531.96875,-146693.53125,-62349.56640625,-187500.046875
354441.557465018,-97868.5234375,-187500.046875,-185194.8125,-187500.015625,-108941.0859375,-147288.984375,-62221.87109375,-187500.046875
354441.560544674,-98419.0703125,-187500.046875,-187500.015625,-187500.015625,-101571.375,-149090.625,-65308.69140625,-187500.046875
354441.564614778,-94802.171875,-187500.046875,-187500.015625,-187500.015625,-98363.34375,-149596.96875,-67435.9921875,-187500.046875
354441.568584233,-92234.8515625,-187500.046875,-187311.390625,-187500.015625,-104151.9765625,-148056.328125,-65481.87109375,-187500.046875
354441.572526338,-94196.78125,-187500.046875,-180906.859375,-187500.015625,-110530.25,-146687.375,-62321.08984375,-187500.046875
354441.576693445,-97840.4453125,-187500.046875,-185198.75,-187500.015625,-108914.28125,-147284.515625,-62187.4921875,-187500.046875
354441.581428712,-98393.3828125,-187500.046875,-187500.015625,-187500.015625,-101549.0078125,-149084.4375,-65286.11328125,-187500.046875
354441.585729289,-94795.203125,-187500.046875,-187500.015625,-187500.015625,-98361.3515625,-149581.15625,-67391.671875,-187500.046875
354441.588617856,-92241.3359375,-187500.046875,-187248.75,-187500.015625,-104154.7734375,-148037.25,-65413.20703125,-187500.046875
354441.592528964,-94210.7265625,-187500.046875,-180895.640625,-187500.015625,-110515.359375,-146680.375,-62289.28125,-187500.046875
354441.596304048,-97863.828125,-187500.046875,-185230.0625,-187500.015625,-108891.2578125,-147287.328125,-62200.390625,-187500.046875
354441.60064401,-98394.4609375,-187500.046875,-187500.015625,-187500.015625,-101530.71875,-149087.796875,-65287.859375,-187500.046875
354441.604526309,-94766.03125,-187500.046875,-187500.015625,-187500.015625,-98361.6484375,-149582.703125,-67399.671875,-187500.046875
354441.608693051,-92219.296875,-187500.046875,-187251.5625,-187500.015625,-104182.6171875,-148036.03125,-65444.4765625,-187500.046875
354441.613500887,-94193.40625,-187500.046875,-180860.453125,-187500.015625,-110536.5078125,-146669.875,-62266.41796875,-187500.046875
354441.61668411,-97883.1640625,-187500.046875,-185219.265625,-187500.015625,-108884.734375,-147278.796875,-62185.21484375,-187500.046875
354441.620699513,-98386.9453125,-187500.046875,-187500.015625,-187500.015625,-101515.390625,-149072.4375,-65249.234375,-187500.046875
354441.624548627,-94763.7265625,-187500.046875,-187500.015625,-187500.015625,-98367.4375,-149558.625,-67330.0234375,-187500.046875
354441.62854215,-92285.75,-187500.046875,-187213.109375,-187500.015625,-104181.546875,-148020.421875,-65410.16796875,-187500.046875
354441.632721656,-94238.6875,-187500.046875,-180881.203125,-187500.015625,-110502.78125,-146666.375,-62250.81640625,-187500.046875
354441.636779727,-97841.5390625,-187500.046875,-185220.765625,-187500.015625,-108839.5625,-147277.03125,-62136.84375,-187500.046875
354441.641587563,-98379.90625,-187500.046875,-187500.015625,-187500.015625,-101478.5546875,-149077.59375,-65262.6015625,-187500.046875
354441.644664665,-94740.8671875,-187500.046875,-187500.015625,-187500.015625,-98350.5625,-149555.5,-67323.8828125,-187500.046875
354441.648672046,-92222.3125,-187500.046875,-187154.90625,-187500.015625,-104181.3671875,-148006.65625,-65347.87109375,-187500.046875
354441.652509125,-94166.4921875,-187500.046875,-180805.1875,-187500.015625,-110495.5390625,-146649.84375,-62153.0703125,-187500.046875
354441.656667481,-97824.328125,-187500.046875,-185199.109375,-187500.015625,-108815.7578125,-147267.859375,-62090.53125,-187500.046875
354441.660671215,-98363.390625,-187500.046875,-187500.015625,-187500.015625,-101449.0703125,-149068.59375,-65222.63671875,-187500.046875
354441.664798208,-94755.0546875,-187500.046875,-187500.015625,-187500.015625,-98329.171875,-149553.078125,-67333.8671875,-187500.046875
354441.669873349,-92253.515625,-187500.046875,-187156.203125,-187500.015625,-104191.8984375,-148001.671875,-65368.546875,-187500.046875
354441.672771762,-94270.7421875,-187500.046875,-180855.140625,-187500.015625,-110527.5625,-146651.15625,-62247.6640625,-187500.046875
354441.676678129,-97883.34375,-187500.046875,-185236.890625,-187500.015625,-108820.2265625,-147268.765625,-62136.44140625,-187500.046875
354441.680393772,-98385.6953125,-187500.046875,-187500.015625,-187500.015625,-101425.265625,-149069.140625,-65246.8671875,-187500.046875
354441.684834384,-94764.53125,-187500.046875,-187500.015625,-187500.015625,-98315.53125,-149549.6875,-67349.1796875,-187500.046875
354441.68888042,-92256.421875,-187500.046875,-187138.34375,-187500.015625,-104198.0,-147994.390625,-65371.1640625,-187500.046875
354441.692837476,-94258.734375,-187500.046875,-180840.515625,-187500.015625,-110517.84375,-146645.03125,-62221.0859375,-187500.046875
354441.697645312,-97879.3203125,-187500.046875,-185245.265625,-187500.015625,-108787.484375,-147269.625,-62114.69140625,-187500.046875
354441.700665891,-98394.7265625,-187500.046875,-187500.015625,-187500.015625,-101395.359375,-149074.0,-65261.9765625,-187500.046875
354441.703465113,-94713.8828125,-187500.046875,-187500.015625,-187500.015625,-98293.359375,-149546.84375,-67314.578125,-187500.046875
354441.708763798,-92210.46875,-187500.046875,-187121.671875,-187500.015625,-104174.4375,-147992.0625,-65330.55078125,-187500.046875
354441.712415624,-94224.1796875,-187500.046875,-180848.671875,-187500.015625,-110479.78125,-146644.96875,-62188.296875,-187500.046875
354441.716902913,-97852.0703125,-187500.046875,-185293.4375,-187500.015625,-108736.453125,-147273.859375,-62121.46484375,-187500.046875
354441.720859969,-98332.1875,-187500.046875,-187500.015625,-187500.015625,-101340.9296875,-149072.75,-65229.33984375,-187500.046875
354441.725653583,-94721.171875,-187500.046875,-187500.015625,-187500.015625,-98257.9140625,-149549.234375,-67329.6015625,-187500.046875
354441.728677079,-92207.2265625,-187500.046875,-187110.5625,-187500.015625,-104160.625,-147989.109375,-65313.29296875,-187500.046875
354441.73149964,-94215.7734375,-187500.046875,-180853.53125,-187500.015625,-110462.8359375,-146645.65625,-62177.8359375,-187500.046875
354441.736480696,-97867.8515625,-187500.046875,-185345.609375,-187500.015625,-108700.8671875,-147285.03125,-62156.40234375,-187500.046875
354441.740826128,-98347.6953125,-187500.046875,-187500.015625,-187500.015625,-101306.421875,-149083.15625,-65285.04296875,-187500.046875
354441.744872893,-94709.953125,-187500.046875,-187500.015625,-187500.015625,-98247.8984375,-149552.140625,-67371.6015625,-187500.046875
354441.748746439,-92209.5078125,-187500.046875,-187131.0,-187500.015625,-104169.0546875,-147991.015625,-65356.27734375,-187500.046875
354441.753697592,-94218.0546875,-187500.046875,-180858.40625,-187500.015625,-110460.6640625,-146645.6875,-62187.22265625,-187500.046875
354441.756748073,-97856.5859375,-187500.046875,-185353.5625,-187500.015625,-108681.625,-147286.28125,-62146.34375,-187500.046875
354441.759894828,-98318.484375,-187500.046875,-187500.015625,-187500.015625,-101289.3203125,-149082.875,-65257.640625,-187500.046875
354441.76465161,-94670.765625,-187500.046875,-187500.015625,-187500.015625,-98244.765625,-149543.1875,-67309.953125,-187500.046875
354441.768909521,-92185.1640625,-187500.046875,-187065.140625,-187500.015625,-104178.171875,-147978.359375,-65291.63671875,-187500.046875
354441.772764833,-94204.984375,-187500.046875,-180829.59375,-187500.015625,-110460.78125,-146634.171875,-62142.23046875,-187500.046875
354441.776868488,-97825.0234375,-187500.046875,-185333.0625,-187500.015625,-108660.703125,-147275.171875,-62090.93359375,-187500.046875
354441.781472837,-98294.234375,-187500.046875,-187500.015625,-187500.015625,-101268.8671875,-149073.90625,-65235.48828125,-187500.046875
354441.784633085,-94656.6015625,-187500.046875,-187500.015625,-187500.015625,-98248.296875,-149534.6875,-67324.5234375,-187500.046875
354441.787997549,-92156.0625,-187500.046875,-187045.515625,-187500.015625,-104193.8671875,-147965.546875,-65272.59375,-187500.046875
354441.792838205,-94197.71875,-187500.046875,-180818.546875,-187500.015625,-110460.734375,-146624.109375,-62112.078125,-187500.046875
354441.796503889,-97847.2421875,-187500.046875,-185363.953125,-187500.015625,-108642.171875,-147274.140625,-62093.703125,-187500.046875
354441.800834369,-98280.7578125,-187500.046875,-187500.015625,-187500.015625,-101248.3046875,-149070.0625,-65208.9140625,-187500.046875
354441.804879311,-94664.0859375,-187500.046875,-187500.015625,-187500.015625,-98245.84375,-149527.734375,-67299.78125,-187500.046875
354441.808568698,-92208.2109375,-187500.046875,-187042.390625,-187500.015625,-104202.46875,-147960.875,-65278.984375,-187500.046875
354441.812557846,-94250.3515625,-187500.046875,-180840.984375,-187500.015625,-110465.921875,-146623.015625,-62141.08984375,-187500.046875
354441.815919392,-97863.0859375,-187500.046875,-185389.578125,-187500.015625,-108631.9375,-147272.9375,-62107.78515625,-187500.046875
354441.820765519,-98303.21875,-187500.046875,-187500.015625,-187500.015625,-101237.84375,-149072.8125,-65246.21875,-187500.046875
354441.824802438,-94634.578125,-187500.046875,-187500.015625,-187500.015625,-98254.6015625,-149519.640625,-67278.125,-187500.046875
354441.829038104,-92190.53125,-187500.046875,-187025.734375,-187500.015625,-104226.5625,-147954.28125,-65270.87109375,-187500.046875
354441.832922226,-94269.3984375,-187500.046875,-180853.671875,-187500.015625,-110481.4765625,-146621.390625,-62152.87109375,-187500.046875
354441.836997801,-97904.1953125,-187500.046875,-185435.125,-187500.015625,-108621.9921875,-147275.875,-62138.23046875,-187500.046875
354441.840895051,-98312.5390625,-187500.046875,-187500.015625,-187500.015625,-101225.7109375,-149069.578125,-65255.203125,-187500.046875
354441.843891196,-94647.0078125,-187500.046875,-187500.015625,-187500.015625,-98264.0546875,-149508.421875,-67279.8046875,-187500.046875
354441.847865756,-92229.15625,-187500.046875,-187001.59375,-187500.015625,-104246.1015625,-147941.390625,-65272.390625,-187500.046875
354441.852940897,-94294.234375,-187500.046875,-180836.390625,-187500.015625,-110488.765625,-146611.5,-62137.46875,-187500.046875
354441.856869144,-97890.7421875,-187500.046875,-185418.890625,-187500.015625,-108610.453125,-147268.734375,-62101.125,-187500.046875
354441.861018018,-98270.984375,-187500.046875,-187500.015625,-187500.015625,-101212.03125,-149060.453125,-65193.734375,-187500.046875
354441.864875154,-94615.1328125,-187500.046875,-187500.015625,-187500.015625,-98270.5390625,-149495.21875,-67222.359375,-187500.046875
354441.868912803,-92184.25,-187500.046875,-186920.171875,-187500.015625,-104261.0078125,-147922.734375,-65189.2890625,-187500.046875
354441.871976048,-94267.234375,-187500.046875,-180778.703125,-187500.015625,-110490.796875,-146595.640625,-62067.84375,-187500.046875
354441.875945868,-97893.21875,-187500.046875,-185403.71875,-187500.015625,-108592.3046875,-147258.953125,-62063.44140625,-187500.046875
354441.880933852,-98308.515625,-187500.046875,-187500.015625,-187500.015625,-101196.15625,-149057.90625,-65221.25,-187500.046875
354441.884915341,-94605.8125,-187500.046875,-187500.015625,-187500.015625,-98277.203125,-149481.890625,-67194.734375,-187500.046875
354441.889095576,-92149.78125,-187500.046875,-186841.1875,-187500.015625,-104277.34375,-147902.296875,-65101.01953125,-187500.046875
354441.893003402,-94241.7734375,-187500.046875,-180724.5625,-187500.015625,-110491.0625,-146581.421875,-61988.33984375,-187500.046875
354441.896940036,-97883.34375,-187500.046875,-185395.8125,-187500.015625,-108576.234375,-147253.265625,-62032.8203125,-187500.046875
354441.900014222,-98276.640625,-187500.046875,-187500.015625,-187500.015625,-101173.3125,-149046.59375,-65175.47265625,-187500.046875
354441.904056611,-94653.0,-187500.046875,-187500.015625,-187500.015625,-98272.171875,-149474.609375,-67234.3125,-187500.046875
354441.909079968,-92230.046875,-187500.046875,-186890.53125,-187500.015625,-104285.328125,-147897.5625,-65168.74609375,-187500.046875
354441.91270335,-94306.9296875,-187500.046875,-180773.625,-187500.015625,-110493.2109375,-146577.265625,-62036.015625,-187500.046875
354441.91708926,-97963.828125,-187500.046875,-185475.375,-187500.015625,-108562.7109375,-147256.6875,-62102.33203125,-187500.046875
354441.921113781,-98361.890625,-187500.046875,-187500.015625,-187500.015625,-101160.0625,-149057.84375,-65276.8828125,-187500.046875
354441.92416645,-94649.1796875,-187500.046875,-187500.015625,-187500.015625,-98276.1484375,-149472.671875,-67243.2578125,-187500.046875
354441.928145387,-92217.9140625,-187500.046875,-186854.28125,-187500.015625,-104299.2109375,-147890.609375,-65153.6796875,-187500.046875
354441.932188506,-94309.8515625,-187500.046875,-180749.953125,-187500.015625,-110495.3125,-146570.3125,-62024.546875,-187500.046875
354441.937063442,-97944.359375,-187500.046875,-185449.25,-187500.015625,-108544.9453125,-147247.078125,-62068.40234375,-187500.046875
354441.941058788,-98334.9765625,-187500.046875,-187500.015625,-187500.015625,-101132.6796875,-149046.265625,-65240.80859375,-187500.046875
354441.944983024,-94662.1875,-187500.046875,-187500.015625,-187500.015625,-98266.875,-149459.875,-67237.421875,-187500.046875
354441.949159977,-92271.109375,-187500.046875,-186853.3125,-187500.015625,-104310.140625,-147881.53125,-65177.12890625,-187500.046875
354441.953177205,-94351.6953125,-187500.046875,-180767.1875,-187500.015625,-110502.6875,-146565.171875,-62041.26953125,-187500.046875
354441.956079265,-97972.7890625,-187500.046875,-185475.578125,-187500.015625,-108535.46875,-147243.609375,-62084.13671875,-187500.046875
354441.960091751,-98321.234375,-187500.046875,-187500.015625,-187500.015625,-101115.578125,-149038.1875,-65223.6640625,-187500.046875
354441.964223485,-94611.625,-187500.046875,-187500.015625,-187500.015625,-98265.8046875,-149444.875,-67192.7890625,-187500.046875
354441.968755629,-92198.6015625,-187500.046875,-186772.109375,-187500.015625,-104316.421875,-147859.265625,-65091.9453125,-187500.046875
354441.973276468,-94293.78125,-187500.046875,-180692.109375,-187500.015625,-110492.1640625,-146545.65625,-61952.8671875,-187500.046875
354441.977204351,-97911.4609375,-187500.046875,-185411.40625,-187500.015625,-108505.9140625,-147228.6875,-61991.06640625,-187500.046875
354441.980172416,-98278.296875,-187500.046875,-187500.015625,-187500.015625,-101085.6953125,-149029.90625,-65166.48828125,-187500.046875
354441.984139683,-94619.4921875,-187500.046875,-187500.015625,-187500.015625,-98259.4765625,-149438.3125,-67182.796875,-187500.046875
354441.988261571,-92229.265625,-187500.046875,-186760.140625,-187500.015625,-104319.8828125,-147851.140625,-65088.03515625,-187500.046875
354441.992265306,-94333.4375,-187500.046875,-180723.109375,-187500.015625,-110487.6875,-146543.609375,-61975.93359375,-187500.046875
354441.997081165,-97920.0234375,-187500.046875,-185437.609375,-187500.015625,-108487.4140625,-147226.140625,-61997.1015625,-187500.046875
354442.001228944,-98271.1640625,-187500.046875,-187500.015625,-187500.015625,-101064.3046875,-149027.421875,-65169.484375,-187500.046875
#354647.589618151,-53562.66796875,-187500.046875,-182429.5,-187500.015625,-44995.828125,-84639.578125,13957.1220703125,-187500.046875
354647.592376166,-53415.99609375,-187500.046875,-187500.015625,-187419.40625,-40124.95703125,-85900.2578125,11723.244140625,-187500.046875
354647.596277427,-50858.37890625,-187500.046875,-187500.015625,-187500.015625,-38613.28515625,-86001.171875,10434.30859375,-187500.046875
354647.600472979,-49637.5703125,-187500.046875,-183293.890625,-187500.015625,-42796.70703125,-84771.2734375,12036.1240234375,-187500.046875
354647.604824975,-51320.09765625,-187500.046875,-178505.65625,-187500.015625,-46632.7578125,-83977.671875,14190.3623046875,-187500.046875
354647.608804276,-53568.4375,-187500.046875,-182464.671875,-187500.015625,-44962.1875,-84640.046875,13958.0166015625,-187500.046875
354647.613015144,-53414.07421875,-187500.046875,-187500.015625,-187402.8125,-40080.96875,-85904.8828125,11698.4111328125,-187500.046875
354647.617677476,-50815.68359375,-187500.046875,-187500.015625,-187500.015625,-38601.6875,-85991.2734375,10460.236328125,-187500.046875
354647.620703889,-49636.765625,-187500.046875,-183253.140625,-187500.015625,-42814.25390625,-84758.734375,12043.544921875,-187500.046875
354647.62462229,-51345.890625,-187500.046875,-178530.0,-187500.015625,-46620.1953125,-83973.8046875,14172.81640625,-187500.046875
354647.628458276,-53538.55078125,-187500.046875,-182471.328125,-187500.015625,-44923.96484375,-84634.296875,13984.9052734375,-187500.046875
354647.63272822,-53350.28515625,-187500.046875,-187500.015625,-187402.375,-40059.5546875,-85891.6484375,11750.5576171875,-187500.046875
354647.636845368,-50788.1484375,-187500.046875,-187500.015625,-187500.015625,-38621.04296875,-85976.0078125,10490.232421875,-187500.046875
354647.640835244,-49640.765625,-187500.046875,-183227.28125,-187500.015625,-42827.6875,-84751.828125,12067.572265625,-187500.046875
354647.645464391,-51353.08984375,-187500.046875,-178544.328125,-187500.015625,-46608.34765625,-83978.3203125,14184.1044921875,-187500.046875
354647.648869334,-53566.984375,-187500.046875,-182531.5625,-187500.015625,-44903.8046875,-84646.6796875,13944.11328125,-187500.046875
354647.651794004,-53383.36328125,-187500.046875,-187500.015625,-187410.421875,-40053.69921875,-85901.7578125,11691.6162109375,-187500.046875
354647.656776153,-50799.01171875,-187500.046875,-187500.015625,-187500.015625,-38643.3515625,-85968.5390625,10479.2578125,-187500.046875
354647.660727739,-49664.390625,-187500.046875,-183194.265625,-187500.015625,-42858.2421875,-84740.734375,12072.04296875,-187500.046875
354647.664847439,-51393.1640625,-187500.046875,-178581.984375,-187500.015625,-46602.62890625,-83975.4609375,14165.9990234375,-187500.046875
354647.668855185,-53589.84765625,-187500.046875,-182592.03125,-187500.015625,-44872.71484375,-84647.421875,13917.4482421875,-187500.046875
354647.673695476,-53367.76171875,-187500.046875,-187500.015625,-187403.21875,-40030.56640625,-85897.6875,11688.912109375,-187500.046875
354647.676861194,-50773.08203125,-187500.046875,-187500.015625,-187500.015625,-38654.703125,-85956.515625,10496.625,-187500.046875
354647.679766172,-49649.08203125,-187500.046875,-183125.046875,-187500.015625,-42896.05859375,-84723.4140625,12110.7783203125,-187500.046875
354647.684737381,-51424.8828125,-187500.046875,-178563.53125,-187500.015625,-46635.125,-83966.140625,14164.703125,-187500.046875
354647.688787793,-53589.26953125,-187500.046875,-182626.765625,-187500.015625,-44844.10546875,-84643.640625,13941.990234375,-187500.046875
354647.69290567,-53340.0703125,-187500.046875,-187500.015625,-187362.453125,-39953.40625,-85900.4140625,11702.658203125,-187500.046875
354647.696812766,-50721.6953125,-187500.046875,-187500.015625,-187500.015625,-38591.44921875,-85954.125,10524.765625,-187500.046875
354647.700486837,-49575.8125,-187500.046875,-183025.96875,-187500.015625,-42899.16796875,-84705.890625,12190.0380859375,-187500.046875
354647.70444754,-51353.40234375,-187500.046875,-178416.875,-187500.015625,-46675.8515625,-83944.6796875,14281.4013671875,-187500.046875
354647.707463742,-53553.26171875,-187500.046875,-182570.6875,-187500.015625,-44847.32421875,-84636.0390625,14024.6025390625,-187500.046875
354647.712487829,-53335.8671875,-187500.046875,-187500.015625,-187310.21875,-39892.74609375,-85913.4453125,11705.51953125,-187500.046875
354647.716645819,-50699.41015625,-187500.046875,-187500.015625,-187500.015625,-38527.30078125,-85969.859375,10503.62109375,-187500.046875
354647.720606157,-49573.77734375,-187500.046875,-183056.25,-187500.015625,-42887.72265625,-84715.3671875,12145.6923828125,-187500.046875
354647.724748832,-51359.4375,-187500.046875,-178413.53125,-187500.015625,-46685.171875,-83946.265625,14255.7412109375,-187500.046875
354647.729812303,-53562.4453125,-187500.046875,-182597.21875,-187500.015625,-44831.5859375,-84642.1640625,14009.4248046875,-187500.046875
354647.732909462,-53339.8671875,-187500.046875,-187500.015625,-187288.703125,-39859.84375,-85924.109375,11678.7861328125,-187500.046875
354647.735957756,-50723.1953125,-187500.046875,-187500.015625,-187500.015625,-38526.18359375,-85978.1953125,10453.53125,-187500.046875
354647.740852749,-49554.66796875,-187500.046875,-182974.671875,-187500.015625,-42909.73828125,-84709.1328125,12188.0263671875,-187500.046875
354647.744472119,-51386.5703125,-187500.046875,-178405.046875,-187500.015625,-46687.5625,-83953.9375,14248.8349609375,-187500.046875
354647.748764308,-53594.43359375,-187500.046875,-182648.859375,-187500.015625,-44805.1015625,-84659.625,13963.134765625,-187500.046875
354647.752795028,-53330.34765625,-187500.046875,-187500.015625,-187283.171875,-39835.92578125,-85931.9765625,11656.345703125,-187500.046875
354647.757058774,-50688.16796875,-187500.046875,-187500.015625,-187500.015625,-38525.9375,-85972.09375,10474.8544921875,-187500.046875
354647.76049836,-49565.328125,-187500.046875,-182940.203125,-187500.015625,-42928.44921875,-84704.7265625,12180.314453125,-187500.046875
354647.763989366,-51351.25390625,-187500.046875,-178361.15625,-187500.015625,-46680.58984375,-83944.546875,14306.837890625,-187500.046875
354647.768933954,-53605.49609375,-187500.046875,-182693.890625,-187500.015625,-44774.703125,-84664.4296875,13939.173828125,-187500.046875
354647.772948993,-53314.6328125,-187500.046875,-187500.015625,-187284.265625,-39812.45703125,-85936.0234375,11647.1142578125,-187500.046875
354647.776918813,-50666.8671875,-187500.046875,-187500.015625,-187500.015625,-38546.2109375,-85965.859375,10483.6162109375,-187500.046875
354647.780907595,-49588.6640625,-187500.046875,-182918.25,-187500.015625,-42957.70703125,-84700.59375,12166.61328125,-187500.046875
354647.784947432,-51432.75,-187500.046875,-178433.0625,-187500.015625,-46684.5703125,-83955.03125,14218.3466796875,-187500.046875
354647.789006961,-53655.96484375,-187500.046875,-182774.34375,-187500.015625,-44750.62890625,-84674.421875,13864.8984375,-187500.046875
354647.791978309,-53350.23828125,-187500.046875,-187500.015625,-187287.765625,-39802.04296875,-85938.2578125,11569.173828125,-187500.046875
354647.795943388,-50674.78125,-187500.046875,-187500.015625,-187500.015625,-38572.2265625,-85953.0078125,10468.39453125,-187500.046875
354647.80097185,-49601.78515625,-187500.046875,-182852.578125,-187500.015625,-42989.51171875,-84686.8671875,12186.484375,-187500.046875
354647.805009499,-51447.48046875,-187500.046875,-178423.84375,-187500.015625,-46683.36328125,-83953.171875,14229.9248046875,-187500.046875
354647.809018704,-53631.04296875,-187500.046875,-182770.765625,-187500.015625,-44722.62109375,-84675.5390625,13897.3310546875,-187500.046875
354647.812857241,-53322.0078125,-187500.046875,-187500.015625,-187280.125,-39773.1171875,-85937.609375,11579.1201171875,-187500.046875
354647.816785124,-50639.5546875,-187500.046875,-187500.015625,-187500.015625,-38571.9140625,-85940.6484375,10487.37109375,-187500.046875
354647.819768141,-49600.95703125,-187500.046875,-182806.5625,-187500.015625,-43013.96484375,-84672.1171875,12190.462890625,-187500.046875
354647.82377224,-51456.0390625,-187500.046875,-178413.90625,-187500.015625,-46687.25,-83945.0390625,14236.228515625,-187500.046875
354647.829058526,-53589.26953125,-187500.046875,-182752.203125,-187500.015625,-44695.53125,-84669.4375,13951.958984375,-187500.046875
354647.833033816,-53283.69921875,-187500.046875,-187500.015625,-187264.96875,-39746.09375,-85938.75,11611.1943359375,-187500.046875
354647.83706563,-50674.3984375,-187500.046875,-187500.015625,-187500.015625,-38577.97265625,-85950.34375,10434.4873046875,-187500.046875
354647.841043472,-49622.52734375,-187500.046875,-182795.359375,-187500.015625,-43030.83984375,-84676.34375,12180.1806640625,-187500.046875
354647.845000893,-51487.06640625,-187500.046875,-178417.453125,-187500.015625,-46694.73828125,-83949.8671875,14215.91015625,-187500.046875
354647.848053927,-53642.3984375,-187500.046875,-182816.171875,-187500.015625,-44678.8359375,-84677.546875,13885.775390625,-187500.046875
354647.85203177,-53264.921875,-187500.046875,-187500.015625,-187247.015625,-39720.3671875,-85932.3359375,11614.7490234375,-187500.046875
354647.857012825,-50620.95703125,-187500.046875,-187500.015625,-187500.015625,-38579.42578125,-85928.3125,10494.7919921875,-187500.046875
354647.860732115,-49605.44921875,-187500.046875,-182726.578125,-187500.015625,-43051.71875,-84656.3125,12226.314453125,-187500.046875
354647.865089581,-51463.4375,-187500.046875,-178371.84375,-187500.015625,-46698.5390625,-83938.0390625,14279.322265625,-187500.046875
354647.869043355,-53611.93359375,-187500.046875,-182800.140625,-187500.015625,-44664.39453125,-84675.6953125,13942.705078125,-187500.046875
354647.873009164,-53241.54296875,-187500.046875,-187500.015625,-187257.546875,-39717.5078125,-85934.2578125,11646.0859375,-187500.046875
354647.876089913,-50645.1875,-187500.046875,-187500.015625,-187500.015625,-38623.5234375,-85928.0625,10483.728515625,-187500.046875
354647.880060097,-49650.1328125,-187500.046875,-182696.984375,-187500.015625,-43091.390625,-84654.5703125,12223.7890625,-187500.046875
354647.88504407,-51493.546875,-187500.046875,-178396.375,-187500.015625,-46683.49609375,-83943.609375,14286.765625,-187500.046875
354647.889075155,-53667.38671875,-187500.046875,-182907.296875,-187500.015625,-44618.28515625,-84694.3828125,13875.314453125,-187500.046875
354647.893205066,-53269.16796875,-187500.046875,-187500.015625,-187254.59375,-39688.62890625,-85943.1484375,11585.2216796875,-187500.046875
354647.89715264,-50623.81640625,-187500.046875,-187500.015625,-187500.015625,-38632.12890625,-85918.359375,10498.8828125,-187500.046875
354647.900150244,-49617.02734375,-187500.046875,-182631.328125,-187500.015625,-43108.53515625,-84639.84375,12286.708984375,-187500.046875
354647.904086514,-51481.58984375,-187500.046875,-178405.015625,-187500.015625,-46663.06640625,-83940.90625,14314.705078125,-187500.046875
354647.908141667,-53632.36328125,-187500.046875,-182918.15625,-187500.015625,-44584.66796875,-84694.203125,13897.2861328125,-187500.046875
354647.91263625,-53223.50390625,-187500.046875,-187500.015625,-187288.15625,-39699.87109375,-85932.7578125,11614.279296875,-187500.046875
354647.915968988,-50621.78515625,-187500.046875,-187500.015625,-187500.015625,-38692.1875,-85900.1015625,10519.5576171875,-187500.046875
354647.920027423,-49647.94140625,-187500.046875,-182587.0625,-187500.015625,-43144.90234375,-84630.5,12306.2890625,-187500.046875
354647.924199271,-51529.98046875,-187500.046875,-178467.03125,-187500.015625,-46638.234375,-83950.1328125,14292.2197265625,-187500.046875
354647.928954959,-53629.97265625,-187500.046875,-182969.21875,-187500.015625,-44538.4453125,-84707.34375,13896.4599609375,-187500.046875
354647.933062625,-53227.68359375,-187500.046875,-187500.015625,-187307.78125,-39694.484375,-85939.640625,11585.3115234375,-187500.046875
354647.937157892,-50599.9921875,-187500.046875,-187500.015625,-187500.015625,-38729.046875,-85889.53125,10552.548828125,-187500.046875
354647.940022755,-49663.56640625,-187500.046875,-182558.65625,-187500.015625,-43181.76171875,-84624.53125,12326.0703125,-187500.046875
354647.943717612,-51544.95703125,-187500.046875,-178476.4375,-187500.015625,-46644.984375,-83950.4921875,14309.7880859375,-187500.046875
354647.948188491,-53658.203125,-187500.046875,-183031.0625,-187500.015625,-44521.30078125,-84712.0859375,13869.2578125,-187500.046875
354647.952147371,-53200.4609375,-187500.046875,-187500.015625,-187294.125,-39660.46484375,-85936.984375,11604.0419921875,-187500.046875
354647.957059868,-50570.91015625,-187500.046875,-187500.015625,-187500.015625,-38717.265625,-85881.8203125,10570.7880859375,-187500.046875
354647.960821095,-49671.6328125,-187500.046875,-182546.515625,-187500.015625,-43198.3671875,-84617.6484375,12322.494140625,-187500.046875
354647.965165068,-51534.875,-187500.046875,-178447.15625,-187500.015625,-46659.35546875,-83943.2265625,14343.6953125,-187500.046875
354647.969180472,-53633.3671875,-187500.046875,-183038.921875,-187500.015625,-44502.859375,-84711.1484375,13911.79296875,-187500.046875
354647.972225484,-53213.4921875,-187500.046875,-187500.015625,-187266.328125,-39626.55859375,-85946.28125,11571.1630859375,-187500.046875
354647.97609903,-50579.11328125,-187500.046875,-187500.015625,-187500.015625,-38699.96875,-85883.71875,10546.5361328125,-187500.046875
354647.98004077,-49665.26171875,-187500.046875,-182491.484375,-187500.015625,-43219.06640625,-84606.5859375,12339.1015625,-187500.046875
354647.984071854,-51585.5703125,-187500.046875,-178437.734375,-187500.015625,-46690.04296875,-83937.6171875,14309.8994140625,-187500.046875
354647.989173981,-53672.4375,-187500.046875,-183073.421875,-187500.015625,-44495.86328125,-84712.59375,13886.7138671875,-187500.046875
354647.993300974,-53217.69140625,-187500.046875,-187500.015625,-187233.75,-39576.9375,-85953.703125,11557.3271484375,-187500.046875
354647.996234031,-50539.3046875,-187500.046875,-187500.015625,-187500.015625,-38665.92578125,-85883.46875,10563.501953125,-187500.046875
354648.000265116,-49632.25,-187500.046875,-182424.328125,-187500.015625,-43239.203125,-84596.546875,12375.3564453125,-187500.046875
354648.003819574,-51563.62109375,-187500.046875,-178377.828125,-187500.015625,-46704.86328125,-83925.953125,14367.8798828125,-187500.046875
354648.007931981,-53695.5078125,-187500.046875,-183124.625,-187500.015625,-44465.82421875,-84715.8359375,13873.2138671875,-187500.046875
354648.013071669,-53246.83984375,-187500.046875,-187500.015625,-187219.15625,-39538.11328125,-85959.3515625,11500.4423828125,-187500.046875
354648.017136668,-50588.1015625,-187500.046875,-187500.015625,-187500.015625,-38658.1015625,-85882.7578125,10485.9189453125,-187500.046875
354648.021132379,-49676.91015625,-187500.046875,-182427.984375,-187500.015625,-43250.19921875,-84591.2734375,12325.4443359375,-187500.046875
354648.024229903,-51611.00390625,-187500.046875,-178421.140625,-187500.015625,-46691.41015625,-83928.3828125,14308.8271484375,-187500.046875
354648.028209569,-53711.421875,-187500.046875,-183177.734375,-187500.015625,-44429.2109375,-84722.8984375,13825.1796875,-187500.046875
354648.032296084,-53185.08203125,-187500.046875,-187500.015625,-187219.171875,-39513.03515625,-85953.9921875,11536.31640625,-187500.046875
354648.035944992,-50549.18359375,-187500.046875,-187500.015625,-187500.015625,-38669.0546875,-85870.734375,10515.7353515625,-187500.046875
354648.040028954,-49675.27734375,-187500.046875,-182401.328125,-187500.015625,-43258.76171875,-84581.7734375,12339.90625,-187500.046875
354648.04505377,-51610.89453125,-187500.046875,-178440.546875,-187500.015625,-46667.15625,-83925.078125,14315.5771484375,-187500.046875
354648.049018485,-53701.51953125,-187500.046875,-183222.75,-187500.015625,-44386.69921875,-84723.390625,13813.5791015625,-187500.046875
354648.051980351,-53153.921875,-187500.046875,-187500.015625,-187222.8125,-39493.2734375,-85947.8671875,11531.689453125,-187500.046875
354648.056209453,-50503.7890625,-187500.046875,-187500.015625,-187500.015625,-38691.921875,-85853.9921875,10556.908203125,-187500.046875
354648.060220116,-49648.3203125,-187500.046875,-182323.78125,-187500.015625,-43283.55078125,-84567.1328125,12392.052734375,-187500.046875
354648.064304078,-51612.16796875,-187500.046875,-178446.359375,-187500.015625,-46657.61328125,-83923.7578125,14326.6630859375,-187500.046875
354648.068256028,-53667.6328125,-187500.046875,-183230.703125,-187500.015625,-44357.68359375,-84724.6640625,13837.1376953125,-187500.046875
354648.073110907,-53138.27734375,-187500.046875,-187500.015625,-187258.0625,-39505.390625,-85942.8828125,11518.5244140625,-187500.046875
354648.077366995,-50486.9140625,-187500.046875,-187500.015625,-187500.015625,-38754.23828125,-85831.6171875,10580.9580078125,-187500.046875
354648.080220188,-49621.140625,-187500.046875,-182218.640625,-187500.015625,-43332.140625,-84544.84375,12469.7255859375,-187500.046875
354648.084324937,-51605.86328125,-187500.046875,-178430.828125,-187500.015625,-46654.37109375,-83920.1796875,14366.5615234375,-187500.046875
354648.08794066,-53693.31640625,-187500.046875,-183291.015625,-187500.015625,-44330.68359375,-84735.4609375,13800.81640625,-187500.046875
354648.092408257,-53151.15234375,-187500.046875,-187500.015625,-187247.6875,-39485.98828125,-85950.328125,11476.0341796875,-187500.046875
354648.096364584,-50499.1171875,-187500.046875,-187500.015625,-187500.015625,-38757.25390625,-85829.109375,10556.9296875,-187500.046875
354648.101277446,-49663.87890625,-187500.046875,-182210.859375,-187500.015625,-43352.86328125,-84542.4765625,12435.5048828125,-187500.046875
354648.105347186,-51610.08984375,-187500.046875,-178391.640625,-187500.015625,-46665.27734375,-83910.3515625,14393.361328125,-187500.046875
354648.108331297,-53654.22265625,-187500.046875,-183270.359375,-187500.015625,-44297.828125,-84726.2109375,13864.6083984375,-187500.046875
354648.112190621,-53076.51953125,-187500.046875,-187500.015625,-187221.09375,-39424.36328125,-85944.15625,11550.7333984375,-187500.046875
354648.116354446,-50421.4453125,-187500.046875,-187500.015625,-187500.015625,-38720.8671875,-85821.5546875,10624.923828125,-187500.046875
354648.120447525,-49631.578125,-187500.046875,-182170.984375,-187500.015625,-43357.4453125,-84537.5390625,12462.908203125,-187500.046875
354648.124317789,-51622.11328125,-187500.046875,-178407.46875,-187500.015625,-46661.390625,-83915.3515625,14381.849609375,-187500.046875
354648.129329112,-53698.8828125,-187500.046875,-183352.859375,-187500.015625,-44273.26171875,-84741.5390625,13800.8388671875,-187500.046875
354648.133394112,-53118.62890625,-187500.046875,-187500.015625,-187215.65625,-39410.41796875,-85957.6328125,11467.517578125,-187500.046875
354648.136013551,-50463.19921875,-187500.046875,-187500.015625,-187500.015625,-38746.14453125,-85823.6328125,10553.7333984375,-187500.046875
354648.140327986,-49691.4140625,-187500.046875,-182191.234375,-187500.015625,-43388.2890625,-84536.2890625,12404.525390625,-187500.046875
354648.144006432,-51685.5703125,-187500.046875,-178474.75,-187500.015625,-46663.625,-83919.1796875,14313.23046875,-187500.046875
354648.14840693,-53682.38671875,-187500.046875,-183387.8125,-187500.015625,-44243.48828125,-84739.53125,13807.119140625,-187500.046875
354648.152474482,-53057.8125,-187500.046875,-187500.015625,-187203.953125,-39388.0,-85948.671875,11513.115234375,-187500.046875
354648.156485874,-50427.50390625,-187500.046875,-187500.015625,-187500.015625,-38755.04296875,-85811.1875,10585.6298828125,-187500.046875
354648.160885277,-49646.6875,-187500.046875,-182120.765625,-187500.015625,-43414.75390625,-84517.84375,12476.4755859375,-187500.046875
354648.165421068,-51642.51953125,-187500.046875,-178424.953125,-187500.015625,-46673.66015625,-83906.796875,14392.82421875,-187500.046875
354648.168434718,-53666.828125,-187500.046875,-183412.9375,-187500.015625,-44222.01171875,-84739.7578125,13830.6787109375,-187500.046875
354648.172000481,-53066.59375,-187500.046875,-187500.015625,-187177.46875,-39345.0390625,-85957.8125,11468.7470703125,-187500.046875
354648.176591337,-50409.41796875,-187500.046875,-187500.015625,-187500.015625,-38731.97265625,-85810.5625,10571.2353515625,-187500.046875
354648.180454673,-49647.89453125,-187500.046875,-182094.953125,-187500.015625,-43424.4765625,-84514.3125,12464.31640625,-187500.046875
354648.185309187,-51666.70703125,-187500.046875,-178437.6875,-187500.015625,-46675.1796875,-83909.921875,14367.58984375,-187500.046875
354648.189461707,-53706.19140625,-187500.046875,-183492.875,-187500.015625,-44193.95703125,-84752.875,13770.2841796875,-187500.046875
354648.192522764,-53079.3359375,-187500.046875,-187500.015625,-187159.8125,-39317.65625,-85965.234375,11425.384765625,-187500.046875
354648.19611369,-50414.71875,-187500.046875,-187500.015625,-187500.015625,-38741.65234375,-85806.203125,10553.0634765625,-187500.046875
354648.2003107,-49655.36328125,-187500.046875,-182055.265625,-187500.015625,-43445.0859375,-84503.5,12474.8212890625,-187500.046875
354648.204526673,-51626.5390625,-187500.046875,-178384.734375,-187500.015625,-46666.46484375,-83895.8671875,14440.322265625,-187500.046875
354648.208455285,-53662.15625,-187500.046875,-183475.59375,-187500.015625,-44159.26953125,-84745.546875,13824.2412109375,-187500.046875
354648.212348524,-53029.3125,-187500.046875,-187500.015625,-187162.203125,-39292.82421875,-85957.8125,11458.1298828125,-187500.046875
354648.217368599,-50348.3984375,-187500.046875,-187500.015625,-187500.015625,-38753.34375,-85787.46875,10623.5830078125,-187500.046875
354648.220344688,-49614.078125,-187500.046875,-181983.40625,-187500.015625,-43464.17578125,-84489.3515625,12542.3017578125,-187500.046875
354648.224323259,-51650.6796875,-187500.046875,-178425.421875,-187500.015625,-46656.25,-83901.9921875,14416.80859375,-187500.046875
354648.228557102,-53678.40625,-187500.046875,-183545.421875,-187500.015625,-44127.4609375,-84756.515625,13778.7998046875,-187500.046875
354648.232438306,-52986.9765625,-187500.046875,-187500.015625,-187167.5,-39279.03515625,-85953.1640625,11475.005859375,-187500.046875
354648.236585721,-50338.65234375,-187500.046875,-187500.015625,-187500.015625,-38782.265625,-85774.75,10628.9697265625,-187500.046875
354648.240383416,-49654.6015625,-187500.046875,-181970.453125,-187500.015625,-43493.54296875,-84479.421875,12523.1904296875,-187500.046875
354648.245400938,-51679.3125,-187500.046875,-178447.4375,-187500.015625,-46652.0234375,-83897.984375,14408.203125,-187500.046875
354648.248530918,-53650.19921875,-187500.046875,-183554.5,-187500.015625,-44098.78515625,-84752.8984375,13815.92578125,-187500.046875
354648.25252663,-52965.7890625,-187500.046875,-187500.015625,-187176.078125,-39263.453125,-85952.1796875,11480.4150390625,-187500.046875
354648.256337817,-50324.86328125,-187500.046875,-187500.015625,-187500.015625,-38800.4609375,-85767.9765625,10638.1787109375,-187500.046875
354648.260267523,-49661.12890625,-187500.046875,-181934.34375,-187500.015625,-43519.49609375,-84474.484375,12535.9755859375,-187500.046875
354648.26462353,-51666.3046875,-187500.046875,-178449.421875,-187500.015625,-46634.94921875,-83899.4609375,14442.892578125,-187500.046875
354648.268508746,-53636.9453125,-187500.046875,-183594.234375,-187500.015625,-44056.046875,-84760.8125,13816.126953125,-187500.046875
354648.273417232,-52949.29296875,-187500.046875,-187500.015625,-187186.265625,-39247.91796875,-85953.765625,11466.7802734375,-187500.046875
354648.276564716,-50308.5,-187500.046875,-187500.015625,-187500.015625,-38823.97265625,-85758.03125,10658.1611328125,-187500.046875
354648.27963489,-49652.65625,-187500.046875,-181883.8125,-187500.015625,-43539.0078125,-84466.5234375,12580.0537109375,-187500.046875
354648.284156094,-51686.0390625,-187500.046875,-178477.875,-187500.015625,-46625.6953125,-83905.703125,14438.7353515625,-187500.046875
354648.288394312,-53673.2890625,-187500.046875,-183683.1875,-187500.015625,-44027.03515625,-84777.3046875,13760.2705078125,-187500.046875
354648.292392941,-52956.66796875,-187500.046875,-187500.015625,-187188.234375,-39230.015625,-85962.28125,11425.67578125,-187500.046875
354648.296624231,-50313.75390625,-187500.046875,-187500.015625,-187500.015625,-38842.34765625,-85755.015625,10633.5068359375,-187500.046875
354648.300711475,-49706.0546875,-187500.046875,-181917.734375,-187500.015625,-43567.05859375,-84466.484375,12520.798828125,-187500.046875
354648.305172143,-51745.00390625,-187500.046875,-178545.109375,-187500.015625,-46629.0234375,-83909.6328125,14376.59765625,-187500.046875
354648.308356459,-53684.17578125,-187500.046875,-183747.921875,-187500.015625,-43995.38671875,-84779.1171875,13738.5224609375,-187500.046875
354648.312368946,-52952.33203125,-187500.046875,-187500.015625,-187180.21875,-39196.98046875,-85963.578125,11397.2666015625,-187500.046875
354648.316380338,-50310.69140625,-187500.046875,-187500.015625,-187500.015625,-38843.890625,-85749.140625,10612.3623046875,-187500.046875
354648.320210853,-49680.75390625,-187500.046875,-181844.046875,-187500.015625,-43592.83203125,-84450.65625,12566.3076171875,-187500.046875
354648.324480433,-51757.453125,-187500.046875,-178541.046875,-187500.015625,-46634.61328125,-83906.234375,14380.5537109375,-187500.046875
354648.328690207,-53724.8984375,-187500.046875,-183822.84375,-187500.015625,-43974.5078125,-84786.8046875,13682.53125,-187500.046875
354648.332544061,-52980.140625,-187500.046875,-187500.015625,-187156.4375,-39156.43359375,-85971.0,11327.1708984375,-187500.046875
354648.335695557,-50319.9453125,-187500.046875,-187500.015625,-187500.015625,-38828.734375,-85744.8046875,10562.71875,-187500.046875
354648.340548977,-49683.75,-187500.046875,-181806.875,-187500.015625,-43612.1875,-84433.9140625,12549.7890625,-187500.046875
354648.344372928,-51770.1484375,-187500.046875,-178514.046875,-187500.015625,-46652.71875,-83889.6484375,14371.568359375,-187500.046875
354648.348570303,-53728.49609375,-187500.046875,-183846.65625,-187500.015625,-43951.93359375,-84778.6953125,13671.064453125,-187500.046875
354648.352553615,-52942.69921875,-187500.046875,-187500.015625,-187138.21875,-39121.23046875,-85959.46875,11341.185546875,-187500.046875
354648.35655662,-50252.2890625,-187500.046875,-187500.015625,-187500.015625,-38823.16796875,-85722.71875,10630.244140625,-187500.046875
354648.361534758,-49636.875,-187500.046875,-181726.203125,-187500.015625,-43622.6484375,-84412.34375,12624.1083984375,-187500.046875
354648.364716522,-51706.0234375,-187500.046875,-178441.546875,-187500.015625,-46641.1171875,-83870.6953125,14474.2744140625,-187500.046875
354648.36858241,-53668.9296875,-187500.046875,-183820.296875,-187500.015625,-43918.5859375,-84770.0390625,13744.7802734375,-187500.046875
354648.372490965,-52872.5390625,-187500.046875,-187500.015625,-187136.0,-39098.6328125,-85951.7109375,11411.59375,-187500.046875
354648.376748146,-50238.875,-187500.046875,-187500.015625,-187500.015625,-38841.9453125,-85717.1484375,10646.359375,-187500.046875
354648.380734741,-49650.84765625,-187500.046875,-181697.15625,-187500.015625,-43651.63671875,-84411.9453125,12632.6474609375,-187500.046875
354648.384774213,-51740.84765625,-187500.046875,-178479.59375,-187500.015625,-46642.3671875,-83882.921875,14450.4697265625,-187500.046875
354648.389611587,-53690.87890625,-187500.046875,-183890.234375,-187500.015625,-43892.09765625,-84785.5078125,13712.125,-187500.046875
354648.392699995,-52891.91796875,-187500.046875,-187500.015625,-187148.078125,-39086.65234375,-85959.7109375,11356.4970703125,-187500.046875
354648.396347809,-50239.5234375,-187500.046875,-187500.015625,-187500.015625,-38872.69921875,-85709.1015625,10630.244140625,-187500.046875
354648.40060572,-49653.37109375,-187500.046875,-181658.78125,-187500.015625,-43685.58984375,-84399.3359375,12649.2548828125,-187500.046875
354648.404666708,-51726.3828125,-187500.046875,-178473.140625,-187500.015625,-46634.92578125,-83873.6015625,14490.6806640625,-187500.046875
354648.4086719,-53682.54296875,-187500.046875,-183925.109375,-187500.015625,-43866.640625,-84785.109375,13714.5390625,-187500.046875
354648.412761333,-52883.46875,-187500.046875,-187500.015625,-187163.71875,-39085.48828125,-85957.453125,11344.3154296875,-187500.046875
354648.417624599,-50245.6484375,-187500.046875,-187500.015625,-187500.015625,-38904.1484375,-85699.1328125,10627.986328125,-187500.046875
354648.420324631,-49716.671875,-187500.046875,-181672.296875,-187500.015625,-43716.45703125,-84397.5234375,12604.505859375,-187500.046875
354648.423671955,-51805.01953125,-187500.046875,-178566.828125,-187500.015625,-46622.3203125,-83883.3046875,14409.365234375,-187500.046875
354648.428837899,-53701.49609375,-187500.046875,-184002.046875,-187500.015625,-43824.640625,-84792.1484375,13668.7841796875,-187500.046875
354648.432708528,-52862.0078125,-187500.046875,-187500.015625,-187163.109375,-39062.9375,-85954.4375,11329.451171875,-187500.046875
354648.436822393,-50217.12890625,-187500.046875,-187500.015625,-187500.015625,-38922.6796875,-85683.7578125,10646.1806640625,-187500.046875
354648.440721102,-49654.55859375,-187500.046875,-181572.8125,-187500.015625,-43727.41015625,-84375.15625,12701.892578125,-187500.046875
354648.445718203,-51796.2109375,-187500.046875,-178565.78125,-187500.015625,-46604.484375,-83879.6171875,14435.9638671875,-187500.046875
354648.448733311,-53702.03125,-187500.046875,-184047.53125,-187500.015625,-43787.46875,-84799.1015625,13658.234375,-187500.046875
354648.451423861,-52844.015625,-187500.046875,-187500.015625,-187174.265625,-39048.453125,-85953.8125,11325.8076171875,-187500.046875
354648.45655188,-50213.1953125,-187500.046875,-187500.015625,-187500.015625,-38948.8984375,-85671.7578125,10649.82421875,-187500.046875
354648.460399899,-49684.10546875,-187500.046875,-181555.484375,-187500.015625,-43755.125,-84368.5390625,12691.5439453125,-187500.046875
354648.464777787,-51779.11328125,-187500.046875,-178562.703125,-187500.015625,-46588.94921875,-83874.25,14478.185546875,-187500.046875
354648.468826011,-53678.20703125,-187500.046875,-184074.015625,-187500.015625,-43754.8359375,-84797.6484375,13673.7021484375,-187500.046875
354648.472742953,-52822.53515625,-187500.046875,-187500.015625,-187192.8125,-39051.0,-85948.0,11319.52734375,-187500.046875
354648.476744135,-50219.140625,-187500.046875,-187500.015625,-187500.015625,-38993.33203125,-85661.0234375,10642.291015625,-187500.046875
354648.479879949,-49727.06640625,-187500.046875,-181554.03125,-187500.015625,-43786.015625,-84363.3046875,12667.4931640625,-187500.046875
354648.484884344,-51844.35546875,-187500.046875,-178643.6875,-187500.015625,-46574.93359375,-83882.5625,14407.599609375,-187500.046875
354648.488817332,-53691.19140625,-187500.046875,-184128.03125,-187500.015625,-43724.125,-84801.9140625,13634.765625,-187500.046875
354648.492841123,-52793.5234375,-187500.046875,-187500.015625,-187210.09375,-39051.6484375,-85933.5625,11331.26171875,-187500.046875
354648.496924356,-50198.328125,-187500.046875,-187500.015625,-187500.015625,-39027.91015625,-85632.1484375,10684.55859375,-187500.046875
354648.501838676,-49723.109375,-187500.046875,-181510.875,-187500.015625,-43805.70703125,-84339.125,12715.6611328125,-187500.046875
354648.504810024,-51827.4609375,-187500.046875,-178639.65625,-187500.015625,-46559.19921875,-83868.2578125,14457.9580078125,-187500.046875
354648.507915206,-53676.6171875,-187500.046875,-184157.828125,-187500.015625,-43695.11328125,-84794.9375,13653.384765625,-187500.046875
354648.512337584,-52797.703125,-187500.046875,-187500.015625,-187227.6875,-39051.76171875,-85925.15625,11307.76953125,-187500.046875
354648.516818674,-50172.6484375,-187500.046875,-187500.015625,-187500.015625,-39064.45703125,-85609.234375,10727.787109375,-187500.046875
354648.520869815,-49697.49609375,-187500.046875,-181448.734375,-187500.015625,-43821.30859375,-84317.75,12795.501953125,-187500.046875
354648.524887407,-51819.66015625,-187500.046875,-178661.546875,-187500.015625,-46527.0546875,-83860.1875,14498.75,-187500.046875
354648.528545068,-53660.30078125,-187500.046875,-184191.3125,-187500.015625,-43653.3828125,-84790.1328125,13666.4375,-187500.046875
354648.532890135,-52752.0625,-187500.046875,-187500.015625,-187250.046875,-39043.04296875,-85908.9296875,11350.953125,-187500.046875
354648.535904878,-50122.1328125,-187500.046875,-187500.015625,-187500.015625,-39089.625,-85582.8828125,10815.1376953125,-187500.046875
354648.540843267,-49712.9609375,-187500.046875,-181448.828125,-187500.015625,-43835.75,-84305.7734375,12821.2509765625,-187500.046875
354648.544542865,-51830.96875,-187500.046875,-178717.9375,-187500.015625,-46505.0859375,-83859.4765625,14512.607421875,-187500.046875
354648.548931693,-53655.0703125,-187500.046875,-184263.0,-187500.015625,-43618.8046875,-84794.515625,13669.6787109375,-187500.046875
354648.552998151,-52720.92578125,-187500.046875,-187500.015625,-187269.3125,-39037.92578125,-85902.3828125,11377.1494140625,-187500.046875
354648.556984745,-50117.83984375,-187500.046875,-187500.015625,-187500.015625,-39122.234375,-85567.75,10836.4833984375,-187500.046875
354648.560890018,-49730.55078125,-187500.046875,-181440.734375,-187500.015625,-43864.11328125,-84293.03125,12845.5029296875,-187500.046875
354648.563855531,-51852.29296875,-187500.046875,-178763.109375,-187500.015625,-46498.69140625,-83854.0234375,14526.130859375,-187500.046875
354648.567786696,-53646.30859375,-187500.046875,-184315.03125,-187500.015625,-43589.34375,-84790.1328125,13689.482421875,-187500.046875
354648.572967591,-52729.84375,-187500.046875,-187500.015625,-187291.859375,-39040.96484375,-85896.4140625,11356.787109375,-187500.046875
354648.57667193,-50137.01953125,-187500.046875,-187500.015625,-187500.015625,-39166.78125,-85551.3671875,10836.4833984375,-187500.046875
354648.580966672,-49756.30078125,-187500.046875,-181413.515625,-187500.015625,-43902.04296875,-84276.828125,12872.705078125,-187500.046875
354648.584703102,-51892.32421875,-187500.046875,-178807.515625,-187500.015625,-46493.68359375,-83850.046875,14521.951171875,-187500.046875
