#3766.051610995,14401.921875,21287.265625,-41053.6484375,-9887.4951171875,-39526.66796875,-8773.1044921875,19733.818359375,-4429.19921875
3766.051840009,14415.6015625,21299.111328125,-40880.828125,-9835.5048828125,-39499.46484375,-8677.1484375,19782.03125,-4417.73291015625
3766.052047508,14473.73828125,21339.791015625,-40952.77734375,-9819.6796875,-39480.7578125,-8675.3828125,19792.669921875,-4385.61328125
3766.052248442,14523.6943359375,21390.91015625,-41178.37109375,-9829.3359375,-39466.69921875,-8741.7900390625,19773.939453125,-4349.35888671875
3766.052448647,14491.0380859375,21369.810546875,-41320.0390625,-9879.4482421875,-39498.1484375,-8838.6396484375,19717.45703125,-4381.36669921875
3766.052649582,14406.90625,21299.15625,-41061.7421875,-9885.908203125,-39530.66796875,-8785.263671875,19714.73046875,-4441.69384765625
3766.052850152,14423.55859375,21308.185546875,-40879.0390625,-9835.86328125,-39503.2890625,-8682.4677734375,19768.955078125,-4423.2314453125
3766.05305838,14469.9833984375,21353.42578125,-40941.84765625,-9807.9228515625,-39480.64453125,-8684.703125,19782.9921875,-4386.0830078125
3766.053261867,14513.904296875,21385.478515625,-41176.13671875,-9834.65625,-39483.88671875,-8762.017578125,19762.09375,-4366.12255859375
3766.053462801,14483.7294921875,21346.20703125,-41327.7734375,-9901.0849609375,-39516.453125,-8852.2744140625,19706.4375,-4387.625
3766.053663006,14407.95703125,21287.599609375,-41066.97265625,-9892.9716796875,-39536.2109375,-8793.0419921875,19709.521484375,-4434.384765625
3766.053863576,14421.61328125,21321.798828125,-40877.65234375,-9814.091796875,-39497.12109375,-8688.4580078125,19761.87109375,-4428.50634765625
3766.054069616,14467.9716796875,21361.65234375,-40946.05078125,-9797.9091796875,-39473.11328125,-8678.9140625,19786.994140625,-4392.0283203125
3766.054269821,14517.7265625,21399.8515625,-41171.66796875,-9812.169921875,-39457.3984375,-8742.9970703125,19781.25,-4353.33740234375
3766.054470756,14489.138671875,21369.33984375,-41321.08984375,-9868.451171875,-39487.12890625,-8833.0517578125,19732.544921875,-4370.2578125
3766.05467169,14400.5810546875,21297.904296875,-41074.34765625,-9878.80078125,-39518.59765625,-8779.720703125,19725.615234375,-4430.205078125
3766.05487299,14412.7626953125,21301.390625,-40901.2578125,-9835.974609375,-39501.1640625,-8688.212890625,19768.083984375,-4435.12255859375
3766.055079759,14456.7509765625,21335.1875,-40975.93359375,-9831.5712890625,-39488.78125,-8689.083984375,19782.92578125,-4398.8681640625
3766.055283611,14505.3212890625,21383.869140625,-41201.88671875,-9839.4833984375,-39474.72265625,-8758.0166015625,19761.244140625,-4356.10888671875
3766.055485639,14480.5556640625,21358.119140625,-41348.3125,-9885.8193359375,-39503.51171875,-8852.453125,19705.298828125,-4374.97412109375
3766.055687668,14408.91796875,21291.33203125,-41087.73828125,-9888.9931640625,-39526.2421875,-8790.3603515625,19710.39453125,-4413.53076171875
3766.055888238,14415.466796875,21299.08984375,-40908.87890625,-9847.6640625,-39507.109375,-8688.369140625,19770.453125,-4406.78076171875
3766.056099018,14461.6455078125,21349.9609375,-40977.02734375,-9827.6376953125,-39486.03125,-8682.490234375,19783.841796875,-4400.0302734375
3766.056300317,14514.060546875,21395.24609375,-41195.62890625,-9827.525390625,-39469.984375,-8756.2958984375,19759.232421875,-4378.97509765625
3766.056500887,14484.66796875,21354.72265625,-41352.73828125,-9893.10546875,-39510.59765625,-8862.8466796875,19694.703125,-4402.869140625
3766.507901904,14405.4091796875,21291.533203125,-41095.71484375,-9895.9892578125,-39534.91796875,-8801.8037109375,19698.994140625,-4451.10400390625
3766.508105027,14416.830078125,21320.14453125,-40900.98828125,-9833.001953125,-39502.88671875,-8694.1357421875,19761.826171875,-4436.91064453125
3766.508295386,14464.1044921875,21376.1796875,-40967.171875,-9813.734375,-39482.74609375,-8687.318359375,19783.39453125,-4398.4658203125
3766.508486474,14518.1728515625,21400.365234375,-41193.83984375,-9825.513671875,-39471.83984375,-8755.3349609375,19770.36328125,-4358.38916015625
3766.508676833,14494.9501953125,21357.248046875,-41350.078125,-9890.2890625,-39509.45703125,-8847.982421875,19718.1953125,-4378.0810546875
3766.509018166,14412.5615234375,21303.314453125,-41091.89453125,-9888.322265625,-39534.1796875,-8796.283203125,19709.119140625,-4438.408203125
3766.5094266,14422.41796875,21325.21875,-40895.421875,-9825.0224609375,-39500.47265625,-8691.3193359375,19766.810546875,-4427.94775390625
3766.509851808,14468.6640625,21357.583984375,-40959.59375,-9808.548828125,-39483.171875,-8686.201171875,19790.97265625,-4387.021484375
3766.510045449,14520.8330078125,21388.517578125,-41186.015625,-9829.8056640625,-39478.61328125,-8756.2734375,19769.58203125,-4357.51708984375
3766.510236537,14502.3486328125,21362.74609375,-41337.875,-9876.54296875,-39497.87890625,-8842.4619140625,19714.70703125,-4381.478515625
3766.510426531,14422.26171875,21296.16015625,-41085.8125,-9879.1806640625,-39524.4765625,-8791.25390625,19712.25,-4433.37890625
3766.510616161,14416.2939453125,21314.646484375,-40894.55078125,-9829.0673828125,-39503.51171875,-8690.447265625,19765.06640625,-4426.6513671875
3766.510833141,14462.9873046875,21349.626953125,-40955.8828125,-9810.44921875,-39479.88671875,-8681.3955078125,19787.931640625,-4387.021484375
3766.511132902,14513.0546875,21381.298828125,-41178.57421875,-9829.0234375,-39467.50390625,-8744.0244140625,19778.96875,-4351.19189453125
3766.511485905,14484.2880859375,21351.19140625,-41343.0390625,-9892.8154296875,-39500.49609375,-8840.2265625,19725.7265625,-4366.18994140625
3766.511768891,14402.8603515625,21289.142578125,-41095.08984375,-9895.564453125,-39526.48828125,-8788.080078125,19720.5859375,-4418.4033203125
3766.511966178,14411.9130859375,21313.9296875,-40901.81640625,-9835.21484375,-39501.8359375,-8689.7099609375,19769.40234375,-4426.49462890625
3766.512215614,14459.0302734375,21345.22265625,-40967.015625,-9824.4189453125,-39487.12890625,-8685.6640625,19782.009765625,-4401.77392578125
3766.512407067,14514.91015625,21373.095703125,-41192.296875,-9850.279296875,-39486.30078125,-8761.705078125,19757.734375,-4383.19921875
3766.512603261,14493.228515625,21349.357421875,-41352.3125,-9905.7568359375,-39518.33203125,-8860.3876953125,19709.72265625,-4384.78662109375
3766.512955899,14409.119140625,21295.53515625,-41095.46875,-9895.5869140625,-39534.22265625,-8800.5966796875,19717.904296875,-4410.93798828125
3766.513354486,14416.517578125,21318.625,-40890.81640625,-9825.6259765625,-39496.78515625,-8688.033203125,19765.1328125,-4414.447265625
3766.513774224,14460.6396484375,21354.431640625,-40950.80859375,-9809.599609375,-39481.98828125,-8689.7548828125,19772.8671875,-4405.4169921875
3766.514077267,14517.2119140625,21388.40625,-41169.72265625,-9829.291015625,-39473.91796875,-8762.0400390625,19759.09765625,-4372.6943359375
3766.514286589,14489.3173828125,21361.0703125,-41336.1328125,-9888.970703125,-39502.5078125,-8854.107421875,19707.66796875,-4383.93701171875
3766.514492994,14400.0439453125,21291.154296875,-41094.1953125,-9895.318359375,-39531.09375,-8804.5087890625,19703.93359375,-4432.4404296875
3766.514682623,14414.86328125,21311.13671875,-40888.58203125,-9832.0634765625,-39499.3984375,-8693.0849609375,19767.994140625,-4429.8701171875
3766.515062977,14458.5390625,21345.37890625,-40951.03515625,-9819.724609375,-39480.53515625,-8682.5126953125,19788.177734375,-4399.78466796875
3766.51536529,14509.2099609375,21371.822265625,-41175.95703125,-9846.2568359375,-39481.94140625,-8761.146484375,19769.201171875,-4361.51806640625
3766.515555284,14490.0322265625,21349.8046875,-41345.296875,-9901.353515625,-39512.9453125,-8856.9677734375,19711.779296875,-4370.81640625
3766.515778099,14410.1923828125,21298.015625,-41099.42578125,-9898.08984375,-39533.23828125,-8804.5751953125,19701.69921875,-4434.6533203125
3766.515968458,14421.61328125,21321.060546875,-40890.86328125,-9828.5087890625,-39496.31640625,-8690.73828125,19759.142578125,-4431.814453125
3766.516158088,14463.724609375,21357.001953125,-40952.21875,-9813.17578125,-39475.52734375,-8683.138671875,19780.958984375,-4396.587890625
3766.516347718,14511.736328125,21376.8515625,-41177.41015625,-9837.6953125,-39475.7734375,-8759.1123046875,19762.98828125,-4364.20068359375
3766.516537712,14493.318359375,21344.57421875,-41349.49609375,-9898.1572265625,-39506.0390625,-8852.20703125,19715.982421875,-4376.6279296875
3766.5167959,14412.4052734375,21278.2578125,-41108.76953125,-9907.388671875,-39537.3515625,-8807.6826171875,19708.29296875,-4430.47314453125
3766.517132493,14406.66015625,21283.041015625,-40912.23046875,-9859.376953125,-39521.1015625,-8708.75390625,19755.96875,-4424.2373046875
3766.517498624,14454.626953125,21338.697265625,-40960.890625,-9822.5634765625,-39484.82421875,-8690.4033203125,19777.515625,-4393.32470703125
3766.517703934,14514.6865234375,21388.80859375,-41173.38671875,-9827.525390625,-39469.60546875,-8752.8759765625,19767.48046875,-4369.0283203125
3766.517907422,14501.4765625,21360.17578125,-41347.484375,-9885.0810546875,-39500.94140625,-8852.2744140625,19716.33984375,-4385.92626953125
3766.518097781,14409.6552734375,21289.455078125,-41115.6328125,-9893.4189453125,-39532.01171875,-8808.7998046875,19697.943359375,-4439.369140625
3766.51828814,14398.6806640625,21294.708984375,-40920.0546875,-9849.408203125,-39515.0234375,-8710.2734375,19751.029296875,-4438.453125
3766.518477769,14455.4091796875,21332.70703125,-40974.4140625,-9838.6123046875,-39496.13671875,-8689.576171875,19775.52734375,-4404.0537109375
3766.518667764,14502.5712890625,21363.595703125,-41197.8203125,-9862.796875,-39492.78125,-8758.888671875,19759.634765625,-4368.78271484375
3766.519061245,14485.0478515625,21355.1015625,-41362.9296875,-9892.14453125,-39509.9921875,-8868.255859375,19699.798828125,-4385.52392578125
3766.519416071,14409.431640625,21298.41796875,-41118.08984375,-9890.6025390625,-39533.171875,-8817.181640625,19691.953125,-4433.6025390625
3766.519605701,14411.533203125,21307.29296875,-40909.28125,-9835.7958984375,-39508.296875,-8705.4228515625,19752.75,-4430.74169921875
3766.519922601,14458.8740234375,21344.0390625,-40964.9375,-9820.060546875,-39484.984375,-8690.8056640625,19776.220703125,-4401.4384765625
3766.520115878,14514.6416015625,21380.8515625,-41180.296875,-9834.25390625,-39474.453125,-8757.5029296875,19764.126953125,-4374.37060546875
3766.520307331,14493.6083984375,21340.55078125,-41365.97265625,-9902.7392578125,-39510.5546875,-8862.0869140625,19705.275390625,-4390.35205078125
3766.520496596,14410.125,21273.00390625,-41133.15625,-9912.73046875,-39538.6484375,-8816.98046875,19693.697265625,-4441.783203125
3766.520715764,14417.43359375,21297.32421875,-40917.125,-9842.412109375,-39503.51171875,-8704.3056640625,19749.3984375,-4435.54736328125
3766.521108516,14462.2041015625,21332.86328125,-40973.02734375,-9821.333984375,-39482.8125,-8695.7900390625,19771.2578125,-4405.72998046875
3766.521347377,14515.1337890625,21374.302734375,-41188.5,-9835.1923828125,-39471.66015625,-8756.966796875,19766.005859375,-4355.72900390625
3766.52154357,14493.8994140625,21347.904296875,-41378.98046875,-9904.9296875,-39508.453125,-8860.142578125,19716.18359375,-4362.45703125
3766.52177222,14413.388671875,21288.5390625,-41150.2109375,-9909.19921875,-39533.84375,-8816.9365234375,19714.23828125,-4421.48779296875
3766.52196659,14410.1474609375,21302.107421875,-40935.9453125,-9842.2998046875,-39503.734375,-8708.060546875,19769.201171875,-4420.57177734375
3766.522162419,14450.380859375,21325.017578125,-40991.06640625,-9831.4375,-39489.98828125,-8700.6845703125,19781.29296875,-4390.32958984375
3766.522357155,14514.6865234375,21366.92578125,-41200.32421875,-9843.08203125,-39477.00390625,-8761.9736328125,19764.931640625,-4370.16845703125
3766.522552254,14507.6455078125,21361.2265625,-41381.83984375,-9896.97265625,-39507.17578125,-8858.4208984375,19707.0859375,-4382.77490234375
3766.522844357,14407.0625,21307.134765625,-41153.5625,-9909.3330078125,-39540.01171875,-8822.7255859375,19698.2578125,-4413.798828125
3766.523170739,14404.73828125,21290.439453125,-40941.98046875,-9869.8818359375,-39525.328125,-8717.91796875,19752.080078125,-4416.16845703125
3766.523379331,14455.4990234375,21325.330078125,-40988.78515625,-9846.099609375,-39503.19921875,-8704.0595703125,19771.056640625,-4392.89990234375
3766.523574796,14504.94140625,21378.50390625,-41188.765625,-9841.673828125,-39475.19140625,-8757.48046875,19770.51953125,-4357.15966796875
3766.523828973,14501.4990234375,21356.107421875,-41366.3046875,-9892.8154296875,-39497.8359375,-8853.9501953125,19713.255859375,-4374.57177734375
3766.524023708,14419.4677734375,21287.130859375,-41138.56640625,-9906.8291015625,-39532.3671875,-8818.4560546875,19695.9765625,-4432.93212890625
3766.524218078,14407.0625,21294.126953125,-40922.66796875,-9854.236328125,-39510.8671875,-8712.0615234375,19756.751953125,-4423.7900390625
3766.524413178,14452.7275390625,21335.365234375,-40962.03125,-9823.1669921875,-39482.25390625,-8691.5654296875,19780.623046875,-4381.2099609375
3766.524607913,14512.65234375,21375.173828125,-41170.99609375,-9843.9541015625,-39476.9375,-8752.8759765625,19762.2734375,-4350.23046875
3766.524905121,14493.51953125,21342.96484375,-41358.4375,-9908.908203125,-39510.15234375,-8854.7998046875,19706.169921875,-4378.97509765625
3766.525232232,14405.69921875,21261.224609375,-41133.2890625,-9928.779296875,-39550.49609375,-8825.630859375,19689.181640625,-4442.47607421875
3766.525433531,14406.90625,21279.798828125,-40905.14453125,-9863.646484375,-39521.52734375,-8713.6044921875,19743.251953125,-4435.07763671875
3766.525635924,14450.3583984375,21328.951171875,-40945.0859375,-9832.666015625,-39495.33203125,-8697.1533203125,19768.91015625,-4402.15380859375
3766.525837953,14503.890625,21370.01171875,-41148.7109375,-9841.6962890625,-39481.2734375,-8754.3291015625,19756.884765625,-4378.10302734375
3766.526038887,14488.9375,21351.81640625,-41334.7890625,-9897.5986328125,-39507.37890625,-8852.05078125,19703.30859375,-4387.71435546875
3766.526238728,14399.865234375,21289.27734375,-41115.3203125,-9906.0029296875,-39535.40625,-8812.1083984375,19698.861328125,-4436.8212890625
3766.526439298,14398.5693359375,21299.849609375,-40901.48046875,-9857.3203125,-39512.453125,-8698.986328125,19751.65625,-4432.619140625
3766.526639868,14458.29296875,21339.30078125,-40944.9765625,-9831.83984375,-39485.98828125,-8686.201171875,19774.833984375,-4392.58740234375
3766.526924312,14523.26953125,21374.771484375,-41154.94921875,-9846.9716796875,-39477.5859375,-8752.2724609375,19761.826171875,-4359.72998046875
3766.527125611,14496.537109375,21341.646484375,-41355.35546875,-9911.814453125,-39511.984375,-8860.455078125,19705.119140625,-4378.14794921875
3766.527326181,14408.4482421875,21268.66796875,-41141.15625,-9926.4990234375,-39540.79296875,-8821.09375,19692.021484375,-4428.5732421875
3766.527525657,14414.103515625,21290.21484375,-40910.59765625,-9852.73828125,-39505.5,-8702.4501953125,19752.34765625,-4423.76806640625
3766.527727321,14465.1103515625,21340.41796875,-40948.59765625,-9821.8037109375,-39478.8125,-8683.5859375,19775.4609375,-4389.2568359375
3766.527927161,14506.416015625,21367.6640625,-41164.26953125,-9849.1845703125,-39478.61328125,-8751.19921875,19756.08203125,-4368.0673828125
3766.528127366,14498.5927734375,21352.15234375,-41356.71875,-9902.91796875,-39501.14453125,-8845.658203125,19707.5546875,-4380.427734375
3766.528327936,14405.6318359375,21288.986328125,-41140.0390625,-9910.4951171875,-39529.93359375,-8813.2255859375,19700.470703125,-4433.78125
3766.528528141,14407.80078125,21302.59765625,-40914.95703125,-9850.9501953125,-39503.51171875,-8702.4501953125,19754.896484375,-4424.6171875
3766.52873017,14458.8740234375,21340.640625,-40951.79296875,-9827.01171875,-39484.08984375,-8687.2734375,19777.29296875,-4398.0859375
3766.528932563,14505.0751953125,21378.19140625,-41155.75390625,-9840.3330078125,-39475.88671875,-8749.5458984375,19763.658203125,-4371.57666015625
3766.529133498,14501.7001953125,21366.45703125,-41343.1953125,-9885.05859375,-39490.9296875,-8843.2216796875,19721.904296875,-4366.52490234375
3766.529333338,14412.3603515625,21283.64453125,-41134.5625,-9906.2265625,-39527.5859375,-8814.767578125,19704.537109375,-4424.0361328125
3766.529532449,14405.296875,21286.19140625,-40915.60546875,-9861.052734375,-39514.30859375,-8713.2236328125,19749.93359375,-4433.69189453125
3766.529734478,14458.8515625,21335.455078125,-40952.6875,-9830.8779296875,-39490.37109375,-8694.2470703125,19768.46484375,-4403.2041015625
3766.529934683,14509.5234375,21369.453125,-41157.85546875,-9839.3720703125,-39477.42578125,-8753.658203125,19754.94140625,-4375.599609375
3766.530134888,14495.93359375,21349.73828125,-41356.40625,-9891.0048828125,-39499.265625,-8851.849609375,19704.0234375,-4385.658203125
3766.530336187,14407.21875,21280.693359375,-41147.59375,-9905.287109375,-39529.91015625,-8815.3935546875,19694.591796875,-4437.69287109375
3766.530536028,14405.0068359375,21285.0078125,-40923.05078125,-9859.1982421875,-39511.91796875,-8707.255859375,19748.4140625,-4440.3974609375
3766.530778535,14455.0517578125,21321.9765625,-40960.4453125,-9844.177734375,-39491.2421875,-8690.626953125,19773.671875,-4402.53369140625
3766.530988951,14508.31640625,21361.853515625,-41167.265625,-9862.7294921875,-39485.18359375,-8756.8544921875,19754.94140625,-4375.6669921875
3766.531192438,14499.755859375,21352.576171875,-41362.28125,-9900.548828125,-39507.6015625,-8862.7353515625,19696.111328125,-4396.8564453125
3766.531394467,14414.9755859375,21289.052734375,-41148.890625,-9902.0908203125,-39532.859375,-8828.4248046875,19688.130859375,-4450.388671875
3766.53159686,14404.6044921875,21295.1328125,-40918.7109375,-9846.501953125,-39507.06640625,-8711.7490234375,19742.357421875,-4441.828125
3766.531799983,14447.36328125,21332.59375,-40956.15234375,-9832.2861328125,-39488.11328125,-8696.03515625,19769.8046875,-4408.8818359375
3766.532002376,14503.5556640625,21366.099609375,-41157.3828125,-9846.5693359375,-39479.953125,-8755.7822265625,19766.02734375,-4377.4775390625
3766.532204769,14494.7265625,21341.826171875,-41359.17578125,-9903.5439453125,-39503.734375,-8857.52734375,19707.80078125,-4384.0712890625
3766.532406433,14408.4482421875,21275.6875,-41150.03125,-9914.18359375,-39531.8984375,-8823.708984375,19689.09375,-4432.95458984375
3766.532607732,14397.18359375,21284.515625,-40914.62109375,-9851.6650390625,-39508.05078125,-8712.2177734375,19745.10546875,-4434.0048828125
3766.532811219,14451.408203125,21334.181640625,-40939.61328125,-9814.0478515625,-39474.54296875,-8682.423828125,19781.048828125,-4392.94482421875
3766.533012883,14506.818359375,21375.599609375,-41138.56640625,-9824.0390625,-39462.921875,-8739.353515625,19770.095703125,-4357.2939453125
3766.533213818,14501.767578125,21355.68359375,-41347.46484375,-9886.556640625,-39497.38671875,-8850.083984375,19710.283203125,-4375.2421875
3766.533413658,14418.3056640625,21283.8671875,-41152.04296875,-9910.4951171875,-39537.15234375,-8825.7431640625,19688.4453125,-4434.31787109375
3766.533614228,14403.2177734375,21284.0234375,-40923.2734375,-9858.1025390625,-39518.1953125,-8720.130859375,19739.228515625,-4437.33544921875
3766.533849077,14442.78125,21312.857421875,-40961.73828125,-9844.1103515625,-39504.80859375,-8705.2001953125,19765.55859375,-4402.75732421875
3766.534054387,14492.9384765625,21344.396484375,-41166.21484375,-9862.39453125,-39498.83984375,-8764.9013671875,19758.0703125,-4369.34130859375
3766.534256781,14485.78515625,21337.51171875,-41366.796875,-9901.4423828125,-39513.61328125,-8864.4560546875,19707.890625,-4394.3974609375
3766.534459174,14402.16796875,21283.041015625,-41161.140625,-9906.986328125,-39544.3046875,-8838.908203125,19676.978515625,-4464.13525390625
3766.534662296,14399.8876953125,21286.19140625,-40921.6640625,-9854.4150390625,-39518.01953125,-8723.796875,19731.271484375,-4457.09423828125
3766.534865419,14451.0283203125,21328.236328125,-40951.99609375,-9832.0185546875,-39494.34765625,-8701.0205078125,19764.6640625,-4408.56884765625
3766.535068177,14501.990234375,21371.666015625,-41150.4765625,-9845.02734375,-39484.625,-8756.6533203125,19752.482421875,-4365.0048828125
3766.535269111,14497.744140625,21351.4375,-41359.80078125,-9905.8681640625,-39515.11328125,-8866.7578125,19706.326171875,-4362.74755859375
3766.989307074,14420.7197265625,21272.22265625,-41165.36328125,-9931.0810546875,-39550.44921875,-8835.4208984375,19693.607421875,-4419.8564453125
3766.98951749,14410.03515625,21283.173828125,-40924.8359375,-9866.9765625,-39522.04296875,-8718.3203125,19740.345703125,-4438.16259765625
3766.989709308,14452.6826171875,21332.52734375,-40946.0703125,-9828.263671875,-39488.1796875,-8686.6923828125,19768.12890625,-4407.4287109375
3766.989959109,14507.578125,21381.947265625,-41136.84375,-9824.3515625,-39472.0859375,-8744.203125,19757.17578125,-4380.98681640625
3766.990397445,14497.3857421875,21357.673828125,-41351.6875,-9891.451171875,-39504.0703125,-8853.4140625,19710.326171875,-4384.205078125
3766.990696112,14410.728515625,21285.052734375,-41160.08984375,-9914.25,-39536.7265625,-8830.1904296875,19694.255859375,-4427.12060546875
3766.990886471,14409.96875,21289.96875,-40919.47265625,-9851.1064453125,-39506.12890625,-8714.4755859375,19746.044921875,-4425.6005859375
3766.991075006,14457.4658203125,21336.751953125,-40944.4609375,-9817.3779296875,-39478.14453125,-8685.955078125,19777.337890625,-4396.677734375
3766.991262448,14507.779296875,21369.2734375,-41145.42578125,-9838.4560546875,-39471.97265625,-8741.431640625,19774.23046875,-4374.8173828125
3766.991449525,14489.3623046875,21352.2421875,-41362.86328125,-9903.0302734375,-39503.71484375,-8852.7216796875,19723.224609375,-4391.35791015625
3766.991636967,14408.224609375,21295.736328125,-41171.0859375,-9919.837890625,-39535.65234375,-8825.720703125,19702.1015625,-4435.234375
3766.991844465,14415.958984375,21293.92578125,-40922.78125,-9850.078125,-39506.953125,-8713.58203125,19753.30859375,-4429.802734375
3766.992160636,14451.095703125,21322.4921875,-40955.4375,-9830.900390625,-39490.546875,-8698.3828125,19766.2734375,-4398.0859375
3766.992574904,14501.431640625,21350.966796875,-41158.48046875,-9854.83984375,-39488.58203125,-8758.576171875,19750.248046875,-4365.0048828125
3766.992947599,14494.4580078125,21331.25390625,-41381.41796875,-9922.05078125,-39523.94140625,-8869.0830078125,19703.5546875,-4367.8212890625
3766.993190107,14409.0966796875,21264.421875,-41192.7890625,-9934.880859375,-39549.22265625,-8841.9033203125,19694.033203125,-4432.55224609375
3766.993377913,14401.6982421875,21273.072265625,-40946.36328125,-9866.4404296875,-39517.9296875,-8728.04296875,19737.26171875,-4439.0341796875
3766.993566084,14442.6689453125,21319.138671875,-40972.46875,-9843.529296875,-39496.58203125,-8702.2265625,19764.373046875,-4401.75146484375
3766.993753525,14497.0283203125,21366.724609375,-41161.453125,-9844.3564453125,-39480.48828125,-8751.2666015625,19760.193359375,-4369.69921875
3766.994119657,14500.560546875,21357.001953125,-41374.5546875,-9899.9228515625,-39507.4921875,-8862.779296875,19704.001953125,-4385.74755859375
3766.994510585,14413.0302734375,21267.595703125,-41198.109375,-9938.0771484375,-39552.84375,-8848.5859375,19678.431640625,-4434.83203125
3766.994753822,14395.619140625,21265.962890625,-40956.77734375,-9885.3271484375,-39536.03515625,-8741.7451171875,19731.181640625,-4441.29150390625
3766.99502842,14448.7490234375,21317.88671875,-40970.1875,-9839.505859375,-39494.90625,-8706.8095703125,19755.1640625,-4421.08544921875
3766.995221332,14498.0791015625,21348.62109375,-41167.0390625,-9859.890625,-39490.63671875,-8770.9814453125,19740.591796875,-4380.8525390625
3766.995412056,14484.35546875,21352.53125,-41382.9375,-9906.2041015625,-39510.015625,-8873.8662109375,19686.03125,-4390.083984375
3766.995603144,14397.8310546875,21277.810546875,-41199.47265625,-9925.7841796875,-39544.3046875,-8853.3916015625,19664.3046875,-4449.94189453125
3766.995793503,14395.439453125,21273.720703125,-40953.40234375,-9879.6279296875,-39527.83203125,-8738.3701171875,19718.57421875,-4451.23828125
3766.996010848,14443.5634765625,21309.572265625,-40976.9375,-9854.458984375,-39501.2109375,-8706.18359375,19755.544921875,-4413.84375
3766.996201207,14497.7216796875,21354.744140625,-41161.4296875,-9851.576171875,-39481.25,-8752.8759765625,19759.92578125,-4376.806640625
3766.996391201,14489.09375,21337.400390625,-41377.7265625,-9903.9912109375,-39504.7421875,-8856.4091796875,19709.923828125,-4387.71435546875
3766.996580466,14405.654296875,21279.84375,-41184.40625,-9907.2099609375,-39520.140625,-8819.23828125,19701.23046875,-4428.2607421875
3766.996770825,14393.271484375,21290.953125,-40936.48046875,-9846.4130859375,-39494.953125,-8700.4609375,19750.1796875,-4425.66796875
3766.997169412,14452.9736328125,21322.021484375,-40963.125,-9832.6884765625,-39483.4609375,-8687.765625,19771.16796875,-4391.6708984375
3766.997558153,14510.4619140625,21357.001953125,-41152.9609375,-9847.4189453125,-39477.2265625,-8750.2607421875,19756.4609375,-4371.33056640625
3766.997892558,14506.70703125,21345.580078125,-41374.17578125,-9904.638671875,-39502.28125,-8858.3759765625,19702.83984375,-4379.31005859375
3766.998083646,14413.142578125,21273.98828125,-41198.04296875,-9928.8681640625,-39538.87109375,-8842.328125,19677.291015625,-4436.84375
3766.99827437,14397.5185546875,21274.61328125,-40947.5703125,-9873.078125,-39516.23046875,-8727.57421875,19738.244140625,-4441.89501953125
3766.998481139,14441.6630859375,21309.505859375,-40969.8984375,-9850.056640625,-39493.4296875,-8697.421875,19775.080078125,-4412.033203125
3766.998676968,14492.8037109375,21350.69921875,-41159.5546875,-9859.3095703125,-39483.171875,-8752.607421875,19763.658203125,-4383.57958984375
3766.998930051,14491.216796875,21347.79296875,-41379.5390625,-9910.919921875,-39504.18359375,-8857.125,19712.13671875,-4394.10693359375
3766.999215589,14406.8837890625,21277.630859375,-41208.03515625,-9934.724609375,-39544.953125,-8848.876953125,19682.140625,-4432.373046875
3766.999493105,14397.18359375,21289.65625,-40944.015625,-9856.9404296875,-39507.265625,-8723.013671875,19737.55078125,-4434.07177734375
3766.999688934,14438.6455078125,21324.369140625,-40962.54296875,-9831.2802734375,-39485.609375,-8695.3203125,19763.94921875,-4423.16455078125
3766.999886222,14488.5791015625,21356.15234375,-41154.5234375,-9850.212890625,-39484.2890625,-8752.98828125,19749.419921875,-4388.67578125
3767.00008278,14489.4287109375,21332.9296875,-41381.57421875,-9914.697265625,-39518.3984375,-8873.4638671875,19696.826171875,-4393.8388671875
3767.000277515,14412.091796875,21268.220703125,-41207.36328125,-9939.6416015625,-39547.12109375,-8852.3857421875,19677.58203125,-4438.69873046875
3767.000471886,14395.88671875,21273.02734375,-40947.09765625,-9872.2294921875,-39516.34375,-8734.0107421875,19724.51953125,-4436.6650390625
3767.000668079,14432.923828125,21305.50390625,-40967.10546875,-9847.8876953125,-39497.56640625,-8709.826171875,19748.03515625,-4412.0556640625
3767.000909857,14484.8916015625,21340.037109375,-41158.79296875,-9867.333984375,-39493.9453125,-8764.56640625,19739.853515625,-4384.80859375
3767.001187738,14482.2763671875,21328.68359375,-41381.41796875,-9918.2734375,-39514.015625,-8868.3232421875,19696.580078125,-4384.00390625
3767.001465618,14394.1884765625,21258.140625,-41212.59375,-9935.283203125,-39545.7109375,-8856.23046875,19671.748046875,-4445.248046875
3767.001773402,14376.396484375,21261.962890625,-40958.69921875,-9880.4990234375,-39525.73046875,-8742.3037109375,19723.044921875,-4450.43359375
3767.002147555,14437.86328125,21307.0234375,-40972.9609375,-9857.3203125,-39502.4375,-8709.625,19749.30859375,-4412.0556640625
3767.002388239,14497.4306640625,21340.953125,-41161.9453125,-9878.9345703125,-39499.01953125,-8758.44140625,19737.39453125,-4387.73681640625
3767.00258735,14484.064453125,21334.560546875,-41387.36328125,-9928.443359375,-39523.0703125,-8867.763671875,19702.525390625,-4368.6484375
3767.002786097,14401.8994140625,21262.677734375,-41215.36328125,-9939.41796875,-39551.2109375,-8858.80078125,19669.916015625,-4449.51708984375
3767.003095704,14404.7607421875,21276.24609375,-40942.65234375,-9866.2392578125,-39515.91796875,-8739.197265625,19723.759765625,-4457.13916015625
3767.003379054,14446.423828125,21322.021484375,-40950.18359375,-9833.11328125,-39487.8203125,-8702.4501953125,19766.98828125,-4410.55810546875
3767.003576342,14506.3271484375,21356.376953125,-41139.63671875,-9849.921875,-39485.1171875,-8757.9501953125,19754.11328125,-4379.95849609375
3767.003773265,14507.265625,21347.837890625,-41368.2734375,-9907.09765625,-39510.93359375,-8866.154296875,19699.62109375,-4381.03125
3767.004000456,14413.09765625,21282.638671875,-41204.12109375,-9929.6728515625,-39540.48046875,-8845.009765625,19681.896484375,-4429.35595703125
3767.004197015,14389.2255859375,21278.1015625,-40946.3828125,-9872.9892578125,-39518.12890625,-8726.3671875,19742.3125,-4431.61328125
3767.004394667,14434.5556640625,21310.130859375,-40960.9140625,-9845.4521484375,-39496.47265625,-8700.193359375,19762.048828125,-4407.2275390625
3767.004592319,14488.8701171875,21344.552734375,-41144.82421875,-9861.1650390625,-39489.80859375,-8754.015625,19752.03515625,-4371.2412109375
3767.004810394,14495.3076171875,21348.666015625,-41365.92578125,-9906.3828125,-39503.0859375,-8852.095703125,19712.875,-4368.17919921875
3767.005340992,14411.98046875,21279.107421875,-41205.484375,-9927.728515625,-39536.48046875,-8841.43359375,19684.421875,-4422.89599609375
3767.005551773,14397.5634765625,21267.193359375,-40949.08984375,-9883.248046875,-39523.96484375,-8729.0048828125,19729.21484375,-4441.4482421875
3767.005751978,14434.845703125,21307.068359375,-40958.72265625,-9850.01171875,-39498.75,-8702.205078125,19756.751953125,-4419.8115234375
3767.005979169,14490.0322265625,21363.908203125,-41128.37109375,-9838.388671875,-39476.01953125,-8749.0537109375,19757.689453125,-4382.77490234375
3767.006177186,14501.4990234375,21356.197265625,-41352.8046875,-9888.0537109375,-39490.32421875,-8849.32421875,19711.087890625,-4372.0458984375
3767.006374474,14419.69140625,21280.4921875,-41201.6171875,-9922.744140625,-39534.73828125,-8846.462890625,19683.818359375,-4435.0107421875
3767.006575773,14390.701171875,21258.36328125,-40953.76171875,-9894.3798828125,-39531.98828125,-8737.654296875,19732.701171875,-4456.13330078125
3767.006773425,14428.296875,21302.30859375,-40959.59375,-9854.0791015625,-39497.41015625,-8701.8916015625,19766.318359375,-4418.33642578125
3767.007183682,14488.3779296875,21348.150390625,-41132.23828125,-9844.1552734375,-39480.421875,-8749.2998046875,19760.462890625,-4372.53759765625
3767.007502041,14486.27734375,21333.197265625,-41365.97265625,-9905.041015625,-39505.65625,-8852.7216796875,19708.359375,-4368.8271484375
3767.007698964,14407.3310546875,21260.0859375,-41220.28125,-9940.2451171875,-39547.703125,-8851.5146484375,19675.97265625,-4424.974609375
3767.007924696,14395.3955078125,21272.087890625,-40949.625,-9866.775390625,-39516.20703125,-8729.7421875,19722.53125,-4435.0107421875
3767.008121255,14435.9638671875,21315.919921875,-40953.91796875,-9835.169921875,-39488.0,-8698.4267578125,19753.623046875,-4408.36767578125
3767.008318907,14477.962890625,21337.376953125,-41141.22265625,-9857.3203125,-39488.84765625,-8756.720703125,19749.3984375,-4386.015625
3767.008515101,14489.7861328125,21329.80078125,-41374.5078125,-9915.6357421875,-39509.81640625,-8856.119140625,19713.9921875,-4373.58837890625
3767.008712024,14402.7490234375,21250.1171875,-41227.9921875,-9943.1513671875,-39543.36328125,-8849.525390625,19686.65625,-4419.185546875
3767.009029654,14391.6845703125,21262.052734375,-40958.05078125,-9877.03515625,-39517.63671875,-8736.1796875,19734.84765625,-4419.76708984375
3767.009403443,14435.8515625,21305.392578125,-40965.25,-9844.4013671875,-39494.97265625,-8707.6142578125,19761.154296875,-4416.0341796875
3767.009600366,14485.583984375,21332.482421875,-41152.78125,-9864.0927734375,-39491.33203125,-8762.3759765625,19745.419921875,-4391.71533203125
3767.009825369,14488.3115234375,21326.71484375,-41389.28515625,-9914.9208984375,-39512.609375,-8870.78125,19692.916015625,-4391.4697265625
3767.010021927,14412.7626953125,21272.35546875,-41233.76171875,-9925.2470703125,-39537.57421875,-8859.76171875,19664.416015625,-4443.794921875
3767.010217756,14387.884765625,21257.470703125,-40978.79296875,-9892.345703125,-39530.53515625,-8751.4228515625,19710.70703125,-4456.26708984375
3767.010413221,14428.54296875,21286.68359375,-40987.48828125,-9872.7880859375,-39514.62109375,-8724.802734375,19739.00390625,-4429.9814453125
3767.010609415,14487.39453125,21339.142578125,-41154.43359375,-9862.55078125,-39489.96875,-8762.30859375,19743.4296875,-4389.16748046875
3767.010878543,14491.9326171875,21337.779296875,-41386.53515625,-9908.6181640625,-39504.3828125,-8859.3818359375,19699.28515625,-4384.451171875
3767.011198361,14400.9609375,21264.041015625,-41244.71484375,-9937.6298828125,-39546.42578125,-8866.5126953125,19673.08984375,-4433.669921875
3767.011468947,14378.9443359375,21257.6484375,-40977.85546875,-9889.9541015625,-39528.90234375,-8753.4345703125,19724.833984375,-4448.48876953125
3767.011665871,14414.39453125,21289.232421875,-40987.04296875,-9870.2841796875,-39514.015625,-8726.27734375,19743.85546875,-4430.92041015625
3767.011891603,14478.0966796875,21335.3203125,-41153.67578125,-9869.1669921875,-39499.01953125,-8770.4892578125,19738.310546875,-4393.458984375
3767.012088161,14494.8154296875,21326.984375,-41387.94140625,-9919.5029296875,-39518.1953125,-8878.9619140625,19687.6171875,-4398.68896484375
3767.012284355,14412.0244140625,21254.654296875,-41246.79296875,-9953.0302734375,-39558.3203125,-8878.671875,19656.90625,-4448.71240234375
3767.012480549,14390.8134765625,21256.978515625,-40973.9453125,-9891.18359375,-39534.1328125,-8757.0556640625,19708.091796875,-4443.638671875
3767.012676378,14438.1767578125,21308.87890625,-40965.13671875,-9839.4169921875,-39493.2734375,-8710.810546875,19744.97265625,-4416.48095703125
3767.013028287,14491.2841796875,21340.328125,-41144.95703125,-9853.6328125,-39487.8671875,-8759.2236328125,19737.103515625,-4393.5927734375
3767.013243079,14492.6923828125,21329.576171875,-41387.8515625,-9913.1552734375,-39510.640625,-8867.138671875,19692.4453125,-4390.70947265625
3767.013438543,14408.470703125,21265.673828125,-41245.80859375,-9933.2490234375,-39534.69140625,-8857.34765625,19673.87109375,-4430.607421875
3767.013634008,14386.96875,21257.89453125,-40976.3125,-9882.0634765625,-39522.109375,-8746.4384765625,19715.669921875,-4445.13623046875
3767.013860105,14426.28515625,21295.46875,-40976.3359375,-9854.4375,-39501.703125,-8711.033203125,19742.53515625,-4420.77294921875
3767.014057392,14474.1845703125,21333.041015625,-41149.62890625,-9867.892578125,-39496.31640625,-8761.705078125,19739.80859375,-4385.0771484375
3767.014253221,14494.033203125,21343.099609375,-41379.62890625,-9909.2880859375,-39505.234375,-8860.208984375,19702.458984375,-4373.72216796875
#3796.281675903,13745.294921875,20617.71875,-41686.046875,-10363.5205078125,-39489.1640625,-9313.1220703125,19162.8203125,-4703.83544921875
3796.28186298,13795.6982421875,20649.501953125,-41915.35546875,-10391.169921875,-39491.26171875,-9391.80078125,19139.44140625,-4691.4970703125
3796.28213539,13780.2080078125,20622.234375,-42095.82421875,-10456.9951171875,-39525.73046875,-9492.80859375,19086.04296875,-4718.02880859375
3796.282465783,13691.8740234375,20556.1171875,-41850.1328125,-10457.62109375,-39544.4609375,-9435.1181640625,19095.162109375,-4746.8173828125
3796.282846501,13689.6611328125,20573.640625,-41633.6328125,-10390.7451171875,-39508.02734375,-9320.6103515625,19150.4375,-4727.8408203125
3796.283109065,13743.1044921875,20616.130859375,-41686.25,-10365.62109375,-39488.76171875,-9317.2578125,19163.693359375,-4700.95166015625
3796.283295413,13797.3515625,20647.333984375,-41909.5,-10382.1845703125,-39484.08984375,-9385.7431640625,19144.984375,-4678.9130859375
3796.28348249,13779.224609375,20621.943359375,-42089.16015625,-10439.9638671875,-39513.81640625,-9483.30859375,19092.369140625,-4687.02685546875
3796.283669567,13700.009765625,20562.3984375,-41844.07421875,-10438.9130859375,-39532.8359375,-9430.7373046875,19091.5859375,-4734.904296875
3796.283855915,13696.3447265625,20569.974609375,-41634.81640625,-10385.9619140625,-39511.37890625,-9329.998046875,19143.912109375,-4741.2294921875
3796.284124678,13743.7080078125,20604.955078125,-41691.90234375,-10370.1591796875,-39495.01953125,-9322.287109375,19159.267578125,-4718.8330078125
3796.284500291,13797.396484375,20631.173828125,-41921.58984375,-10406.435546875,-39504.0703125,-9396.6064453125,19137.51953125,-4699.99072265625
3796.284804792,13786.265625,20606.810546875,-42103.01953125,-10466.2939453125,-39532.1015625,-9492.2490234375,19088.591796875,-4715.927734375
3796.285023231,13719.7021484375,20572.90234375,-41839.3828125,-10430.2177734375,-39526.51171875,-9428.5693359375,19092.32421875,-4747.7119140625
3796.285211767,13714.359375,20584.19140625,-41629.25390625,-10387.392578125,-39512.80859375,-9333.4404296875,19137.564453125,-4742.1015625
3796.285400667,13753.095703125,20621.47265625,-41679.34375,-10366.158203125,-39490.28125,-9321.3701171875,19159.3125,-4712.14990234375
3796.285589932,13806.2255859375,20664.12109375,-41890.96875,-10362.8720703125,-39470.1171875,-9382.189453125,19143.017578125,-4682.869140625
3796.285778832,13789.1044921875,20644.18359375,-42068.80078125,-10408.849609375,-39490.99609375,-9478.2353515625,19092.2109375,-4692.7041015625
3796.285982319,13708.5263671875,20578.1328125,-41828.36328125,-10420.1376953125,-39517.7265625,-9428.3681640625,19094.849609375,-4737.8544921875
3796.286385282,13707.744140625,20580.904296875,-41614.74609375,-10370.0244140625,-39494.953125,-9319.6943359375,19149.7890625,-4733.94287109375
3796.286770741,13750.3017578125,20618.232421875,-41670.55859375,-10358.6474609375,-39478.38671875,-9310.1943359375,19172.052734375,-4701.2646484375
3796.287083266,13802.783203125,20655.89453125,-41891.88671875,-10373.154296875,-39472.28515625,-9378.814453125,19154.70703125,-4676.02978515625
3796.287272166,13791.451171875,20639.265625,-42069.60546875,-10416.7841796875,-39491.98046875,-9472.021484375,19108.685546875,-4679.0693359375
3796.287461066,13701.2392578125,20570.33203125,-41835.671875,-10429.0107421875,-39518.7578125,-9426.826171875,19104.193359375,-4722.4541015625
3796.287649966,13705.6650390625,20580.994140625,-41621.2734375,-10377.2890625,-39495.46484375,-9319.873046875,19157.14453125,-4723.72802734375
3796.287838867,13745.65234375,20616.66796875,-41680.01171875,-10363.810546875,-39483.4609375,-9313.8828125,19173.974609375,-4695.40869140625
3796.288103254,13796.5029296875,20649.7265625,-41902.94921875,-10383.771484375,-39477.71875,-9374.9248046875,19160.205078125,-4668.474609375
3796.288490901,13786.623046875,20632.783203125,-42079.70703125,-10427.15625,-39492.828125,-9460.755859375,19115.748046875,-4679.650390625
3796.288791756,13701.171875,20566.041015625,-41847.80859375,-10437.9521484375,-39523.44921875,-9422.84765625,19109.1328125,-4726.6337890625
3796.28900983,13699.1826171875,20574.154296875,-41634.39453125,-10385.6259765625,-39500.78515625,-9317.861328125,19160.8984375,-4720.01806640625
3796.289199824,13748.669921875,20618.90234375,-41679.1640625,-10356.099609375,-39473.203125,-9301.8798828125,19185.10546875,-4690.8486328125
3796.289389089,13803.7666015625,20653.615234375,-41899.57421875,-10376.998046875,-39473.0703125,-9370.7900390625,19167.6484375,-4671.1123046875
3796.289579084,13782.15234375,20632.626953125,-42089.140625,-10433.2802734375,-39502.5078125,-9471.2607421875,19116.5078125,-4681.99755859375
3796.289768349,13694.376953125,20562.21875,-41858.24609375,-10443.4501953125,-39532.8828125,-9430.4248046875,19103.208984375,-4731.12646484375
3796.289972201,13706.447265625,20575.361328125,-41637.74609375,-10388.9345703125,-39509.58984375,-9327.2939453125,19154.23828125,-4726.58935546875
3796.29034599,13757.923828125,20619.998046875,-41689.17578125,-10374.7412109375,-39496.875,-9322.3759765625,19179.451171875,-4696.36962890625
3796.290737283,13807.365234375,20662.6015625,-41902.19140625,-10382.630859375,-39485.31640625,-9384.2236328125,19166.375,-4675.96240234375
3796.291034127,13792.1884765625,20643.021484375,-42087.3515625,-10439.248046875,-39518.33203125,-9486.3486328125,19105.265625,-4687.80908203125
3796.291228862,13706.9609375,20585.822265625,-41849.37109375,-10441.6171875,-39544.75,-9448.5068359375,19093.552734375,-4731.88671875
3796.291423597,13708.4140625,20599.189453125,-41620.66796875,-10375.166015625,-39504.18359375,-9329.4619140625,19153.724609375,-4719.705078125
3796.291617603,13767.7353515625,20638.841796875,-41662.78125,-10349.6171875,-39477.2265625,-9309.8818359375,19187.095703125,-4671.3134765625
3796.291811244,13817.4462890625,20665.39453125,-41880.171875,-10370.6953125,-39467.34765625,-9370.9912109375,19172.1640625,-4653.72265625
3796.292086936,13798.5361328125,20632.91796875,-42070.25390625,-10430.2626953125,-39495.66796875,-9474.255859375,19113.021484375,-4673.458984375
3796.292327984,13710.0458984375,20561.32421875,-41847.5625,-10444.791015625,-39527.25,-9434.9619140625,19099.296875,-4729.2265625
3796.292523084,13705.6650390625,20572.791015625,-41630.81640625,-10388.8896484375,-39504.51953125,-9329.9755859375,19151.48828125,-4731.75244140625
3796.292718184,13747.306640625,20608.62109375,-41682.359375,-10371.1201171875,-39489.25,-9316.9892578125,19177.73046875,-4700.54931640625
3796.292913284,13793.1943359375,20639.244140625,-41907.46484375,-10399.0595703125,-39487.0390625,-9378.5458984375,19162.732421875,-4671.55908203125
3796.293176577,13775.603515625,20630.279296875,-42089.31640625,-10434.46484375,-39499.8671875,-9477.072265625,19111.501953125,-4681.97509765625
3796.293365113,13700.8818359375,20574.84765625,-41852.0546875,-10427.513671875,-39520.765625,-9434.8056640625,19108.70703125,-4712.79833984375
3796.293553284,13703.6982421875,20579.005859375,-41637.8125,-10383.369140625,-39504.7421875,-9330.556640625,19158.283203125,-4710.49609375
3796.293741819,13745.00390625,20611.52734375,-41690.16015625,-10367.4091796875,-39490.8828125,-9320.8115234375,19173.392578125,-4699.923828125
3796.293960623,13805.0859375,20653.1015625,-41902.92578125,-10382.0947265625,-39481.5390625,-9381.4072265625,19161.994140625,-4664.5185546875
3796.294316543,13785.908203125,20624.916015625,-42097.58984375,-10444.322265625,-39515.44921875,-9486.5498046875,19106.47265625,-4676.275390625
3796.294606458,13698.5791015625,20556.787109375,-41868.08203125,-10452.3466796875,-39541.21875,-9445.5341796875,19099.54296875,-4739.77685546875
3796.294800464,13698.244140625,20570.19921875,-41642.6171875,-10392.8232421875,-39512.72265625,-9335.3623046875,19154.751953125,-4723.99658203125
3796.295024008,13754.5263671875,20616.400390625,-41682.40625,-10364.5712890625,-39487.15234375,-9318.3974609375,19173.974609375,-4692.681640625
3796.295217649,13806.29296875,20650.576171875,-41901.2265625,-10385.7158203125,-39481.4296875,-9384.5810546875,19154.662109375,-4674.35302734375
3796.295412749,13779.716796875,20625.83203125,-42092.4921875,-10439.091796875,-39505.5,-9480.8720703125,19100.861328125,-4685.685546875
3796.295607484,13694.064453125,20567.875,-41859.83203125,-10440.8125,-39524.8359375,-9433.017578125,19092.837890625,-4735.865234375
3796.295801489,13697.1044921875,20578.201171875,-41636.65234375,-10387.9951171875,-39500.78515625,-9323.3369140625,19146.705078125,-4734.45703125
3796.296044361,13743.349609375,20612.287109375,-41684.05859375,-10369.689453125,-39484.1796875,-9319.6044921875,19166.642578125,-4705.95849609375
3796.296315677,13800.01171875,20648.072265625,-41897.5390625,-10383.8603515625,-39478.3671875,-9385.9892578125,19157.14453125,-4668.5419921875
3796.296510048,13790.7802734375,20634.951171875,-42082.859375,-10430.1953125,-39498.19140625,-9477.005859375,19111.322265625,-4675.40380859375
3796.296703324,13712.19140625,20580.212890625,-41851.1171875,-10435.0908203125,-39520.5234375,-9433.5986328125,19107.5234375,-4729.76318359375
3796.296899153,13705.8212890625,20583.20703125,-41628.11328125,-10380.3515625,-39492.87109375,-9321.951171875,19161.525390625,-4728.17626953125
3796.297092794,13747.6865234375,20608.576171875,-41678.44921875,-10367.5439453125,-39478.58984375,-9312.474609375,19178.7578125,-4700.482421875
3796.297286435,13798.24609375,20636.94140625,-41898.078125,-10392.376953125,-39480.3125,-9380.9599609375,19155.220703125,-4683.115234375
3796.297479712,13778.8896484375,20606.408203125,-42099.04296875,-10461.2646484375,-39517.953125,-9485.9912109375,19101.5546875,-4699.4990234375
3796.297674082,13697.73046875,20556.09375,-41861.890625,-10456.9287109375,-39534.11328125,-9434.783203125,19113.892578125,-4727.59521484375
3796.297867723,13704.9052734375,20590.271484375,-41620.53515625,-10367.87890625,-39489.33984375,-9316.1845703125,19174.51171875,-4716.59814453125
3796.298163837,13751.150390625,20630.4375,-41667.5625,-10345.6611328125,-39472.59765625,-9309.322265625,19176.142578125,-4693.17333984375
3796.298432966,13801.375,20658.33203125,-41888.15234375,-10373.35546875,-39474.87890625,-9380.5576171875,19150.728515625,-4667.7373046875
3796.298627336,13777.5703125,20630.369140625,-42088.671875,-10435.783203125,-39508.54296875,-9485.1640625,19094.513671875,-4687.58544921875
3796.298820248,13695.919921875,20565.794921875,-41863.1640625,-10443.6513671875,-39534.625,-9443.3212890625,19089.798828125,-4733.853515625
3796.299015712,13700.8369140625,20571.0703125,-41638.953125,-10392.17578125,-39512.56640625,-9334.9375,19153.27734375,-4725.8515625
3796.299210083,13743.2607421875,20604.93359375,-41688.1484375,-10377.9599609375,-39496.8046875,-9321.6162109375,19176.5234375,-4701.689453125
3796.299404088,13791.3388671875,20645.14453125,-41902.76953125,-10394.65625,-39490.97265625,-9382.099609375,19165.146484375,-4668.02783203125
3796.299598459,13789.0595703125,20648.20703125,-42085.2265625,-10424.8984375,-39500.96484375,-9470.9033203125,19122.900390625,-4677.1474609375
3796.299793194,13708.3251953125,20581.330078125,-41858.89453125,-10429.63671875,-39521.34765625,-9427.294921875,19113.892578125,-4726.20947265625
3796.300059405,13707.4306640625,20576.591796875,-41635.8671875,-10386.744140625,-39505.6796875,-9323.0693359375,19163.08984375,-4727.55029296875
3796.300343484,13750.7705078125,20607.4375,-41680.16796875,-10370.2255859375,-39490.45703125,-9313.994140625,19177.349609375,-4703.5
3796.300552077,13806.0693359375,20651.9609375,-41882.65234375,-10372.013671875,-39476.0625,-9371.6845703125,19170.509765625,-4657.16455078125
3796.300746812,13791.919921875,20631.576171875,-42075.23828125,-10422.9755859375,-39504.7421875,-9476.111328125,19110.607421875,-4672.25244140625
3796.300978379,13713.80078125,20571.830078125,-41846.7578125,-10428.8095703125,-39528.09765625,-9436.7724609375,19096.16796875,-4730.81396484375
3796.301171656,13703.4296875,20576.79296875,-41622.8828125,-10384.173828125,-39511.24609375,-9333.931640625,19142.2578125,-4741.96728515625
3796.301365661,13748.7587890625,20614.34375,-41662.9375,-10363.341796875,-39488.46875,-9316.966796875,19165.50390625,-4710.76416015625
3796.301558938,13803.7216796875,20658.82421875,-41871.07421875,-10376.73046875,-39474.05078125,-9372.421875,19155.82421875,-4685.5068359375
3796.301753308,13790.19921875,20644.83203125,-42067.14453125,-10424.6748046875,-39495.44140625,-9468.154296875,19109.37890625,-4692.681640625
3796.301971018,13720.640625,20589.265625,-41832.67578125,-10412.2470703125,-39503.0859375,-9419.181640625,19109.78125,-4721.38134765625
3796.302282448,13717.9580078125,20589.82421875,-41610.05078125,-10367.3203125,-39483.44140625,-9313.5029296875,19171.626953125,-4707.81396484375
3796.302549023,13757.8564453125,20621.919921875,-41658.98046875,-10354.04296875,-39466.765625,-9297.990234375,19200.21484375,-4673.66015625
3796.302743394,13807.2314453125,20648.5859375,-41881.26953125,-10379.2783203125,-39469.40234375,-9367.392578125,19177.439453125,-4653.58837890625
3796.302962197,13792.7919921875,20628.134765625,-42084.421875,-10434.3974609375,-39500.31640625,-9471.57421875,19119.392578125,-4670.21826171875
3796.303172249,13712.482421875,20571.5625,-41863.4296875,-10439.091796875,-39525.10546875,-9431.0947265625,19111.658203125,-4729.875
3796.303366254,13707.654296875,20579.005859375,-41634.28125,-10380.2841796875,-39499.30859375,-9323.158203125,19159.669921875,-4724.0634765625
3796.303560625,13754.7275390625,20616.48828125,-41675.25390625,-10360.0107421875,-39480.87109375,-9307.2216796875,19180.94921875,-4683.62939453125
3796.30375536,13802.73828125,20652.69921875,-41884.10546875,-10375.6123046875,-39475.1484375,-9369.158203125,19169.19140625,-4652.85107421875
3796.303974893,13788.4111328125,20629.744140625,-42083.84375,-10433.7275390625,-39504.31640625,-9472.69140625,19118.474609375,-4665.56884765625
3796.304308568,13707.744140625,20563.560546875,-41864.4609375,-10449.306640625,-39531.8984375,-9433.3076171875,19110.025390625,-4710.65234375
3796.304648807,13703.7646484375,20576.12109375,-41629.69921875,-10386.8779296875,-39503.2890625,-9320.5654296875,19167.783203125,-4709.78076171875
3796.756890029,13753.2744140625,20629.6328125,-41656.41015625,-10342.7783203125,-39465.40234375,-9294.16796875,19198.203125,-4684.03173828125
3796.757102998,13804.8623046875,20666.625,-41864.37109375,-10358.3349609375,-39458.36328125,-9354.0263671875,19184.970703125,-4665.23388671875
3796.757319978,13787.8076171875,20633.208984375,-42071.078125,-10426.10546875,-39495.12890625,-9460.5771484375,19125.001953125,-4675.7392578125
3796.757717836,13702.37890625,20570.48828125,-41847.40625,-10429.3017578125,-39521.50390625,-9428.2119140625,19119.75,-4716.95556640625
3796.75790783,13708.1015625,20596.193359375,-41605.55859375,-10365.8671875,-39494.83984375,-9318.7548828125,19177.439453125,-4711.54638671875
3796.758096366,13750.79296875,20625.072265625,-41649.99609375,-10354.646484375,-39483.57421875,-9313.078125,19186.939453125,-4697.39794921875
3796.758335226,13795.3623046875,20657.59375,-41864.39453125,-10374.6064453125,-39481.40625,-9379.2841796875,19163.916015625,-4678.82373046875
3796.758524856,13784.4326171875,20637.8359375,-42066.85546875,-10427.111328125,-39503.4453125,-9477.005859375,19108.86328125,-4688.5244140625
3796.758713756,13699.33984375,20566.623046875,-41854.46875,-10442.0419921875,-39534.08984375,-9445.3330078125,19098.849609375,-4728.60107421875
3796.758901562,13702.22265625,20576.322265625,-41621.5390625,-10384.330078125,-39506.328125,-9332.12109375,19161.234375,-4720.912109375
3796.759090098,13749.6083984375,20622.345703125,-41656.65625,-10351.4951171875,-39475.57421875,-9307.84765625,19184.078125,-4693.84375
3796.759302702,13800.4814453125,20661.908203125,-41866.78515625,-10365.9794921875,-39467.234375,-9364.4423828125,19177.21484375,-4652.44873046875
3796.759634919,13793.171875,20637.947265625,-42075.70703125,-10431.1572265625,-39500.984375,-9471.216796875,19124.376953125,-4660.60693359375
3796.760052469,13706.849609375,20569.125,-41862.4921875,-10438.845703125,-39521.953125,-9435.9228515625,19106.00390625,-4715.2568359375
3796.760458349,13706.7822265625,20581.6875,-41626.63671875,-10381.4912109375,-39495.98046875,-9324.0751953125,19163.78125,-4714.18408203125
3796.760864959,13755.2861328125,20625.921875,-41659.828125,-10349.8857421875,-39471.01171875,-9303.66796875,19188.056640625,-4684.6572265625
3796.76105313,13805.0634765625,20665.037109375,-41867.4765625,-10358.9609375,-39461.15625,-9361.5361328125,19173.83984375,-4656.2705078125
3796.761282509,13793.865234375,20648.83203125,-42073.8515625,-10415.33203125,-39491.30859375,-9465.0029296875,19118.296875,-4673.41455078125
3796.761619466,13714.13671875,20580.66015625,-41863.609375,-10430.330078125,-39521.28125,-9434.58203125,19110.517578125,-4714.474609375
3796.761813472,13704.48046875,20578.490234375,-41634.328125,-10383.7490234375,-39503.9140625,-9330.1767578125,19167.158203125,-4711.54638671875
3796.762005654,13749.720703125,20627.6640625,-41668.48046875,-10359.6083984375,-39479.8203125,-9310.10546875,19193.46484375,-4687.02685546875
3796.762197836,13797.44140625,20659.13671875,-41875.30078125,-10372.013671875,-39468.3515625,-9368.1748046875,19186.939453125,-4653.99072265625
3796.762473529,13787.3603515625,20636.830078125,-42075.50390625,-10421.3671875,-39490.81640625,-9468.3330078125,19129.16015625,-4670.1513671875
3796.762664982,13705.9111328125,20567.60546875,-41863.41015625,-10440.5,-39524.58984375,-9437.4208984375,19110.451171875,-4721.6943359375
3796.762855706,13704.3681640625,20573.373046875,-41622.8359375,-10381.7822265625,-39495.3984375,-9322.95703125,19171.248046875,-4722.54345703125
3796.763046429,13751.12890625,20615.37109375,-41659.046875,-10362.1796875,-39477.359375,-9308.3837890625,19196.416015625,-4694.2685546875
3796.763275808,13803.0517578125,20651.291015625,-41865.578125,-10374.31640625,-39473.5625,-9372.130859375,19175.6953125,-4655.64501953125
3796.763679865,13793.9541015625,20638.125,-42068.91015625,-10424.2724609375,-39497.6328125,-9475.26171875,19117.693359375,-4665.18896484375
3796.764062042,13706.1572265625,20572.544921875,-41860.4375,-10439.0693359375,-39528.58984375,-9448.126953125,19103.142578125,-4721.26953125
3796.764342475,13704.1669921875,20582.671875,-41623.9765625,-10379.255859375,-39506.28515625,-9343.0517578125,19144.91796875,-4739.55322265625
3796.764533928,13749.138671875,20621.96484375,-41661.41796875,-10355.9208984375,-39488.19921875,-9329.2607421875,19158.57421875,-4712.77587890625
3796.764725016,13798.3349609375,20654.822265625,-41873.0,-10373.7353515625,-39483.55078125,-9390.03515625,19136.580078125,-4681.259765625
3796.76491574,13792.12109375,20630.7265625,-42087.171875,-10436.431640625,-39515.8515625,-9499.7822265625,19074.375,-4702.94091796875
3796.765106099,13708.90625,20563.650390625,-41879.19140625,-10452.48046875,-39544.83984375,-9469.2275390625,19067.40234375,-4751.6904296875
3796.765370851,13701.9765625,20566.845703125,-41642.6640625,-10397.2265625,-39513.390625,-9349.466796875,19129.740234375,-4744.515625
3796.765770532,13740.9365234375,20600.171875,-41682.73828125,-10377.84765625,-39492.984375,-9329.953125,19155.69140625,-4717.76025390625
3796.766099467,13800.212890625,20645.099609375,-41882.1171875,-10378.80859375,-39476.1328125,-9382.078125,19152.2265625,-4679.04736328125
3796.766290555,13789.796875,20627.888671875,-42094.37109375,-10435.158203125,-39503.734375,-9486.21484375,19100.951171875,-4692.078125
3796.766481644,13699.8759765625,20558.822265625,-41889.89453125,-10454.7158203125,-39537.3515625,-9454.3857421875,19094.044921875,-4735.12744140625
3796.766671638,13699.4736328125,20568.544921875,-41645.01171875,-10396.66796875,-39509.76953125,-9337.552734375,19162.060546875,-4720.19677734375
3796.766862362,13749.4521484375,20619.529296875,-41668.1875,-10354.37890625,-39479.796875,-9314.642578125,19189.62109375,-4687.96533203125
3796.767052721,13798.8046875,20652.609375,-41877.6484375,-10377.04296875,-39480.01953125,-9380.892578125,19169.728515625,-4659.02001953125
3796.767285382,13786.0419921875,20640.80859375,-42084.35546875,-10428.67578125,-39500.984375,-9482.50390625,19113.333984375,-4675.82861328125
3796.767618692,13704.0107421875,20576.12109375,-41872.1484375,-10436.6328125,-39524.72265625,-9445.064453125,19104.03515625,-4717.17919921875
3796.768022385,13698.333984375,20576.63671875,-41635.84765625,-10386.7890625,-39507.15625,-9336.546875,19155.51171875,-4715.123046875
3796.768278749,13737.806640625,20606.587890625,-41678.3359375,-10377.5126953125,-39493.5859375,-9318.3525390625,19177.73046875,-4690.916015625
3796.768470202,13793.5078125,20641.90234375,-41878.453125,-10378.697265625,-39469.203125,-9366.431640625,19169.951171875,-4658.21533203125
3796.768661291,13784.7900390625,20621.294921875,-42090.03515625,-10442.556640625,-39500.5625,-9473.6748046875,19123.169921875,-4661.322265625
3796.768852014,13702.22265625,20557.748046875,-41884.734375,-10454.6259765625,-39530.6015625,-9444.4169921875,19108.349609375,-4710.3173828125
3796.769042373,13702.669921875,20572.0546875,-41636.47265625,-10385.4697265625,-39500.875,-9331.65234375,19161.79296875,-4717.55908203125
3796.769310043,13739.4609375,20607.638671875,-41669.28515625,-10364.7724609375,-39480.19921875,-9314.9326171875,19184.345703125,-4697.912109375
3796.769649188,13783.5380859375,20637.41015625,-41880.640625,-10386.0732421875,-39479.1484375,-9381.3173828125,19161.525390625,-4681.1259765625
3796.770010579,13769.3671875,20609.404296875,-42103.1328125,-10459.521484375,-39521.3046875,-9496.384765625,19098.515625,-4688.41259765625
3796.770203126,13692.8798828125,20545.923828125,-41897.875,-10468.439453125,-39547.72265625,-9467.1259765625,19086.580078125,-4727.39404296875
3796.770397131,13696.6572265625,20570.623046875,-41643.4453125,-10386.408203125,-39515.11328125,-9356.0830078125,19141.318359375,-4739.12841796875
3796.770587855,13739.3486328125,20612.17578125,-41677.30859375,-10363.6318359375,-39497.85546875,-9337.7763671875,19155.69140625,-4719.3251953125
3796.770779308,13797.9326171875,20655.73828125,-41872.70703125,-10365.0625,-39475.37109375,-9383.84375,19151.421875,-4681.3271484375
3796.770970032,13790.5791015625,20629.765625,-42087.12890625,-10430.5751953125,-39504.51953125,-9487.0859375,19105.689453125,-4684.12109375
3796.771160391,13699.3173828125,20554.41796875,-41886.58984375,-10452.927734375,-39536.81640625,-9457.1123046875,19094.423828125,-4715.123046875
3796.77153418,13690.7119140625,20562.77734375,-41638.05859375,-10390.1865234375,-39502.21484375,-9330.8251953125,19157.14453125,-4704.39404296875
3796.771922192,13738.25390625,20603.615234375,-41666.01953125,-10366.6494140625,-39479.796875,-9308.697265625,19190.1796875,-4674.6884765625
3796.772284676,13794.3564453125,20645.61328125,-41864.9296875,-10377.4453125,-39471.70703125,-9370.1640625,19176.3671875,-4656.740234375
3796.77247467,13783.650390625,20627.84375,-42079.68359375,-10434.7333984375,-39499.0859375,-9475.4404296875,19121.447265625,-4664.49609375
3796.772665029,13704.63671875,20559.8046875,-41880.62109375,-10451.1396484375,-39528.32421875,-9446.31640625,19105.779296875,-4708.8642578125
3796.772855753,13695.427734375,20571.494140625,-41634.03515625,-10386.9228515625,-39503.3984375,-9333.5517578125,19158.88671875,-4708.75244140625
3796.773046112,13739.7509765625,20610.365234375,-41664.34375,-10359.1845703125,-39480.2421875,-9313.3232421875,19180.166015625,-4692.23486328125
3796.773292995,13794.37890625,20647.3125,-41867.38671875,-10373.2431640625,-39474.6328125,-9372.578125,19164.474609375,-4668.83251953125
3796.773640163,13785.7734375,20631.28515625,-42084.6484375,-10432.2744140625,-39503.3984375,-9478.927734375,19110.16015625,-4678.48828125
3796.774003377,13707.810546875,20574.490234375,-41879.3671875,-10432.5869140625,-39519.3828125,-9443.6787109375,19098.08984375,-4724.01904296875
3796.77425099,13696.5673828125,20570.66796875,-41637.96875,-10385.6484375,-39501.2109375,-9336.0107421875,19154.013671875,-4719.81689453125
3796.774455571,13740.421875,20603.369140625,-41668.2578125,-10366.470703125,-39480.64453125,-9313.994140625,19182.826171875,-4685.5068359375
3796.774646295,13792.61328125,20646.484375,-41869.15234375,-10375.5458984375,-39469.58203125,-9370.208984375,19169.4140625,-4663.1552734375
3796.774837018,13788.232421875,20629.810546875,-42087.8203125,-10435.158203125,-39499.578125,-9478.97265625,19105.220703125,-4688.501953125
3796.775027013,13694.779296875,20545.052734375,-41905.02734375,-10474.8994140625,-39548.5078125,-9466.2763671875,19075.4921875,-4743.912109375
3796.775274261,13681.033203125,20547.869140625,-41658.69140625,-10417.455078125,-39521.66015625,-9352.908203125,19125.91796875,-4736.75927734375
3796.77568087,13737.9189453125,20603.79296875,-41668.81640625,-10357.9326171875,-39478.03125,-9316.3857421875,19160.1171875,-4707.23291015625
3796.775922283,13796.0556640625,20649.837890625,-41862.60546875,-10361.28515625,-39464.95703125,-9367.19140625,19160.49609375,-4671.44775390625
3796.776117748,13789.2607421875,20636.896484375,-42081.2265625,-10420.763671875,-39493.296875,-9478.3017578125,19108.57421875,-4678.80126953125
3796.776325246,13710.91796875,20568.1640625,-41886.36328125,-10442.421875,-39526.71484375,-9458.185546875,19084.1875,-4734.34521484375
3796.77652144,13706.40234375,20571.271484375,-41638.9296875,-10389.6943359375,-39504.94140625,-9344.7275390625,19142.951171875,-4726.96923828125
3796.776717634,13744.0205078125,20598.5625,-41674.8046875,-10377.6689453125,-39496.78515625,-9331.9423828125,19167.134765625,-4701.82373046875
3796.776913463,13802.2919921875,20648.787109375,-41864.81640625,-10374.2041015625,-39474.90234375,-9379.619140625,19159.55859375,-4669.32421875
3796.777109657,13804.8173828125,20646.484375,-42067.48046875,-10409.8330078125,-39483.84375,-9471.171875,19111.189453125,-4673.39208984375
3796.777459013,13717.1982421875,20581.263671875,-41871.5,-10429.0556640625,-39515.08984375,-9444.6845703125,19096.212890625,-4719.0791015625
3796.777700791,13709.30859375,20584.7265625,-41626.32421875,-10377.9599609375,-39495.0859375,-9333.7978515625,19152.96484375,-4716.4638671875
3796.777896985,13754.3466796875,20623.59765625,-41652.98828125,-10353.5068359375,-39472.51171875,-9309.568359375,19179.673828125,-4688.3232421875
3796.778092449,13795.787109375,20657.236328125,-41858.24609375,-10374.31640625,-39470.02734375,-9369.404296875,19166.15234375,-4668.45263671875
3796.778317087,13785.4833984375,20631.017578125,-42082.45703125,-10438.3095703125,-39501.09765625,-9476.7822265625,19110.830078125,-4680.34375
3796.778512552,13703.2509765625,20569.505859375,-41884.46484375,-10439.6728515625,-39524.45703125,-9450.6748046875,19095.1171875,-4726.298828125
3796.778708381,13700.3896484375,20575.25,-41633.765625,-10381.826171875,-39496.8046875,-9334.1328125,19154.08203125,-4727.17041015625
3796.778903845,13740.3544921875,20600.91015625,-41670.671875,-10373.220703125,-39488.24609375,-9322.7333984375,19174.869140625,-4706.80810546875
3796.77909931,13790.5126953125,20634.705078125,-41870.42578125,-10384.4638671875,-39476.2421875,-9376.5341796875,19167.783203125,-4683.22705078125
3796.779314102,13787.8076171875,20633.990234375,-42080.19921875,-10422.283203125,-39487.1953125,-9467.841796875,19116.0390625,-4679.58349609375
3796.779529988,13711.029296875,20577.1953125,-41882.85546875,-10432.0283203125,-39511.78125,-9441.8466796875,19095.9453125,-4717.76025390625
3796.779726182,13697.640625,20573.08203125,-41639.46875,-10385.08984375,-39496.3359375,-9341.5087890625,19142.4140625,-4727.70703125
3796.779921646,13733.716796875,20606.498046875,-41673.0390625,-10366.2470703125,-39484.66796875,-9330.802734375,19162.10546875,-4710.94287109375
3796.78011711,13784.7451171875,20635.779296875,-41882.07421875,-10393.0244140625,-39488.84765625,-9394.3486328125,19149.8125,-4680.4775390625
3796.78063531,13781.5712890625,20614.947265625,-42106.91015625,-10452.435546875,-39519.6953125,-9507.068359375,19083.986328125,-4691.8994140625
3796.780857395,13692.767578125,20543.265625,-41920.2734375,-10470.8984375,-39552.05859375,-9489.65625,19061.9921875,-4737.76513671875
3796.781056142,13683.73828125,20549.43359375,-41669.0625,-10417.052734375,-39527.16015625,-9373.9638671875,19119.99609375,-4741.54248046875
3796.781315789,13734.87890625,20606.162109375,-41674.6953125,-10368.9970703125,-39480.578125,-9332.5234375,19156.294921875,-4718.4306640625
3796.781654205,13787.8525390625,20646.396484375,-41869.51171875,-10376.1494140625,-39472.375,-9386.3017578125,19144.828125,-4693.9111328125
3796.781950683,13784.96875,20626.97265625,-42094.99609375,-10443.115234375,-39509.14453125,-9496.0712890625,19095.765625,-4697.912109375
3796.782214342,13701.7978515625,20553.591796875,-41907.6640625,-10466.3603515625,-39541.44140625,-9472.4013671875,19079.0234375,-4738.0556640625
3796.782409077,13690.5107421875,20564.07421875,-41647.04296875,-10394.1875,-39510.88671875,-9356.4853515625,19135.619140625,-4727.59521484375
3796.782603812,13742.388671875,20609.806640625,-41660.56640625,-10356.9267578125,-39484.04296875,-9329.796875,19165.861328125,-4698.873046875
3796.782799641,13791.919921875,20641.791015625,-41857.95703125,-10374.6513671875,-39477.046875,-9383.6650390625,19154.685546875,-4679.56103515625
3796.782994011,13783.962890625,20623.552734375,-42079.90625,-10432.0732421875,-39499.15234375,-9483.4873046875,19102.60546875,-4687.36181640625
3796.783190934,13711.7451171875,20568.880859375,-41883.14453125,-10434.7333984375,-39514.62109375,-9449.4677734375,19093.060546875,-4732.892578125
3796.783421407,13703.0498046875,20579.005859375,-41626.2578125,-10368.884765625,-39485.453125,-9334.177734375,19150.1484375,-4734.2333984375
3796.783615413,13745.25,20617.71875,-41651.1796875,-10346.1982421875,-39466.40625,-9312.5634765625,19179.40625,-4697.82275390625
3796.783808689,13794.1328125,20647.40234375,-41855.140625,-10367.87890625,-39463.546875,-9370.8798828125,19170.890625,-4661.05419921875
3796.784002695,13790.7138671875,20634.236328125,-42079.9296875,-10420.0703125,-39489.18359375,-9478.0556640625,19108.908203125,-4681.84130859375
3796.784212746,13709.7998046875,20573.23828125,-41892.84765625,-10436.521484375,-39519.76171875,-9458.185546875,19091.810546875,-4738.39111328125
3796.78455408,13694.0869140625,20562.888671875,-41647.40234375,-10396.623046875,-39506.5078125,-9350.0478515625,19146.974609375,-4736.60302734375
3796.784888849,13734.587890625,20603.14453125,-41671.609375,-10368.9072265625,-39487.91015625,-9329.0595703125,19172.365234375,-4706.8974609375
3796.785169647,13797.6875,20663.583984375,-41853.55078125,-10359.4296875,-39466.00390625,-9373.1142578125,19171.626953125,-4671.7158203125
3796.785380792,13786.533203125,20647.9609375,-42081.40625,-10421.970703125,-39493.34375,-9479.4638671875,19120.666015625,-4671.17919921875
3796.785575527,13699.6748046875,20573.373046875,-41900.84765625,-10445.88671875,-39527.83203125,-9461.9853515625,19098.1796875,-4732.8251953125
3796.785768074,13698.2216796875,20575.517578125,-41642.7734375,-10389.8056640625,-39503.51171875,-9343.4091796875,19155.01953125,-4728.60107421875
3796.785961351,13733.2021484375,20603.861328125,-41671.20703125,-10374.919921875,-39493.140625,-9327.181640625,19177.7734375,-4697.6884765625
3797.238389285,13781.8173828125,20642.216796875,-41867.76953125,-10384.93359375,-39486.546875,-9383.0166015625,19166.53125,-4678.97998046875
3797.238603348,13796.79296875,20654.599609375,-42076.0625,-10414.99609375,-39490.8828125,-9467.998046875,19129.271484375,-4671.4921875
3797.238951975,13722.853515625,20586.1796875,-41890.12109375,-10432.69921875,-39520.453125,-9452.5078125,19100.81640625,-4710.02685546875
3797.239155827,13705.7763671875,20573.328125,-41642.39453125,-10389.4482421875,-39507.87109375,-9350.47265625,19142.90625,-4716.12890625
3797.239345456,13743.1044921875,20600.328125,-41671.8984375,-10374.115234375,-39494.28125,-9332.859375,19164.810546875,-4705.15380859375
3797.239534721,13795.67578125,20641.009765625,-41862.8515625,-10379.7255859375,-39482.92578125,-9387.375,19149.56640625,-4682.109375
3797.2397641,13801.509765625,20640.2265625,-42081.09375,-10426.462890625,-39503.7578125,-9490.4384765625,19100.59375,-4680.052734375
3797.239953365,13715.365234375,20579.318359375,-41899.84375,-10446.1767578125,-39536.5703125,-9473.5859375,19075.359375,-4736.71484375
3797.240142266,13696.0087890625,20568.9921875,-41651.44921875,-10399.57421875,-39522.95703125,-9366.185546875,19123.482421875,-4749.25390625
3797.240331531,13744.2216796875,20616.779296875,-41663.8515625,-10357.5078125,-39488.58203125,-9332.9931640625,19153.052734375,-4718.8779296875
3797.240520066,13793.4404296875,20658.666015625,-41856.27734375,-10365.4873046875,-39476.3984375,-9386.32421875,19145.744140625,-4682.064453125
3797.240851918,13790.087890625,20642.484375,-42086.01171875,-10421.92578125,-39501.65625,-9494.439453125,19089.41796875,-4693.19580078125
3797.241261445,13713.1083984375,20579.7421875,-41904.22265625,-10445.1044921875,-39532.5703125,-9472.423828125,19077.548828125,-4744.0908203125
3797.24168483,13700.099609375,20571.337890625,-41650.84375,-10400.892578125,-39517.125,-9359.546875,19135.462890625,-4742.6376953125
3797.24206336,13739.9970703125,20603.501953125,-41673.12890625,-10380.91015625,-39499.66796875,-9336.3232421875,19160.18359375,-4709.892578125
3797.242400682,13784.5888671875,20636.78515625,-41867.87890625,-10389.068359375,-39492.359375,-9391.4658203125,19144.201171875,-4687.65234375
3797.24259177,13787.6513671875,20634.90625,-42087.171875,-10434.77734375,-39508.85546875,-9488.583984375,19097.15234375,-4689.39599609375
3797.242837924,13699.9208984375,20562.732421875,-41910.01171875,-10453.8662109375,-39536.703125,-9472.021484375,19082.0859375,-4740.89453125
3797.243028283,13686.5546875,20559.447265625,-41652.67578125,-10395.9970703125,-39516.69921875,-9360.1728515625,19137.474609375,-4749.09765625
3797.243218642,13733.6044921875,20606.162109375,-41665.55078125,-10360.234375,-39488.4921875,-9331.048828125,19172.90234375,-4713.40185546875
3797.243407907,13780.3203125,20646.91015625,-41863.1171875,-10378.4287109375,-39481.02734375,-9381.8544921875,19162.3515625,-4677.63916015625
3797.243597901,13776.498046875,20632.26953125,-42093.1640625,-10438.1748046875,-39506.0390625,-9486.68359375,19109.9375,-4675.40380859375
3797.243867394,13698.5791015625,20559.044921875,-41919.17578125,-10461.689453125,-39539.453125,-9470.5234375,19096.01171875,-4727.75146484375
3797.244259053,13692.0751953125,20568.208984375,-41649.99609375,-10393.3154296875,-39507.578125,-9346.650390625,19155.1328125,-4721.13525390625
3797.244711611,13735.5712890625,20593.84765625,-41667.296875,-10372.3046875,-39488.73828125,-9318.2412109375,19172.3203125,-4699.9013671875
3797.244919839,13780.87890625,20627.060546875,-41862.828125,-10387.9287109375,-39486.32421875,-9383.91015625,19157.658203125,-4676.16357421875
3797.245116762,13793.26171875,20625.765625,-42079.88671875,-10428.384765625,-39500.359375,-9483.3310546875,19110.31640625,-4675.873046875
3797.245313321,13710.1357421875,20558.708984375,-41906.0546875,-10447.853515625,-39534.984375,-9469.517578125,19078.64453125,-4738.32373046875
3797.245509514,13693.6171875,20557.904296875,-41653.63671875,-10400.736328125,-39520.765625,-9365.0234375,19122.54296875,-4756.294921875
