#3772.27785997,14383.4814453125,21251.61328125,-41331.21484375,-9939.3740234375,-39473.2265625,-8869.5517578125,19638.3984375,-4432.865234375
3772.278050329,14373.1552734375,21240.572265625,-41517.26953125,-9983.6298828125,-39491.7109375,-8964.6591796875,19593.96484375,-4441.4033203125
3772.278241053,14291.0576171875,21176.19921875,-41296.48046875,-9989.4638671875,-39516.1640625,-8930.013671875,19586.654296875,-4490.93505859375
3772.278493406,14296.734375,21189.923828125,-41072.60546875,-9930.947265625,-39489.140625,-8819.439453125,19644.9921875,-4494.421875
3772.278928825,14339.203125,21236.01171875,-41112.1015625,-9905.689453125,-39461.8046875,-8794.78515625,19676.150390625,-4460.603515625
3772.279176438,14390.1875,21271.55078125,-41318.2265625,-9920.12890625,-39451.96875,-8854.3310546875,19662.181640625,-4427.634765625
3772.279367891,14375.591796875,21236.68359375,-41522.92578125,-9992.212890625,-39491.77734375,-8968.1455078125,19601.228515625,-4437.55908203125
3772.279560438,14290.140625,21173.0703125,-41302.55859375,-9993.1962890625,-39515.26953125,-8929.3876953125,19590.65625,-4489.25830078125
3772.279751526,14286.3408203125,21194.505859375,-41066.2109375,-9921.08984375,-39478.90234375,-8807.7939453125,19652.94921875,-4476.8310546875
3772.279941885,14338.107421875,21238.58203125,-41099.2265625,-9897.62109375,-39454.671875,-8785.7333984375,19676.576171875,-4454.12158203125
3772.280132609,14381.7607421875,21266.58984375,-41309.8671875,-9919.5927734375,-39458.203125,-8857.5048828125,19660.99609375,-4434.94384765625
3772.280324062,14367.2099609375,21245.17578125,-41510.4296875,-9978.1767578125,-39487.88671875,-8960.0322265625,19605.251953125,-4452.71337890625
3772.280676336,14289.0009765625,21185.720703125,-41293.05859375,-9985.10546875,-39512.23046875,-8918.994140625,19593.94140625,-4503.51904296875
3772.281093521,14285.6923828125,21195.556640625,-41072.359375,-9932.958984375,-39495.109375,-8819.841796875,19646.802734375,-4495.69580078125
3772.281455276,14328.1611328125,21226.892578125,-41123.5,-9924.0849609375,-39487.796875,-8815.9970703125,19663.8125,-4460.67041015625
3772.281647458,14382.6318359375,21259.16796875,-41330.43359375,-9942.1904296875,-39480.46875,-8875.4755859375,19654.1796875,-4417.46484375
3772.281837088,14373.9375,21247.8359375,-41526.76953125,-9984.9716796875,-39495.62109375,-8973.4658203125,19604.625,-4432.619140625
3772.282026718,14295.974609375,21186.615234375,-41310.73828125,-9984.2333984375,-39516.296875,-8935.84765625,19587.90625,-4490.15234375
3772.282216347,14294.96875,21192.515625,-41079.9140625,-9926.611328125,-39488.06640625,-8820.19921875,19649.619140625,-4477.30029296875
3772.282450467,14340.1640625,21235.72265625,-41115.5859375,-9901.666015625,-39463.703125,-8795.6572265625,19688.244140625,-4431.8369140625
3772.282833373,14395.2607421875,21275.6875,-41315.94921875,-9913.2890625,-39452.7734375,-8852.296875,19669.958984375,-4414.6484375
3772.283177259,14382.185546875,21250.09375,-41519.99609375,-9976.41015625,-39484.9609375,-8963.072265625,19607.330078125,-4434.0498046875
3772.283368712,14285.8720703125,21172.265625,-41319.2109375,-10001.623046875,-39525.99609375,-8938.6640625,19586.900390625,-4491.71728515625
3772.283614501,14277.7578125,21189.185546875,-41087.9609375,-9937.943359375,-39495.7578125,-8825.072265625,19636.029296875,-4496.142578125
3772.283804496,14331.5361328125,21234.40234375,-41122.3828125,-9911.814453125,-39470.41015625,-8804.28515625,19651.408203125,-4480.228515625
3772.283993396,14389.3154296875,21276.134765625,-41320.6875,-9927.3935546875,-39460.70703125,-8861.103515625,19648.63671875,-4438.0283203125
3772.284183755,14372.931640625,21252.396484375,-41521.47265625,-9981.3056640625,-39486.03125,-8964.748046875,19606.078125,-4444.46533203125
3772.284389066,14284.4638671875,21172.556640625,-41320.26171875,-10001.9814453125,-39521.66015625,-8935.2890625,19590.56640625,-4495.09228515625
3772.284794217,14276.841796875,21176.736328125,-41095.40234375,-9953.4775390625,-39504.0703125,-8832.4482421875,19636.142578125,-4494.93603515625
3772.285210673,14318.8408203125,21218.80078125,-41127.9921875,-9922.4306640625,-39474.54296875,-8809.380859375,19658.44921875,-4462.05615234375
3772.285433123,14376.060546875,21261.068359375,-41321.7578125,-9923.056640625,-39458.00390625,-8864.27734375,19654.068359375,-4431.90380859375
3772.285622752,14374.65234375,21242.986328125,-41523.5078125,-9974.890625,-39481.5390625,-8961.126953125,19611.3984375,-4446.208984375
3772.285812382,14286.876953125,21175.73046875,-41319.3671875,-9994.4482421875,-39512.9453125,-8928.7841796875,19594.12109375,-4494.24267578125
3772.286002012,14284.10546875,21179.26171875,-41084.31640625,-9943.330078125,-39489.65234375,-8816.9140625,19650.78125,-4487.53759765625
3772.286191641,14325.7470703125,21218.01953125,-41118.1796875,-9917.603515625,-39468.80078125,-8799.4794921875,19671.166015625,-4458.3681640625
3772.286425032,14375.658203125,21261.5390625,-41315.43359375,-9928.1083984375,-39460.1953125,-8862.2880859375,19656.9296875,-4423.54443359375
3772.286758707,14372.2607421875,21254.474609375,-41515.05859375,-9973.8173828125,-39482.16796875,-8963.474609375,19614.751953125,-4428.39453125
3772.287079983,14293.91796875,21196.025390625,-41310.29296875,-9986.6923828125,-39511.04296875,-8930.416015625,19600.625,-4468.962890625
3772.287269613,14282.7421875,21202.037109375,-41076.515625,-9932.66796875,-39489.6328125,-8823.150390625,19643.294921875,-4471.46630859375
3772.287486958,14323.064453125,21231.654296875,-41111.31640625,-9914.0712890625,-39473.13671875,-8808.173828125,19669.2890625,-4442.0068359375
3772.287676223,14377.55859375,21261.5390625,-41313.64453125,-9932.0419921875,-39465.06640625,-8859.2705078125,19663.0078125,-4413.4189453125
3772.287866217,14376.7763671875,21243.052734375,-41522.546875,-9987.8994140625,-39490.61328125,-8963.6533203125,19612.740234375,-4420.75048828125
3772.288056212,14290.296875,21175.796875,-41322.09375,-9997.1533203125,-39517.70703125,-8931.8017578125,19605.654296875,-4480.0048828125
3772.288246571,14287.66015625,21188.6484375,-41082.03515625,-9934.970703125,-39485.83203125,-8808.8447265625,19658.203125,-4478.70849609375
3772.288538309,14330.306640625,21228.435546875,-41117.21875,-9915.2783203125,-39470.3203125,-8794.6513671875,19686.478515625,-4458.85986328125
3772.288848645,14378.162109375,21250.5625,-41322.87890625,-9934.27734375,-39468.1953125,-8853.212890625,19674.943359375,-4428.0595703125
3772.289043745,14381.0234375,21240.349609375,-41529.85546875,-9983.451171875,-39494.05859375,-8972.7724609375,19610.638671875,-4432.6640625
3772.289239209,14286.0732421875,21179.41796875,-41334.96875,-9999.65625,-39525.3515625,-8942.150390625,19580.75390625,-4498.10986328125
3772.289466035,14273.130859375,21182.2109375,-41099.515625,-9945.9453125,-39507.53515625,-8835.5107421875,19623.021484375,-4487.1572265625
3772.289662229,14321.142578125,21215.337890625,-41130.98828125,-9926.6552734375,-39489.5859375,-8816.8017578125,19648.166015625,-4458.30126953125
3772.289857693,14373.177734375,21248.193359375,-41327.34765625,-9943.1513671875,-39478.03125,-8869.171875,19644.5234375,-4438.31884765625
3772.290052428,14368.1708984375,21238.314453125,-41535.10546875,-9996.974609375,-39498.99609375,-8974.0693359375,19597.8984375,-4424.6396484375
3772.290246799,14281.1552734375,21169.091796875,-41343.015625,-10020.3759765625,-39534.7578125,-8946.7548828125,19583.994140625,-4475.556640625
3772.290472166,14267.8115234375,21162.765625,-41108.5703125,-9974.287109375,-39520.41015625,-8843.087890625,19635.359375,-4494.1533203125
3772.290749682,14328.4521484375,21218.33203125,-41123.05078125,-9921.24609375,-39481.4296875,-8812.3759765625,19661.33203125,-4467.28662109375
3772.291042879,14379.7490234375,21266.1875,-41308.08203125,-9916.3291015625,-39460.171875,-8860.9912109375,19655.85546875,-4428.68505859375
3772.291338628,14365.9130859375,21248.193359375,-41526.43359375,-9985.5078125,-39491.10546875,-8967.85546875,19604.447265625,-4439.90576171875
3772.291562537,14281.267578125,21184.40234375,-41334.5,-9996.8623046875,-39516.6328125,-8940.2958984375,19583.81640625,-4506.15625
3772.291756907,14276.908203125,21191.509765625,-41087.9375,-9935.88671875,-39491.98046875,-8826.9501953125,19636.052734375,-4501.90966796875
3772.291951642,14324.7412109375,21216.56640625,-41117.6875,-9916.4404296875,-39474.453125,-8809.962890625,19648.14453125,-4474.5732421875
3772.292147836,14389.78515625,21259.68359375,-41306.11328125,-9919.1005859375,-39459.0546875,-8860.2763671875,19646.22265625,-4440.5986328125
3772.29236664,14381.2685546875,21248.8203125,-41522.07421875,-9974.376953125,-39483.6171875,-8963.98828125,19601.51953125,-4439.4140625
3772.29257742,14290.1181640625,21178.45703125,-41334.09765625,-9991.38671875,-39512.23046875,-8930.52734375,19586.744140625,-4488.3642578125
3772.292772155,14278.71875,21171.55078125,-41097.078125,-9945.140625,-39498.59375,-8824.267578125,19636.455078125,-4485.615234375
3772.292967255,14314.236328125,21205.2109375,-41129.01953125,-9930.58984375,-39482.8359375,-8805.3134765625,19654.73828125,-4471.421875
3772.293163084,14366.5390625,21239.25390625,-41324.5078125,-9939.9775390625,-39473.8515625,-8866.892578125,19643.16015625,-4449.51708984375
3772.293410697,14370.0263671875,21235.4765625,-41539.46484375,-9991.810546875,-39496.11328125,-8970.89453125,19596.9140625,-4447.93017578125
3772.293756406,14291.4599609375,21170.208984375,-41356.78515625,-10013.1572265625,-39531.5859375,-8952.365234375,19574.2265625,-4494.28759765625
3772.294094822,14278.8759765625,21169.5390625,-41113.6875,-9957.7919921875,-39512.56640625,-8840.830078125,19628.140625,-4502.44580078125
3772.294372703,14312.5146484375,21196.96484375,-41145.42578125,-9944.0009765625,-39499.04296875,-8822.814453125,19651.474609375,-4491.3818359375
3772.294583119,14357.978515625,21230.759765625,-41340.15625,-9954.6396484375,-39488.89453125,-8881.130859375,19625.412109375,-4459.88818359375
3772.294780771,14366.494140625,21228.009765625,-41548.09375,-9995.23046875,-39501.58984375,-8982.8759765625,19572.103515625,-4458.14501953125
3772.29497733,14283.94921875,21164.59765625,-41362.6171875,-10011.1005859375,-39528.6796875,-8958.3330078125,19556.0546875,-4506.67041015625
3772.295174253,14264.615234375,21157.625,-41120.48046875,-9967.0224609375,-39510.53125,-8842.7744140625,19620.00390625,-4505.91064453125
3772.295452862,14312.291015625,21206.53125,-41135.4140625,-9924.6435546875,-39478.4765625,-8808.7998046875,19657.33203125,-4467.89013671875
3772.295739495,14371.2548828125,21247.099609375,-41329.6953125,-9940.22265625,-39478.07421875,-8869.8876953125,19649.330078125,-4437.4248046875
3772.296011541,14373.1552734375,21227.25,-41550.7734375,-9998.0244140625,-39500.94140625,-8974.91796875,19591.794921875,-4445.71728515625
3772.296217945,14290.833984375,21175.037109375,-41353.51953125,-9983.943359375,-39508.2265625,-8941.234375,19570.673828125,-4502.22265625
3772.29643529,14280.4404296875,21176.69140625,-41110.9140625,-9942.48046875,-39501.58984375,-8837.2314453125,19627.759765625,-4501.3955078125
3772.296631848,14321.791015625,21214.33203125,-41134.40625,-9921.6259765625,-39479.70703125,-8809.626953125,19658.650390625,-4460.201171875
3772.296828407,14365.98046875,21244.4609375,-41324.62109375,-9933.5849609375,-39475.19140625,-8878.26953125,19646.53515625,-4431.16650390625
3772.297024601,14369.109375,21235.431640625,-41539.1953125,-9979.6513671875,-39495.21875,-8980.796875,19590.029296875,-4443.2587890625
3772.297220794,14287.123046875,21168.62109375,-41358.640625,-10003.58984375,-39530.625,-8961.1044921875,19564.66015625,-4498.4228515625
3772.297528943,14268.5263671875,21162.05078125,-41113.7109375,-9961.748046875,-39515.1796875,-8847.4462890625,19616.962890625,-4494.51123046875
3772.297810105,14305.1611328125,21202.193359375,-41132.86328125,-9931.796875,-39487.8671875,-8819.9755859375,19645.373046875,-4470.4384765625
3772.298052612,14367.1650390625,21248.150390625,-41313.3984375,-9930.6337890625,-39470.9453125,-8869.2841796875,19639.830078125,-4434.94384765625
3772.29825537,14370.7861328125,21223.541015625,-41539.2421875,-9991.341796875,-39499.51171875,-8981.0869140625,19590.6328125,-4446.07470703125
3772.298459222,14280.5517578125,21155.79296875,-41365.27734375,-10007.859375,-39525.9765625,-8953.5947265625,19575.58984375,-4512.72802734375
3772.749448524,14267.744140625,21163.8828125,-41112.30078125,-9948.8955078125,-39496.40234375,-8827.6201171875,19624.02734375,-4504.4130859375
3772.749644353,14315.353515625,21202.150390625,-41130.203125,-9922.5654296875,-39474.296875,-8806.7666015625,19652.5703125,-4470.416015625
3772.749899623,14365.48828125,21236.59375,-41320.953125,-9937.787109375,-39469.3125,-8866.53515625,19646.04296875,-4446.2314453125
3772.750079772,14375.45703125,21231.67578125,-41539.35546875,-9987.1845703125,-39489.25,-8971.185546875,19602.859375,-4440.86669921875
3772.750257732,14286.1845703125,21163.75,-41367.0,-10011.837890625,-39522.3984375,-8952.7900390625,19577.78125,-4486.93408203125
3772.750436421,14264.7041015625,21169.0234375,-41114.40234375,-9953.90234375,-39500.046875,-8835.2421875,19630.150390625,-4493.572265625
3772.750613652,14309.720703125,21209.189453125,-41133.19921875,-9927.169921875,-39480.421875,-8806.296875,19654.291015625,-4467.95703125
3772.750976501,14369.9814453125,21241.2421875,-41320.26171875,-9941.9892578125,-39477.76171875,-8872.5029296875,19645.6640625,-4428.193359375
3772.751372535,14375.3681640625,21249.6015625,-41529.47265625,-9969.4140625,-39481.49609375,-8967.408203125,19602.970703125,-4428.14892578125
3772.751753983,14287.369140625,21178.703125,-41359.17578125,-9998.5166015625,-39513.5703125,-8946.419921875,19582.654296875,-4480.89892578125
3772.752135795,14269.0849609375,21162.609375,-41117.53125,-9965.3916015625,-39504.47265625,-8837.7900390625,19630.419921875,-4493.818359375
3772.752326518,14311.0400390625,21207.201171875,-41131.703125,-9926.3876953125,-39475.55078125,-8808.509765625,19659.7890625,-4469.45458984375
3772.752505208,14375.3232421875,21270.45703125,-41302.60546875,-9917.669921875,-39451.20703125,-8847.46875,19662.986328125,-4423.8125
3772.752751726,14385.3369140625,21261.828125,-41525.875,-9968.0283203125,-39471.05859375,-8956.2099609375,19621.703125,-4430.87548828125
3772.753174017,14301.16015625,21199.087890625,-41356.08984375,-9989.798828125,-39503.01953125,-8941.390625,19592.376953125,-4485.68212890625
3772.753455544,14278.5400390625,21187.46484375,-41103.31640625,-9944.08984375,-39490.4375,-8831.8896484375,19640.27734375,-4482.32958984375
3772.753635328,14328.7646484375,21234.0234375,-41112.546875,-9913.423828125,-39467.28125,-8803.525390625,19667.904296875,-4450.634765625
3772.753908832,14375.30078125,21273.921875,-41289.73046875,-9915.9267578125,-39450.60546875,-8844.49609375,19662.8515625,-4412.77099609375
3772.75408898,14386.72265625,21272.46875,-41502.31640625,-9956.025390625,-39460.3046875,-8945.97265625,19619.9140625,-4415.49755859375
3772.754268764,14308.201171875,21201.791015625,-41332.17578125,-9973.884765625,-39495.734375,-8937.8818359375,19597.25,-4476.49560546875
3772.754448912,14289.9619140625,21189.56640625,-41080.11328125,-9927.7060546875,-39481.203125,-8825.384765625,19647.787109375,-4474.50634765625
3772.754628696,14331.6484375,21222.51171875,-41098.578125,-9905.48828125,-39460.8203125,-8798.048828125,19670.98828125,-4445.001953125
3772.754997744,14381.8720703125,21255.302734375,-41286.15234375,-9920.375,-39453.6015625,-8850.7099609375,19657.130859375,-4423.7900390625
3772.755382838,14387.7958984375,21254.296875,-41507.9921875,-9964.5419921875,-39466.18359375,-8946.77734375,19615.779296875,-4422.203125
3772.755792001,14305.138671875,21184.15625,-41347.28515625,-9990.603515625,-39500.58203125,-8938.3056640625,19592.51171875,-4478.775390625
3772.756000593,14281.892578125,21177.2265625,-41094.0625,-9944.9619140625,-39486.30078125,-8826.1005859375,19648.32421875,-4482.66455078125
3772.756192046,14322.2822265625,21212.365234375,-41110.8046875,-9919.837890625,-39466.2734375,-8798.80859375,19672.486328125,-4457.2509765625
3772.756382041,14376.1728515625,21253.267578125,-41292.390625,-9925.158203125,-39454.203125,-8850.486328125,19660.482421875,-4425.578125
3772.75657167,14384.755859375,21255.63671875,-41517.40234375,-9974.3095703125,-39472.7578125,-8954.01953125,19611.890625,-4424.10302734375
3772.756899875,14292.0185546875,21187.6875,-41358.03515625,-9997.0185546875,-39505.8828125,-8941.5693359375,19591.9296875,-4479.31201171875
3772.757285699,14274.5166015625,21184.87109375,-41101.4609375,-9945.744140625,-39492.11328125,-8828.849609375,19645.595703125,-4488.65478515625
3772.757710907,14320.9189453125,21221.103515625,-41113.28515625,-9918.4970703125,-39470.921875,-8794.361328125,19673.3125,-4457.4296875
3772.757947944,14375.0546875,21258.744140625,-41289.9296875,-9922.744140625,-39455.546875,-8847.177734375,19657.755859375,-4427.90283203125
3772.758195192,14380.083984375,21246.115234375,-41521.359375,-9980.5908203125,-39479.4375,-8960.166015625,19607.5546875,-4435.0556640625
3772.75841983,14292.15234375,21170.677734375,-41365.34375,-10002.4951171875,-39508.47265625,-8945.66015625,19584.5546875,-4476.27197265625
3772.758763352,14277.556640625,21185.966796875,-41099.08984375,-9936.4677734375,-39487.10546875,-8830.2802734375,19636.87890625,-4478.9541015625
3772.759130212,14322.2822265625,21229.53125,-41111.40625,-9913.1552734375,-39469.046875,-8801.2001953125,19660.884765625,-4463.576171875
3772.759409186,14375.4794921875,21254.453125,-41295.47265625,-9927.974609375,-39462.36328125,-8851.89453125,19651.162109375,-4435.234375
3772.759599545,14377.8271484375,21239.56640625,-41531.9765625,-9985.5302734375,-39487.57421875,-8965.4189453125,19599.08203125,-4428.70751953125
3772.759885813,14285.201171875,21167.52734375,-41381.21484375,-10017.9404296875,-39526.46875,-8958.400390625,19570.6953125,-4478.775390625
3772.760075443,14265.9560546875,21167.68359375,-41115.00390625,-9959.69140625,-39503.48828125,-8838.4384765625,19626.240234375,-4491.1806640625
3772.760265073,14321.8359375,21218.689453125,-41113.30859375,-9911.8359375,-39468.44140625,-8799.8369140625,19658.203125,-4468.8291015625
3772.760454338,14376.865234375,21249.423828125,-41296.76953125,-9929.2255859375,-39464.328125,-8852.9453125,19648.994140625,-4435.79296875
3772.760658919,14374.8759765625,21236.16796875,-41537.07421875,-9991.744140625,-39494.1015625,-8970.4482421875,19596.623046875,-4436.15087890625
3772.760862041,14294.3876953125,21182.703125,-41380.76953125,-10005.9814453125,-39526.46875,-8963.3623046875,19583.1015625,-4487.69384765625
3772.761051306,14265.263671875,21186.50390625,-41113.484375,-9947.46484375,-39499.5546875,-8837.7236328125,19643.2265625,-4489.146484375
3772.761240936,14322.4833984375,21221.1484375,-41113.5546875,-9910.5625,-39465.9609375,-8804.083984375,19670.205078125,-4457.51904296875
3772.761430201,14381.73828125,21254.5859375,-41288.92578125,-9920.330078125,-39457.51171875,-8853.9501953125,19658.939453125,-4430.94287109375
3772.761619466,14384.6435546875,21246.205078125,-41523.21484375,-9976.65625,-39478.30078125,-8954.779296875,19604.37890625,-4428.08154296875
3772.762037745,14292.2646484375,21169.60546875,-41379.71875,-10009.3125,-39516.3203125,-8954.130859375,19576.640625,-4480.04931640625
3772.762413723,14263.654296875,21165.044921875,-41119.6328125,-9957.970703125,-39506.9765625,-8849.591796875,19621.27734375,-4499.2275390625
3772.762615386,14306.8154296875,21203.78125,-41127.12109375,-9928.578125,-39484.51171875,-8816.5341796875,19650.78125,-4466.10205078125
3772.762817415,14360.4375,21242.046875,-41304.2578125,-9933.71875,-39469.58203125,-8860.767578125,19651.2734375,-4416.056640625
3772.763017985,14365.779296875,21236.9296875,-41541.54296875,-9979.361328125,-39486.078125,-8964.345703125,19607.978515625,-4420.392578125
3772.763218555,14284.7314453125,21171.1484375,-41399.2734375,-10011.1005859375,-39523.11328125,-8962.7138671875,19578.65234375,-4481.90478515625
3772.763418395,14264.7939453125,21165.603515625,-41134.49609375,-9960.138671875,-39508.31640625,-8849.7705078125,19619.712890625,-4501.7978515625
3772.763656162,14311.3076171875,21207.134765625,-41138.23046875,-9928.845703125,-39488.42578125,-8822.4794921875,19644.6796875,-4475.69091796875
3772.763961757,14369.958984375,21233.46484375,-41316.84375,-9942.5927734375,-39481.921875,-8872.8603515625,19641.103515625,-4442.38671875
3772.764258965,14370.40625,21221.70703125,-41556.72265625,-9998.9638671875,-39506.05859375,-8982.25,19587.302734375,-4453.51806640625
3772.764462452,14282.4521484375,21153.869140625,-41414.7890625,-10029.80859375,-39542.359375,-8976.8408203125,19554.6015625,-4492.49951171875
3772.764652811,14262.3798828125,21147.298828125,-41143.19140625,-9979.3388671875,-39520.65625,-8858.130859375,19617.634765625,-4485.6376953125
3772.76484317,14307.44140625,21196.2265625,-41134.47265625,-9929.6953125,-39480.46875,-8811.3701171875,19657.509765625,-4454.74755859375
3772.765032435,14365.3994140625,21244.126953125,-41300.66015625,-9922.8779296875,-39462.0703125,-8851.0673828125,19657.8671875,-4416.81640625
3772.7652217,14372.7529296875,21230.201171875,-41542.70703125,-9979.5625,-39484.3359375,-8960.1435546875,19605.85546875,-4424.259765625
3772.765410965,14283.6591796875,21162.83203125,-41403.27734375,-10011.6591796875,-39520.20703125,-8957.2607421875,19578.7421875,-4479.2001953125
3772.76560023,14266.6494140625,21166.767578125,-41126.515625,-9949.521484375,-39500.25,-8841.0537109375,19633.705078125,-4490.599609375
3772.7659897,14320.6064453125,21210.28515625,-41119.87890625,-9913.1103515625,-39472.375,-8799.30078125,19672.015625,-4450.3662109375
3772.766309883,14373.0654296875,21239.09765625,-41299.18359375,-9927.013671875,-39461.9140625,-8838.572265625,19671.525390625,-4425.35498046875
3772.766647934,14377.111328125,21235.810546875,-41542.1484375,-9980.43359375,-39485.67578125,-8954.6455078125,19623.669921875,-4434.89892578125
3772.766852151,14285.9609375,21170.56640625,-41403.69921875,-10001.6904296875,-39518.35546875,-8953.0810546875,19585.359375,-4475.66845703125
3772.767040686,14264.369140625,21160.12890625,-41132.23828125,-9952.6064453125,-39501.61328125,-8835.95703125,19634.80078125,-4475.1767578125
3772.767229222,14309.609375,21193.857421875,-41134.05078125,-9935.685546875,-39485.33984375,-8803.2119140625,19674.20703125,-4441.0234375
3772.767417393,14357.62109375,21237.978515625,-41301.41796875,-9933.8525390625,-39468.0625,-8842.841796875,19665.244140625,-4410.49072265625
3772.767606658,14371.9482421875,21245.087890625,-41532.69140625,-9969.3251953125,-39476.62109375,-8951.91796875,19614.125,-4414.6484375
3772.767855,14284.44140625,21182.16796875,-41397.91015625,-9995.431640625,-39509.61328125,-8952.1640625,19584.173828125,-4463.017578125
3772.768044265,14255.8310546875,21172.64453125,-41131.12109375,-9953.8798828125,-39501.90234375,-8841.03125,19628.54296875,-4488.9453125
3772.768234624,14315.2421875,21207.8046875,-41122.62890625,-9919.97265625,-39474.12109375,-8798.7861328125,19667.412109375,-4457.2509765625
3772.768437746,14372.619140625,21245.958984375,-41294.71484375,-9928.98046875,-39466.38671875,-8844.0263671875,19668.708984375,-4424.72900390625
3772.768648162,14392.4892578125,21257.6484375,-41527.4609375,-9969.392578125,-39477.515625,-8946.53125,19625.078125,-4412.10009765625
3772.76898512,14297.6728515625,21177.943359375,-41399.96875,-10005.400390625,-39519.31640625,-8954.466796875,19578.474609375,-4478.41796875
3772.769323536,14275.2548828125,21174.568359375,-41128.37109375,-9959.4677734375,-39506.86328125,-8841.1875,19620.96484375,-4497.9755859375
3772.769659034,14318.125,21209.2578125,-41123.87890625,-9929.9189453125,-39483.57421875,-8805.6259765625,19660.05859375,-4460.0
3772.769867992,14366.025390625,21245.892578125,-41294.82421875,-9933.2490234375,-39474.58984375,-8853.9501953125,19653.732421875,-4428.0146484375
3772.770062362,14382.587890625,21253.71484375,-41530.01171875,-9967.7607421875,-39487.28515625,-8956.5224609375,19604.6484375,-4426.76318359375
3772.770256733,14297.986328125,21188.158203125,-41400.3046875,-9999.09765625,-39523.47265625,-8961.775390625,19583.7265625,-4462.05615234375
3772.770450738,14267.2080078125,21169.068359375,-41131.8828125,-9956.6064453125,-39512.9453125,-8847.6923828125,19628.54296875,-4481.88232421875
3772.770674647,14312.693359375,21202.41796875,-41125.62109375,-9927.28125,-39487.10546875,-8806.1181640625,19670.1171875,-4473.388671875
3772.770870112,14365.7568359375,21238.984375,-41296.5,-9934.61328125,-39475.4609375,-8849.32421875,19668.57421875,-4422.76220703125
3772.771064482,14367.455078125,21235.9453125,-41546.328125,-9992.01171875,-39500.515625,-8958.69140625,19626.26171875,-4401.2373046875
3772.771258852,14288.4423828125,21174.947265625,-41419.0546875,-10020.443359375,-39528.9921875,-8956.27734375,19581.8046875,-4457.51904296875
3772.771453587,14281.0439453125,21176.736328125,-41134.7421875,-9960.9208984375,-39507.53515625,-8846.2392578125,19628.654296875,-4489.548828125
3772.771665097,14316.716796875,21204.228515625,-41124.796875,-9927.4599609375,-39483.8203125,-8810.4091796875,19668.953125,-4481.10009765625
3772.772071707,14358.7607421875,21244.751953125,-41291.5390625,-9932.109375,-39470.4296875,-8853.7275390625,19654.759765625,-4400.34326171875
3772.772396995,14382.8330078125,21248.216796875,-41536.89453125,-9986.1787109375,-39492.78125,-8966.513671875,19606.66015625,-4386.8427734375
3772.772609599,14303.8203125,21164.240234375,-41419.99609375,-10026.5234375,-39536.68359375,-8975.6337890625,19571.8359375,-4464.380859375
3772.772804699,14266.537109375,21143.69921875,-41143.2578125,-9979.8974609375,-39519.91796875,-8853.3916015625,19625.748046875,-4485.771484375
3772.773000163,14305.98828125,21175.6171875,-41138.09375,-9961.345703125,-39502.125,-8815.9970703125,19663.90234375,-4457.228515625
3772.773195628,14374.451171875,21247.27734375,-41283.671875,-9932.7578125,-39466.72265625,-8839.7568359375,19667.724609375,-4416.32470703125
3772.773390363,14391.86328125,21257.357421875,-41522.703125,-9967.8046875,-39474.3203125,-8941.94921875,19629.8828125,-4402.08642578125
3772.773584733,14303.9990234375,21175.037109375,-41407.09765625,-10004.6630859375,-39514.62109375,-8956.5224609375,19578.36328125,-4474.751953125
3772.773868448,14276.7294921875,21167.951171875,-41126.09375,-9949.431640625,-39499.04296875,-8846.3505859375,19631.224609375,-4483.4248046875
3772.774081782,14323.0869140625,21207.044921875,-41118.13671875,-9917.71484375,-39476.17578125,-8805.4921875,19669.958984375,-4449.31591796875
3772.774279069,14372.9541015625,21237.95703125,-41295.2734375,-9938.2783203125,-39478.1875,-8865.08203125,19631.044921875,-4447.52783203125
3772.774475628,14384.4208984375,21230.267578125,-41543.98046875,-9995.4541015625,-39501.03125,-8979.0087890625,19574.048828125,-4448.08642578125
3772.775001121,14296.130859375,21157.357421875,-41430.41015625,-10033.2958984375,-39544.50390625,-8989.0224609375,19541.861328125,-4501.775390625
3772.775206796,14269.30859375,21166.85546875,-41143.16796875,-9967.9169921875,-39518.109375,-8861.2822265625,19604.55859375,-4509.03955078125
3772.775405178,14310.056640625,21207.826171875,-41125.69140625,-9920.173828125,-39481.0703125,-8814.4326171875,19647.318359375,-4480.65283203125
3772.775605383,14360.90625,21235.521484375,-41294.0,-9931.908203125,-39471.078125,-8856.9013671875,19648.703125,-4441.8505859375
3772.775902591,14374.02734375,21240.59375,-41539.46484375,-9980.76953125,-39485.3828125,-8957.39453125,19605.02734375,-4425.89111328125
3772.776290603,14305.4736328125,21178.1875,-41425.31640625,-10014.7666015625,-39522.9375,-8969.732421875,19566.6953125,-4470.88525390625
3772.77668919,14276.998046875,21145.7109375,-41153.40625,-9982.4228515625,-39521.2578125,-8867.0712890625,19616.13671875,-4496.0087890625
3772.776959412,14320.3154296875,21194.4375,-41126.6953125,-9931.2158203125,-39479.953125,-8807.97265625,19656.458984375,-4458.52490234375
3772.777229999,14363.7900390625,21231.921875,-41289.4609375,-9932.4443359375,-39469.11328125,-8858.5771484375,19647.474609375,-4436.93310546875
3772.777425828,14380.4638671875,21229.93359375,-41542.03515625,-9993.2861328125,-39493.74609375,-8969.0400390625,19599.552734375,-4426.69580078125
3772.777622022,14286.474609375,21157.244140625,-41433.36328125,-10025.583984375,-39526.3125,-8974.203125,19562.515625,-4480.787109375
3772.777852495,14263.609375,21153.78125,-41146.07421875,-9963.9609375,-39503.48828125,-8857.4150390625,19607.0390625,-4501.5966796875
3772.778050512,14313.587890625,21197.5,-41122.89453125,-9918.9443359375,-39470.1875,-8809.8505859375,19648.76953125,-4476.74169921875
3772.778245611,14365.421875,21230.759765625,-41287.2265625,-9927.21484375,-39462.20703125,-8851.24609375,19650.24609375,-4434.34033203125
3772.778440347,14373.8037109375,21232.66015625,-41537.05078125,-9980.5009765625,-39483.0390625,-8956.142578125,19608.40234375,-4429.0654296875
3772.778649669,14291.34765625,21165.470703125,-41431.52734375,-10019.2138671875,-39521.4375,-8971.587890625,19567.23046875,-4493.1474609375
3773.230358104,14272.013671875,21158.65234375,-41141.203125,-9963.46875,-39502.52734375,-8847.8486328125,19615.130859375,-4496.1650390625
3773.230694697,14310.9951171875,21191.30859375,-41126.00390625,-9937.5859375,-39482.25390625,-8811.884765625,19651.720703125,-4461.162109375
3773.231000657,14366.337890625,21231.296875,-41287.13671875,-9941.564453125,-39468.80078125,-8852.453125,19652.435546875,-4425.73486328125
3773.231304429,14381.849609375,21247.322265625,-41531.7109375,-9968.6318359375,-39474.03125,-8956.1201171875,19602.345703125,-4432.26171875
3773.231682594,14296.4443359375,21170.07421875,-41436.625,-10015.2353515625,-39521.2578125,-8974.3369140625,19565.779296875,-4485.771484375
3773.23209905,14263.966796875,21151.8125,-41158.03125,-9969.75,-39509.546875,-8860.8125,19612.494140625,-4500.5908203125
3773.232537022,14301.853515625,21194.7734375,-41139.03515625,-9931.4833984375,-39481.875,-8815.6171875,19650.736328125,-4474.46142578125
3773.232826207,14351.18359375,21229.8203125,-41306.15625,-9946.75,-39481.5625,-8862.376953125,19646.1328125,-4445.4267578125
3773.23305121,14369.1318359375,21210.732421875,-41565.21484375,-10009.6025390625,-39509.0546875,-8974.5830078125,19596.623046875,-4441.09033203125
3773.233244122,14297.0693359375,21147.833984375,-41460.96484375,-10034.525390625,-39541.0390625,-8988.150390625,19554.71484375,-4501.06005859375
3773.233437034,14260.1669921875,21143.185546875,-41172.42578125,-9972.9912109375,-39524.72265625,-8874.89453125,19602.435546875,-4517.48876953125
3773.233629945,14290.341796875,21175.775390625,-41154.859375,-9950.68359375,-39504.09375,-8830.548828125,19649.6640625,-4459.0166015625
3773.233858595,14347.673828125,21215.001953125,-41310.203125,-9949.8115234375,-39485.7421875,-8860.5224609375,19644.0546875,-4427.34423828125
3773.234262287,14370.6298828125,21225.08203125,-41554.93359375,-9992.2578125,-39497.96875,-8973.9794921875,19590.431640625,-4426.583984375
3773.234527039,14289.068359375,21151.568359375,-41463.55859375,-10043.935546875,-39547.3203125,-8999.5048828125,19551.697265625,-4479.22265625
3773.234717763,14248.5439453125,21140.458984375,-41172.7421875,-9988.9052734375,-39525.953125,-8874.9609375,19604.603515625,-4501.06005859375
3773.234969022,14287.7939453125,21183.330078125,-41144.5546875,-9937.787109375,-39490.75,-8825.384765625,19643.49609375,-4475.84765625
3773.235158652,14351.4072265625,21217.638671875,-41306.58203125,-9949.7900390625,-39484.84765625,-8869.708984375,19643.78515625,-4453.7861328125
3773.23534974,14372.373046875,21221.37109375,-41555.11328125,-9996.7734375,-39498.75,-8970.08984375,19597.62890625,-4440.6435546875
3773.235539005,14293.8515625,21154.787109375,-41458.6171875,-10033.921875,-39539.36328125,-8989.513671875,19558.58203125,-4486.08447265625
3773.23572827,14258.37890625,21137.3515625,-41172.96484375,-9992.4814453125,-39527.65234375,-8877.576171875,19600.9375,-4501.68603515625
3773.236013444,14293.158203125,21193.41015625,-41139.83984375,-9937.7197265625,-39486.61328125,-8821.25,19646.916015625,-4459.642578125
3773.236389057,14355.5419921875,21239.142578125,-41295.16015625,-9932.802734375,-39472.82421875,-8860.09765625,19640.208984375,-4434.384765625
3773.236692464,14381.984375,21226.9375,-41548.921875,-9990.6484375,-39495.265625,-8976.169921875,19592.443359375,-4423.3876953125
3773.236886105,14300.9140625,21155.009765625,-41457.94921875,-10031.171875,-39535.05078125,-8994.833984375,19550.421875,-4486.017578125
3773.2370761,14258.267578125,21140.392578125,-41171.48828125,-9983.787109375,-39520.05078125,-8873.1728515625,19603.462890625,-4499.1376953125
3773.237265,14297.3603515625,21168.8671875,-41152.6015625,-9960.205078125,-39500.94140625,-8835.4208984375,19637.548828125,-4471.82421875
3773.237454265,14343.583984375,21206.91015625,-41310.42578125,-9959.7587890625,-39487.6640625,-8874.4248046875,19638.376953125,-4449.87451171875
3773.237642801,14383.4150390625,21233.173828125,-41544.671875,-9984.6806640625,-39483.84375,-8958.4228515625,19613.767578125,-4428.08154296875
3773.237894789,14306.6591796875,21167.615234375,-41457.25390625,-10023.05859375,-39526.78125,-8984.484375,19562.828125,-4486.7998046875
3773.238274413,14269.107421875,21143.54296875,-41171.109375,-9983.3173828125,-39521.81640625,-8877.978515625,19602.099609375,-4500.7919921875
3773.238565057,14303.6416015625,21171.953125,-41146.0078125,-9951.845703125,-39500.00390625,-8830.212890625,19637.236328125,-4466.4150390625
3773.238753958,14356.9951171875,21214.5546875,-41295.921875,-9951.6669921875,-39481.203125,-8862.6904296875,19646.267578125,-4434.56396484375
3773.238945775,14367.58984375,21216.74609375,-41547.01953125,-10003.322265625,-39496.6484375,-8974.806640625,19603.798828125,-4421.599609375
3773.239134676,14285.55859375,21160.41796875,-41455.46875,-10029.4736328125,-39527.98828125,-8992.1064453125,19559.2734375,-4476.607421875
3773.239324305,14247.0693359375,21141.21875,-41167.5546875,-9980.0986328125,-39517.9296875,-8878.58203125,19602.189453125,-4507.52001953125
3773.239512112,14289.3359375,21170.677734375,-41139.32421875,-9949.521484375,-39494.3046875,-8828.0224609375,19646.580078125,-4488.2080078125
3773.239700283,14342.8681640625,21215.11328125,-41289.28125,-9944.89453125,-39478.546875,-8859.896484375,19647.16015625,-4442.0068359375
3773.240000408,14369.109375,21237.7109375,-41534.03515625,-9975.29296875,-39483.640625,-8961.3955078125,19611.978515625,-4409.48486328125
3773.240402277,14298.0087890625,21174.455078125,-41450.88671875,-10020.64453125,-39523.00390625,-8984.4404296875,19568.326171875,-4461.34130859375
3773.240646607,14271.41015625,21145.17578125,-41164.44921875,-9981.4619140625,-39518.6875,-8875.9443359375,19606.146484375,-4492.56640625
3773.240842801,14307.4638671875,21178.478515625,-41130.5859375,-9943.240234375,-39491.46484375,-8825.6533203125,19641.103515625,-4467.86767578125
#3787.168410469,14025.697265625,20836.384765625,-41908.15625,-10277.8681640625,-39537.46484375,-9307.19921875,19263.873046875,-4620.86572265625
3787.168605933,13949.7236328125,20777.623046875,-41749.9296875,-10292.9560546875,-39564.3984375,-9297.587890625,19239.95703125,-4673.1240234375
3787.168801762,13931.0595703125,20773.599609375,-41476.34375,-10236.25,-39545.421875,-9185.0244140625,19283.341796875,-4690.55810546875
3787.169150025,13977.7080078125,20804.646484375,-41482.51171875,-10216.3564453125,-39527.36328125,-9151.0048828125,19315.259765625,-4661.2998046875
3787.169433375,14019.5732421875,20834.91015625,-41671.7421875,-10233.8798828125,-39524.12109375,-9204.4931640625,19298.517578125,-4639.46240234375
3787.169629569,14033.6767578125,20847.271484375,-41895.55078125,-10259.6962890625,-39524.58984375,-9296.9619140625,19252.1171875,-4639.23876953125
3787.169825763,13959.357421875,20790.095703125,-41740.33984375,-10280.3720703125,-39552.6875,-9288.177734375,19235.6875,-4683.3388671875
3787.170050766,13924.9130859375,20773.7109375,-41478.4453125,-10242.2177734375,-39546.11328125,-9182.7890625,19283.85546875,-4696.21337890625
3787.170246595,13962.888671875,20806.099609375,-41481.23828125,-10212.4453125,-39524.96875,-9151.474609375,19315.974609375,-4669.6591796875
3787.170442424,14024.177734375,20849.7734375,-41655.58203125,-10213.5400390625,-39506.57421875,-9188.8916015625,19316.33203125,-4619.94921875
3787.170638253,14037.833984375,20845.548828125,-41890.6796875,-10258.265625,-39521.81640625,-9289.2509765625,19270.244140625,-4615.0986328125
3787.170834811,13948.025390625,20771.96875,-41748.38671875,-10291.681640625,-39564.3515625,-9293.4306640625,19242.70703125,-4668.51953125
3787.171161558,13919.6162109375,20776.1484375,-41470.62109375,-10229.5439453125,-39535.609375,-9172.7314453125,19302.876953125,-4673.951171875
3787.171400783,13964.654296875,20819.755859375,-41469.34765625,-10197.3125,-39509.76953125,-9138.64453125,19335.220703125,-4647.3076171875
3787.171595518,14016.845703125,20851.205078125,-41653.4609375,-10210.4111328125,-39507.9609375,-9191.373046875,19329.296875,-4622.6982421875
3787.171792441,14028.267578125,20849.193359375,-41892.82421875,-10262.2890625,-39526.64453125,-9294.4365234375,19274.06640625,-4626.1630859375
3787.172017444,13946.8623046875,20775.701171875,-41745.8828125,-10289.55859375,-39562.05078125,-9294.302734375,19239.443359375,-4675.56005859375
3787.172214367,13919.458984375,20763.853515625,-41477.21484375,-10246.9560546875,-39550.8984375,-9188.4892578125,19280.302734375,-4695.095703125
3787.172410561,13966.5771484375,20800.623046875,-41476.5234375,-10220.513671875,-39526.3984375,-9151.3857421875,19312.533203125,-4670.9111328125
3787.172606755,14021.205078125,20847.248046875,-41648.33984375,-10213.9423828125,-39504.7421875,-9188.958984375,19313.3828125,-4636.62353515625
3787.172802584,14022.76953125,20850.82421875,-41887.99609375,-10250.9794921875,-39520.90234375,-9293.0732421875,19272.6796875,-4622.40771484375
3787.173019564,13934.7705078125,20776.68359375,-41749.75,-10283.568359375,-39556.953125,-9289.921875,19251.400390625,-4659.3330078125
3787.173234721,13920.2197265625,20762.84765625,-41478.22265625,-10241.0556640625,-39541.35546875,-9175.8154296875,19297.51171875,-4676.7001953125
3787.17342982,13962.0615234375,20798.8125,-41481.796875,-10216.69140625,-39521.4140625,-9150.826171875,19319.015625,-4658.2822265625
3787.173624555,14013.8955078125,20839.447265625,-41663.2265625,-10230.482421875,-39514.53125,-9205.1416015625,19310.140625,-4631.1474609375
3787.173820384,14024.5126953125,20839.849609375,-41902.1015625,-10276.482421875,-39530.46875,-9306.796875,19262.8671875,-4626.00634765625
3787.174045387,13937.51953125,20780.595703125,-41758.890625,-10302.388671875,-39563.68359375,-9300.248046875,19239.734375,-4671.17919921875
3787.174241581,13908.3505859375,20774.3828125,-41480.5703125,-10246.5537109375,-39543.56640625,-9181.5380859375,19292.9296875,-4679.00244140625
3787.17443741,13967.0244140625,20821.767578125,-41464.18359375,-10205.6279296875,-39510.0390625,-9136.8115234375,19331.599609375,-4651.2861328125
3787.174633239,14028.5810546875,20860.369140625,-41636.046875,-10206.4990234375,-39495.265625,-9181.359375,19322.166015625,-4625.02294921875
3787.174828704,14040.046875,20861.396484375,-41875.25390625,-10255.13671875,-39513.9296875,-9288.423828125,19276.837890625,-4627.7724609375
3787.175154356,13947.9130859375,20787.32421875,-41739.51171875,-10289.6259765625,-39553.421875,-9290.2568359375,19251.267578125,-4679.18115234375
3787.175422026,13920.9794921875,20777.689453125,-41467.828125,-10240.384765625,-39539.1640625,-9180.46484375,19293.958984375,-4682.82470703125
3787.17561822,13969.013671875,20818.4375,-41462.12890625,-10206.7451171875,-39514.33203125,-9146.1328125,19324.78125,-4651.0849609375
3787.175813684,14023.775390625,20862.470703125,-41636.76171875,-10206.052734375,-39495.17578125,-9185.9189453125,19321.65234375,-4627.45947265625
3787.176055097,14027.1728515625,20849.841796875,-41884.64453125,-10262.826171875,-39517.125,-9295.9560546875,19265.03515625,-4627.9736328125
3787.176251656,13941.3193359375,20777.7578125,-41751.40625,-10296.7109375,-39558.65234375,-9302.416015625,19233.54296875,-4672.140625
3787.176447485,13912.865234375,20763.474609375,-41486.06640625,-10258.9140625,-39554.51953125,-9197.83203125,19277.931640625,-4689.462890625
3787.176644408,13956.18359375,20802.8359375,-41486.9375,-10229.2978515625,-39535.54296875,-9167.1884765625,19303.189453125,-4659.9365234375
3787.176860659,14017.8291015625,20850.802734375,-41656.8125,-10222.078125,-39509.1875,-9194.9716796875,19305.9609375,-4613.556640625
3787.177176465,14028.2451171875,20850.376953125,-41890.23046875,-10261.3505859375,-39518.9140625,-9295.419921875,19270.2890625,-4612.3046875
3787.177414961,13947.734375,20783.45703125,-41753.1484375,-10291.16796875,-39558.25,-9300.1357421875,19245.701171875,-4667.20068359375
3787.17761006,13927.998046875,20769.888671875,-41478.625,-10241.63671875,-39541.77734375,-9183.7060546875,19307.861328125,-4668.6982421875
3787.177804795,13970.443359375,20819.890625,-41472.8125,-10204.845703125,-39513.66015625,-9146.4228515625,19344.943359375,-4652.4931640625
3787.178031257,14016.5107421875,20849.841796875,-41653.6171875,-10218.904296875,-39507.78125,-9198.9052734375,19320.736328125,-4623.525390625
3787.178225992,14028.55859375,20836.54296875,-41903.15234375,-10278.1142578125,-39534.1328125,-9314.3291015625,19255.22265625,-4627.03466796875
3787.178421092,13943.2197265625,20762.46875,-41771.9921875,-10310.6142578125,-39572.2890625,-9315.8046875,19219.68359375,-4682.42236328125
3787.178617286,13923.974609375,20767.4296875,-41483.20703125,-10238.8427734375,-39544.68359375,-9196.267578125,19278.111328125,-4688.63623046875
3787.178813115,13969.416015625,20821.34375,-41466.98046875,-10198.2958984375,-39512.609375,-9151.8994140625,19318.166015625,-4656.29296875
3787.179165753,14021.47265625,20861.150390625,-41636.0234375,-10198.4755859375,-39493.83203125,-9189.6962890625,19315.23828125,-4621.06689453125
3787.179407531,14032.8720703125,20857.373046875,-41876.41796875,-10243.357421875,-39505.90234375,-9291.59765625,19270.376953125,-4619.904296875
3787.179605913,13949.4111328125,20790.876953125,-41742.3984375,-10276.125,-39542.1796875,-9291.0390625,19245.90234375,-4674.509765625
3787.179803565,13923.52734375,20784.373046875,-41465.0546875,-10227.509765625,-39528.90234375,-9178.5205078125,19287.90234375,-4694.08984375
3787.180030027,13969.482421875,20820.60546875,-41455.64453125,-10193.46875,-39501.546875,-9136.767578125,19326.279296875,-4656.02490234375
3787.180228044,14018.701171875,20851.853515625,-41633.20703125,-10206.7451171875,-39495.6875,-9183.125,19324.8046875,-4615.92578125
3787.180424602,14026.591796875,20852.0546875,-41876.05859375,-10256.701171875,-39515.6953125,-9289.921875,19286.248046875,-4602.783203125
3787.180621525,13950.9755859375,20792.912109375,-41741.12109375,-10282.00390625,-39548.6640625,-9289.541015625,19259.044921875,-4653.3203125
3787.180833035,13928.802734375,20791.771484375,-41462.484375,-10221.2958984375,-39523.60546875,-9170.943359375,19315.685546875,-4663.84814453125
3787.181145924,13965.90625,20830.41796875,-41455.7578125,-10188.39453125,-39498.68359375,-9131.447265625,19339.98046875,-4646.65966796875
3787.181385879,14025.0712890625,20869.466796875,-41628.4921875,-10197.6708984375,-39490.68359375,-9180.6435546875,19327.46484375,-4615.5234375
3787.181582802,14035.755859375,20864.056640625,-41872.125,-10244.3857421875,-39509.546875,-9291.53125,19276.390625,-4616.46240234375
3787.181780454,13951.6015625,20792.642578125,-41744.18359375,-10278.4716796875,-39547.2109375,-9294.212890625,19248.697265625,-4661.03173828125
3787.182006916,13926.5,20778.94140625,-41469.39453125,-10238.08203125,-39539.921875,-9185.404296875,19295.658203125,-4672.69921875
3787.18220311,13978.0654296875,20818.771484375,-41456.921875,-10203.392578125,-39511.08984375,-9141.70703125,19334.4375,-4637.42822265625
3787.182399668,14037.1416015625,20861.978515625,-41623.28515625,-10195.099609375,-39483.4609375,-9173.5810546875,19334.572265625,-4607.9013671875
3787.182596956,14049.255859375,20858.625,-41871.65625,-10241.6591796875,-39501.859375,-9282.2099609375,19280.97265625,-4616.5517578125
3787.634970919,13959.3125,20781.892578125,-41759.02734375,-10291.615234375,-39556.08203125,-9303.17578125,19246.3046875,-4668.7431640625
3787.635217802,13929.6513671875,20769.755859375,-41485.62109375,-10249.794921875,-39548.3046875,-9194.3681640625,19292.86328125,-4681.21533203125
3787.635702087,13968.6328125,20809.541015625,-41473.9765625,-10210.1875,-39517.9296875,-9150.87109375,19324.044921875,-4643.59716796875
3787.63608864,14022.5009765625,20853.439453125,-41640.98828125,-10210.6123046875,-39501.0546875,-9187.4384765625,19324.15625,-4603.69921875
3787.636302702,14027.5751953125,20850.556640625,-41888.890625,-10265.44140625,-39520.69921875,-9293.0732421875,19285.48828125,-4609.3095703125
3787.636495979,13948.3603515625,20780.818359375,-41763.16015625,-10303.751953125,-39561.0,-9303.82421875,19256.541015625,-4661.99267578125
3787.636688526,13930.9931640625,20783.12109375,-41471.13671875,-10237.9931640625,-39535.296875,-9180.5986328125,19296.328125,-4675.40380859375
3787.636879979,13972.5,20826.4609375,-41458.328125,-10205.60546875,-39514.30859375,-9151.1845703125,19323.73046875,-4647.84423828125
3787.637071432,14021.1826171875,20857.462890625,-41627.8671875,-10210.09765625,-39498.2578125,-9191.841796875,19323.552734375,-4613.46728515625
3787.637334361,14036.314453125,20851.697265625,-41872.7734375,-10257.953125,-39514.91015625,-9293.6318359375,19283.720703125,-4615.322265625
3787.637742429,13955.78125,20781.490234375,-41749.125,-10289.87109375,-39551.6796875,-9296.91796875,19250.328125,-4676.1416015625
3787.638188424,13935.7314453125,20784.841796875,-41460.85546875,-10231.1982421875,-39530.08984375,-9180.9345703125,19297.669921875,-4676.1416015625
3787.638518087,13980.546875,20826.998046875,-41442.19140625,-10190.0712890625,-39501.1640625,-9137.9970703125,19335.755859375,-4640.37841796875
3787.638709176,14033.6318359375,20864.212890625,-41615.08203125,-10201.58203125,-39495.77734375,-9183.0126953125,19330.212890625,-4609.01904296875
3787.638900264,14044.2490234375,20862.984375,-41865.80078125,-10252.7001953125,-39513.32421875,-9287.7978515625,19281.017578125,-4608.66162109375
3787.639090988,13965.5712890625,20796.263671875,-41745.1015625,-10282.8974609375,-39550.4296875,-9295.30859375,19256.162109375,-4662.328125
3787.639286817,13938.5703125,20793.716796875,-41462.62109375,-10226.75,-39530.87109375,-9177.58203125,19307.01171875,-4671.60400390625
3787.639477905,13981.865234375,20836.83203125,-41446.3046875,-10187.4560546875,-39496.6953125,-9130.0615234375,19348.138671875,-4629.98486328125
3787.6396679,14028.7373046875,20872.818359375,-41616.625,-10192.1044921875,-39483.015625,-9174.6533203125,19337.56640625,-4604.05712890625
3787.639858623,14040.1142578125,20862.693359375,-41870.18359375,-10251.671875,-39508.8984375,-9285.7861328125,19282.044921875,-4606.00146484375
3787.640049712,13955.490234375,20787.7265625,-41755.3828125,-10289.71484375,-39546.0703125,-9295.666015625,19255.849609375,-4648.9169921875
3787.640352754,13931.1943359375,20774.8515625,-41474.2421875,-10239.9599609375,-39528.63671875,-9182.3203125,19301.0,-4671.44775390625
3787.640741131,13976.2998046875,20813.9453125,-41466.59765625,-10216.7587890625,-39513.234375,-9150.4912109375,19325.609375,-4656.96337890625
3787.641151387,14032.9619140625,20858.849609375,-41634.28125,-10214.880859375,-39499.21875,-9192.3115234375,19321.49609375,-4627.7275390625
3787.641539763,14050.552734375,20878.228515625,-41866.91796875,-10238.5517578125,-39499.46484375,-9285.0263671875,19283.54296875,-4614.00341796875
3787.641730487,13962.7099609375,20811.9765625,-41748.85546875,-10273.3759765625,-39539.69921875,-9294.3251953125,19253.837890625,-4654.46044921875
3787.64192194,13940.828125,20786.787109375,-41467.671875,-10228.470703125,-39527.02734375,-9178.095703125,19302.69921875,-4663.1103515625
3787.642111934,13980.859375,20820.626953125,-41454.37109375,-10199.4814453125,-39502.68359375,-9134.80078125,19346.462890625,-4638.79150390625
3787.642343501,14032.1572265625,20870.8515625,-41621.31640625,-10203.9287109375,-39486.66015625,-9170.787109375,19350.46484375,-4598.60302734375
3787.642534954,14030.9052734375,20854.423828125,-41881.828125,-10261.9765625,-39512.9453125,-9284.958984375,19286.001953125,-4611.90234375
3787.642725313,13962.642578125,20784.796875,-41760.078125,-10291.927734375,-39547.72265625,-9299.0859375,19256.05078125,-4657.7236328125
3787.642916766,13938.8603515625,20776.236328125,-41471.6953125,-10237.6796875,-39540.01171875,-9193.8759765625,19298.451171875,-4670.2626953125
3787.64310749,13976.7021484375,20818.97265625,-41451.15234375,-10196.7763671875,-39513.01171875,-9153.6875,19324.15625,-4646.7490234375
3787.643457211,14026.658203125,20857.955078125,-41612.48828125,-10197.1337890625,-39492.76171875,-9188.5791015625,19321.876953125,-4617.44580078125
3787.64387549,14036.6044921875,20855.876953125,-41864.50390625,-10248.8779296875,-39512.2734375,-9294.01171875,19282.603515625,-4613.80224609375
3787.644286841,13960.318359375,20795.34765625,-41748.296875,-10276.21484375,-39544.3046875,-9299.197265625,19247.01953125,-4663.1552734375
3787.644483399,13936.8935546875,20790.654296875,-41464.609375,-10225.431640625,-39530.3125,-9187.1484375,19288.125,-4680.25390625
3787.644675217,13977.126953125,20827.19921875,-41452.91796875,-10199.7939453125,-39510.23828125,-9143.4052734375,19329.005859375,-4642.30078125
3787.644865576,14026.658203125,20862.0,-41622.61328125,-10203.5263671875,-39493.72265625,-9178.3642578125,19335.5546875,-4605.7333984375
3787.645055935,14046.640625,20867.521484375,-41871.3203125,-10245.8828125,-39506.39453125,-9283.3720703125,19293.7578125,-4607.78955078125
3787.64525067,13967.91796875,20792.6875,-41761.91015625,-10284.931640625,-39549.04296875,-9295.8447265625,19255.982421875,-4655.62255859375
3787.645441029,13935.0390625,20770.0,-41481.171875,-10241.2783203125,-39538.515625,-9183.9072265625,19296.865234375,-4671.40283203125
3787.645631753,13973.55078125,20804.04296875,-41467.06640625,-10209.13671875,-39514.12890625,-9143.8076171875,19321.607421875,-4657.74609375
3787.645821747,14028.1337890625,20848.90234375,-41629.5,-10208.890625,-39499.2890625,-9187.4384765625,19324.357421875,-4617.82568359375
3787.646012471,14046.73046875,20859.7421875,-41871.23046875,-10247.291015625,-39508.9453125,-9290.033203125,19288.080078125,-4606.158203125
3787.64630275,13967.671875,20797.5390625,-41754.9140625,-10274.873046875,-39539.5,-9293.4306640625,19263.091796875,-4656.3603515625
3787.646615274,13936.55859375,20790.787109375,-41465.32421875,-10219.150390625,-39517.19140625,-9172.26171875,19312.734375,-4662.328125
3787.646897531,13970.220703125,20828.115234375,-41452.0234375,-10194.98828125,-39499.375,-9134.3984375,19345.166015625,-4629.1357421875
3787.64708789,14028.021484375,20864.59375,-41614.90234375,-10196.28515625,-39483.41796875,-9171.8369140625,19342.328125,-4597.66455078125
3787.647319457,14038.99609375,20867.90234375,-41865.46484375,-10237.2333984375,-39496.24609375,-9278.365234375,19298.072265625,-4590.04248046875
3787.647510545,13960.2958984375,20791.994140625,-41761.46484375,-10281.7802734375,-39539.765625,-9292.357421875,19259.9609375,-4653.72265625
3787.647700904,13926.634765625,20769.888671875,-41479.83203125,-10242.3291015625,-39531.609375,-9183.5048828125,19304.0625,-4673.1240234375
3787.647891263,13962.28515625,20806.94921875,-41458.77734375,-10205.1806640625,-39506.73046875,-9140.052734375,19336.78515625,-4654.3037109375
3787.648082351,14016.3544921875,20850.154296875,-41619.21484375,-10202.9228515625,-39487.6875,-9174.5869140625,19340.62890625,-4626.69921875
3787.648435354,14034.861328125,20845.013671875,-41871.09765625,-10255.583984375,-39505.0078125,-9283.439453125,19289.310546875,-4621.9384765625
3787.648700106,13958.0830078125,20770.08984375,-41768.97265625,-10303.86328125,-39552.3515625,-9306.349609375,19240.001953125,-4675.02392578125
3787.648977622,13928.0869140625,20768.994140625,-41475.13671875,-10242.6640625,-39534.11328125,-9193.4736328125,19284.212890625,-4684.61279296875
3787.649177463,13976.1884765625,20817.765625,-41447.375,-10194.7421875,-39499.53515625,-9144.970703125,19329.498046875,-4643.79833984375
3787.649374021,14027.150390625,20860.615234375,-41613.046875,-10198.3857421875,-39486.12109375,-9182.7451171875,19339.466796875,-4586.26513671875
3787.64956985,14038.4150390625,20871.90234375,-41864.48046875,-10244.2958984375,-39502.1484375,-9289.541015625,19297.69140625,-4596.1220703125
3787.64976495,13967.9853515625,20812.826171875,-41756.14453125,-10276.3486328125,-39537.0390625,-9296.716796875,19265.416015625,-4656.6953125
3787.649958956,13936.3125,20783.5234375,-41476.2109375,-10242.6640625,-39531.921875,-9191.841796875,19299.3671875,-4656.40478515625
3787.650177394,13980.0107421875,20815.6875,-41454.52734375,-10209.7177734375,-39509.1015625,-9150.759765625,19333.431640625,-4634.947265625
3787.650457463,14034.1689453125,20856.837890625,-41619.37109375,-10214.9482421875,-39497.07421875,-9188.3330078125,19332.76171875,-4609.19775390625
3787.650722215,14050.5751953125,20878.7421875,-41861.84375,-10242.5751953125,-39493.3203125,-9277.5830078125,19296.08203125,-4600.39111328125
3787.65097238,13971.3603515625,20805.830078125,-41759.02734375,-10278.3828125,-39532.27734375,-9291.5087890625,19263.42578125,-4656.3154296875
3787.651173315,13949.142578125,20780.103515625,-41468.87890625,-10233.90234375,-39518.21875,-9178.2294921875,19310.701171875,-4660.60693359375
3787.651368779,13983.3408203125,20807.931640625,-41452.0234375,-10209.6953125,-39503.7578125,-9146.3564453125,19336.44921875,-4638.076171875
3787.651563879,14028.6025390625,20845.70703125,-41617.62890625,-10213.6962890625,-39495.21875,-9186.1865234375,19325.36328125,-4609.287109375
3787.651758614,14039.6669921875,20857.26171875,-41865.44140625,-10246.0400390625,-39502.91015625,-9286.3671875,19278.669921875,-4610.29296875
3787.651954808,13963.6708984375,20797.828125,-41760.6796875,-10275.7900390625,-39537.7109375,-9299.7333984375,19241.87890625,-4668.02783203125
3787.652180905,13933.98828125,20781.490234375,-41473.9296875,-10234.103515625,-39526.37890625,-9186.611328125,19290.248046875,-4681.3046875
3787.65254266,13975.361328125,20816.603515625,-41454.1953125,-10200.666015625,-39501.8125,-9143.361328125,19327.0625,-4652.314453125
3787.652838774,14021.115234375,20857.732421875,-41619.015625,-10202.54296875,-39493.09765625,-9181.42578125,19333.69921875,-4620.7763671875
3787.653069976,14029.0048828125,20859.296875,-41879.45703125,-10256.7685546875,-39514.95703125,-9290.033203125,19282.24609375,-4618.98779296875
3787.653279663,13950.70703125,20785.759765625,-41784.05859375,-10294.744140625,-39556.1484375,-9311.3125,19233.1171875,-4675.8955078125
3787.653482785,13925.896484375,20777.0859375,-41489.8203125,-10240.98828125,-39532.2109375,-9183.9072265625,19286.248046875,-4689.26171875
3787.653684449,13972.8349609375,20818.392578125,-41465.078125,-10205.4267578125,-39507.578125,-9141.349609375,19331.30859375,-4659.154296875
3787.653886478,14018.0078125,20846.623046875,-41631.75390625,-10211.4833984375,-39503.2890625,-9191.2158203125,19321.2734375,-4619.14453125
3787.654093976,14034.0791015625,20865.533203125,-41878.875,-10246.8447265625,-39512.296875,-9293.498046875,19276.501953125,-4608.19189453125
3787.654383162,13965.458984375,20798.857421875,-41773.3984375,-10278.4052734375,-39544.86328125,-9304.0478515625,19245.947265625,-4660.45068359375
3787.654593578,13935.59765625,20773.33203125,-41487.921875,-10242.6865234375,-39536.078125,-9190.58984375,19293.064453125,-4668.96630859375
3787.654790501,13981.2177734375,20817.20703125,-41456.1171875,-10193.1552734375,-39504.00390625,-9142.3330078125,19328.58203125,-4644.2900390625
3787.654987059,14035.8896484375,20863.54296875,-41611.21484375,-10186.6064453125,-39486.61328125,-9180.7333984375,19327.28515625,-4614.31640625
3787.655224096,14046.529296875,20863.990234375,-41865.890625,-10240.697265625,-39507.22265625,-9289.18359375,19282.0234375,-4602.9169921875
3787.65542029,13965.8837890625,20792.375,-41772.83984375,-10283.724609375,-39548.3046875,-9308.5625,19244.47265625,-4653.05224609375
3787.655616484,13939.3525390625,20781.265625,-41480.63671875,-10233.2099609375,-39530.421875,-9190.58984375,19303.212890625,-4671.9169921875
3787.655811948,13978.2001953125,20820.896484375,-41453.25390625,-10194.541015625,-39499.6015625,-9137.4599609375,19342.39453125,-4655.42138671875
3787.656007777,14023.6181640625,20851.271484375,-41618.1875,-10200.53125,-39494.078125,-9181.26953125,19320.7578125,-4617.42333984375
3787.65628821,14049.501953125,20862.40234375,-41866.71875,-10241.837890625,-39505.30078125,-9292.759765625,19285.93359375,-4594.42333984375
3787.656568279,13968.4765625,20792.576171875,-41773.9140625,-10283.0537109375,-39547.14453125,-9312.83203125,19251.087890625,-4658.0810546875
3787.656848712,13923.9296875,20767.228515625,-41493.30859375,-10249.99609375,-39548.55078125,-9210.37109375,19279.1171875,-4684.3447265625
3787.65717874,13961.97265625,20807.26171875,-41466.28515625,-10214.166015625,-39518.59765625,-9164.1484375,19307.927734375,-4663.40087890625
3787.657399367,14022.5908203125,20856.94921875,-41617.78515625,-10200.263671875,-39489.40625,-9194.2109375,19308.732421875,-4630.7001953125
3787.657597384,14047.37890625,20861.3515625,-41868.55078125,-10236.6962890625,-39495.265625,-9289.8095703125,19272.3671875,-4617.66943359375
3787.657793578,13957.8369140625,20794.005859375,-41778.25,-10276.9296875,-39532.7265625,-9304.8525390625,19234.14453125,-4664.83154296875
3787.657990137,13921.650390625,20761.8203125,-41495.41015625,-10241.14453125,-39529.59765625,-9197.5859375,19280.591796875,-4675.98486328125
3787.658190706,13960.51953125,20797.58203125,-41472.23046875,-10208.734375,-39507.71484375,-9151.5869140625,19320.580078125,-4655.84619140625
3787.658387265,14012.95703125,20843.001953125,-41635.98046875,-10212.9365234375,-39497.05078125,-9190.03125,19314.791015625,-4626.5654296875
3787.658582729,14033.6318359375,20844.90234375,-41892.46484375,-10265.4189453125,-39517.55078125,-9298.884765625,19267.404296875,-4624.77685546875
3787.658778923,13957.189453125,20774.560546875,-41801.00390625,-10300.01953125,-39555.48046875,-9313.5244140625,19231.12890625,-4681.86328125
3787.658974387,13927.2822265625,20768.50390625,-41505.1328125,-10245.615234375,-39536.234375,-9199.6875,19279.943359375,-4695.94482421875
3787.659240598,13967.314453125,20803.595703125,-41474.98046875,-10212.244140625,-39512.83203125,-9157.15234375,19314.880859375,-4668.16162109375
3787.659637362,14011.90625,20832.67578125,-41636.94140625,-10222.48046875,-39507.265625,-9201.005859375,19309.248046875,-4635.1259765625
3787.659953898,14039.4208984375,20849.751953125,-41881.78125,-10259.1826171875,-39514.3515625,-9297.2080078125,19274.84765625,-4617.9599609375
3787.660171972,13961.5927734375,20785.490234375,-41789.22265625,-10293.2685546875,-39549.22265625,-9310.5517578125,19246.572265625,-4660.02587890625
3787.660367801,13925.2265625,20764.94921875,-41497.84765625,-10249.1689453125,-39536.63671875,-9197.3408203125,19291.74609375,-4675.58251953125
3787.660564359,13967.26953125,20800.890625,-41465.48046875,-10212.154296875,-39510.30859375,-9147.1611328125,19330.34765625,-4643.19482421875
3787.660761647,14021.2265625,20847.78515625,-41616.87109375,-10207.4609375,-39493.609375,-9180.0400390625,19333.208984375,-4606.00146484375
3787.660957841,14040.44921875,20856.345703125,-41869.9375,-10253.572265625,-39509.75,-9284.4677734375,19285.287109375,-4605.2861328125
3787.661245203,13959.111328125,20791.435546875,-41784.328125,-10290.5419921875,-39548.3046875,-9308.2724609375,19244.62890625,-4659.19873046875
3787.661528918,13919.5263671875,20777.689453125,-41491.07421875,-10237.7021484375,-39535.20703125,-9197.8544921875,19280.369140625,-4679.82958984375
3787.661726206,13962.486328125,20816.671875,-41457.3671875,-10201.0234375,-39510.30859375,-9152.0107421875,19313.203125,-4650.548828125
3787.661923493,14018.1875,20846.15234375,-41616.2421875,-10210.9697265625,-39499.98046875,-9190.6123046875,19311.86328125,-4623.16796875
3787.662125522,14036.7841796875,20844.587890625,-41874.47265625,-10259.8974609375,-39516.65625,-9294.5263671875,19269.595703125,-4617.24462890625
3787.662321351,13955.333984375,20770.4921875,-41798.3203125,-10310.6806640625,-39560.84375,-9319.6943359375,19239.3984375,-4668.96630859375
3787.662516451,13920.845703125,20768.033203125,-41503.16796875,-10256.3212890625,-39541.265625,-9204.068359375,19296.685546875,-4671.3359375
3787.662711915,13964.0732421875,20816.0234375,-41459.8046875,-10200.12890625,-39502.7734375,-9149.0380859375,19329.54296875,-4640.19970703125
3787.662908474,14017.3828125,20839.55859375,-41618.41015625,-10208.623046875,-39493.38671875,-9183.3486328125,19323.955078125,-4610.78466796875
3787.663137853,14037.0517578125,20842.64453125,-41881.71484375,-10264.2783203125,-39513.90625,-9291.888671875,19278.24609375,-4615.9482421875
3788.114042186,13957.099609375,20782.7421875,-41799.015625,-10294.4091796875,-39546.31640625,-9312.2734375,19237.900390625,-4672.3193359375
3788.114249684,13927.037109375,20772.638671875,-41497.04296875,-10235.0205078125,-39523.78515625,-9187.2373046875,19295.6796875,-4680.142578125
3788.114444419,13961.16796875,20809.49609375,-41467.671875,-10207.5048828125,-39504.33984375,-9141.39453125,19329.900390625,-4650.61572265625
3788.114636602,14011.4814453125,20844.0078125,-41627.0859375,-10213.5400390625,-39496.13671875,-9181.11328125,19327.10546875,-4615.79150390625
3788.11482769,14030.9052734375,20837.525390625,-41886.8125,-10268.5927734375,-39516.453125,-9284.892578125,19292.55078125,-4595.384765625
3788.115018414,13959.15625,20781.490234375,-41796.35546875,-10289.2900390625,-39539.609375,-9294.056640625,19256.876953125,-4658.41650390625
3788.115209867,13917.3583984375,20766.916015625,-41501.421875,-10241.79296875,-39525.5078125,-9184.6220703125,19302.453125,-4684.2998046875
3788.115759428,13960.4970703125,20814.302734375,-41466.0390625,-10208.421875,-39502.57421875,-9146.177734375,19342.328125,-4634.23193359375
3788.116150357,14014.9013671875,20858.177734375,-41617.96484375,-10200.1962890625,-39486.390625,-9181.6044921875,19331.978515625,-4613.3330078125
3788.116548944,14039.443359375,20862.08984375,-41872.125,-10243.06640625,-39502.37109375,-9289.4296875,19281.240234375,-4612.1484375
3788.116738573,13947.9130859375,20784.41796875,-41799.953125,-10295.392578125,-39551.12109375,-9319.0908203125,19237.564453125,-4661.880859375
3788.116928203,13915.212890625,20767.251953125,-41503.8125,-10253.482421875,-39539.74609375,-9202.90625,19289.623046875,-4671.60400390625
3788.117117103,13961.7490234375,20807.708984375,-41460.09375,-10206.9013671875,-39506.1484375,-9144.92578125,19337.72265625,-4639.685546875
3788.117458437,14006.630859375,20843.13671875,-41616.80078125,-10210.3212890625,-39495.95703125,-9181.8505859375,19328.759765625,-4620.75390625
3788.117847542,14035.5771484375,20855.80859375,-41871.43359375,-10252.1640625,-39504.4296875,-9287.306640625,19284.01171875,-4612.03662109375
3788.118122141,13961.525390625,20787.435546875,-41794.921875,-10292.5986328125,-39539.98828125,-9308.9208984375,19240.380859375,-4659.3330078125
3788.118411326,13930.12109375,20768.97265625,-41498.71875,-10241.9267578125,-39527.203125,-9197.162109375,19281.396484375,-4687.00439453125
3788.118599862,13960.318359375,20809.205078125,-41464.3203125,-10208.6005859375,-39504.33984375,-9151.0048828125,19318.27734375,-4664.56298828125
3788.118788762,14009.0009765625,20836.296875,-41626.97265625,-10223.9560546875,-39501.3203125,-9192.37890625,19311.34765625,-4635.03662109375
3788.118977662,14023.6630859375,20844.052734375,-41888.8671875,-10272.90625,-39519.3828125,-9298.3037109375,19269.283203125,-4620.46337890625
3788.119166198,13943.7783203125,20778.13671875,-41812.37890625,-10305.4951171875,-39552.37109375,-9314.1953125,19231.59765625,-4665.81494140625
3788.119563326,13906.9423828125,20758.064453125,-41519.99609375,-10264.0546875,-39546.0703125,-9209.2314453125,19279.7421875,-4694.24609375
3788.119941491,13950.2822265625,20804.265625,-41478.7578125,-10222.01171875,-39519.11328125,-9157.0400390625,19324.513671875,-4662.3056640625
3788.120317104,14011.861328125,20844.3203125,-41627.21875,-10213.048828125,-39497.8359375,-9191.08203125,19317.47265625,-4612.1484375
3788.120547577,14049.412109375,20849.013671875,-41876.75390625,-10251.671875,-39503.66796875,-9291.53125,19276.658203125,-4595.04931640625
3788.120735748,13960.720703125,20777.935546875,-41811.328125,-10306.2548828125,-39554.2265625,-9326.98046875,19227.5078125,-4671.44775390625
3788.120923919,13923.7060546875,20764.234375,-41510.67578125,-10255.427734375,-39543.07421875,-9213.322265625,19271.47265625,-4694.78271484375
3788.121112455,13968.4765625,20801.0703125,-41467.984375,-10219.9326171875,-39515.1796875,-9160.169921875,19309.626953125,-4661.7470703125
3788.121420603,14023.685546875,20844.677734375,-41612.15234375,-10212.154296875,-39492.60546875,-9188.7353515625,19312.599609375,-4624.9111328125
3788.121742244,14035.509765625,20853.373046875,-41868.86328125,-10254.578125,-39506.39453125,-9294.3466796875,19269.484375,-4616.86474609375
3788.121936979,13948.740234375,20779.34375,-41803.10546875,-10303.2822265625,-39552.55078125,-9320.4541015625,19236.89453125,-4670.0615234375
3788.12213062,13913.916015625,20766.1796875,-41504.484375,-10252.455078125,-39536.14453125,-9200.4921875,19286.068359375,-4673.43701171875
3788.122354529,13952.4287109375,20806.322265625,-41463.08984375,-10214.6796875,-39507.8046875,-9150.6923828125,19333.990234375,-4634.20947265625
3788.122549629,14005.4462890625,20845.9296875,-41610.69921875,-10210.8134765625,-39485.62890625,-9175.771484375,19329.318359375,-4611.74609375
3788.122742905,14039.2646484375,20851.451171875,-41864.63671875,-10249.7724609375,-39497.92578125,-9286.7919921875,19288.951171875,-4607.78955078125
3788.122937275,13959.7373046875,20782.205078125,-41800.80078125,-10298.5439453125,-39541.46484375,-9316.69921875,19251.916015625,-4661.92578125
3788.123132011,13909.78125,20755.673828125,-41512.33203125,-10262.892578125,-39537.59765625,-9210.8408203125,19282.26953125,-4684.97021484375
3788.123429583,13953.3896484375,20802.8359375,-41464.56640625,-10209.2490234375,-39505.234375,-9159.119140625,19317.853515625,-4642.14453125
3788.123753412,14008.3974609375,20840.36328125,-41615.28125,-10210.947265625,-39491.17578125,-9190.970703125,19320.423828125,-4610.02490234375
3788.123947418,14020.9140625,20837.2578125,-41882.38671875,-10261.328125,-39507.73828125,-9298.03515625,19270.9140625,-4618.7421875
3788.124167316,13942.9287109375,20771.296875,-41821.72265625,-10304.9814453125,-39546.5390625,-9322.8232421875,19229.18359375,-4670.4638671875
3788.124387578,13912.1279296875,20755.6953125,-41524.578125,-10258.7353515625,-39532.234375,-9204.5380859375,19275.943359375,-4681.99755859375
3788.124576478,13950.86328125,20792.107421875,-41483.62890625,-10219.5751953125,-39505.30078125,-9153.7548828125,19309.962890625,-4659.04248046875
3788.124765014,14002.2724609375,20828.830078125,-41634.953125,-10228.1806640625,-39496.44921875,-9189.181640625,19318.859375,-4623.03369140625
3788.124953185,14024.6240234375,20827.376953125,-41898.65625,-10282.1826171875,-39517.9296875,-9297.923828125,19279.33984375,-4603.98974609375
3788.12514245,13950.662109375,20762.9609375,-41832.8984375,-10320.60546875,-39556.640625,-9325.1923828125,19229.853515625,-4668.98876953125
3788.125532284,13915.4365234375,20749.50390625,-41526.65625,-10263.0712890625,-39539.921875,-9218.462890625,19266.98046875,-4697.35302734375
3788.125811624,13960.20703125,20783.345703125,-41480.92578125,-10227.0849609375,-39515.60546875,-9170.3623046875,19309.248046875,-4671.9169921875
3788.126050849,14001.244140625,20817.521484375,-41631.375,-10231.376953125,-39504.78515625,-9205.431640625,19304.552734375,-4638.97021484375
3788.126275487,14027.4853515625,20830.439453125,-41886.4296875,-10271.900390625,-39516.54296875,-9307.892578125,19258.1953125,-4621.759765625
3788.126469857,13952.673828125,20771.275390625,-41816.671875,-10307.5517578125,-39551.76953125,-9333.10546875,19218.587890625,-4661.5458984375
3788.126664592,13914.4306640625,20758.265625,-41512.3515625,-10262.0439453125,-39536.66015625,-9213.634765625,19272.904296875,-4668.8994140625
3788.126858598,13954.439453125,20802.34375,-41458.93359375,-10212.0205078125,-39498.99609375,-9151.02734375,19327.798828125,-4638.5458984375
3788.127052969,14004.7314453125,20850.53515625,-41603.9296875,-10205.9853515625,-39486.01171875,-9186.9912109375,19322.2109375,-4614.9423828125
3788.127347624,14038.8173828125,20857.216796875,-41858.78125,-10248.9228515625,-39498.484375,-9287.7978515625,19272.501953125,-4610.3154296875
3788.127628422,13972.1650390625,20794.85546875,-41789.55859375,-10282.517578125,-39530.82421875,-9308.16015625,19234.748046875,-4660.60693359375
3788.127838838,13922.07421875,20768.234375,-41500.4609375,-10245.5029296875,-39524.6796875,-9205.6552734375,19286.60546875,-4672.900390625
3788.128032843,13959.6474609375,20802.5,-41462.5078125,-10209.8076171875,-39497.8125,-9151.2734375,19330.7265625,-4643.75390625
3788.128228308,14008.2626953125,20830.619140625,-41620.9609375,-10218.748046875,-39490.50390625,-9186.3662109375,19322.5234375,-4624.44189453125
3788.128423043,14033.095703125,20839.068359375,-41883.50390625,-10265.7314453125,-39504.16015625,-9287.015625,19280.7265625,-4608.41552734375
3788.128617049,13957.45703125,20772.548828125,-41826.3515625,-10309.98828125,-39548.3046875,-9323.9404296875,19237.162109375,-4660.6962890625
3788.12881069,13911.9267578125,20745.34765625,-41533.7890625,-10268.1005859375,-39542.203125,-9217.5244140625,19271.2265625,-4686.95947265625
3788.129003966,13949.0751953125,20789.73828125,-41484.2109375,-10224.9619140625,-39512.3203125,-9161.5556640625,19314.791015625,-4662.73046875
3788.12928367,14001.7138671875,20830.328125,-41624.91796875,-10215.41796875,-39488.24609375,-9186.8349609375,19315.505859375,-4636.4892578125
