#3760.275693451,14622.6455078125,21495.6953125,-40769.15625,-9689.302734375,-39458.25,-8596.3916015625,19915.91796875,-4350.8564453125
3760.275887093,14645.1533203125,21502.1328125,-41067.375,-9748.802734375,-39479.59375,-8722.388671875,19867.146484375,-4342.83203125
3760.276077816,14569.515625,21422.3359375,-41016.76953125,-9809.3984375,-39530.22265625,-8761.9287109375,19816.453125,-4402.3994140625
3760.276269634,14524.6552734375,21402.421875,-40677.359375,-9756.8271484375,-39517.28125,-8632.8251953125,19855.76953125,-4430.451171875
3760.276460722,14559.4345703125,21448.01953125,-40609.4765625,-9699.2939453125,-39481.203125,-8565.3896484375,19893.701171875,-4397.6162109375
3760.276656187,14619.4267578125,21491.515625,-40778.76953125,-9698.9140625,-39464.88671875,-8606.8525390625,19898.259765625,-4362.79248046875
3760.277013566,14651.1435546875,21505.3515625,-41072.4921875,-9743.5498046875,-39475.328125,-8724.1318359375,19863.056640625,-4345.08984375
3760.277417623,14569.0458984375,21448.623046875,-41019.51953125,-9786.95703125,-39516.7890625,-8757.5927734375,19815.357421875,-4387.55810546875
3760.277799799,14518.44140625,21419.876953125,-40692.84765625,-9749.9873046875,-39518.1953125,-8641.9892578125,19851.634765625,-4426.025390625
3760.278118523,14560.5078125,21449.470703125,-40630.53125,-9705.5966796875,-39491.3984375,-8578.3984375,19898.1484375,-4398.68896484375
3760.278310706,14611.5361328125,21479.646484375,-40803.66796875,-9716.884765625,-39483.44140625,-8618.20703125,19895.779296875,-4363.462890625
3760.278501794,14637.21875,21497.796875,-41092.25,-9754.2568359375,-39486.32421875,-8729.787109375,19851.34375,-4341.73681640625
3760.278692518,14569.939453125,21439.904296875,-41032.08203125,-9781.66015625,-39514.6875,-8759.1796875,19810.931640625,-4387.6923828125
3760.278895275,14515.580078125,21411.71875,-40702.8828125,-9744.935546875,-39519.16015625,-8648.0244140625,19845.48828125,-4436.642578125
3760.279085634,14556.4169921875,21444.353515625,-40642.421875,-9718.1357421875,-39502.99609375,-8594.8046875,19881.2734375,-4417.12939453125
3760.279276358,14616.7890625,21474.974609375,-40806.1953125,-9720.7509765625,-39488.42578125,-8632.265625,19880.603515625,-4380.0478515625
3760.279467811,14650.4287109375,21497.103515625,-41082.9296875,-9753.83203125,-39484.66796875,-8730.1669921875,19854.5859375,-4348.39794921875
3760.279659264,14568.6884765625,21434.00390625,-41029.421875,-9797.5966796875,-39522.109375,-8764.119140625,19811.447265625,-4395.068359375
3760.280002786,14515.2001953125,21406.220703125,-40686.56640625,-9746.2998046875,-39511.11328125,-8636.2451171875,19851.232421875,-4420.34814453125
3760.280389338,14555.724609375,21447.392578125,-40612.828125,-9701.2607421875,-39479.37109375,-8569.8828125,19893.90234375,-4394.62109375
3760.280768962,14611.3798828125,21488.005859375,-40773.42578125,-9706.333984375,-39467.61328125,-8609.0205078125,19891.890625,-4361.74169921875
3760.281052313,14646.3154296875,21501.39453125,-41057.98828125,-9749.5400390625,-39478.90234375,-8723.4384765625,19848.884765625,-4348.33056640625
3760.281255071,14571.884765625,21441.984375,-41006.15234375,-9787.6943359375,-39515.73828125,-8758.396484375,19804.13671875,-4407.92041015625
3760.281457099,14515.9609375,21414.916015625,-40667.0546875,-9743.169921875,-39509.81640625,-8632.2216796875,19848.05859375,-4446.25390625
3760.281659857,14554.5615234375,21453.16015625,-40590.9921875,-9697.05859375,-39479.6171875,-8559.98046875,19897.478515625,-4412.994140625
3760.281882672,14607.669921875,21484.541015625,-40755.859375,-9706.3125,-39475.90625,-8605.220703125,19895.466796875,-4380.62890625
3760.28207923,14656.6875,21507.451171875,-41040.6640625,-9748.1767578125,-39481.2734375,-8714.8115234375,19848.103515625,-4367.84375
3760.28227506,14583.1494140625,21445.068359375,-40995.4921875,-9784.3193359375,-39512.56640625,-8745.7236328125,19812.2734375,-4395.78369140625
3760.282470524,14524.6328125,21404.25390625,-40664.3515625,-9749.6298828125,-39513.7265625,-8622.7890625,19855.27734375,-4431.32275390625
3760.28268094,14553.6455078125,21431.03125,-40595.6171875,-9713.46484375,-39491.26171875,-8557.767578125,19900.048828125,-4409.37353515625
3760.283063846,14612.0283203125,21481.234375,-40746.0234375,-9700.9697265625,-39471.48046875,-8589.484375,19900.62890625,-4368.24609375
3760.283359231,14645.779296875,21496.521484375,-41032.4609375,-9746.1875,-39483.3515625,-8705.37890625,19856.3515625,-4348.75537109375
3760.283641852,14566.9443359375,21424.662109375,-41003.62890625,-9807.6328125,-39530.06640625,-8747.01953125,19813.345703125,-4392.4306640625
3760.283902593,14518.4189453125,21405.505859375,-40660.03515625,-9749.96484375,-39511.71484375,-8616.306640625,19861.828125,-4422.3818359375
3760.284099516,14561.3349609375,21464.447265625,-40571.8359375,-9685.546875,-39471.79296875,-8538.9697265625,19902.171875,-4400.96923828125
3760.284296439,14608.5634765625,21483.333984375,-40736.48046875,-9704.166015625,-39470.1640625,-8584.478515625,19897.388671875,-4365.54150390625
3760.284491903,14643.8349609375,21502.35546875,-41019.9453125,-9742.5888671875,-39475.328125,-8699.298828125,19858.51953125,-4351.97412109375
3760.284704507,14576.220703125,21455.259765625,-40981.765625,-9771.1767578125,-39506.10546875,-8738.794921875,19817.8828125,-4391.0
3760.285016302,14524.2978515625,21418.73828125,-40650.1328125,-9735.5478515625,-39505.234375,-8620.3525390625,19854.228515625,-4416.458984375
3760.285225989,14556.7080078125,21449.2265625,-40573.48828125,-9696.767578125,-39479.75390625,-8553.3642578125,19896.875,-4392.34130859375
3760.285423277,14614.93359375,21488.095703125,-40730.4453125,-9698.01953125,-39466.05078125,-8585.037109375,19900.18359375,-4359.88671875
3760.28561947,14654.33984375,21504.970703125,-41020.390625,-9742.0302734375,-39473.984375,-8694.5380859375,19868.98046875,-4339.4794921875
3760.285851767,14574.365234375,21449.806640625,-40994.1484375,-9783.0009765625,-39506.28515625,-8738.8388671875,19824.611328125,-4396.29736328125
3760.28604322,14519.044921875,21418.46875,-40660.19140625,-9744.1533203125,-39503.87109375,-8620.0400390625,19863.435546875,-4427.94775390625
3760.286233943,14560.3955078125,21451.68359375,-40576.1953125,-9693.4375,-39473.60546875,-8553.185546875,19907.3359375,-4402.75732421875
3760.286423938,14624.9921875,21490.263671875,-40731.3828125,-9694.5546875,-39459.32421875,-8586.84765625,19905.658203125,-4355.17041015625
3760.286615391,14648.8642578125,21499.31640625,-41032.21484375,-9747.7294921875,-39474.609375,-8705.8701171875,19855.970703125,-4347.90625
3760.286916975,14574.25390625,21440.59765625,-41013.08203125,-9789.3935546875,-39512.67578125,-8750.841796875,19804.830078125,-4400.29833984375
3760.28726232,14518.2177734375,21400.341796875,-40682.9921875,-9756.0224609375,-39514.95703125,-8636.580078125,19846.6953125,-4425.8466796875
3760.287638297,14553.1318359375,21439.591796875,-40601.4296875,-9708.3017578125,-39481.13671875,-8564.3388671875,19899.869140625,-4398.91259765625
3760.288074445,14604.7861328125,21482.037109375,-40755.43359375,-9701.841796875,-39463.03125,-8596.8828125,19902.283203125,-4371.30810546875
3760.288357796,14640.5263671875,21503.98828125,-41048.3515625,-9749.048828125,-39473.89453125,-8709.0,19861.224609375,-4350.677734375
3760.288554354,14575.4609375,21442.2734375,-41039.48046875,-9804.861328125,-39523.00390625,-8765.52734375,19800.2265625,-4406.69091796875
3760.288783733,14521.50390625,21400.41015625,-40705.58984375,-9766.728515625,-39523.94140625,-8650.6171875,19840.81640625,-4432.48486328125
3760.288980656,14548.080078125,21435.546875,-40620.78515625,-9725.6689453125,-39494.90625,-8576.1630859375,19891.734375,-4398.6220703125
3760.289176485,14597.4775390625,21482.73046875,-40766.5625,-9708.6142578125,-39469.73828125,-8607.701171875,19888.693359375,-4361.294921875
3760.289373773,14634.8271484375,21498.802734375,-41054.69921875,-9751.373046875,-39475.125,-8721.29296875,19849.98046875,-4340.2392578125
3760.289569237,14565.15625,21439.32421875,-41042.8984375,-9803.162109375,-39515.9609375,-8770.2431640625,19805.298828125,-4394.21875
3760.289826696,14506.0361328125,21400.69921875,-40706.75,-9761.140625,-39513.76953125,-8652.583984375,19840.66015625,-4425.91357421875
3760.290135574,14545.46484375,21442.05078125,-40612.4921875,-9709.3076171875,-39480.19921875,-8577.99609375,19894.125,-4395.91748046875
3760.290391209,14600.2939453125,21477.6796875,-40764.7109375,-9713.0849609375,-39465.1796875,-8608.9306640625,19891.845703125,-4367.39697265625
3760.290586674,14639.6328125,21493.326171875,-41057.2265625,-9760.58203125,-39475.23828125,-8717.3369140625,19851.27734375,-4342.0947265625
3760.290815323,14565.201171875,21430.740234375,-41057.40625,-9816.4619140625,-39520.20703125,-8771.427734375,19806.953125,-4384.78662109375
3760.291011152,14516.0048828125,21397.16796875,-40721.90625,-9769.03125,-39515.91796875,-8657.4345703125,19850.80859375,-4425.13134765625
3760.291207346,14552.908203125,21441.669921875,-40629.63671875,-9717.5771484375,-39486.92578125,-8587.5625,19890.19140625,-4406.04296875
3760.29140354,14608.630859375,21479.9375,-40777.5390625,-9717.95703125,-39469.55859375,-8617.40234375,19892.650390625,-4377.52197265625
3760.291599369,14646.271484375,21504.6796875,-41061.98828125,-9748.35546875,-39468.30859375,-8721.3154296875,19851.09765625,-4365.6533203125
3760.291871779,14577.0478515625,21440.93359375,-41063.08203125,-9797.9091796875,-39513.30078125,-8779.7431640625,19796.962890625,-4409.55224609375
3760.292113922,14508.31640625,21392.654296875,-40739.2734375,-9773.166015625,-39521.2578125,-8669.99609375,19830.958984375,-4437.6484375
3760.292309386,14545.017578125,21424.326171875,-40646.73828125,-9737.58203125,-39496.24609375,-8592.0556640625,19883.240234375,-4404.0537109375
3760.29250558,14604.8310546875,21462.94921875,-40796.40234375,-9743.7509765625,-39485.2734375,-8619.927734375,19890.572265625,-4372.8056640625
3760.292703597,14647.298828125,21507.048828125,-41067.77734375,-9742.6787109375,-39464.0625,-8717.1357421875,19858.474609375,-4356.37744140625
3760.292899426,14576.712890625,21454.412109375,-41065.85546875,-9786.1298828125,-39503.55859375,-8769.86328125,19807.625,-4393.77197265625
3760.293095985,14508.9423828125,21408.6796875,-40741.46484375,-9767.9130859375,-39519.2265625,-8664.876953125,19829.86328125,-4436.53076171875
3760.293292543,14543.900390625,21442.162109375,-40647.05078125,-9723.74609375,-39495.28515625,-8597.7548828125,19873.0703125,-4424.8408203125
3760.293489466,14599.82421875,21477.03125,-40793.51953125,-9727.009765625,-39485.296875,-8631.640625,19874.970703125,-4390.083984375
3760.293706811,14651.255859375,21496.96875,-41073.9453125,-9761.3642578125,-39487.41796875,-8735.7548828125,19846.203125,-4358.5009765625
3760.293990526,14587.3291015625,21438.162109375,-41077.453125,-9809.64453125,-39523.91796875,-8784.212890625,19801.1640625,-4382.2607421875
3760.294206047,14516.876953125,21395.447265625,-40752.37109375,-9786.2421875,-39534.24609375,-8677.39453125,19827.00390625,-4431.94873046875
3760.294400783,14548.3701171875,21424.326171875,-40654.0,-9736.77734375,-39506.23828125,-8607.791015625,19868.935546875,-4429.93701171875
3760.294596976,14600.025390625,21466.525390625,-40791.64453125,-9731.7705078125,-39489.51953125,-8637.3173828125,19880.37890625,-4390.53076171875
3760.294796087,14639.744140625,21484.7421875,-41076.44921875,-9777.390625,-39495.64453125,-8740.4931640625,19838.849609375,-4365.34033203125
3760.74573397,14572.130859375,21434.607421875,-41082.3515625,-9821.0439453125,-39530.08984375,-8795.4560546875,19783.26171875,-4405.97607421875
3760.74594548,14512.3837890625,21398.46484375,-40741.5078125,-9772.8310546875,-39520.9453125,-8672.9013671875,19822.734375,-4429.6689453125
3760.746161731,14545.263671875,21433.244140625,-40632.9453125,-9717.2646484375,-39485.921875,-8590.267578125,19871.505859375,-4411.0498046875
3760.746353913,14600.740234375,21468.91796875,-40775.4140625,-9718.44921875,-39477.65234375,-8629.5615234375,19877.361328125,-4386.57470703125
3760.746544637,14642.8740234375,21488.2734375,-41062.58984375,-9764.4267578125,-39486.078125,-8734.8603515625,19846.8515625,-4361.4287109375
3760.746735361,14578.8359375,21429.578125,-41074.37109375,-9809.8232421875,-39521.55078125,-8788.52734375,19795.666015625,-4399.31494140625
3760.746926084,14521.7275390625,21393.2578125,-40742.78125,-9777.9267578125,-39524.3671875,-8677.349609375,19823.2265625,-4434.18359375
3760.747151087,14554.8525390625,21440.28515625,-40629.63671875,-9709.7314453125,-39485.1171875,-8591.7646484375,19876.19921875,-4408.0546875
3760.747572284,14604.0712890625,21470.9296875,-40774.69921875,-9719.25390625,-39478.25390625,-8622.8779296875,19880.513671875,-4369.498046875
3760.747979258,14639.140625,21483.111328125,-41068.0,-9775.22265625,-39491.1953125,-8732.423828125,19843.69921875,-4353.6953125
3760.748310016,14572.9130859375,21429.7578125,-41087.78125,-9820.8203125,-39528.703125,-8790.8515625,19794.056640625,-4403.830078125
3760.748500375,14514.3291015625,21403.001953125,-40748.234375,-9765.2978515625,-39513.99609375,-8668.85546875,19833.9765625,-4437.603515625
3760.748691464,14553.7353515625,21436.619140625,-40640.9921875,-9715.38671875,-39485.78515625,-8588.859375,19887.8671875,-4409.9990234375
3760.748881093,14605.30078125,21481.568359375,-40772.3515625,-9710.693359375,-39468.12890625,-8612.1494140625,19899.064453125,-4361.92041015625
3760.749075828,14638.8955078125,21506.69140625,-41056.37890625,-9743.728515625,-39467.90625,-8711.16796875,19865.873046875,-4331.455078125
3760.749304478,14583.015625,21444.419921875,-41079.2890625,-9795.7412109375,-39505.8828125,-8775.1611328125,19808.205078125,-4383.10986328125
3760.749493378,14520.5205078125,21396.720703125,-40752.3046875,-9772.4287109375,-39520.09765625,-8676.9248046875,19839.720703125,-4418.96240234375
3760.749683373,14553.6455078125,21432.23828125,-40641.05859375,-9724.998046875,-39495.5546875,-8600.392578125,19890.66015625,-4404.6123046875
3760.749873367,14605.8818359375,21471.689453125,-40778.5234375,-9721.4892578125,-39476.1328125,-8621.2685546875,19899.7578125,-4371.97900390625
3760.750069925,14640.1015625,21489.32421875,-41067.77734375,-9760.939453125,-39480.87109375,-8726.7470703125,19853.244140625,-4347.212890625
3760.750412718,14581.00390625,21438.810546875,-41092.09375,-9806.134765625,-39518.12890625,-8791.5,19791.375,-4388.13916015625
3760.750837926,14513.1884765625,21389.546875,-40769.58203125,-9781.369140625,-39528.078125,-8691.1630859375,19813.099609375,-4431.30029296875
3760.751293037,14540.1669921875,21428.037109375,-40656.63671875,-9731.189453125,-39497.90234375,-8608.6630859375,19863.59375,-4412.94970703125
3760.75165698,14596.44921875,21466.369140625,-40789.65234375,-9725.5126953125,-39477.0703125,-8627.1474609375,19872.82421875,-4379.8466796875
3760.751961117,14634.3125,21492.185546875,-41076.11328125,-9763.599609375,-39481.13671875,-8727.88671875,19841.912109375,-4356.19873046875
3760.752155852,14580.0205078125,21445.291015625,-41106.78125,-9809.443359375,-39515.671875,-8783.3193359375,19799.48828125,-4383.4677734375
3760.752344752,14526.9794921875,21410.4453125,-40774.8359375,-9769.8583984375,-39512.33984375,-8673.1474609375,19832.166015625,-4427.4560546875
3760.752533288,14547.72265625,21429.869140625,-40664.39453125,-9726.96484375,-39487.10546875,-8601.7333984375,19877.853515625,-4422.404296875
3760.752721823,14601.2548828125,21470.6171875,-40793.36328125,-9719.8125,-39469.3125,-8625.3369140625,19886.81640625,-4378.32666015625
3760.752911088,14647.8134765625,21495.359375,-41079.35546875,-9756.9609375,-39476.78125,-8732.7373046875,19849.287109375,-4359.39501953125
3760.753215225,14588.759765625,21438.18359375,-41118.1796875,-9813.5556640625,-39522.95703125,-8803.0107421875,19796.962890625,-4400.32080078125
3760.753628399,14517.6591796875,21390.57421875,-40796.2265625,-9789.7958984375,-39532.5234375,-8698.7626953125,19829.171875,-4426.2041015625
3760.753960616,14546.783203125,21426.025390625,-40679.97265625,-9736.0400390625,-39499.46484375,-8617.357421875,19870.029296875,-4408.814453125
3760.754215157,14595.3759765625,21480.943359375,-40809.76953125,-9731.0556640625,-39479.015625,-8637.02734375,19880.892578125,-4365.0498046875
3760.754407704,14640.794921875,21497.86328125,-41098.421875,-9771.556640625,-39485.05078125,-8742.9970703125,19844.83984375,-4345.15673828125
3760.754599522,14581.5849609375,21441.40234375,-41143.7734375,-9819.9033203125,-39523.1796875,-8813.8740234375,19780.66796875,-4395.224609375
3760.754791339,14514.3291015625,21397.638671875,-40817.5703125,-9786.5322265625,-39527.78515625,-8711.123046875,19805.947265625,-4438.27392578125
3760.754983522,14542.15625,21417.1953125,-40701.83203125,-9743.70703125,-39497.6796875,-8623.50390625,19861.15625,-4416.0341796875
3760.755333243,14600.8076171875,21469.029296875,-40825.83984375,-9725.0654296875,-39472.265625,-8643.28515625,19875.9765625,-4377.92431640625
3760.755736206,14645.01953125,21487.6484375,-41117.10546875,-9771.646484375,-39484.22265625,-8754.3740234375,19837.10546875,-4354.8798828125
3760.756002781,14578.27734375,21423.455078125,-41175.35546875,-9841.25,-39534.625,-8831.419921875,19780.376953125,-4394.8447265625
3760.756233984,14509.2099609375,21393.546875,-40847.6328125,-9792.90234375,-39527.4296875,-8724.6455078125,19805.12109375,-4437.31298828125
3760.756430177,14548.7724609375,21438.251953125,-40727.0234375,-9728.0380859375,-39483.88671875,-8632.4892578125,19864.240234375,-4409.3955078125
3760.756626006,14600.025390625,21471.666015625,-40873.5859375,-9729.7587890625,-39471.3046875,-8663.2900390625,19867.52734375,-4378.75146484375
3760.756821836,14638.939453125,21497.70703125,-41161.65234375,-9769.9697265625,-39475.4375,-8769.908203125,19831.607421875,-4356.623046875
3760.7570173,14577.8974609375,21440.150390625,-41211.23046875,-9830.341796875,-39520.453125,-8840.0478515625,19782.03125,-4388.8544921875
3760.757319978,14513.8369140625,21394.46484375,-40890.03515625,-9808.302734375,-39531.453125,-8735.5537109375,19822.623046875,-4433.8486328125
3760.757569049,14547.587890625,21430.986328125,-40778.9921875,-9757.3408203125,-39498.08203125,-8649.208984375,19881.1171875,-4410.49072265625
3760.757759044,14609.234375,21486.53125,-40896.00390625,-9723.8359375,-39460.1953125,-8662.6640625,19884.849609375,-4369.96728515625
3760.757949038,14646.830078125,21508.435546875,-41166.66015625,-9757.7431640625,-39466.20703125,-8763.4482421875,19849.443359375,-4355.416015625
3760.758177323,14594.19140625,21468.0234375,-41207.85546875,-9810.7392578125,-39507.87109375,-8824.8935546875,19803.400390625,-4387.22265625
3760.758368047,14520.810546875,21420.4140625,-40877.25,-9783.4033203125,-39517.1484375,-8714.251953125,19829.640625,-4415.6767578125
3760.758575181,14553.5341796875,21446.208984375,-40741.796875,-9721.9140625,-39484.06640625,-8629.830078125,19888.380859375,-4398.2646484375
3760.75877028,14603.4453125,21483.71484375,-40862.72265625,-9717.443359375,-39467.63671875,-8647.197265625,19899.69140625,-4363.4404296875
3760.758966109,14650.80859375,21506.201171875,-41146.03125,-9757.609375,-39473.73828125,-8751.4677734375,19868.041015625,-4332.32666015625
3760.759224662,14599.3994140625,21451.841796875,-41211.1171875,-9825.9609375,-39519.76171875,-8829.8779296875,19804.517578125,-4372.91748046875
3760.759517859,14526.3544921875,21419.744140625,-40884.359375,-9787.4931640625,-39517.75,-8727.328125,19828.09765625,-4418.69384765625
3760.759786987,14544.861328125,21457.763671875,-40754.515625,-9726.9423828125,-39478.96875,-8637.18359375,19874.1875,-4403.36083984375
3760.759983181,14594.99609375,21483.40234375,-40884.671875,-9733.4248046875,-39469.89453125,-8661.2119140625,19878.880859375,-4371.017578125
3760.760222041,14643.5888671875,21513.12890625,-41164.625,-9763.3759765625,-39469.0234375,-8758.4638671875,19857.15625,-4333.75732421875
3760.760417506,14582.2333984375,21450.208984375,-41237.4921875,-9832.107421875,-39518.21875,-8836.560546875,19799.48828125,-4378.05859375
3760.760612605,14509.43359375,21386.216796875,-40928.32421875,-9825.0673828125,-39537.62109375,-8737.609375,19812.609375,-4418.2470703125
3760.760807705,14541.6650390625,21423.140625,-40796.15625,-9769.298828125,-39504.5390625,-8657.6572265625,19866.05078125,-4405.23828125
3760.76100317,14596.158203125,21487.447265625,-40906.0859375,-9727.2783203125,-39465.08984375,-8673.5498046875,19874.142578125,-4375.77880859375
3760.761294543,14641.107421875,21510.447265625,-41193.37109375,-9762.9736328125,-39468.64453125,-8776.0322265625,19847.34375,-4344.0615234375
3760.761577529,14585.943359375,21456.84765625,-41268.13671875,-9824.2841796875,-39510.484375,-8853.7939453125,19791.91015625,-4386.97705078125
3760.761773722,14511.244140625,21404.701171875,-40948.0390625,-9802.6259765625,-39517.90625,-8753.658203125,19817.279296875,-4423.7900390625
3760.761969916,14537.4853515625,21430.65234375,-40814.6875,-9758.123046875,-39496.8515625,-8666.375,19869.44921875,-4400.1865234375
3760.762170486,14593.185546875,21482.865234375,-40929.26171875,-9743.5947265625,-39475.6171875,-8674.64453125,19882.01171875,-4359.23828125
3760.762366315,14636.4140625,21514.314453125,-41202.66796875,-9770.2607421875,-39468.12890625,-8767.8291015625,19866.140625,-4331.41064453125
3760.76256105,14580.4677734375,21445.626953125,-41274.328125,-9837.091796875,-39517.59375,-8855.0234375,19805.12109375,-4380.33837890625
3760.76275615,14510.8642578125,21401.75,-40939.859375,-9802.3798828125,-39522.2890625,-8749.7919921875,19818.912109375,-4415.20703125
3760.762952344,14538.1552734375,21432.953125,-40790.4375,-9745.7177734375,-39492.37890625,-8652.3154296875,19868.3984375,-4400.29833984375
3760.763206156,14581.7412109375,21461.609375,-40902.6640625,-9741.7392578125,-39478.0546875,-8670.509765625,19873.337890625,-4371.15185546875
3760.763503728,14625.55078125,21488.162109375,-41172.8984375,-9778.083984375,-39479.5078125,-8765.28125,19841.263671875,-4351.54931640625
3760.763699558,14565.2685546875,21439.546875,-41236.9140625,-9841.919921875,-39525.9765625,-8835.80078125,19796.58203125,-4387.51318359375
3760.763894293,14488.1328125,21385.544921875,-40901.32421875,-9816.7294921875,-39538.08984375,-8728.37890625,19823.583984375,-4411.54150390625
3760.764123672,14528.052734375,21419.765625,-40730.46484375,-9740.80078125,-39491.3515625,-8619.212890625,19887.0390625,-4394.73291015625
3760.764332994,14591.12890625,21464.46875,-40824.61328125,-9726.9423828125,-39464.375,-8622.2529296875,19894.796875,-4377.052734375
3760.764528093,14645.9580078125,21498.265625,-41082.7734375,-9751.9990234375,-39459.65625,-8712.978515625,19863.97265625,-4349.91748046875
3760.764723922,14587.0615234375,21449.806640625,-41142.1171875,-9801.9775390625,-39495.84375,-8780.078125,19808.25,-4384.49560546875
3760.764918657,14503.1748046875,21386.126953125,-40811.984375,-9792.1650390625,-39517.4609375,-8684.0322265625,19831.228515625,-4424.55029296875
3760.765162259,14521.951171875,21408.970703125,-40663.30078125,-9752.6474609375,-39501.74609375,-8597.53125,19876.244140625,-4417.978515625
3760.765473324,14587.2177734375,21486.6640625,-40744.90625,-9704.9931640625,-39459.34375,-8592.14453125,19900.451171875,-4379.220703125
3760.765711455,14633.150390625,21514.0234375,-41007.73828125,-9728.8427734375,-39454.16015625,-8676.09765625,19870.947265625,-4349.00146484375
3760.765907649,14577.6064453125,21442.765625,-41088.80859375,-9805.7998046875,-39505.14453125,-8755.15625,19812.765625,-4387.22265625
3760.76610676,14501.38671875,21386.685546875,-40760.4609375,-9786.64453125,-39521.1484375,-8659.4013671875,19838.06640625,-4431.12158203125
3760.76630186,14532.6123046875,21423.96875,-40592.15234375,-9720.974609375,-39484.04296875,-8558.4609375,19892.806640625,-4412.10009765625
3760.76649696,14585.318359375,21459.529296875,-40686.90234375,-9713.330078125,-39465.84765625,-8563.6015625,19908.05078125,-4378.662109375
3760.766692424,14632.3681640625,21501.484375,-40927.49609375,-9721.8466796875,-39447.85546875,-8638.4794921875,19887.21875,-4344.5087890625
3760.766887889,14576.17578125,21452.623046875,-40983.15234375,-9768.427734375,-39481.5625,-8705.04296875,19835.33984375,-4381.2099609375
3760.767139877,14496.73828125,21398.46484375,-40638.734375,-9751.9541015625,-39499.53515625,-8601.5322265625,19857.087890625,-4438.87744140625
3760.767451672,14519.291015625,21425.935546875,-40455.71875,-9698.8916015625,-39477.25,-8497.2392578125,19908.4296875,-4420.794921875
3760.767661359,14568.8896484375,21460.447265625,-40543.65234375,-9689.90625,-39464.375,-8498.669921875,19922.7578125,-4376.51611328125
3760.767857188,14614.93359375,21493.392578125,-40816.20703125,-9721.98046875,-39467.50390625,-8591.228515625,19893.90234375,-4344.55322265625
3760.768058122,14563.2568359375,21438.228515625,-40919.62890625,-9786.107421875,-39511.24609375,-8677.193359375,19834.333984375,-4387.33447265625
3760.768475308,14494.435546875,21375.330078125,-40630.44140625,-9782.4873046875,-39531.62890625,-8593.7314453125,19846.962890625,-4438.4306640625
3760.768759023,14530.623046875,21419.2734375,-40505.453125,-9727.6806640625,-39496.78515625,-8508.4375,19899.177734375,-4416.4140625
3760.768954852,14577.0927734375,21452.98046875,-40646.08984375,-9717.48828125,-39477.00390625,-8533.314453125,19908.7890625,-4377.16455078125
3760.769201006,14627.00390625,21479.869140625,-40944.55078125,-9750.6806640625,-39476.01953125,-8640.4248046875,19877.09375,-4359.12646484375
3760.769498214,14580.9150390625,21438.765625,-41062.03125,-9808.3701171875,-39510.3515625,-8728.982421875,19817.861328125,-4391.4697265625
3760.769694772,14500.224609375,21380.76171875,-40786.27734375,-9804.8828125,-39534.91796875,-8667.89453125,19822.0625,-4437.201171875
3760.769889507,14535.8984375,21416.345703125,-40645.10546875,-9739.68359375,-39497.34375,-8578.1748046875,19880.892578125,-4400.8349609375
3760.770090442,14600.517578125,21464.89453125,-40766.20703125,-9724.6630859375,-39474.76953125,-8599.8564453125,19889.87890625,-4361.36181640625
3760.770285542,14652.41796875,21492.677734375,-41058.6328125,-9758.66015625,-39472.17578125,-8700.751953125,19859.345703125,-4344.97802734375
3760.770481006,14595.5322265625,21442.341796875,-41184.02734375,-9830.431640625,-39519.6484375,-8798.9658203125,19795.80078125,-4376.38232421875
3760.770676106,14509.478515625,21384.78515625,-40898.015625,-9822.228515625,-39540.6171875,-8725.3388671875,19801.1640625,-4429.95947265625
3760.7708723,14539.0498046875,21433.35546875,-40744.03515625,-9741.203125,-39492.11328125,-8621.984375,19857.916015625,-4411.2060546875
3760.77115018,14595.9345703125,21477.322265625,-40858.6328125,-9727.6806640625,-39465.359375,-8630.4560546875,19871.39453125,-4371.80029296875
3760.771463434,14645.17578125,21497.662109375,-41145.16015625,-9767.98046875,-39472.64453125,-8739.62109375,19848.21484375,-4342.630859375
3760.771701929,14588.0,21448.15234375,-41260.6953125,-9834.2314453125,-39518.375,-8833.0966796875,19787.73046875,-4383.8701171875
3760.771897394,14514.57421875,21399.783203125,-40951.7265625,-9811.8349609375,-39528.1875,-8738.5712890625,19807.087890625,-4428.35009765625
3760.772492539,14534.2890625,21414.9609375,-40787.62109375,-9760.7607421875,-39503.78125,-8641.67578125,19862.341796875,-4412.8154296875
3760.772698579,14587.083984375,21445.73828125,-40876.06640625,-9753.1611328125,-39486.2578125,-8645.05078125,19878.970703125,-4371.8447265625
3760.77289769,14634.513671875,21495.806640625,-41129.64453125,-9762.4599609375,-39470.25390625,-8725.4951171875,19863.279296875,-4345.8720703125
3760.77324887,14587.5302734375,21458.12109375,-41233.359375,-9812.728515625,-39501.38671875,-8806.1630859375,19811.982421875,-4372.224609375
3760.773563582,14507.98046875,21399.515625,-40935.23046875,-9801.8876953125,-39519.08984375,-8725.205078125,19815.89453125,-4418.89501953125
3760.77376087,14530.265625,21423.365234375,-40777.046875,-9746.142578125,-39493.0078125,-8632.9140625,19863.794921875,-4419.7890625
3760.773957793,14591.7998046875,21470.19140625,-40874.12109375,-9732.2626953125,-39468.578125,-8632.51171875,19884.46875,-4372.31396484375
3760.774230568,14650.8974609375,21500.322265625,-41143.97265625,-9763.755859375,-39466.140625,-8724.6015625,19858.474609375,-4342.876953125
3761.22685032,14598.1923828125,21459.10546875,-41250.8828125,-9820.126953125,-39508.5625,-8825.9443359375,19799.599609375,-4364.73681640625
3761.227079699,14508.3828125,21397.078125,-40941.8671875,-9805.3525390625,-39530.6015625,-8742.03515625,19806.953125,-4410.15576171875
3761.227272246,14531.6513671875,21415.8984375,-40774.765625,-9764.4267578125,-39510.26171875,-8641.9892578125,19859.97265625,-4402.93603515625
3761.227509648,14585.2734375,21477.478515625,-40853.46875,-9740.0185546875,-39479.52734375,-8632.400390625,19890.326171875,-4354.0751953125
3761.227726628,14642.650390625,21523.43359375,-41095.55859375,-9749.80859375,-39465.91796875,-8708.26171875,19870.87890625,-4328.16943359375
3761.227916258,14594.6611328125,21457.65234375,-41197.70703125,-9818.80859375,-39508.51953125,-8791.701171875,19813.32421875,-4372.98486328125
3761.228105158,14503.2646484375,21387.556640625,-40883.93359375,-9810.962890625,-39528.56640625,-8709.1787109375,19819.42578125,-4429.08740234375
3761.228294423,14529.9970703125,21424.28125,-40697.36328125,-9735.861328125,-39486.8359375,-8602.001953125,19876.37890625,-4402.4443359375
3761.228549329,14582.009765625,21460.15625,-40786.859375,-9723.7236328125,-39467.5703125,-8607.947265625,19880.69140625,-4367.30712890625
3761.22884909,14626.7353515625,21484.02734375,-41050.90234375,-9759.12890625,-39470.1171875,-8696.4375,19855.546875,-4348.8896484375
3761.229175471,14588.7822265625,21445.314453125,-41155.640625,-9811.455078125,-39503.84765625,-8776.904296875,19806.328125,-4387.2001953125
3761.229364007,14511.7802734375,21397.2578125,-40844.7265625,-9791.29296875,-39516.8125,-8691.7666015625,19823.830078125,-4430.16064453125
3761.22962803,14525.0576171875,21416.48046875,-40674.140625,-9740.443359375,-39488.76171875,-8587.7861328125,19880.087890625,-4402.93603515625
3761.22985121,14576.01953125,21457.5859375,-40767.52734375,-9726.49609375,-39467.75,-8590.7587890625,19891.197265625,-4365.83203125
3761.230041569,14625.037109375,21486.017578125,-41036.7734375,-9764.76171875,-39473.26953125,-8688.1904296875,19863.1015625,-4341.6923828125
3761.230232292,14591.9560546875,21444.0625,-41158.48046875,-9824.2841796875,-39512.85546875,-8778.111328125,19803.712890625,-4373.72216796875
3761.230470788,14503.689453125,21386.373046875,-40864.15234375,-9819.1435546875,-39532.90625,-8702.4501953125,19818.017578125,-4416.212890625
3761.230771643,14516.8095703125,21418.134765625,-40691.171875,-9752.9150390625,-39493.6328125,-8597.2412109375,19873.763671875,-4403.78515625
3761.231062287,14573.404296875,21465.453125,-40776.421875,-9722.271484375,-39458.31640625,-8595.5419921875,19894.193359375,-4364.37939453125
3761.23134746,14626.35546875,21500.34375,-41047.97265625,-9755.798828125,-39465.26953125,-8694.0244140625,19861.291015625,-4348.21875
3761.231596532,14588.849609375,21459.75390625,-41177.27734375,-9820.619140625,-39510.5078125,-8789.8681640625,19804.896484375,-4387.06640625
3761.231788349,14510.4619140625,21397.681640625,-40876.98046875,-9805.978515625,-39523.8515625,-8702.16015625,19820.185546875,-4425.28759765625
3761.231980532,14524.7451171875,21422.73828125,-40703.64453125,-9749.16015625,-39497.140625,-8605.9130859375,19869.314453125,-4409.6640625
3761.232169797,14593.9013671875,21477.455078125,-40789.18359375,-9721.4892578125,-39464.84375,-8607.298828125,19889.900390625,-4369.34130859375
3761.232489615,14639.4990234375,21502.021484375,-41060.9609375,-9761.744140625,-39467.078125,-8698.896484375,19868.64453125,-4334.78564453125
3761.232899871,14588.1787109375,21449.806640625,-41195.40625,-9831.50390625,-39511.3125,-8794.0927734375,19817.458984375,-4370.74951171875
3761.233307575,14498.705078125,21388.67578125,-40904.00390625,-9818.4287109375,-39530.9375,-8719.4375,19822.287109375,-4424.12548828125
3761.234238584,14519.1787109375,21422.08984375,-40721.30078125,-9745.271484375,-39489.7421875,-8611.5458984375,19880.9375,-4397.16943359375
3761.234958812,14579.283203125,21477.92578125,-40808.453125,-9719.8798828125,-39461.9140625,-8613.021484375,19888.716796875,-4363.216796875
3761.235156099,14629.41796875,21504.076171875,-41080.5859375,-9755.44140625,-39465.71484375,-8705.8037109375,19853.84765625,-4342.072265625
3761.235348646,14583.1943359375,21449.3828125,-41222.3828125,-9830.0068359375,-39511.06640625,-8802.564453125,19798.416015625,-4367.55322265625
3761.235636373,14504.3818359375,21387.580078125,-40929.77734375,-9819.6796875,-39528.1875,-8723.6845703125,19812.609375,-4412.6142578125
3761.236087837,14532.791015625,21432.86328125,-40738.84765625,-9737.9619140625,-39484.9609375,-8612.41796875,19876.22265625,-4393.056640625
3761.236291689,14580.2666015625,21469.208984375,-40831.85546875,-9726.048828125,-39462.36328125,-8613.6025390625,19894.03515625,-4351.75048828125
3761.236483872,14627.6748046875,21491.1796875,-41097.83984375,-9757.6767578125,-39461.2890625,-8708.4853515625,19870.07421875,-4330.5166015625
3761.236674231,14586.5029296875,21454.009765625,-41238.0078125,-9822.1162109375,-39505.43359375,-8809.515625,19799.509765625,-4371.666015625
3761.236868236,14494.234375,21392.876953125,-40955.2578125,-9819.61328125,-39532.390625,-8739.7333984375,19800.962890625,-4426.0703125
3761.237058595,14515.4013671875,21425.623046875,-40774.1875,-9757.6767578125,-39499.48828125,-8633.1826171875,19864.197265625,-4404.6796875
3761.23724786,14569.0458984375,21461.787109375,-40862.609375,-9738.1181640625,-39475.7734375,-8630.65625,19888.560546875,-4363.2392578125
3761.237491097,14622.01953125,21500.90234375,-41125.890625,-9762.6611328125,-39468.80078125,-8714.1181640625,19871.7734375,-4331.61181640625
3761.237941832,14592.4033203125,21458.814453125,-41269.8359375,-9827.078125,-39507.22265625,-8812.3095703125,19809.6796875,-4365.4296875
3761.238357923,14519.6484375,21404.1875,-40977.6328125,-9813.376953125,-39524.6328125,-8735.2626953125,19812.4296875,-4413.8212890625
3761.238691599,14529.9970703125,21422.3359375,-40797.09765625,-9760.7607421875,-39500.2265625,-8636.021484375,19865.671875,-4396.29736328125
3761.238885604,14576.82421875,21466.078125,-40885.67578125,-9737.470703125,-39475.328125,-8635.9765625,19883.642578125,-4372.068359375
3761.239077422,14627.048828125,21498.869140625,-41150.41015625,-9767.3994140625,-39472.7109375,-8714.1630859375,19864.197265625,-4346.40869140625
3761.239267781,14592.58203125,21469.431640625,-41287.40625,-9819.412109375,-39499.53515625,-8808.107421875,19820.54296875,-4365.94384765625
3761.239473092,14501.0517578125,21407.451171875,-40999.2890625,-9805.375,-39517.86328125,-8741.6552734375,19830.580078125,-4403.69580078125
3761.23966418,14518.3740234375,21423.990234375,-40819.0234375,-9759.3974609375,-39499.2421875,-8645.900390625,19872.98046875,-4396.94580078125
#3789.091604256,14040.2255859375,20855.607421875,-41827.1328125,-10243.3798828125,-39474.23046875,-9262.1162109375,19300.59765625,-4605.62158203125
3789.091804825,13980.7705078125,20793.380859375,-41861.84375,-10301.78515625,-39518.9140625,-9327.4951171875,19249.142578125,-4636.0869140625
3789.09200576,13925.4716796875,20754.041015625,-41556.25,-10264.3232421875,-39513.83984375,-9225.212890625,19276.681640625,-4657.5224609375
3789.092209247,13958.6416015625,20801.740234375,-41441.51953125,-10199.5927734375,-39470.7890625,-9141.2822265625,19329.498046875,-4622.51953125
3789.09241164,14002.6748046875,20838.486328125,-41558.9765625,-10199.525390625,-39459.97265625,-9158.8955078125,19338.9296875,-4597.1279296875
3789.092613669,14036.7392578125,20853.5078125,-41821.3203125,-10238.3056640625,-39463.48046875,-9246.603515625,19302.810546875,-4587.78515625
3789.092814603,13975.00390625,20808.9375,-41853.88671875,-10281.556640625,-39496.91796875,-9311.71484375,19259.1796875,-4628.0849609375
3789.093016267,13905.7353515625,20761.775390625,-41557.63671875,-10255.4501953125,-39507.625,-9223.849609375,19281.53125,-4684.3447265625
3789.09321939,13943.5322265625,20797.470703125,-41446.97265625,-10197.8046875,-39471.59375,-9147.0263671875,19325.51953125,-4666.5302734375
3789.093420689,14003.6142578125,20843.046875,-41557.30078125,-10195.3681640625,-39456.57421875,-9167.5458984375,19328.24609375,-4616.41748046875
3789.093622717,14044.427734375,20860.66015625,-41812.3359375,-10228.158203125,-39455.30078125,-9252.8623046875,19305.783203125,-4584.521484375
3789.093823287,13986.1572265625,20797.380859375,-41847.5859375,-10275.677734375,-39489.5859375,-9308.853515625,19257.994140625,-4624.375
3789.094023492,13924.8017578125,20758.109375,-41548.80859375,-10252.7451171875,-39496.0,-9214.328125,19277.240234375,-4650.19091796875
3789.094227344,13948.3154296875,20796.375,-41445.3203125,-10203.4375,-39469.984375,-9145.931640625,19321.49609375,-4626.7216796875
3789.094430467,13989.1298828125,20813.51953125,-41573.28515625,-10220.6484375,-39472.0390625,-9175.5703125,19317.583984375,-4611.81298828125
3789.094631766,14026.9716796875,20834.373046875,-41833.01171875,-10257.86328125,-39477.31640625,-9266.6083984375,19291.923828125,-4590.02001953125
3789.09483343,13976.4560546875,20791.01171875,-41861.26171875,-10287.45703125,-39501.92578125,-9319.939453125,19244.5390625,-4629.515625
3789.095034364,13917.783203125,20752.34375,-41555.6484375,-10254.3994140625,-39502.640625,-9218.171875,19273.865234375,-4661.23291015625
3789.095237122,13940.3134765625,20782.5625,-41450.57421875,-10207.728515625,-39470.921875,-9138.3095703125,19327.955078125,-4642.30078125
3789.095437692,13989.95703125,20820.494140625,-41565.03515625,-10200.93359375,-39457.9140625,-9160.169921875,19332.537109375,-4617.84814453125
3789.095638991,14035.509765625,20845.1484375,-41823.53515625,-10237.568359375,-39466.3203125,-9259.8134765625,19297.021484375,-4596.7705078125
3789.095839561,13970.82421875,20782.427734375,-41868.34765625,-10299.482421875,-39511.4453125,-9327.47265625,19238.75,-4636.44482421875
3789.096040496,13903.58984375,20732.94140625,-41572.74609375,-10281.958984375,-39522.6015625,-9238.1767578125,19265.482421875,-4672.43115234375
3789.096253829,13935.552734375,20774.404296875,-41459.87109375,-10221.4970703125,-39487.95703125,-9156.705078125,19325.8984375,-4650.21337890625
3789.096455858,13994.94140625,20829.904296875,-41559.76171875,-10197.513671875,-39459.078125,-9161.6220703125,19331.890625,-4609.22021484375
3789.096656063,14044.2265625,20863.140625,-41808.08984375,-10222.771484375,-39453.7109375,-9250.3369140625,19300.41796875,-4577.88330078125
3789.096855903,13991.4990234375,20809.49609375,-41844.90234375,-10268.97265625,-39485.765625,-9310.57421875,19249.791015625,-4619.23388671875
3789.097056473,13922.611328125,20768.66015625,-41546.28125,-10243.4248046875,-39490.81640625,-9217.2783203125,19271.00390625,-4667.62548828125
3789.097258137,13944.1357421875,20792.330078125,-41443.91015625,-10203.8837890625,-39468.5078125,-9149.9326171875,19314.90234375,-4653.81201171875
3789.097458707,13991.365234375,20824.76171875,-41560.85546875,-10205.91796875,-39459.03125,-9168.9091796875,19319.685546875,-4626.9677734375
3789.097660006,14036.515625,20853.08203125,-41816.3359375,-10235.9814453125,-39462.18359375,-9255.3212890625,19293.33203125,-4594.7587890625
3789.097860576,13985.28515625,20813.876953125,-41850.55859375,-10274.91796875,-39492.5390625,-9315.044921875,19249.9921875,-4622.58642578125
3789.098061146,13919.19140625,20768.01171875,-41553.76953125,-10249.392578125,-39493.296875,-9222.486328125,19277.171875,-4660.62939453125
3789.098264268,13945.8349609375,20795.974609375,-41446.37109375,-10207.482421875,-39466.72265625,-9145.5966796875,19327.150390625,-4645.65380859375
3789.098465932,13988.705078125,20819.8671875,-41562.109375,-10214.0322265625,-39461.24609375,-9166.6513671875,19329.36328125,-4617.82568359375
3789.098666502,14028.357421875,20849.4609375,-41816.359375,-10236.919921875,-39462.83203125,-9262.2275390625,19297.556640625,-4595.3173828125
3789.098867072,13977.23828125,20812.357421875,-41851.98828125,-10278.2265625,-39492.8046875,-9318.978515625,19255.513671875,-4624.39697265625
3789.099069465,13920.1748046875,20772.146484375,-41543.84765625,-10244.4306640625,-39490.0546875,-9214.3720703125,19300.552734375,-4637.6962890625
3789.099270764,13940.7158203125,20808.22265625,-41434.43359375,-10194.697265625,-39456.05859375,-9132.6318359375,19346.529296875,-4622.765625
3789.099471699,13989.3310546875,20828.8984375,-41553.27734375,-10201.3359375,-39449.734375,-9157.263671875,19337.74609375,-4611.5
3789.099672633,14026.703125,20839.91796875,-41814.66015625,-10243.0,-39462.4296875,-9256.0361328125,19298.517578125,-4598.1787109375
3789.099873203,13969.9072265625,20791.390625,-41860.90625,-10290.4521484375,-39500.3828125,-9324.25390625,19243.33203125,-4631.41552734375
3789.100076325,13914.810546875,20755.78515625,-41553.703125,-10254.33203125,-39495.48828125,-9219.06640625,19275.1171875,-4659.39990234375
3789.100278719,13939.978515625,20782.181640625,-41443.2421875,-10214.568359375,-39469.87109375,-9137.482421875,19327.46484375,-4632.689453125
3789.100479653,13992.6171875,20823.64453125,-41551.6484375,-10202.431640625,-39451.27734375,-9156.548828125,19331.263671875,-4611.18701171875
3789.100680223,14030.6142578125,20845.19140625,-41811.5546875,-10240.1162109375,-39459.27734375,-9254.046875,19303.837890625,-4582.5771484375
3789.100880793,13967.001953125,20780.73046875,-41869.33203125,-10308.37890625,-39506.73046875,-9322.9345703125,19251.1328125,-4621.0888671875
3789.555521195,13918.587890625,20765.1953125,-41550.21484375,-10247.5146484375,-39486.01171875,-9209.208984375,19286.8515625,-4653.2978515625
3789.555723588,13945.56640625,20795.392578125,-41433.5859375,-10191.9482421875,-39458.6953125,-9142.9365234375,19333.900390625,-4637.22705078125
3789.55595552,13992.125,20830.708984375,-41548.02734375,-10195.7255859375,-39452.23828125,-9167.2099609375,19328.447265625,-4615.724609375
3789.556145514,14027.708984375,20865.689453125,-41802.61328125,-10225.1630859375,-39452.55078125,-9256.8408203125,19293.7578125,-4594.5576171875
3789.556335144,13983.7431640625,20810.63671875,-41850.17578125,-10276.9521484375,-39490.2109375,-9318.8671875,19247.087890625,-4627.79443359375
3789.556524773,13926.9248046875,20759.49609375,-41552.05078125,-10255.3603515625,-39499.1328125,-9222.59765625,19287.23046875,-4643.91015625
3789.556712944,13943.5546875,20786.98828125,-41442.94921875,-10213.1376953125,-39475.2578125,-9148.5693359375,19335.33203125,-4632.689453125
3789.55708564,13982.1787109375,20818.66015625,-41557.75,-10207.1025390625,-39462.875,-9170.1162109375,19323.75390625,-4620.03857421875
3789.557490426,14026.4794921875,20844.029296875,-41818.6171875,-10247.291015625,-39471.83984375,-9261.7578125,19290.962890625,-4593.06005859375
3789.557837959,13982.4248046875,20798.431640625,-41865.30859375,-10296.7109375,-39506.6640625,-9323.046875,19249.30078125,-4636.1318359375
3789.558205549,13913.5361328125,20752.701171875,-41564.453125,-10264.390625,-39507.6484375,-9227.068359375,19273.10546875,-4658.3046875
3789.558395543,13934.658203125,20791.4140625,-41445.1875,-10205.3818359375,-39473.2265625,-9149.4853515625,19317.607421875,-4636.7353515625
3789.558584808,13991.275390625,20829.45703125,-41550.12890625,-10193.267578125,-39453.734375,-9162.494140625,19329.318359375,-4602.26904296875
3789.558859042,14042.6845703125,20844.07421875,-41811.80078125,-10239.6025390625,-39463.078125,-9253.3095703125,19301.849609375,-4580.81103515625
3789.559249241,13977.7978515625,20789.8046875,-41862.55859375,-10286.6748046875,-39496.24609375,-9319.068359375,19250.529296875,-4617.62451171875
3789.559442882,13917.9169921875,20756.76953125,-41561.4375,-10252.0966796875,-39500.25,-9230.287109375,19273.640625,-4661.1435546875
3789.559635065,13947.421875,20792.240234375,-41446.4375,-10210.03125,-39473.828125,-9148.8369140625,19318.03125,-4634.5
3789.559872831,13992.818359375,20827.2890625,-41556.3203125,-10203.59375,-39460.73046875,-9169.37890625,19322.255859375,-4603.83349609375
3789.560065013,14036.962890625,20843.470703125,-41815.75390625,-10240.5859375,-39467.99609375,-9265.0439453125,19291.9921875,-4598.0888671875
3789.560255737,13981.5302734375,20786.138671875,-41871.72265625,-10297.8291015625,-39507.17578125,-9331.71875,19241.25390625,-4634.6787109375
3789.560446096,13911.189453125,20751.046875,-41569.23828125,-10260.5458984375,-39507.3125,-9238.3564453125,19265.19140625,-4663.62451171875
3789.560637184,13941.341796875,20790.9453125,-41448.26953125,-10205.6943359375,-39476.01953125,-9156.2802734375,19315.21484375,-4648.24658203125
3789.561018996,13989.912109375,20808.53515625,-41562.375,-10209.3828125,-39468.41796875,-9167.2548828125,19314.6796875,-4624.21826171875
3789.561470826,14031.2626953125,20835.537109375,-41816.76171875,-10241.2568359375,-39475.59375,-9266.8994140625,19286.001953125,-4595.3173828125
3789.561784808,13975.7861328125,20795.638671875,-41870.98828125,-10291.7265625,-39510.0390625,-9334.1328125,19241.341796875,-4626.05126953125
3789.562030962,13904.3720703125,20744.67578125,-41572.41015625,-10267.564453125,-39512.20703125,-9240.1220703125,19263.716796875,-4667.3349609375
3789.562220592,13939.486328125,20781.51171875,-41445.72265625,-10207.416015625,-39480.46875,-9160.572265625,19313.60546875,-4648.24658203125
3789.562410951,14005.1787109375,20823.935546875,-41549.76953125,-10198.453125,-39463.390625,-9172.91015625,19319.462890625,-4622.67626953125
3789.56260131,14049.904296875,20851.71875,-41801.875,-10226.3701171875,-39458.78515625,-9254.1142578125,19289.890625,-4590.46728515625
3789.562903988,13983.810546875,20802.5234375,-41866.6953125,-10285.1552734375,-39504.5625,-9329.796875,19232.06640625,-4630.923828125
3789.563307681,13915.7041015625,20753.55078125,-41572.92578125,-10271.05078125,-39516.4765625,-9241.4853515625,19255.333984375,-4674.19677734375
3789.563572797,13938.81640625,20769.44140625,-41456.609375,-10226.9736328125,-39483.91015625,-9153.1962890625,19308.53125,-4659.19873046875
3789.563822233,13987.498046875,20803.998046875,-41562.890625,-10218.591796875,-39465.53515625,-9167.3896484375,19326.927734375,-4620.01611328125
3789.564013322,14031.9111328125,20837.994140625,-41812.76171875,-10234.3271484375,-39464.5546875,-9256.662109375,19300.75390625,-4597.28466796875
3789.564204045,13980.748046875,20793.984375,-41869.78125,-10285.4013671875,-39502.171875,-9325.505859375,19245.0078125,-4635.953125
3789.564394769,13914.564453125,20740.09375,-41574.66796875,-10269.4423828125,-39512.5859375,-9233.1923828125,19261.97265625,-4664.76416015625
3789.564585128,13938.8388671875,20767.296875,-41456.25,-10228.650390625,-39487.5546875,-9157.755859375,19315.9296875,-4636.46728515625
3789.564919168,13986.849609375,20813.36328125,-41557.28125,-10209.6513671875,-39463.30078125,-9169.5126953125,19326.30078125,-4611.25439453125
3789.565292228,14032.849609375,20846.48828125,-41807.53125,-10233.388671875,-39461.1328125,-9253.935546875,19293.578125,-4603.40869140625
3789.565601105,13983.2734375,20799.1484375,-41875.12109375,-10294.2080078125,-39507.2890625,-9329.7744140625,19230.234375,-4646.36865234375
3789.565839237,13922.4765625,20756.478515625,-41575.78515625,-10262.3115234375,-39508.31640625,-9238.4453125,19254.8203125,-4669.8828125
3789.566029596,13943.15234375,20788.462890625,-41452.44921875,-10207.5498046875,-39472.77734375,-9154.7158203125,19309.537109375,-4650.4814453125
3789.56621959,13983.2509765625,20818.482421875,-41559.13671875,-10210.8134765625,-39461.1328125,-9166.9873046875,19321.65234375,-4614.38330078125
3789.56640922,14025.451171875,20828.830078125,-41819.80078125,-10258.466796875,-39471.1015625,-9259.6796875,19292.193359375,-4585.21435546875
3789.566599579,13975.96484375,20787.435546875,-41875.41015625,-10294.296875,-39497.3671875,-9316.966796875,19244.919921875,-4618.80908203125
3789.566892411,13910.3623046875,20755.3828125,-41573.05859375,-10257.193359375,-39497.85546875,-9227.8056640625,19259.55859375,-4664.98779296875
3789.567202017,13938.4140625,20781.109375,-41450.953125,-10213.5400390625,-39474.1640625,-9156.3701171875,19314.65625,-4643.9326171875
3789.567494849,13988.4150390625,20812.0,-41557.859375,-10213.6962890625,-39463.2578125,-9164.4384765625,19337.25390625,-4621.759765625
3789.567719852,14032.783203125,20837.16796875,-41813.98828125,-10244.1845703125,-39460.23828125,-9246.7822265625,19305.89453125,-4603.5654296875
3789.56793902,13985.0390625,20805.181640625,-41870.76171875,-10280.7294921875,-39490.9296875,-9319.8056640625,19252.5859375,-4627.75
3789.568129015,13916.6875,20753.125,-41576.75,-10260.5009765625,-39502.4375,-9234.556640625,19271.47265625,-4658.37158203125
3789.568319374,13939.28515625,20777.9140625,-41457.94921875,-10225.1630859375,-39483.953125,-9155.5205078125,19326.16796875,-4623.7041015625
3789.568525778,13987.4091796875,20817.029296875,-41560.69921875,-10215.462890625,-39468.1953125,-9170.09375,19331.77734375,-4611.03076171875
3789.568749687,14029.1845703125,20840.966796875,-41808.265625,-10233.90234375,-39460.86328125,-9254.76171875,19298.384765625,-4588.791015625
3789.569143898,13982.15625,20792.6875,-41875.5234375,-10289.513671875,-39494.68359375,-9320.587890625,19243.755859375,-4617.62451171875
3789.56939771,13915.5029296875,20740.876953125,-41585.59765625,-10275.4326171875,-39509.79296875,-9236.322265625,19254.708984375,-4653.56591796875
3789.569593175,13939.8662109375,20763.787109375,-41464.85546875,-10233.947265625,-39488.3125,-9159.5439453125,19299.814453125,-4638.322265625
3789.569818907,13986.0673828125,20812.71484375,-41557.90625,-10205.2705078125,-39460.26171875,-9164.9970703125,19308.15234375,-4610.7626953125
3789.570015101,14039.2197265625,20850.244140625,-41803.55078125,-10227.197265625,-39459.09765625,-9253.7119140625,19288.05859375,-4588.67919921875
3789.570210565,13985.732421875,20788.75390625,-41879.703125,-10298.6552734375,-39508.02734375,-9330.490234375,19238.19140625,-4617.9599609375
3789.570406759,13916.6875,20735.84765625,-41584.16796875,-10276.37109375,-39515.58203125,-9242.4912109375,19257.390625,-4660.76318359375
3789.570602223,13937.2958984375,20765.59765625,-41454.28125,-10221.9892578125,-39482.65625,-9153.84375,19315.349609375,-4644.357421875
3789.570899796,13979.138671875,20804.04296875,-41556.69921875,-10210.6572265625,-39468.59765625,-9169.2216796875,19325.02734375,-4618.85400390625
3789.571115682,14029.5419921875,20838.77734375,-41808.15625,-10241.1669921875,-39471.19140625,-9260.349609375,19298.96484375,-4590.64599609375
3789.571311876,13976.4560546875,20793.671875,-41878.09375,-10295.19140625,-39505.63671875,-9327.7177734375,19240.896484375,-4631.5498046875
3789.57150734,13912.240234375,20737.748046875,-41584.4375,-10276.818359375,-39516.3203125,-9241.865234375,19254.552734375,-4678.57763671875
3789.571702805,13932.8037109375,20762.22265625,-41458.6640625,-10234.3046875,-39492.71484375,-9160.572265625,19303.369140625,-4653.72265625
3789.571898269,13981.150390625,20807.23828125,-41550.41796875,-10207.3037109375,-39467.48046875,-9172.7978515625,19306.23046875,-4631.9296875
3789.572092275,14031.84375,20848.56640625,-41791.81640625,-10224.1796875,-39460.1953125,-9254.29296875,19283.587890625,-4603.65478515625
3789.57228628,13975.80859375,20791.951171875,-41872.5078125,-10287.63671875,-39503.19921875,-9329.9306640625,19221.494140625,-4638.2998046875
3789.57248211,13911.0107421875,20746.0625,-41575.62890625,-10265.1279296875,-39505.234375,-9235.3603515625,19248.25,-4669.59228515625
3789.572693255,13935.6865234375,20774.671875,-41446.2578125,-10211.4169921875,-39470.1171875,-9145.2158203125,19312.5546875,-4641.04931640625
3789.572951443,13982.9609375,20805.541015625,-41556.05078125,-10211.6630859375,-39460.55078125,-9161.17578125,19313.8515625,-4616.171875
3789.573165141,14025.294921875,20824.427734375,-41814.34765625,-10252.1640625,-39470.09765625,-9259.3447265625,19273.751953125,-4599.07275390625
3789.573360241,13977.126953125,20774.068359375,-41888.30859375,-10312.7373046875,-39510.30859375,-9333.171875,19229.96484375,-4623.9501953125
3789.573555341,13913.15625,20743.3125,-41584.125,-10269.9560546875,-39509.5234375,-9246.8271484375,19256.36328125,-4663.490234375
3789.573808423,13933.9208984375,20771.7890625,-41453.14453125,-10214.724609375,-39479.57421875,-9161.7568359375,19308.173828125,-4653.7451171875
3789.574038532,13984.48046875,20807.216796875,-41557.28125,-10212.8916015625,-39466.7890625,-9173.5810546875,19315.037109375,-4628.6884765625
3789.574245665,14028.6474609375,20846.712890625,-41800.19921875,-10231.734375,-39456.99609375,-9249.3974609375,19296.88671875,-4594.9599609375
3789.574489267,13981.1953125,20803.193359375,-41873.06640625,-10281.51171875,-39490.703125,-9319.58203125,19246.1484375,-4616.21630859375
3789.574729221,13909.9150390625,20749.90625,-41582.87109375,-10268.7041015625,-39503.80078125,-9235.6513671875,19265.259765625,-4658.662109375
3789.575056332,13931.7529296875,20773.578125,-41455.8046875,-10223.3076171875,-39480.48828125,-9155.341796875,19315.52734375,-4639.17138671875
3789.575335671,13981.3515625,20803.73046875,-41558.44140625,-10219.8662109375,-39471.52734375,-9170.8310546875,19321.16015625,-4612.41650390625
3789.5755315,14028.3798828125,20837.234375,-41805.33984375,-10245.615234375,-39471.078125,-9253.3759765625,19292.326171875,-4585.86279296875
3789.575749575,13982.4248046875,20796.353515625,-41875.92578125,-10290.1171875,-39498.21484375,-9322.0859375,19241.431640625,-4613.46728515625
3789.576139409,13917.3359375,20746.798828125,-41578.42578125,-10262.5576171875,-39499.7109375,-9234.220703125,19257.5703125,-4655.9580078125
3789.576426407,13935.150390625,20771.54296875,-41449.25390625,-10216.8037109375,-39477.78515625,-9156.212890625,19300.552734375,-4649.5205078125
3789.576621506,13979.6298828125,20804.623046875,-41547.69140625,-10211.439453125,-39461.71484375,-9165.869140625,19308.95703125,-4626.6767578125
3789.576848697,14025.33984375,20828.875,-41796.82421875,-10241.994140625,-39461.04296875,-9252.75,19284.75,-4603.65478515625
3789.577059843,13985.3974609375,20787.94921875,-41870.18359375,-10287.45703125,-39489.40625,-9322.64453125,19236.134765625,-4630.43212890625
3789.577255307,13906.16015625,20739.244140625,-41580.9296875,-10268.4580078125,-39501.9921875,-9242.87109375,19249.6796875,-4681.3271484375
3789.577448948,13923.7509765625,20768.16796875,-41450.328125,-10218.099609375,-39476.2890625,-9160.572265625,19302.453125,-4669.43603515625
3789.577644777,13977.0595703125,20806.703125,-41553.50390625,-10215.462890625,-39466.7890625,-9177.0,19313.3828125,-4629.98486328125
3789.577839877,14023.1494140625,20825.880859375,-41809.36328125,-10250.107421875,-39466.98828125,-9261.2666015625,19289.48828125,-4594.60205078125
3789.578033883,13969.1025390625,20782.8984375,-41892.109375,-10300.623046875,-39501.92578125,-9332.9931640625,19240.494140625,-4621.82666015625
3789.578227888,13902.6513671875,20735.802734375,-41604.6875,-10285.4013671875,-39515.06640625,-9249.263671875,19251.958984375,-4668.36279296875
3789.578422259,13931.2392578125,20754.845703125,-41470.890625,-10237.92578125,-39486.6796875,-9162.44921875,19297.400390625,-4656.5166015625
3789.578616994,13968.677734375,20786.138671875,-41572.96875,-10231.3544921875,-39474.7890625,-9179.146484375,19297.982421875,-4625.40283203125
3789.578939364,14010.05078125,20814.548828125,-41823.95703125,-10258.3330078125,-39478.14453125,-9270.3193359375,19267.71875,-4599.85498046875
3789.579279604,13961.63671875,20768.369140625,-41906.19140625,-10313.1845703125,-39517.1484375,-9348.3037109375,19216.443359375,-4635.2822265625
3789.579490384,13901.3095703125,20727.419921875,-41603.48046875,-10281.8466796875,-39516.87890625,-9252.59375,19242.125,-4665.79248046875
3789.579688766,13932.2666015625,20757.21484375,-41462.3515625,-10226.0576171875,-39479.59375,-9155.69921875,19302.5859375,-4642.03271484375
3789.57988496,13980.6806640625,20793.783203125,-41559.3359375,-10218.30078125,-39465.26953125,-9164.8408203125,19323.171875,-4620.26220703125
3789.580081883,14022.3896484375,20822.013671875,-41807.62109375,-10252.6337890625,-39469.359375,-9250.314453125,19297.802734375,-4592.166015625
3789.580278806,13976.8583984375,20783.30078125,-41884.59765625,-10296.9345703125,-39502.3046875,-9333.4404296875,19243.443359375,-4627.5712890625
3789.580475365,13914.0283203125,20741.078125,-41587.6796875,-10273.0625,-39510.93359375,-9252.1025390625,19256.02734375,-4663.2666015625
3789.580700732,13936.267578125,20775.142578125,-41449.12109375,-10215.9091796875,-39480.625,-9167.03125,19304.486328125,-4643.955078125
3789.581075615,13985.083984375,20815.419921875,-41541.1875,-10198.0283203125,-39457.2421875,-9170.451171875,19319.908203125,-4616.283203125
3789.581360425,14024.9150390625,20835.40234375,-41798.3671875,-10235.556640625,-39463.59375,-9258.181640625,19282.3359375,-4600.3017578125
3789.581558442,13979.5859375,20786.02734375,-41892.04296875,-10298.8125,-39506.484375,-9338.08984375,19227.57421875,-4637.78564453125
3789.581784539,13919.302734375,20743.759765625,-41599.546875,-10280.1484375,-39515.0,-9251.677734375,19248.517578125,-4669.39111328125
3789.581980732,13936.111328125,20764.279296875,-41463.1328125,-10232.2265625,-39487.3515625,-9166.5400390625,19303.212890625,-4654.79541015625
3789.582176561,13981.396484375,20813.318359375,-41555.0,-10213.1826171875,-39463.94921875,-9171.2109375,19317.853515625,-4629.8955078125
3789.582372755,14021.4052734375,20824.62890625,-41804.734375,-10251.5830078125,-39469.42578125,-9253.5546875,19292.728515625,-4597.84326171875
3789.582569314,13977.7529296875,20772.236328125,-41891.90625,-10307.8642578125,-39506.3515625,-9333.373046875,19237.564453125,-4619.21142578125
3789.582867616,13911.9716796875,20750.21875,-41585.64453125,-10262.1103515625,-39499.0625,-9243.5859375,19260.431640625,-4655.33203125
3789.583153154,13929.71875,20772.392578125,-41447.421875,-10215.6640625,-39471.21484375,-9158.6494140625,19310.990234375,-4644.02197265625
3789.583354089,13974.6904296875,20797.783203125,-41554.9765625,-10226.0791015625,-39470.07421875,-9176.7099609375,19318.6796875,-4614.78564453125
3789.583555388,14024.5126953125,20824.31640625,-41808.73828125,-10257.9306640625,-39472.7578125,-9263.8818359375,19294.361328125,-4600.99462890625
3789.583758146,13988.794921875,20792.44140625,-41888.62109375,-10293.0009765625,-39498.4140625,-9334.6474609375,19240.515625,-4625.04541015625
3790.034851744,13919.146484375,20736.271484375,-41605.94140625,-10285.021484375,-39515.625,-9253.443359375,19253.189453125,-4662.01513671875
3790.035057784,13940.42578125,20772.705078125,-41462.1953125,-10221.005859375,-39477.80859375,-9162.986328125,19303.2578125,-4651.3310546875
3790.035250695,13984.4140625,20817.990234375,-41550.015625,-10204.6884765625,-39451.38671875,-9166.8974609375,19322.033203125,-4612.19287109375
3790.035442148,14025.6298828125,20837.279296875,-41803.796875,-10241.033203125,-39460.05859375,-9255.90234375,19291.298828125,-4593.48486328125
3790.035631049,13966.46484375,20776.7734375,-41902.19140625,-10307.6630859375,-39505.34375,-9339.095703125,19226.904296875,-4634.43310546875
3790.035819584,13900.8408203125,20738.150390625,-41607.70703125,-10285.0654296875,-39510.41796875,-9252.080078125,19246.1484375,-4663.736328125
3790.03600812,13914.251953125,20765.060546875,-41468.9453125,-10236.5625,-39484.40234375,-9164.818359375,19300.083984375,-4647.5087890625
3790.036405613,13965.0126953125,20804.9375,-41559.46875,-10227.755859375,-39466.7421875,-9173.4912109375,19319.865234375,-4620.5751953125
3790.036860724,14013.6943359375,20840.744140625,-41799.796875,-10236.7861328125,-39456.52734375,-9250.1572265625,19301.1328125,-4591.5400390625
3790.037163038,13970.421875,20795.68359375,-41890.6328125,-10287.63671875,-39490.48046875,-9329.5283203125,19240.26953125,-4628.1298828125
3790.037413203,13902.5166015625,20742.93359375,-41604.26171875,-10275.7900390625,-39507.51171875,-9258.919921875,19244.986328125,-4682.39990234375
3790.037601009,13925.0478515625,20764.099609375,-41464.41015625,-10229.7451171875,-39484.0,-9173.669921875,19286.224609375,-4672.453125
3790.03778918,13971.8291015625,20787.48046875,-41563.3828125,-10231.6005859375,-39475.99609375,-9180.4873046875,19296.751953125,-4624.1064453125
3790.037976986,14014.1865234375,20806.43359375,-41815.734375,-10266.7373046875,-39482.92578125,-9274.38671875,19272.45703125,-4596.1220703125
3790.038347494,13971.4716796875,20765.396484375,-41904.671875,-10311.6416015625,-39513.234375,-9350.7626953125,19225.361328125,-4626.1630859375
3790.038702685,13905.19921875,20727.8671875,-41609.0234375,-10277.6005859375,-39513.99609375,-9261.2666015625,19244.427734375,-4670.486328125
3790.039017762,13930.412109375,20759.048828125,-41467.29296875,-10229.4765625,-39485.3828125,-9172.865234375,19296.841796875,-4649.60986328125
3790.039248235,13978.244140625,20798.41015625,-41560.72265625,-10221.720703125,-39468.48828125,-9176.9560546875,19317.5390625,-4616.61865234375
3790.039435676,14025.7421875,20835.537109375,-41803.953125,-10240.943359375,-39464.26171875,-9253.64453125,19290.60546875,-4600.5703125
3790.039623118,13968.7900390625,20780.037109375,-41908.984375,-10304.466796875,-39510.46484375,-9347.7900390625,19224.01953125,-4645.81005859375
3790.039810924,13897.443359375,20733.0078125,-41612.66796875,-10280.05859375,-39508.4296875,-9253.9794921875,19261.34765625,-4664.76416015625
3790.039998366,13922.208984375,20772.28125,-41456.609375,-10215.216796875,-39463.546875,-9148.658203125,19325.876953125,-4627.4814453125
3790.040345899,13968.2978515625,20814.927734375,-41549.234375,-10207.1474609375,-39449.84375,-9160.28125,19334.662109375,-4600.927734375
3790.040714218,14020.5341796875,20836.765625,-41796.30859375,-10231.8017578125,-39450.8515625,-9243.787109375,19302.69921875,-4581.146484375
3790.040973865,13974.51171875,20785.9609375,-41894.90234375,-10289.2236328125,-39487.015625,-9321.3251953125,19250.953125,-4605.509765625
3790.041175528,13906.361328125,20730.1484375,-41612.01953125,-10289.5361328125,-39508.25,-9244.7041015625,19264.25390625,-4649.65478515625
3790.041363699,13923.4599609375,20744.498046875,-41476.41015625,-10255.6064453125,-39491.33203125,-9162.13671875,19313.44921875,-4634.7685546875
3790.041550412,13980.3232421875,20807.998046875,-41554.375,-10210.5673828125,-39458.02734375,-9162.8740234375,19324.89453125,-4611.03076171875
3790.041738218,14030.6591796875,20854.423828125,-41793.5390625,-10223.1064453125,-39452.86328125,-9246.3359375,19301.357421875,-4586.28759765625
3790.04192566,13980.14453125,20799.392578125,-41895.3515625,-10285.8701171875,-39492.44921875,-9323.2705078125,19251.021484375,-4614.65185546875
3790.042196247,13909.423828125,20748.587890625,-41607.97265625,-10267.6318359375,-39506.08203125,-9245.5087890625,19259.470703125,-4667.24560546875
3790.042558366,13939.0615234375,20775.431640625,-41464.51953125,-10215.2392578125,-39476.6015625,-9158.314453125,19305.1796875,-4654.9521484375
3790.042873079,13983.408203125,20818.66015625,-41558.12890625,-10209.2041015625,-39462.33984375,-9174.51953125,19314.43359375,-4626.63232421875
3790.043117409,14031.375,20843.671875,-41802.43359375,-10236.25,-39461.24609375,-9253.599609375,19295.43359375,-4602.80517578125
3790.043304851,13979.6298828125,20792.330078125,-41906.859375,-10299.884765625,-39505.14453125,-9336.078125,19239.80078125,-4633.091796875
3790.043491928,13895.2529296875,20734.55078125,-41628.76171875,-10290.2958984375,-39522.82421875,-9260.73046875,19249.45703125,-4674.77783203125
3790.043679005,13917.4697265625,20760.0546875,-41482.0,-10238.931640625,-39491.8203125,-9169.2890625,19297.22265625,-4659.2880859375
3790.043866082,13957.6806640625,20788.93359375,-41579.296875,-10238.41796875,-39479.8203125,-9179.2353515625,19306.23046875,-4636.556640625
3790.044147244,14005.8046875,20811.015625,-41829.5703125,-10270.7158203125,-39482.7265625,-9266.720703125,19275.5625,-4614.7412109375
3790.044537079,13964.1181640625,20774.8515625,-41927.2890625,-10314.9052734375,-39514.28515625,-9347.8798828125,19221.44921875,-4636.51171875
3790.044924726,13887.8984375,20732.091796875,-41632.91796875,-10279.9248046875,-39515.55859375,-9263.166015625,19240.470703125,-4671.939453125
3790.045143164,13917.3359375,20764.525390625,-41476.390625,-10222.0341796875,-39479.10546875,-9167.0537109375,19298.072265625,-4648.1123046875
3790.045333523,13961.7939453125,20792.84375,-41570.80078125,-10223.77734375,-39470.02734375,-9178.453125,19308.2421875,-4613.8916015625
3790.045523882,14014.677734375,20822.953125,-41815.890625,-10251.6943359375,-39473.78515625,-9264.462890625,19280.2578125,-4595.67529296875
3790.045713877,13973.55078125,20779.388671875,-41920.33984375,-10312.7822265625,-39515.91796875,-9346.806640625,19223.23828125,-4628.755859375
3790.045904236,13903.0751953125,20726.794921875,-41633.609375,-10297.806640625,-39523.8984375,-9262.607421875,19243.17578125,-4673.39208984375
3790.046153672,13934.6142578125,20758.01953125,-41474.578125,-10237.658203125,-39484.01953125,-9162.0244140625,19307.68359375,-4658.1484375
3790.046540589,13979.2275390625,20794.20703125,-41561.21484375,-10222.3916015625,-39465.42578125,-9171.9716796875,19321.474609375,-4628.26416015625
3790.046885569,14022.0087890625,20821.96875,-41809.36328125,-10247.0673828125,-39468.3515625,-9259.076171875,19287.56640625,-4600.59228515625
3790.047106925,13973.86328125,20777.712890625,-41913.58984375,-10304.310546875,-39505.79296875,-9343.4990234375,19229.228515625,-4630.3427734375
3790.047303484,13894.380859375,20729.029296875,-41628.37890625,-10291.7265625,-39519.4921875,-9265.0439453125,19241.185546875,-4673.458984375
3790.047498219,13914.0947265625,20763.048828125,-41473.52734375,-10235.2216796875,-39488.0,-9171.9931640625,19293.265625,-4660.56201171875
3790.047693319,13965.705078125,20792.62109375,-41558.53125,-10227.0634765625,-39469.8046875,-9174.5419921875,19306.23046875,-4638.81396484375
3790.047888418,14021.8974609375,20822.05859375,-41794.8359375,-10243.3349609375,-39462.5859375,-9247.5205078125,19281.93359375,-4603.498046875
3790.048195108,13976.076171875,20783.791015625,-41897.36328125,-10298.8125,-39499.19921875,-9333.6416015625,19226.232421875,-4625.26904296875
3790.048565251,13901.578125,20725.408203125,-41616.265625,-10289.6923828125,-39519.046875,-9263.412109375,19237.185546875,-4676.4765625
3790.04876035,13920.15234375,20753.37109375,-41466.375,-10239.4462890625,-39493.23046875,-9177.08984375,19290.091796875,-4672.9453125
3790.04895545,13967.515625,20793.470703125,-41551.578125,-10217.4521484375,-39470.51953125,-9181.76171875,19290.0703125,-4653.05224609375
3790.04918337,14015.9521484375,20819.287109375,-41797.94140625,-10245.1904296875,-39469.29296875,-9262.7197265625,19264.744140625,-4623.681640625
3790.049379199,13969.638671875,20767.69921875,-41912.8515625,-10313.9443359375,-39510.26171875,-9348.326171875,19217.314453125,-4637.763671875
3790.049575028,13892.66015625,20721.4296875,-41632.44921875,-10297.873046875,-39525.10546875,-9270.7431640625,19236.0234375,-4672.140625
3790.049770858,13904.4833984375,20741.658203125,-41480.43359375,-10240.83203125,-39491.93359375,-9172.462890625,19298.474609375,-4660.60693359375
3790.049986744,13953.7919921875,20783.92578125,-41567.359375,-10228.8291015625,-39470.8125,-9176.375,19305.89453125,-4638.23291015625
3790.050326983,14009.783203125,20819.017578125,-41807.05859375,-10246.9560546875,-39466.54296875,-9256.7734375,19282.828125,-4602.47021484375
3790.050539587,13976.724609375,20774.671875,-41911.9140625,-10296.8232421875,-39493.67578125,-9333.775390625,19231.10546875,-4625.4921875
3790.050736875,13898.2255859375,20710.947265625,-41631.5546875,-10291.927734375,-39512.00390625,-9262.3837890625,19236.849609375,-4664.4736328125
3790.050933069,13911.2568359375,20724.73828125,-41482.69140625,-10251.44921875,-39489.67578125,-9172.015625,19291.3203125,-4651.263671875
3790.051230277,13951.6904296875,20768.458984375,-41565.640625,-10228.5830078125,-39466.23046875,-9176.4189453125,19299.234375,-4631.1025390625
3790.051438505,14003.390625,20821.990234375,-41790.54296875,-10235.9814453125,-39450.76171875,-9242.423828125,19287.1640625,-4602.22412109375
3790.051634334,13970.935546875,20786.1171875,-41896.109375,-10289.6923828125,-39482.546875,-9316.05078125,19236.89453125,-4619.45751953125
3790.051828704,13902.583984375,20726.4140625,-41617.02734375,-10281.3779296875,-39503.109375,-9249.1962890625,19248.271484375,-4663.2890625
3790.052025992,13920.041015625,20738.306640625,-41472.3203125,-10248.23046875,-39489.98828125,-9173.9833984375,19294.986328125,-4653.61083984375
3790.052221456,13961.5927734375,20782.7421875,-41556.296875,-10227.7109375,-39468.62109375,-9174.6982421875,19303.748046875,-4620.10546875
3790.052418015,14010.1630859375,20826.662109375,-41793.0,-10242.5078125,-39462.05078125,-9253.734375,19285.375,-4598.04443359375
3790.052614209,13967.0244140625,20784.23828125,-41905.1171875,-10306.2548828125,-39501.90234375,-9339.251953125,19232.447265625,-4633.29296875
3790.052810038,13886.7138671875,20719.6875,-41624.22265625,-10294.029296875,-39512.80859375,-9261.1767578125,19240.6953125,-4676.81201171875
3790.053015348,13909.5576171875,20748.85546875,-41460.67578125,-10234.6630859375,-39481.31640625,-9167.9033203125,19292.326171875,-4657.96923828125
3790.053277183,13965.3251953125,20801.62890625,-41534.75,-10206.56640625,-39456.26171875,-9169.9375,19301.4921875,-4631.1025390625
3790.053472647,14019.259765625,20829.8359375,-41773.4453125,-10231.2431640625,-39454.11328125,-9248.369140625,19276.279296875,-4604.705078125
3790.053668477,13973.953125,20778.31640625,-41891.90625,-10296.7109375,-39492.828125,-9330.802734375,19225.8984375,-4637.20458984375
3790.053919006,13905.84765625,20718.904296875,-41611.55078125,-10289.2451171875,-39510.59765625,-9251.8564453125,19234.2578125,-4681.75146484375
3790.054250858,13935.0390625,20758.556640625,-41445.07421875,-10215.41796875,-39472.7109375,-9158.42578125,19280.63671875,-4671.44775390625
3790.054506494,13978.0654296875,20811.060546875,-41523.640625,-10183.6337890625,-39444.37109375,-9159.677734375,19296.126953125,-4632.24267578125
