#3773.241036807,14349.57421875,21215.11328125,-41282.91015625,-9945.498046875,-39482.16796875,-8868.1435546875,19634.107421875,-4442.587890625
3773.241231177,14373.826171875,21227.361328125,-41533.7421875,-9990.4921875,-39492.6484375,-8968.2578125,19586.4765625,-4441.91748046875
3773.241425183,14289.6494140625,21153.51171875,-41460.69921875,-10034.3017578125,-39538.87109375,-9000.689453125,19537.32421875,-4496.74609375
3773.241618824,14261.6201171875,21141.375,-41165.87890625,-9979.8525390625,-39523.00390625,-8885.4443359375,19589.091796875,-4517.623046875
3773.241879565,14299.70703125,21179.73046875,-41132.171875,-9940.669921875,-39492.06640625,-8829.4306640625,19635.0234375,-4484.005859375
3773.242269764,14357.28515625,21211.984375,-41285.5703125,-9943.1962890625,-39477.42578125,-8865.0595703125,19637.662109375,-4444.71142578125
3773.242522847,14379.3916015625,21223.451171875,-41534.75,-9981.9091796875,-39481.3828125,-8962.2001953125,19604.8046875,-4423.4326171875
3773.242718312,14294.4990234375,21154.8984375,-41465.52734375,-10027.841796875,-39523.8515625,-8982.31640625,19578.072265625,-4473.2099609375
3773.242955713,14258.5126953125,21126.400390625,-41182.484375,-9992.1904296875,-39524.90234375,-8882.1806640625,19607.240234375,-4498.13232421875
3773.243150084,14298.2548828125,21169.29296875,-41146.3203125,-9952.9638671875,-39498.4609375,-8835.3544921875,19641.439453125,-4472.33837890625
3773.243345183,14350.6025390625,21213.99609375,-41292.65625,-9946.01171875,-39479.08203125,-8865.55078125,19641.505859375,-4437.67041015625
3773.243538825,14366.8740234375,21223.3828125,-41545.34375,-9985.619140625,-39484.82421875,-8966.08984375,19599.41796875,-4427.634765625
3773.24373283,14282.072265625,21159.435546875,-41476.90234375,-10030.658203125,-39527.18359375,-8994.6103515625,19554.490234375,-4481.5693359375
3773.244034414,14255.25,21144.392578125,-41179.6015625,-9983.8984375,-39515.08984375,-8880.83984375,19604.55859375,-4497.08154296875
3773.244317765,14296.1533203125,21181.8984375,-41142.0078125,-9950.9970703125,-39493.3203125,-8831.822265625,19642.421875,-4477.25537109375
3773.244518699,14351.0048828125,21221.751953125,-41287.60546875,-9947.8447265625,-39478.6796875,-8864.5009765625,19642.17578125,-4440.8447265625
3773.244718905,14382.1630859375,21236.97265625,-41536.15625,-9986.06640625,-39487.12890625,-8967.810546875,19610.16796875,-4425.3994140625
3773.24493552,14303.7080078125,21178.546875,-41460.98828125,-10020.1083984375,-39520.38671875,-8987.837890625,19573.623046875,-4473.45556640625
3773.245130255,14268.951171875,21159.859375,-41167.80078125,-9977.0810546875,-39510.59765625,-8873.6201171875,19618.05859375,-4489.48193359375
3773.24532499,14307.8212890625,21191.755859375,-41129.01953125,-9939.41796875,-39484.4453125,-8821.1162109375,19659.431640625,-4462.34716796875
3773.245518996,14363.1416015625,21231.1171875,-41271.17578125,-9937.2275390625,-39468.8203125,-8849.48046875,19660.482421875,-4429.69091796875
3773.245713366,14391.05859375,21241.779296875,-41516.5546875,-9969.01171875,-39474.96875,-8950.4658203125,19629.591796875,-4409.865234375
3773.246069287,14310.4140625,21172.33203125,-41452.671875,-10015.81640625,-39520.27734375,-8986.3623046875,19585.11328125,-4454.72509765625
3773.246365765,14263.2294921875,21151.478515625,-41164.91796875,-9979.025390625,-39517.03515625,-8881.6669921875,19607.978515625,-4486.419921875
3773.2465605,14294.1416015625,21184.380859375,-41132.953125,-9947.3984375,-39498.3046875,-8839.51171875,19636.8125,-4479.3564453125
3773.246754506,14353.3291015625,21224.412109375,-41278.15234375,-9947.4423828125,-39481.94140625,-8869.4853515625,19636.298828125,-4447.48291015625
3773.246953253,14381.224609375,21229.865234375,-41537.140625,-9994.560546875,-39493.69921875,-8969.8896484375,19602.501953125,-4441.11279296875
3773.247147623,14306.8603515625,21159.390625,-41476.09765625,-10036.7822265625,-39532.94921875,-8996.599609375,19558.58203125,-4467.86767578125
3773.247341264,14253.103515625,21129.283203125,-41187.15625,-10003.724609375,-39525.57421875,-8884.416015625,19606.705078125,-4482.91064453125
3773.247535999,14292.2646484375,21171.55078125,-41138.25,-9945.8779296875,-39485.67578125,-8822.703125,19647.451171875,-4458.837890625
3773.247730734,14352.904296875,21219.13671875,-41276.38671875,-9929.5390625,-39466.80859375,-8854.6884765625,19643.025390625,-4442.6103515625
3773.248068056,14374.048828125,21232.302734375,-41537.765625,-9980.5458984375,-39485.51953125,-8961.26171875,19606.279296875,-4428.50634765625
3773.248334996,14300.66796875,21175.73046875,-41475.40625,-10021.4267578125,-39519.0,-8982.6298828125,19581.826171875,-4461.654296875
3773.248529731,14263.564453125,21151.9921875,-41181.43359375,-9981.3056640625,-39513.45703125,-8868.1435546875,19626.53125,-4474.05908203125
3773.248724102,14296.3544921875,21178.009765625,-41144.48828125,-9947.3984375,-39491.80078125,-8820.9150390625,19667.142578125,-4444.33154296875
3773.248950928,14346.9365234375,21227.384765625,-41288.8125,-9945.744140625,-39473.3359375,-8848.51953125,19673.0,-4411.83203125
3773.249144934,14373.8701171875,21237.287109375,-41540.60546875,-9985.1728515625,-39479.125,-8941.390625,19639.986328125,-4410.8486328125
3773.249339304,14301.607421875,21178.255859375,-41473.81640625,-10018.4091796875,-39509.63671875,-8968.16796875,19604.177734375,-4445.2255859375
3773.249533675,14256.0771484375,21150.2265625,-41180.80859375,-9982.6689453125,-39508.765625,-8870.7373046875,19631.0,-4478.08251953125
3773.24972841,14302.2998046875,21195.109375,-41123.23046875,-9929.44921875,-39474.09765625,-8812.6669921875,19661.51171875,-4451.95361328125
3773.250029264,14362.314453125,21240.953125,-41259.93359375,-9922.1630859375,-39458.29296875,-8845.658203125,19654.759765625,-4422.404296875
3773.250296569,14383.75,21251.189453125,-41517.94140625,-9972.9912109375,-39474.9921875,-8952.56640625,19609.587890625,-4424.57275390625
3773.25049021,14304.4013671875,21181.720703125,-41462.08203125,-10012.5537109375,-39511.40234375,-8983.970703125,19565.779296875,-4483.84912109375
3773.250683851,14266.4921875,21156.126953125,-41161.05078125,-9967.24609375,-39500.8984375,-8870.3564453125,19605.005859375,-4502.78125
3773.250911042,14314.59375,21193.947265625,-41111.83203125,-9929.5390625,-39473.6953125,-8814.7236328125,19647.65234375,-4470.70654296875
3773.251105777,14364.638671875,21223.181640625,-41257.7421875,-9930.58984375,-39461.984375,-8850.84375,19644.03125,-4440.88916015625
3773.251299783,14379.7939453125,21235.05078125,-41514.4765625,-9971.2919921875,-39470.4765625,-8950.509765625,19605.51953125,-4425.10888671875
3773.251494883,14303.9091796875,21172.935546875,-41461.390625,-10010.8544921875,-39505.30078125,-8979.8134765625,19562.560546875,-4475.73583984375
3773.251688159,14263.2744140625,21137.888671875,-41172.60546875,-9974.599609375,-39503.3984375,-8870.6474609375,19599.26171875,-4500.76953125
3773.251963487,14289.3134765625,21166.677734375,-41133.6484375,-9947.8896484375,-39486.81640625,-8824.357421875,19635.248046875,-4479.33447265625
3773.252259236,14332.810546875,21206.240234375,-41282.80078125,-9957.4111328125,-39481.875,-8863.5615234375,19637.59375,-4450.92529296875
3773.252453607,14350.3564453125,21221.529296875,-41542.55078125,-10003.724609375,-39492.828125,-8964.8154296875,19598.634765625,-4436.3740234375
3773.252648707,14289.26953125,21168.95703125,-41483.25,-10022.1650390625,-39518.2421875,-8991.2578125,19561.44140625,-4487.87255859375
3773.252919293,14261.486328125,21140.48046875,-41182.84375,-9977.349609375,-39511.69140625,-8877.9560546875,19609.431640625,-4506.89404296875
3773.25312898,14302.009765625,21181.00390625,-41127.3203125,-9934.61328125,-39479.57421875,-8816.421875,19660.19140625,-4460.8046875
3773.253323715,14348.478515625,21222.7578125,-41267.3984375,-9931.3046875,-39463.8828125,-8847.8935546875,19661.98046875,-4418.6044921875
3773.253517721,14375.0546875,21235.744140625,-41527.05859375,-9974.4658203125,-39475.59375,-8956.58984375,19613.4765625,-4413.91064453125
3773.253711727,14314.1240234375,21186.01171875,-41474.84765625,-10006.9873046875,-39508.0703125,-8987.099609375,19567.09765625,-4464.1572265625
3773.254015134,14266.537109375,21149.400390625,-41182.88671875,-9979.6064453125,-39513.9296875,-8883.3427734375,19599.57421875,-4493.974609375
3773.254282074,14297.78515625,21182.16796875,-41131.5703125,-9944.5595703125,-39487.796875,-8825.83203125,19637.259765625,-4479.1552734375
3773.254476809,14338.107421875,21217.4609375,-41273.50390625,-9942.078125,-39476.53515625,-8861.5498046875,19633.302734375,-4452.93701171875
3773.25467118,14374.8095703125,21240.1484375,-41517.40234375,-9969.548828125,-39473.3359375,-8950.0634765625,19610.4375,-4432.171875
3773.254898371,14307.0615234375,21176.2890625,-41478.6015625,-10020.6669921875,-39514.57421875,-8987.4580078125,19558.8046875,-4495.2265625
3773.255093106,14255.048828125,21152.931640625,-41184.00390625,-9985.6416015625,-39513.1015625,-8885.4892578125,19590.5,-4516.572265625
3773.255287476,14292.5771484375,21191.443359375,-41123.85546875,-9938.2119140625,-39484.35546875,-8831.4873046875,19636.142578125,-4491.53857421875
3773.255481482,14352.63671875,21236.2578125,-41255.41796875,-9927.884765625,-39466.23046875,-8862.5556640625,19634.576171875,-4458.50244140625
3773.255675488,14381.626953125,21236.75,-41512.84375,-9972.72265625,-39476.01953125,-8964.994140625,19591.21484375,-4432.216796875
3773.255949357,14304.2666015625,21160.44140625,-41479.33984375,-10027.3505859375,-39522.53515625,-9004.3779296875,19544.1640625,-4486.88916015625
3773.256217391,14258.267578125,21124.119140625,-41191.29296875,-9995.275390625,-39529.44140625,-8900.93359375,19576.150390625,-4518.67333984375
3773.256411397,14294.0078125,21165.447265625,-41132.8203125,-9947.0849609375,-39492.9609375,-8832.470703125,19630.642578125,-4476.49560546875
3773.256605038,14340.4541015625,21224.43359375,-41262.08203125,-9929.0693359375,-39466.07421875,-8851.2236328125,19645.1484375,-4434.74267578125
3773.25683624,14373.982421875,21244.416015625,-41521.2265625,-9968.744140625,-39474.3203125,-8951.404296875,19602.30078125,-4428.9755859375
3773.25703061,14302.7470703125,21159.927734375,-41495.58984375,-10034.48046875,-39526.2890625,-8999.080078125,19552.92578125,-4480.5859375
3773.257224252,14257.2841796875,21126.064453125,-41198.0859375,-9995.0068359375,-39520.65625,-8888.685546875,19594.767578125,-4503.67529296875
3773.257418987,14293.8515625,21161.267578125,-41139.7265625,-9952.1142578125,-39492.71484375,-8828.1787109375,19635.091796875,-4480.25048828125
3773.257612628,14348.6572265625,21198.1484375,-41277.61328125,-9955.1767578125,-39484.4453125,-8857.7060546875,19631.626953125,-4455.015625
3773.257855135,14385.4482421875,21226.177734375,-41528.73828125,-9985.955078125,-39488.87109375,-8957.39453125,19599.955078125,-4447.3935546875
3773.258178599,14308.6923828125,21168.443359375,-41492.52734375,-10022.7900390625,-39524.546875,-8995.705078125,19565.5546875,-4486.08447265625
3773.25837224,14265.173828125,21144.302734375,-41192.7890625,-9984.1220703125,-39518.1953125,-8886.9638671875,19600.244140625,-4507.6318359375
3773.71048838,14302.5009765625,21178.255859375,-41133.06640625,-9946.8837890625,-39494.1015625,-8836.4716796875,19634.533203125,-4485.2353515625
3773.710690408,14353.10546875,21215.626953125,-41265.03125,-9942.8603515625,-39475.6171875,-8857.0576171875,19649.9765625,-4439.10107421875
3773.710887696,14384.30859375,21244.283203125,-41511.34765625,-9965.4580078125,-39473.4921875,-8947.0458984375,19611.7109375,-4420.2587890625
3773.71107769,14311.62109375,21180.802734375,-41485.1953125,-10015.5263671875,-39520.7890625,-8999.662109375,19557.12890625,-4477.3896484375
3773.711266226,14255.00390625,21147.87890625,-41192.9453125,-9987.83203125,-39524.27734375,-8896.8662109375,19591.662109375,-4513.06298828125
3773.711454762,14291.3701171875,21186.548828125,-41123.8359375,-9939.306640625,-39490.2109375,-8829.7880859375,19637.37109375,-4486.08447265625
3773.711642568,14352.30078125,21232.50390625,-41245.67578125,-9927.6171875,-39462.16015625,-8843.2890625,19645.708984375,-4432.48486328125
3773.711830374,14392.958984375,21267.23828125,-41495.5234375,-9959.087890625,-39466.8984375,-8948.1181640625,19611.689453125,-4425.17578125
3773.712211092,14328.49609375,21201.478515625,-41469.21484375,-9998.806640625,-39503.734375,-8985.892578125,19574.943359375,-4480.27294921875
3773.712618431,14281.9375,21170.365234375,-41164.8515625,-9955.4443359375,-39493.65625,-8877.1962890625,19610.16796875,-4485.01171875
3773.713025406,14316.671875,21203.9375,-41100.453125,-9917.06640625,-39466.07421875,-8809.8505859375,19651.251953125,-4462.95068359375
3773.713403207,14363.275390625,21232.458984375,-41239.5703125,-9925.26953125,-39460.41796875,-8850.5087890625,19649.84375,-4437.26806640625
3773.713593201,14392.6904296875,21244.685546875,-41501.17578125,-9968.54296875,-39469.76171875,-8952.25390625,19617.298828125,-4422.5830078125
3773.713783195,14316.5830078125,21182.814453125,-41481.75390625,-10013.603515625,-39508.875,-8992.46484375,19563.96875,-4473.54541015625
3773.714091343,14272.1923828125,21164.46484375,-41176.1171875,-9961.009765625,-39496.046875,-8880.0576171875,19602.390625,-4496.947265625
3773.714573805,14304.580078125,21190.52734375,-41125.734375,-9936.646484375,-39480.69140625,-8828.603515625,19640.8359375,-4470.9970703125
3773.714763799,14348.76953125,21217.794921875,-41264.65234375,-9940.2451171875,-39470.4765625,-8860.4775390625,19641.931640625,-4449.47216796875
3773.715017611,14398.9716796875,21234.849609375,-41516.265625,-9966.53125,-39471.83984375,-8954.6005859375,19606.525390625,-4431.50146484375
3773.715395047,14332.720703125,21174.791015625,-41500.7734375,-10024.2431640625,-39519.91796875,-9001.1142578125,19562.76171875,-4475.84765625
3773.715610204,14262.513671875,21140.234375,-41208.4140625,-9997.845703125,-39524.7890625,-8895.748046875,19594.634765625,-4502.89306640625
3773.715804939,14303.060546875,21188.134765625,-41133.109375,-9939.9775390625,-39483.10546875,-8822.6357421875,19642.04296875,-4470.5947265625
3773.716038329,14367.3212890625,21234.291015625,-41260.6484375,-9935.439453125,-39467.75,-8847.6923828125,19650.513671875,-4432.3955078125
3773.716233794,14390.6337890625,21241.220703125,-41527.5078125,-9987.6982421875,-39484.06640625,-8957.5283203125,19612.91796875,-4424.30419921875
3773.716429623,14323.84765625,21178.703125,-41502.5390625,-10015.3251953125,-39512.67578125,-8997.6728515625,19565.17578125,-4472.6064453125
3773.716624723,14279.61328125,21148.03515625,-41198.53515625,-9970.7783203125,-39504.78515625,-8890.16015625,19592.48828125,-4502.44580078125
3773.716819823,14316.470703125,21181.09375,-41125.84765625,-9927.013671875,-39473.76171875,-8819.4619140625,19640.90234375,-4468.31494140625
3773.71715058,14356.771484375,21218.041015625,-41258.34765625,-9931.5732421875,-39466.609375,-8848.0947265625,19641.4609375,-4433.75927734375
3773.717363914,14379.0556640625,21227.853515625,-41516.375,-9972.9013671875,-39476.265625,-8951.404296875,19605.251953125,-4429.244140625
3773.717559014,14309.1171875,21168.017578125,-41501.421875,-10016.2412109375,-39512.765625,-8993.2021484375,19569.869140625,-4472.94189453125
3773.717754478,14256.7919921875,21136.009765625,-41208.76953125,-9984.009765625,-39515.24609375,-8890.2724609375,19599.91015625,-4503.541015625
3773.717987504,14289.1123046875,21170.857421875,-41136.7109375,-9939.619140625,-39486.43359375,-8826.8603515625,19639.94140625,-4483.93896484375
3773.718182968,14342.689453125,21207.40234375,-41265.61328125,-9944.58203125,-39476.21875,-8852.498046875,19647.5859375,-4452.73583984375
3773.718377703,14381.8720703125,21234.380859375,-41521.96484375,-9988.681640625,-39487.5078125,-8949.1689453125,19608.470703125,-4423.1865234375
3773.718572438,14306.8603515625,21173.8515625,-41516.98046875,-10033.5419921875,-39528.96875,-9007.5517578125,19555.8984375,-4469.52197265625
3773.718766809,14256.7470703125,21146.560546875,-41208.61328125,-9980.4111328125,-39514.890625,-8896.1728515625,19597.40625,-4498.31103515625
3773.718989259,14293.1357421875,21174.12109375,-41134.71875,-9936.7587890625,-39484.109375,-8828.6484375,19640.611328125,-4472.2041015625
3773.719204416,14346.154296875,21208.02734375,-41262.55078125,-9937.2724609375,-39471.1015625,-8853.7275390625,19637.326171875,-4438.56494140625
3773.719399515,14381.42578125,21235.23046875,-41509.359375,-9956.6064453125,-39463.5234375,-8942.0390625,19605.318359375,-4424.50537109375
3773.71959425,14301.6298828125,21168.578125,-41508.23828125,-10013.1787109375,-39510.28515625,-8993.2470703125,19556.5703125,-4477.74755859375
3773.719788985,14243.4033203125,21126.623046875,-41217.15234375,-9994.1357421875,-39520.5234375,-8892.708984375,19583.2578125,-4505.86572265625
3773.720021282,14285.8720703125,21169.626953125,-41129.98046875,-9935.5068359375,-39478.45703125,-8816.2431640625,19644.634765625,-4469.0302734375
3773.720217476,14330.5078125,21217.03515625,-41256.89453125,-9930.90234375,-39462.54296875,-8838.7958984375,19654.24609375,-4436.55322265625
3773.72041294,14374.02734375,21239.38671875,-41512.0625,-9960.9208984375,-39465.4453125,-8934.9755859375,19619.01953125,-4420.97412109375
3773.72060804,14326.4404296875,21185.18359375,-41500.05859375,-10002.5400390625,-39501.14453125,-8984.015625,19573.892578125,-4463.55419921875
3773.720802045,14275.90234375,21145.0625,-41201.55078125,-9972.1865234375,-39503.04296875,-8880.99609375,19604.134765625,-4489.88427734375
3773.721027778,14293.7392578125,21177.943359375,-41126.47265625,-9930.6787109375,-39475.640625,-8815.4384765625,19646.267578125,-4468.94091796875
3773.72124257,14341.2587890625,21214.173828125,-41254.76953125,-9933.763671875,-39465.4453125,-8844.00390625,19642.736328125,-4444.89013671875
3773.721437305,14373.021484375,21240.884765625,-41509.76171875,-9971.11328125,-39470.4765625,-8940.2958984375,19609.431640625,-4424.50537109375
3773.72163204,14313.23046875,21193.767578125,-41497.0625,-10002.7412109375,-39500.13671875,-8983.9931640625,19571.970703125,-4459.32958984375
3773.72185449,14259.8095703125,21146.158203125,-41199.44921875,-9976.9921875,-39507.9375,-8882.091796875,19616.919921875,-4491.1806640625
3773.722065271,14290.0068359375,21170.07421875,-41123.9453125,-9935.9765625,-39476.35546875,-8809.0908203125,19657.5546875,-4472.33837890625
3773.722260371,14354.4462890625,21222.376953125,-41243.41796875,-9926.9912109375,-39461.265625,-8837.74609375,19655.900390625,-4434.16162109375
3773.722454741,14381.3359375,21226.46875,-41509.40234375,-9976.052734375,-39475.03515625,-8941.078125,19614.974609375,-4421.13037109375
3773.72265057,14313.0068359375,21165.4921875,-41515.5703125,-10026.232421875,-39516.4296875,-8996.4208984375,19553.283203125,-4476.24951171875
3773.722879584,14262.0673828125,21143.587890625,-41207.7890625,-9978.3330078125,-39511.78125,-8895.9052734375,19585.89453125,-4504.0107421875
3773.723084166,14300.9365234375,21191.48828125,-41116.4140625,-9923.1689453125,-39475.125,-8822.3671875,19644.8359375,-4468.3818359375
3773.723297864,14353.6865234375,21225.216796875,-41243.86328125,-9929.3603515625,-39467.30078125,-8847.580078125,19645.1484375,-4442.0068359375
3773.723493693,14399.6416015625,21240.52734375,-41496.90625,-9963.9609375,-39467.45703125,-8940.3173828125,19607.93359375,-4422.650390625
3773.723689522,14332.318359375,21186.951171875,-41494.8515625,-9997.443359375,-39490.9296875,-8982.4287109375,19561.330078125,-4462.05615234375
3773.723924006,14269.107421875,21153.4453125,-41195.8515625,-9970.822265625,-39496.359375,-8883.2763671875,19596.220703125,-4487.1796875
3773.724119471,14301.607421875,21192.60546875,-41114.04296875,-9926.2978515625,-39469.828125,-8818.92578125,19643.65234375,-4463.28564453125
3773.724315664,14345.4169921875,21230.044921875,-41242.7890625,-9929.046875,-39462.5859375,-8845.8369140625,19644.009765625,-4440.33056640625
3773.724510764,14382.7216796875,21243.724609375,-41504.26171875,-9967.134765625,-39471.078125,-8941.3017578125,19608.716796875,-4427.88037109375
3773.724705864,14316.76171875,21167.458984375,-41523.9765625,-10034.63671875,-39524.4765625,-9006.658203125,19555.853515625,-4467.15283203125
3773.724930502,14261.75390625,21123.42578125,-41230.09375,-10013.7607421875,-39533.41796875,-8904.197265625,19588.30859375,-4500.68017578125
3773.725135083,14297.896484375,21170.25390625,-41132.55078125,-9939.462890625,-39483.39453125,-8819.0595703125,19643.427734375,-4481.92724609375
3773.725344405,14351.943359375,21224.45703125,-41243.08203125,-9916.10546875,-39458.921875,-8843.69140625,19652.14453125,-4434.98828125
3773.72553914,14381.4921875,21242.44921875,-41505.22265625,-9961.0771484375,-39472.35546875,-8949.1015625,19604.22265625,-4413.48583984375
3773.725733875,14336.2080078125,21190.080078125,-41510.7890625,-10008.150390625,-39508.16015625,-8999.974609375,19558.357421875,-4452.1767578125
3773.725965807,14269.9794921875,21141.0390625,-41217.69140625,-9986.3349609375,-39515.671875,-8902.38671875,19589.828125,-4489.146484375
3773.726160907,14288.1513671875,21161.3125,-41140.59765625,-9950.5947265625,-39493.34375,-8839.3994140625,19634.0859375,-4472.29345703125
3773.726356736,14337.1689453125,21206.306640625,-41261.296875,-9941.8544921875,-39473.046875,-8855.314453125,19640.8359375,-4437.46923828125
3773.726551106,14374.02734375,21229.060546875,-41515.8828125,-9973.4150390625,-39474.65625,-8948.6328125,19606.75,-4419.92333984375
3773.726746206,14316.068359375,21160.798828125,-41536.37890625,-10033.6083984375,-39522.98046875,-9008.333984375,19553.126953125,-4464.783203125
3773.72697048,14260.0107421875,21125.326171875,-41236.8671875,-10003.8359375,-39525.5078125,-8909.0927734375,19585.58203125,-4489.548828125
3773.727186001,14286.810546875,21168.443359375,-41148.109375,-9950.68359375,-39493.54296875,-8839.8017578125,19632.587890625,-4484.609375
3773.727381465,14337.90625,21198.3046875,-41270.55078125,-9956.361328125,-39483.5078125,-8857.9072265625,19638.15234375,-4461.654296875
3773.727575471,14381.693359375,21223.7421875,-41521.359375,-9983.787109375,-39483.375,-8953.52734375,19608.693359375,-4419.2080078125
3773.727769842,14327.0439453125,21174.724609375,-41536.06640625,-10029.853515625,-39523.7421875,-9015.5537109375,19563.87890625,-4467.7783203125
3773.728002867,14263.2294921875,21127.71875,-41240.0859375,-10004.4619140625,-39527.40625,-8915.708984375,19576.708984375,-4518.7626953125
3773.728197602,14283.904296875,21163.548828125,-41152.04296875,-9955.8466796875,-39499.0859375,-8842.931640625,19615.890625,-4485.52587890625
3773.728391973,14341.9521484375,21206.9765625,-41264.359375,-9946.6826171875,-39483.08203125,-8864.43359375,19628.072265625,-4442.52099609375
3773.728586708,14382.5205078125,21222.578125,-41521.875,-9990.3134765625,-39491.33203125,-8959.0263671875,19600.37890625,-4423.90185546875
3773.728781808,14318.28125,21162.453125,-41540.96484375,-10036.2236328125,-39522.82421875,-9009.630859375,19548.208984375,-4464.984375
3773.729101261,14251.875,21125.83984375,-41242.45703125,-10007.6806640625,-39529.6640625,-8914.5234375,19586.900390625,-4497.4169921875
3773.729419255,14288.017578125,21174.43359375,-41144.77734375,-9949.5439453125,-39495.62109375,-8836.9189453125,19635.42578125,-4483.89404296875
3773.729619095,14347.4287109375,21216.611328125,-41258.3046875,-9945.140625,-39476.66796875,-8854.7548828125,19644.5234375,-4425.51123046875
3773.72984191,14387.326171875,21245.623046875,-41510.56640625,-9971.26953125,-39470.9921875,-8939.4013671875,19615.287109375,-4404.0087890625
3773.730054879,14331.5810546875,21195.197265625,-41524.64453125,-10006.1162109375,-39499.82421875,-8990.966796875,19570.919921875,-4450.27685546875
3773.730250708,14274.47265625,21141.240234375,-41225.55859375,-9987.1171875,-39512.36328125,-8902.9013671875,19602.904296875,-4488.49853515625
3773.730447996,14300.9365234375,21165.693359375,-41136.41796875,-9949.6103515625,-39488.04296875,-8834.52734375,19642.064453125,-4463.10693359375
3773.730643825,14341.4599609375,21194.4375,-41257.56640625,-9952.337890625,-39480.19921875,-8857.7724609375,19645.126953125,-4429.8701171875
3773.73086664,14390.0302734375,21229.240234375,-41501.2421875,-9970.9794921875,-39468.75390625,-8937.6357421875,19618.4609375,-4410.33447265625
3773.731167495,14324.048828125,21192.470703125,-41520.17578125,-10005.5576171875,-39500.515625,-8997.3818359375,19568.05859375,-4450.1650390625
3773.731445375,14261.486328125,21140.90625,-41226.16015625,-9991.296875,-39512.87890625,-8903.4150390625,19597.853515625,-4494.3994140625
3773.731640839,14289.26953125,21166.185546875,-41129.9375,-9941.5869140625,-39483.59765625,-8828.0224609375,19641.259765625,-4478.9990234375
3773.731877877,14339.26953125,21215.8515625,-41240.95703125,-9930.947265625,-39466.9453125,-8850.44140625,19651.408203125,-4443.30322265625
3773.732075894,14384.755859375,21244.21484375,-41495.76953125,-9964.2509765625,-39471.34765625,-8940.787109375,19616.47265625,-4431.2109375
3773.732271723,14325.076171875,21183.619140625,-41527.21484375,-10018.587890625,-39512.9453125,-9007.5966796875,19561.509765625,-4461.966796875
3773.732468646,14263.9892578125,21142.24609375,-41230.87890625,-9991.9228515625,-39516.23046875,-8908.01953125,19589.94140625,-4484.564453125
3773.732664475,14292.599609375,21169.494140625,-41135.234375,-9944.984375,-39482.7265625,-8828.134765625,19640.1640625,-4464.1796875
3773.733071449,14338.30859375,21200.361328125,-41254.5234375,-9945.8779296875,-39471.05859375,-8850.53125,19643.451171875,-4435.4130859375
3773.733552452,14381.9169921875,21229.6640625,-41503.8359375,-9969.59375,-39467.97265625,-8939.9599609375,19621.546875,-4417.0625
3773.733782196,14329.837890625,21181.65234375,-41532.73828125,-10021.2255859375,-39502.484375,-8994.296875,19580.93359375,-4453.361328125
3773.73405096,14260.3232421875,21136.234375,-41238.4765625,-9999.3212890625,-39510.796875,-8900.8447265625,19599.6640625,-4488.29736328125
3773.734242777,14294.6337890625,21159.45703125,-41139.03515625,-9956.115234375,-39493.36328125,-8838.974609375,19631.91796875,-4471.8466796875
3773.734433866,14347.271484375,21206.798828125,-41246.6796875,-9946.8837890625,-39481.3828125,-8861.3486328125,19631.0234375,-4437.53662109375
3773.734624589,14386.1640625,21233.28515625,-41493.98046875,-9972.833984375,-39477.6953125,-8948.2978515625,19604.580078125,-4422.44921875
3773.734886059,14336.341796875,21177.33984375,-41520.01953125,-10017.158203125,-39504.16015625,-8996.95703125,19570.091796875,-4448.46630859375
3773.735323666,14269.107421875,21132.322265625,-41222.33984375,-9996.572265625,-39509.390625,-8891.904296875,19605.54296875,-4472.9638671875
3773.735655154,14293.7392578125,21180.9375,-41115.07421875,-9936.1552734375,-39473.3828125,-8817.517578125,19649.619140625,-4458.435546875
3773.735904225,14349.9990234375,21225.640625,-41219.09765625,-9914.0712890625,-39446.55859375,-8837.5224609375,19653.017578125,-4430.205078125
3773.736094949,14391.5283203125,21249.556640625,-41470.9140625,-9943.53125,-39444.66015625,-8922.2802734375,19625.078125,-4408.9931640625
3773.736285672,14330.1279296875,21197.92578125,-41516.48828125,-10006.0263671875,-39492.671875,-8988.798828125,19574.607421875,-4453.27197265625
3773.736476761,14271.8349609375,21144.794921875,-41222.80859375,-9986.55859375,-39503.80078125,-8895.48046875,19596.958984375,-4493.37109375
3773.736667484,14307.4189453125,21179.08203125,-41115.51953125,-9937.1162109375,-39470.20703125,-8814.41015625,19645.529296875,-4462.5703125
3773.736968704,14354.603515625,21208.564453125,-41231.79296875,-9938.1220703125,-39458.921875,-8835.3984375,19649.57421875,-4434.56396484375
3773.737336293,14391.193359375,21224.501953125,-41487.1171875,-9972.275390625,-39465.71484375,-8930.2822265625,19619.087890625,-4415.34130859375
3773.737591929,14329.390625,21180.759765625,-41521.5625,-10009.625,-39497.6328125,-8991.681640625,19569.33203125,-4457.7646484375
3773.73783553,14261.8876953125,21135.2734375,-41224.0390625,-9986.4462890625,-39500.6953125,-8891.2109375,19599.283203125,-4482.88818359375
3774.19119812,14290.6767578125,21167.19140625,-41117.41796875,-9937.33984375,-39467.75,-8806.453125,19647.67578125,-4467.46533203125
3774.19157118,14330.552734375,21194.013671875,-41234.1640625,-9940.111328125,-39459.74609375,-8827.240234375,19652.16796875,-4434.96630859375
3774.191823168,14378.810546875,21220.43359375,-41487.4765625,-9970.666015625,-39460.08203125,-8921.654296875,19630.59765625,-4409.9990234375
3774.192017539,14316.158203125,21179.865234375,-41533.921875,-10022.1201171875,-39502.171875,-9001.7626953125,19575.6796875,-4447.1923828125
3774.192210086,14248.65625,21144.125,-41232.2421875,-9988.9052734375,-39504.02734375,-8901.6044921875,19597.8984375,-4479.31201171875
3774.192401174,14284.642578125,21175.103515625,-41126.40625,-9942.9501953125,-39476.46484375,-8822.9931640625,19646.4453125,-4460.89404296875
3774.192797938,14327.2890625,21215.470703125,-41238.90234375,-9940.87109375,-39462.5859375,-8840.115234375,19656.212890625,-4431.77001953125
3774.193204183,14373.6025390625,21236.458984375,-41489.33203125,-9969.4140625,-39462.71875,-8931.220703125,19623.646484375,-4417.28564453125
3774.193541505,14323.2880859375,21172.197265625,-41541.76953125,-10030.7255859375,-39509.48046875,-9005.7412109375,19558.06640625,-4463.68798828125
3774.193738428,14257.529296875,21119.24609375,-41249.69921875,-10016.375,-39525.28125,-8917.138671875,19577.53515625,-4505.552734375
3774.193928787,14272.974609375,21148.728515625,-41141.1796875,-9969.3251953125,-39498.57421875,-8841.2099609375,19627.849609375,-4476.09326171875
3774.194118781,14328.8544921875,21216.96875,-41237.3359375,-9935.775390625,-39466.23046875,-8847.3125,19640.634765625,-4433.75927734375
3774.194308046,14379.615234375,21237.978515625,-41488.9296875,-9971.5380859375,-39468.2421875,-8935.310546875,19613.521484375,-4412.10009765625
3774.194573163,14331.55859375,21184.849609375,-41530.75,-10017.0458984375,-39497.3671875,-8999.28125,19570.6953125,-4451.12646484375
3774.19501697,14254.19921875,21132.43359375,-41241.875,-10006.6748046875,-39517.7734375,-8917.2060546875,19585.0,-4493.1923828125
3774.195393311,14283.9716796875,21155.076171875,-41129.80078125,-9959.646484375,-39488.0234375,-8836.0693359375,19632.810546875,-4471.08642578125
3774.19558367,14338.7333984375,21193.990234375,-41231.859375,-9940.6474609375,-39463.546875,-8849.79296875,19639.875,-4443.83984375
3774.195774759,14378.5869140625,21226.244140625,-41479.96484375,-9962.9326171875,-39460.73046875,-8935.3330078125,19612.26953125,-4418.470703125
3774.195964024,14318.6611328125,21186.01171875,-41535.015625,-10016.6884765625,-39498.01171875,-9000.4443359375,19563.453125,-4454.009765625
3774.196154383,14273.5107421875,21157.021484375,-41233.828125,-9978.82421875,-39494.90625,-8902.744140625,19591.953125,-4491.3818359375
3774.196343648,14292.0185546875,21172.51171875,-41125.51171875,-9937.4287109375,-39473.4921875,-8830.3251953125,19636.6328125,-4477.74755859375
3774.196640127,14340.9013671875,21207.982421875,-41227.9921875,-9930.90234375,-39457.66796875,-8840.0478515625,19649.93359375,-4435.07763671875
3774.197073357,14385.203125,21228.078125,-41478.421875,-9967.5595703125,-39455.23046875,-8918.8828125,19622.953125,-4398.57763671875
3774.19742636,14344.65625,21183.5078125,-41532.46875,-10024.01953125,-39490.75,-8986.8095703125,19575.724609375,-4433.53564453125
3774.197643705,14277.5791015625,21150.986328125,-41227.12109375,-9984.501953125,-39489.3203125,-8886.6962890625,19607.12890625,-4466.83984375
3774.197833335,14295.21484375,21177.62890625,-41109.91015625,-9928.890625,-39454.71875,-8806.7880859375,19661.755859375,-4457.8095703125
3774.198023329,14334.4638671875,21207.267578125,-41225.6484375,-9934.8359375,-39450.29296875,-8836.9853515625,19656.482421875,-4441.67138671875
3774.198212594,14384.6435546875,21245.53515625,-41466.8671875,-9952.181640625,-39439.85546875,-8918.5029296875,19628.228515625,-4416.27978515625
3774.198401859,14328.33984375,21191.376953125,-41526.74609375,-10009.2001953125,-39484.89453125,-8995.75,19568.59375,-4455.32861328125
3774.198772731,14257.8203125,21128.5,-41239.7265625,-9999.857421875,-39503.82421875,-8909.2939453125,19582.9453125,-4495.85205078125
3774.199176059,14286.05078125,21151.90234375,-41125.62109375,-9955.1318359375,-39480.6015625,-8831.7109375,19632.609375,-4468.91845703125
3774.199366418,14336.23046875,21200.697265625,-41225.578125,-9938.79296875,-39460.1953125,-8846.4853515625,19638.421875,-4436.53076171875
3774.199667272,14372.57421875,21219.763671875,-41481.4609375,-9975.3828125,-39466.4765625,-8940.7421875,19605.654296875,-4422.001953125
3774.199857267,14322.6845703125,21168.80078125,-41548.96484375,-10034.0556640625,-39510.75390625,-9017.140625,19552.255859375,-4462.771484375
3774.200047261,14255.40625,21115.71484375,-41258.546875,-10019.37109375,-39523.71875,-8930.6171875,19570.203125,-4507.9443359375
3774.20023762,14281.267578125,21140.078125,-41139.546875,-9974.2197265625,-39495.95703125,-8847.625,19617.076171875,-4488.69970703125
3774.200441837,14338.9345703125,21188.359375,-41232.46484375,-9949.3427734375,-39470.9921875,-8856.3642578125,19627.423828125,-4454.70263671875
3774.200860116,14378.4970703125,21218.443359375,-41481.796875,-9975.8291015625,-39471.86328125,-8942.5751953125,19599.10546875,-4434.4521484375
3774.201232446,14321.634765625,21163.681640625,-41553.078125,-10040.8955078125,-39516.51953125,-9015.732421875,19553.306640625,-4464.06787109375
3774.201527831,14250.8916015625,21111.513671875,-41267.51171875,-10029.541015625,-39533.39453125,-8930.505859375,19569.890625,-4505.26220703125
3774.201718555,14280.2392578125,21159.748046875,-41142.5859375,-9967.1123046875,-39499.30859375,-8858.15234375,19609.72265625,-4493.9521484375
3774.201909278,14328.98828125,21182.501953125,-41242.6796875,-9957.92578125,-39479.37109375,-8875.296875,19605.51953125,-4466.7724609375
3774.202098543,14386.72265625,21230.22265625,-41471.984375,-9960.0263671875,-39457.33203125,-8942.1279296875,19601.1171875,-4433.2451171875
3774.202288538,14327.490234375,21184.6484375,-41542.3046875,-10017.7392578125,-39496.8046875,-9011.6865234375,19551.830078125,-4456.08837890625
3774.202530316,14253.796875,21130.333984375,-41257.609375,-10015.50390625,-39519.24609375,-8934.193359375,19554.55859375,-4508.48095703125
3774.202942395,14285.40234375,21147.052734375,-41129.80078125,-9963.9833984375,-39486.5703125,-8845.904296875,19612.224609375,-4491.94091796875
3774.203260755,14333.7490234375,21188.0234375,-41227.45703125,-9945.5654296875,-39462.83203125,-8853.369140625,19628.453125,-4450.74658203125
3774.203507273,14372.23828125,21207.8046875,-41481.57421875,-9977.751953125,-39467.79296875,-8942.2177734375,19598.5234375,-4437.15673828125
3774.203697997,14316.8515625,21158.98828125,-41558.26171875,-10038.3251953125,-39509.76953125,-9014.279296875,19554.826171875,-4468.47119140625
3774.203889085,14246.5322265625,21104.248046875,-41268.8515625,-10023.3935546875,-39523.5390625,-8924.671875,19584.666015625,-4490.5771484375
3774.204079444,14278.00390625,21139.341796875,-41137.19921875,-9963.5361328125,-39486.94921875,-8833.3427734375,19640.322265625,-4462.90576171875
#3807.320626565,13483.98046875,20316.86328125,-41940.6328125,-10631.7861328125,-39571.796875,-9584.6962890625,18896.365234375,-4803.6357421875
3807.320816559,13506.6455078125,20344.69140625,-41796.12890625,-10577.203125,-39536.3671875,-9489.03125,18963.197265625,-4772.208984375
3807.32112726,13548.6435546875,20380.41015625,-41896.48828125,-10568.6201171875,-39521.21484375,-9500.162109375,18969.43359375,-4746.41552734375
3807.321532776,13601.751953125,20418.162109375,-42138.3359375,-10584.9365234375,-39509.0546875,-9575.15234375,18943.884765625,-4720.82275390625
3807.321964184,13561.33984375,20371.134765625,-42229.0625,-10638.0673828125,-39549.01953125,-9657.361328125,18883.693359375,-4762.17333984375
3807.322306976,13495.9384765625,20321.916015625,-41937.484375,-10622.912109375,-39561.0234375,-9572.73828125,18904.703125,-4797.37744140625
3807.322495511,13510.2216796875,20337.404296875,-41800.4453125,-10586.3896484375,-39540.2578125,-9490.2158203125,18954.033203125,-4776.880859375
3807.322684047,13560.3115234375,20389.998046875,-41884.98046875,-10555.7900390625,-39518.98046875,-9503.291015625,18958.03515625,-4748.1142578125
3807.322872218,13609.552734375,20425.783203125,-42128.9921875,-10576.80078125,-39512.4296875,-9579.6669921875,18931.234375,-4728.57861328125
3807.323157756,13557.3837890625,20371.693359375,-42227.7421875,-10644.50390625,-39549.64453125,-9657.8759765625,18880.048828125,-4761.8828125
3807.323346292,13484.6513671875,20328.419921875,-41935.42578125,-10622.755859375,-39560.80078125,-9577.4765625,18903.384765625,-4792.54931640625
3807.323534098,13511.205078125,20363.35546875,-41791.078125,-10561.2216796875,-39534.58203125,-9494.2607421875,18952.111328125,-4774.6904296875
3807.323722634,13557.2490234375,20388.232421875,-41890.3203125,-10564.3505859375,-39527.5625,-9511.046875,18960.380859375,-4756.13818359375
3807.323914087,13604.1435546875,20412.57421875,-42135.80859375,-10590.345703125,-39522.21875,-9591.7373046875,18929.71484375,-4738.837890625
3807.32434513,13562.1669921875,20376.654296875,-42219.5859375,-10633.88671875,-39548.5078125,-9665.2744140625,18872.404296875,-4764.8330078125
3807.324788936,13494.9326171875,20336.869140625,-41918.640625,-10609.2109375,-39557.78125,-9583.869140625,18889.123046875,-4803.8818359375
3807.325170019,13511.25,20359.287109375,-41773.21875,-10562.451171875,-39534.06640625,-9495.5126953125,18945.494140625,-4781.6416015625
3807.325456287,13568.447265625,20407.09765625,-41854.7578125,-10540.2783203125,-39506.08203125,-9494.57421875,18972.048828125,-4736.6474609375
3807.325645187,13615.005859375,20440.291015625,-42098.37109375,-10557.935546875,-39493.69921875,-9570.5927734375,18950.45703125,-4711.099609375
3807.325833723,13569.341796875,20392.5703125,-42194.88671875,-10614.6650390625,-39528.0078125,-9645.91796875,18892.208984375,-4748.38232421875
3807.326060184,13492.4072265625,20330.9453125,-41914.484375,-10608.5625,-39548.52734375,-9570.0556640625,18903.67578125,-4789.50927734375
3807.32624872,13511.048828125,20360.44921875,-41770.60546875,-10555.208984375,-39521.1015625,-9481.744140625,18956.939453125,-4778.10986328125
3807.326435797,13558.634765625,20394.6484375,-41868.88671875,-10550.7607421875,-39511.08984375,-9492.8310546875,18968.451171875,-4749.58935546875
3807.326623968,13601.70703125,20418.69921875,-42124.3203125,-10582.298828125,-39509.32421875,-9570.7041015625,18948.4453125,-4714.74267578125
3807.326811774,13557.1376953125,20375.515625,-42224.390625,-10633.9541015625,-39544.4140625,-9649.94140625,18893.884765625,-4746.95166015625
3807.327126486,13486.8857421875,20324.955078125,-41939.5625,-10618.017578125,-39559.4375,-9575.62109375,18904.94921875,-4788.70458984375
3807.327525073,13508.8134765625,20347.6640625,-41797.60546875,-10571.7490234375,-39536.3671875,-9493.5234375,18955.486328125,-4770.77880859375
3807.327933507,13557.361328125,20385.86328125,-41893.18359375,-10566.7646484375,-39523.78515625,-9502.8662109375,18964.0703125,-4746.41552734375
3807.328134441,13598.7119140625,20413.669921875,-42143.7890625,-10598.90625,-39525.55078125,-9586.7080078125,18936.509765625,-4723.57177734375
3807.328321883,13554.8798828125,20374.15234375,-42233.98046875,-10653.712890625,-39555.66015625,-9658.546875,18895.29296875,-4749.54443359375
3807.328509689,13483.466796875,20331.34765625,-41937.08203125,-10628.8359375,-39557.84765625,-9568.826171875,18921.064453125,-4782.13330078125
3807.328701507,13505.326171875,20362.373046875,-41780.68359375,-10560.6181640625,-39517.4609375,-9476.0888671875,18972.71875,-4759.826171875
3807.328894783,13557.2490234375,20391.1171875,-41876.23828125,-10564.4853515625,-39509.48046875,-9489.2099609375,18976.720703125,-4736.0439453125
3807.329132914,13596.5888671875,20410.96484375,-42128.546875,-10602.728515625,-39517.90625,-9576.6044921875,18949.40625,-4711.0771484375
3807.329321085,13554.7236328125,20377.326171875,-42217.125,-10639.005859375,-39544.21484375,-9651.5283203125,18895.3828125,-4740.73779296875
3807.329508527,13487.7802734375,20329.783203125,-41923.625,-10613.2119140625,-39552.6875,-9568.8935546875,18907.83203125,-4783.69775390625
3807.329695968,13504.0078125,20347.59765625,-41782.875,-10579.5048828125,-39535.4296875,-9486.68359375,18957.921875,-4761.9052734375
3807.32988888,13551.5498046875,20393.373046875,-41869.33203125,-10561.19921875,-39512.72265625,-9495.892578125,18968.2265625,-4740.73779296875
3807.330292573,13595.5380859375,20430.8125,-42111.671875,-10572.8671875,-39506.796875,-9578.5498046875,18940.17578125,-4718.05078125
3807.330679125,13558.634765625,20383.875,-42215.08984375,-10636.345703125,-39549.17578125,-9661.4970703125,18883.06640625,-4748.6953125
3807.331078806,13484.62890625,20337.2265625,-41926.75390625,-10615.2900390625,-39560.21875,-9584.0927734375,18893.99609375,-4790.873046875
3807.331397165,13515.8984375,20374.375,-41765.7109375,-10548.212890625,-39517.68359375,-9483.7783203125,18957.1171875,-4768.029296875
3807.331595912,13566.212890625,20414.318359375,-41854.69140625,-10534.01953125,-39497.90234375,-9487.5556640625,18970.08203125,-4749.99169921875
3807.331794658,13605.4619140625,20433.25,-42109.2578125,-10573.470703125,-39507.1328125,-9573.85546875,18941.271484375,-4729.74072265625
3807.332008721,13564.759765625,20389.193359375,-42208.96875,-10627.0478515625,-39535.65234375,-9646.8115234375,18894.66796875,-4743.2861328125
3807.332211114,13490.1943359375,20335.1484375,-41925.2578125,-10612.8544921875,-39548.7734375,-9569.8095703125,18920.974609375,-4786.8720703125
3807.332412778,13508.701171875,20352.134765625,-41781.04296875,-10567.2568359375,-39523.3828125,-9477.810546875,18970.349609375,-4768.4990234375
3807.332614442,13555.103515625,20387.96484375,-41873.625,-10561.1767578125,-39509.61328125,-9487.845703125,18978.5078125,-4731.32763671875
3807.332814647,13594.4423828125,20413.490234375,-42126.7578125,-10595.46484375,-39515.73828125,-9574.34765625,18947.41796875,-4713.80419921875
3807.33314577,13549.8955078125,20368.83203125,-42235.90234375,-10654.4951171875,-39555.078125,-9655.998046875,18889.90625,-4752.673828125
3807.333561496,13487.4453125,20329.58203125,-41948.5703125,-10632.9931640625,-39567.23828125,-9580.181640625,18910.783203125,-4790.26953125
3807.33382406,13505.8623046875,20353.87890625,-41798.9921875,-10578.208984375,-39537.41796875,-9488.78515625,18969.6796875,-4762.4638671875
3807.334064744,13547.0791015625,20392.5703125,-41887.3046875,-10561.958984375,-39513.28125,-9492.0263671875,18979.46875,-4727.4384765625
3807.334256197,13596.0966796875,20424.2421875,-42133.0625,-10591.150390625,-39517.05859375,-9577.0517578125,18948.78125,-4714.58642578125
3807.334448015,13553.78515625,20376.185546875,-42237.9140625,-10655.12109375,-39554.8984375,-9657.5625,18893.482421875,-4748.0693359375
3807.334638374,13489.92578125,20330.7890625,-41941.26171875,-10629.5732421875,-39559.50390625,-9573.341796875,18915.498046875,-4779.74169921875
3807.334828733,13520.0556640625,20362.283203125,-41781.9140625,-10567.7255859375,-39528.5234375,-9480.1123046875,18965.677734375,-4767.33642578125
3807.335140893,13570.59375,20400.125,-41871.5234375,-10566.6982421875,-39518.421875,-9491.19921875,18977.099609375,-4738.52490234375
3807.335388505,13611.9892578125,20431.6171875,-42117.14453125,-10594.8837890625,-39514.75390625,-9572.89453125,18948.4453125,-4718.38623046875
3807.335579229,13571.2861328125,20402.873046875,-42210.10546875,-10626.265625,-39536.79296875,-9653.115234375,18887.3125,-4756.36181640625
3807.335769223,13495.5810546875,20345.00390625,-41926.7109375,-10612.3623046875,-39554.5859375,-9579.1533203125,18898.04296875,-4794.98583984375
3807.335993861,13511.25,20363.958984375,-41779.859375,-10566.6083984375,-39529.6640625,-9488.0693359375,18946.6796875,-4773.79638671875
3807.336184585,13559.529296875,20399.56640625,-41871.34375,-10558.1142578125,-39514.015625,-9499.1787109375,18951.73046875,-4748.44921875
3807.336374944,13601.818359375,20418.654296875,-42124.140625,-10593.6982421875,-39521.28125,-9588.2724609375,18925.35546875,-4731.35009765625
3807.336564574,13565.20703125,20377.1015625,-42231.51953125,-10652.3271484375,-39556.9765625,-9666.3916015625,18880.8984375,-4753.59033203125
3807.336755297,13487.109375,20328.353515625,-41943.875,-10627.740234375,-39567.66015625,-9587.9375,18898.130859375,-4798.271484375
3807.337017497,13507.181640625,20355.376953125,-41788.6640625,-10568.150390625,-39533.5078125,-9492.5849609375,18953.51953125,-4778.6015625
3807.337406967,13553.025390625,20385.953125,-41880.28515625,-10563.45703125,-39518.35546875,-9498.396484375,18962.34765625,-4742.302734375
3807.337791332,13598.48828125,20413.400390625,-42126.87109375,-10596.0009765625,-39520.7890625,-9580.13671875,18935.32421875,-4719.57080078125
3807.338135947,13560.22265625,20374.84375,-42228.90625,-10644.392578125,-39550.29296875,-9655.7080078125,18886.46484375,-4747.97998046875
3807.338325577,13489.9033203125,20330.185546875,-41938.66796875,-10620.69921875,-39556.0390625,-9573.498046875,18905.73046875,-4782.13330078125
3807.338531252,13508.9921875,20358.392578125,-41779.61328125,-10565.37890625,-39523.046875,-9478.32421875,18960.650390625,-4768.4990234375
3807.338725987,13558.322265625,20397.7109375,-41865.6015625,-10554.359375,-39508.20703125,-9487.3544921875,18971.556640625,-4742.8388671875
3807.33892364,13605.8193359375,20425.337890625,-42114.0625,-10582.6572265625,-39510.0390625,-9571.6201171875,18946.724609375,-4717.82763671875
3807.339118375,13566.8603515625,20384.3671875,-42226.6015625,-10641.7998046875,-39545.7578125,-9650.0751953125,18900.478515625,-4735.93212890625
3807.339313839,13487.400390625,20327.212890625,-41949.84375,-10636.9267578125,-39566.07421875,-9574.4814453125,18916.4375,-4774.220703125
3807.339508574,13507.337890625,20353.521484375,-41793.89453125,-10577.6953125,-39535.25,-9489.9697265625,18961.900390625,-4773.662109375
3807.339703674,13559.484375,20402.001953125,-41871.43359375,-10551.5205078125,-39506.328125,-9491.3779296875,18977.79296875,-4745.23046875
3807.339953475,13597.37109375,20420.107421875,-42124.4765625,-10590.279296875,-39513.63671875,-9578.2138671875,18946.0546875,-4727.0810546875
3807.340191241,13559.216796875,20380.23046875,-42231.8125,-10646.560546875,-39549.9140625,-9659.6640625,18894.755859375,-4744.0908203125
3807.340482614,13486.8193359375,20331.548828125,-41940.9921875,-10625.4384765625,-39556.8671875,-9577.5439453125,18913.287109375,-4777.97607421875
3807.340719651,13504.208984375,20352.91796875,-41783.32421875,-10574.6552734375,-39527.47265625,-9484.716796875,18967.376953125,-4761.39111328125
3807.341003731,13560.021484375,20389.216796875,-41869.1328125,-10565.5126953125,-39510.75390625,-9489.6337890625,18983.716796875,-4735.12744140625
3807.341198831,13604.4111328125,20425.091796875,-42109.74609375,-10579.7958984375,-39500.42578125,-9566.94921875,18960.08984375,-4722.54345703125
3807.341393201,13557.4501953125,20383.046875,-42221.796875,-10638.7822265625,-39539.20703125,-9650.611328125,18899.47265625,-4747.845703125
3807.341588666,13479.9794921875,20320.775390625,-41946.15625,-10635.9208984375,-39562.34375,-9581.388671875,18899.80859375,-4784.2568359375
3807.341783766,13495.6923828125,20344.4453125,-41793.60546875,-10585.8310546875,-39530.98046875,-9487.890625,18951.126953125,-4775.51708984375
3807.341982512,13549.8291015625,20385.73046875,-41874.765625,-10565.8486328125,-39510.5546875,-9493.43359375,18966.037109375,-4739.15087890625
3807.342177612,13600.5673828125,20424.30859375,-42112.00390625,-10578.052734375,-39503.51171875,-9575.1748046875,18946.814453125,-4706.02587890625
3807.342372712,13558.0322265625,20387.361328125,-42222.265625,-10629.9306640625,-39534.3125,-9654.5234375,18896.34375,-4729.271484375
3807.342567082,13487.19921875,20331.884765625,-41943.96484375,-10620.9228515625,-39552.57421875,-9579.041015625,18910.447265625,-4771.0244140625
3807.342762182,13497.7490234375,20344.490234375,-41800.265625,-10585.00390625,-39540.125,-9499.3349609375,18959.62109375,-4769.95166015625
3807.343026934,13533.7802734375,20369.79296875,-41896.01953125,-10587.9990234375,-39531.33984375,-9508.41015625,18968.2265625,-4741.96728515625
3807.343277828,13587.87109375,20403.34375,-42132.1875,-10605.8359375,-39520.296875,-9578.03515625,18948.46875,-4706.20458984375
3807.34355498,13555.2822265625,20380.119140625,-42229.0625,-10635.7197265625,-39542.0,-9653.986328125,18892.90234375,-4737.92138671875
3807.343820461,13485.634765625,20326.095703125,-41942.421875,-10624.72265625,-39555.8359375,-9577.2080078125,18910.380859375,-4776.70166015625
3807.344121316,13498.330078125,20351.732421875,-41782.6953125,-10572.0625,-39526.46875,-9485.4326171875,18965.3203125,-4767.53759765625
3807.344317145,13547.03515625,20392.904296875,-41867.27734375,-10558.5615234375,-39508.25,-9490.8408203125,18973.501953125,-4748.91845703125
3807.344512245,13607.8310546875,20429.62890625,-42106.9296875,-10581.5615234375,-39501.1640625,-9562.12109375,18954.79296875,-4716.79931640625
3807.344707344,13557.71875,20385.55078125,-42222.69140625,-10642.380859375,-39540.1015625,-9646.2529296875,18897.283203125,-4744.0234375
3807.344905362,13476.2021484375,20320.26171875,-41949.21875,-10640.861328125,-39565.8515625,-9583.7802734375,18903.228515625,-4790.15771484375
3807.345099367,13501.6611328125,20350.1015625,-41787.859375,-10580.3095703125,-39531.609375,-9489.6787109375,18960.3359375,-4769.16943359375
3807.345293373,13554.4775390625,20392.63671875,-41868.52734375,-10557.0869140625,-39509.2578125,-9496.138671875,18970.439453125,-4752.13720703125
3807.345488473,13601.55078125,20419.212890625,-42116.140625,-10586.255859375,-39516.765625,-9586.7529296875,18938.54296875,-4738.1005859375
3807.345683208,13563.8212890625,20376.87890625,-42229.59765625,-10644.392578125,-39548.26171875,-9662.837890625,18895.158203125,-4746.77294921875
3807.34592535,13491.53515625,20328.0625,-41944.5703125,-10628.388671875,-39552.7734375,-9577.07421875,18917.48828125,-4780.412109375
3807.346205783,13504.87890625,20344.087890625,-41791.03515625,-10585.6748046875,-39532.0546875,-9489.34375,18961.23046875,-4765.59326171875
3807.346514661,13548.107421875,20380.7890625,-41873.66796875,-10570.2744140625,-39512.54296875,-9493.7021484375,18974.08203125,-4739.21826171875
3807.346796917,13596.4765625,20419.078125,-42108.609375,-10581.2265625,-39499.53515625,-9562.4560546875,18962.4609375,-4707.2548828125
3807.347011345,13557.673828125,20384.9921875,-42221.73046875,-10635.09375,-39531.18359375,-9641.537109375,18914.783203125,-4718.1181640625
3807.34720608,13480.3369140625,20332.890625,-41944.65625,-10625.2373046875,-39550.71875,-9573.38671875,18921.265625,-4762.75439453125
3807.347400086,13503.0908203125,20353.923828125,-41788.91015625,-10576.9345703125,-39528.41015625,-9482.19140625,18969.45703125,-4760.31787109375
3807.347594456,13548.9345703125,20386.400390625,-41876.53125,-10569.759765625,-39516.5859375,-9493.5009765625,18974.171875,-4739.32958984375
3807.347788826,13594.0849609375,20419.75,-42119.91796875,-10595.375,-39517.90625,-9581.7685546875,18943.974609375,-4717.58154296875
3807.348112291,13548.4208984375,20369.837890625,-42244.57421875,-10662.6318359375,-39562.9453125,-9674.4833984375,18876.80859375,-4752.673828125
3807.348385795,13475.4423828125,20308.638671875,-41968.3046875,-10656.9091796875,-39586.4140625,-9608.2998046875,18879.1328125,-4798.56201171875
3807.800667131,13510.400390625,20344.333984375,-41794.67578125,-10587.328125,-39544.83984375,-9507.0244140625,18942.076171875,-4772.298828125
3807.800866242,13551.2587890625,20368.966796875,-41883.30078125,-10588.669921875,-39534.9609375,-9514.5341796875,18949.541015625,-4750.4384765625
3807.801071918,13588.36328125,20403.431640625,-42120.85546875,-10608.5625,-39529.57421875,-9593.4580078125,18924.39453125,-4734.59130859375
3807.801262641,13549.60546875,20380.611328125,-42222.71484375,-10641.3974609375,-39545.9140625,-9665.251953125,18881.904296875,-4759.46875
3807.801452271,13483.064453125,20334.791015625,-41935.203125,-10619.7158203125,-39551.61328125,-9580.650390625,18913.330078125,-4786.2685546875
3807.801640442,13505.8623046875,20352.73828125,-41779.30078125,-10573.470703125,-39526.87109375,-9485.9912109375,18970.328125,-4773.013671875
3807.801828613,13554.3212890625,20390.111328125,-41865.33203125,-10559.43359375,-39510.0390625,-9490.86328125,18970.126953125,-4752.94189453125
3807.802057627,13598.2197265625,20419.279296875,-42110.015625,-10584.5791015625,-39511.671875,-9579.8681640625,18938.87890625,-4731.17138671875
3807.802441627,13553.9638671875,20369.234375,-42239.453125,-10654.31640625,-39558.40625,-9674.5498046875,18875.244140625,-4761.74853515625
3807.802827815,13481.96875,20311.544921875,-41964.8203125,-10648.884765625,-39579.015625,-9603.248046875,18888.185546875,-4796.12548828125
3807.803145445,13501.0791015625,20332.443359375,-41803.37109375,-10597.8115234375,-39553.6015625,-9510.578125,18947.39453125,-4769.90673828125
3807.803338721,13550.4541015625,20368.541015625,-41884.10546875,-10583.5283203125,-39529.21484375,-9506.666015625,18964.314453125,-4740.58154296875
3807.803528716,13593.0126953125,20395.162109375,-42128.0546875,-10609.4794921875,-39527.5859375,-9587.646484375,18935.525390625,-4724.75634765625
3807.803719075,13551.3935546875,20371.111328125,-42236.7265625,-10644.8837890625,-39550.5625,-9665.3857421875,18882.216796875,-4754.57373046875
3807.803910163,13486.3720703125,20329.603515625,-41943.51953125,-10620.0068359375,-39549.87109375,-9578.236328125,18902.6015625,-4791.29736328125
3807.804276659,13504.2314453125,20347.552734375,-41781.51171875,-10574.9228515625,-39526.35546875,-9490.193359375,18960.716796875,-4774.13134765625
3807.804714266,13542.474609375,20378.30859375,-41872.9296875,-10573.984375,-39519.71875,-9502.330078125,18964.5390625,-4755.087890625
3807.80509389,13592.1181640625,20414.4296875,-42114.5546875,-10595.0625,-39516.2734375,-9582.349609375,18941.650390625,-4724.2421875
3807.805288625,13556.2431640625,20379.984375,-42235.9921875,-10650.9189453125,-39552.484375,-9670.68359375,18885.81640625,-4751.15380859375
3807.805478984,13482.974609375,20319.2109375,-41957.890625,-10641.7099609375,-39571.6640625,-9601.1025390625,18894.66796875,-4785.0615234375
3807.805668614,13511.271484375,20347.44140625,-41787.390625,-10584.2666015625,-39537.734375,-9502.53125,18949.228515625,-4771.18115234375
3807.805858608,13554.74609375,20382.466796875,-41874.02734375,-10576.9345703125,-39524.96875,-9510.779296875,18961.498046875,-4748.2255859375
3807.806116796,13594.599609375,20408.86328125,-42117.16796875,-10604.091796875,-39521.328125,-9584.8525390625,18938.6328125,-4722.99072265625
3807.806507725,13560.9375,20372.51953125,-42236.03515625,-10654.271484375,-39551.79296875,-9669.07421875,18880.02734375,-4748.2705078125
3807.806870209,13481.857421875,20314.919921875,-41960.50390625,-10646.60546875,-39569.49609375,-9596.654296875,18890.755859375,-4788.79443359375
3807.807115634,13496.36328125,20339.1484375,-41792.6640625,-10591.84375,-39539.5,-9500.966796875,18942.72265625,-4776.36669921875
3807.807304899,13548.2412109375,20381.59375,-41868.28125,-10580.33203125,-39519.13671875,-9499.8046875,18958.615234375,-4747.15283203125
3807.807494529,13594.017578125,20424.30859375,-42101.61328125,-10587.4853515625,-39505.97265625,-9572.40234375,18938.54296875,-4719.99560546875
3807.807683429,13555.6396484375,20383.517578125,-42226.828125,-10642.3583984375,-39540.19140625,-9658.658203125,18879.267578125,-4751.60107421875
3807.807872694,13483.869140625,20324.732421875,-41949.77734375,-10632.814453125,-39556.6640625,-9586.39453125,18885.7265625,-4804.8427734375
3807.808162244,13508.5224609375,20349.85546875,-41782.78515625,-10576.7783203125,-39527.2265625,-9491.1767578125,18945.40625,-4787.810546875
3807.808562289,13541.9384765625,20381.3046875,-41870.828125,-10574.4765625,-39518.01953125,-9500.6533203125,18962.1015625,-4746.37060546875
3807.808925138,13584.7646484375,20408.751953125,-42113.61328125,-10605.298828125,-39518.33203125,-9580.1591796875,18939.326171875,-4720.0625
3807.809230005,13558.61328125,20373.2578125,-42234.0,-10657.3564453125,-39547.3203125,-9661.1396484375,18893.28125,-4742.39208984375
3807.80941927,13482.3486328125,20316.818359375,-41955.07421875,-10636.8818359375,-39559.81640625,-9588.451171875,18905.57421875,-4787.34130859375
3807.809608899,13494.8212890625,20329.134765625,-41793.94140625,-10597.87890625,-39543.41015625,-9498.6201171875,18958.548828125,-4764.36376953125
3807.809798529,13536.283203125,20360.6953125,-41881.04296875,-10597.4541015625,-39536.703125,-9506.3759765625,18965.365234375,-4740.53662109375
3807.810004569,13588.876953125,20398.4921875,-42116.4765625,-10607.646484375,-39524.859375,-9580.8515625,18940.064453125,-4726.18701171875
3807.810379452,13561.7197265625,20376.87890625,-42230.1328125,-10649.734375,-39546.5625,-9657.5625,18892.455078125,-4746.8623046875
3807.810768558,13489.009765625,20338.65625,-41942.53515625,-10618.9111328125,-39552.953125,-9582.416015625,18902.826171875,-4785.6650390625
3807.810992831,13505.6171875,20359.533203125,-41773.7578125,-10569.1787109375,-39524.9921875,-9484.6494140625,18958.8828125,-4758.32861328125
3807.811187566,13555.349609375,20403.72265625,-41853.73046875,-10556.6396484375,-39509.1875,-9488.3603515625,18974.10546875,-4739.888671875
3807.811381572,13596.07421875,20429.71875,-42098.21484375,-10584.4228515625,-39511.69140625,-9573.7890625,18949.31640625,-4720.912109375
3807.811575578,13556.2216796875,20388.43359375,-42226.7578125,-10639.5419921875,-39543.765625,-9660.87109375,18890.21875,-4754.23828125
3807.811769948,13483.734375,20332.130859375,-41949.0625,-10626.66796875,-39556.46484375,-9585.2548828125,18898.265625,-4791.56591796875
3807.812003703,13505.7734375,20352.671875,-41782.09375,-10581.62890625,-39534.91796875,-9494.9541015625,18952.759765625,-4769.57177734375
3807.812419794,13550.677734375,20391.18359375,-41862.40234375,-10569.111328125,-39518.15234375,-9498.10546875,18963.7109375,-4740.60400390625
3807.812739977,13593.5263671875,20436.35546875,-42099.2421875,-10581.740234375,-39510.39453125,-9575.3974609375,18936.93359375,-4724.689453125
3807.81293143,13553.6728515625,20392.345703125,-42227.16015625,-10638.55859375,-39539.6328125,-9656.333984375,18882.486328125,-4759.60302734375
3807.813276045,13488.5849609375,20344.84765625,-41939.515625,-10615.044921875,-39543.23046875,-9573.408203125,18903.71875,-4791.36474609375
3807.813472604,13505.4384765625,20365.255859375,-41767.7890625,-10556.9970703125,-39514.5546875,-9475.3291015625,18969.03125,-4759.11083984375
3807.813668797,13546.7890625,20397.396484375,-41855.18359375,-10557.0419921875,-39505.97265625,-9480.134765625,18981.16796875,-4725.248046875
3807.813863897,13595.671875,20420.509765625,-42100.78515625,-10590.591796875,-39510.15234375,-9562.232421875,18947.6640625,-4713.8486328125
3807.814090359,13563.8427734375,20380.5,-42229.46484375,-10648.728515625,-39545.04296875,-9652.6005859375,18897.193359375,-4734.703125
3807.814286553,13485.2099609375,20326.36328125,-41949.75390625,-10631.4287109375,-39557.08984375,-9580.1591796875,18912.861328125,-4776.2548828125
3807.814482746,13502.5546875,20348.134765625,-41781.22265625,-10583.908203125,-39532.79296875,-9488.44921875,18970.88671875,-4760.8994140625
3807.814679305,13544.3974609375,20378.935546875,-41863.05078125,-10582.03125,-39520.72265625,-9492.0927734375,18985.080078125,-4733.6748046875
3807.814874769,13595.0908203125,20422.095703125,-42098.03515625,-10588.06640625,-39512.02734375,-9574.1689453125,18949.02734375,-4719.861328125
3807.815246735,13559.640625,20393.619140625,-42225.484375,-10636.3232421875,-39543.5234375,-9660.267578125,18893.794921875,-4747.93505859375
3807.815638029,13489.5234375,20336.689453125,-41948.34765625,-10634.982421875,-39562.34375,-9586.23828125,18906.693359375,-4785.6875
3807.816025675,13499.4482421875,20358.326171875,-41776.4609375,-10579.4384765625,-39533.44140625,-9493.7021484375,18952.55859375,-4781.060546875
3807.816221869,13546.5654296875,20404.37109375,-41845.19140625,-10550.0458984375,-39503.37890625,-9490.2158203125,18972.919921875,-4743.80029296875
3807.816412957,13597.638671875,20425.359375,-42086.5234375,-10583.685546875,-39503.734375,-9565.6748046875,18953.564453125,-4708.88671875
3807.816604046,13567.330078125,20387.16015625,-42215.828125,-10638.24609375,-39534.671875,-9651.1923828125,18899.09375,-4736.35693359375
3807.81679404,13487.0654296875,20333.181640625,-41941.41796875,-10628.5224609375,-39552.328125,-9581.34375,18906.177734375,-4792.2587890625
3807.81707265,13503.26953125,20360.427734375,-41765.6875,-10568.28515625,-39518.33203125,-9478.2353515625,18964.181640625,-4774.33251953125
3807.817423465,13555.2158203125,20399.408203125,-41842.93359375,-10549.8896484375,-39497.453125,-9480.3359375,18975.37890625,-4750.4833984375
3807.817614188,13596.2529296875,20423.1015625,-42086.703125,-10583.841796875,-39502.59375,-9561.8076171875,18960.42578125,-4711.79248046875
3807.817803818,13557.6962890625,20389.439453125,-42215.96484375,-10631.853515625,-39531.78515625,-9648.6669921875,18904.2109375,-4733.048828125
3807.818022622,13486.796875,20339.662109375,-41938.48828125,-10614.708984375,-39547.76953125,-9583.466796875,18907.85546875,-4784.4130859375
3807.818212616,13494.2841796875,20354.705078125,-41773.19921875,-10571.9951171875,-39530.55859375,-9493.166015625,18963.64453125,-4768.74462890625
3807.818402246,13540.3740234375,20391.138671875,-41854.8046875,-10563.0322265625,-39516.4765625,-9496.943359375,18970.841796875,-4741.52001953125
3807.818609744,13597.9296875,20426.587890625,-42087.91015625,-10583.08203125,-39506.73046875,-9567.6416015625,18951.396484375,-4715.8603515625
3807.818804479,13559.73046875,20388.0546875,-42219.5625,-10639.8994140625,-39538.4921875,-9653.115234375,18895.78515625,-4740.96142578125
3807.819057197,13478.7724609375,20330.38671875,-41944.63671875,-10628.4111328125,-39554.296875,-9582.505859375,18906.0,-4784.77099609375
3807.819284024,13494.552734375,20347.060546875,-41774.1796875,-10580.98046875,-39532.703125,-9490.3046875,18959.197265625,-4774.39990234375
3807.819515955,13536.015625,20377.7734375,-41857.80078125,-10576.755859375,-39520.56640625,-9495.0654296875,18972.0703125,-4743.15185546875
3807.819886098,13583.9599609375,20415.3671875,-42092.1796875,-10588.826171875,-39509.76953125,-9568.423828125,18947.484375,-4724.8681640625
3807.820082291,13549.5380859375,20378.2421875,-42227.23046875,-10642.9619140625,-39542.13671875,-9656.8251953125,18891.203125,-4756.8759765625
3807.820277027,13478.302734375,20324.3515625,-41952.59375,-10630.19921875,-39553.35546875,-9583.421875,18905.1953125,-4802.29443359375
3807.820472126,13499.42578125,20354.4375,-41773.7109375,-10567.1005859375,-39520.9921875,-9488.337890625,18967.01953125,-4794.2705078125
3807.820667226,13549.716796875,20393.240234375,-41848.6796875,-10555.208984375,-39504.7421875,-9490.3720703125,18982.64453125,-4754.484375
3807.82086269,13605.8193359375,20426.365234375,-42087.10546875,-10579.818359375,-39502.640625,-9567.6640625,18953.8984375,-4728.62353515625
3807.821204389,13562.8818359375,20385.751953125,-42226.1796875,-10643.833984375,-39542.6953125,-9660.6025390625,18887.08984375,-4762.77685546875
3807.821524571,13481.1640625,20326.140625,-41956.50390625,-10642.6044921875,-39565.8515625,-9596.1845703125,18892.833984375,-4799.6123046875
3807.821721129,13494.84375,20350.705078125,-41776.1484375,-10581.9638671875,-39533.57421875,-9496.9208984375,18954.681640625,-4764.4755859375
3807.821946497,13548.46484375,20408.505859375,-41836.7890625,-10542.71484375,-39497.90234375,-9486.9296875,18974.75390625,-4732.57958984375
3807.822143055,13598.376953125,20435.91015625,-42075.37109375,-10572.9560546875,-39498.01171875,-9564.4453125,18952.177734375,-4715.41357421875
3807.82233852,13561.6083984375,20390.759765625,-42217.05859375,-10642.2021484375,-39541.48828125,-9658.4345703125,18894.064453125,-4742.0341796875
3807.822534349,13493.904296875,20343.26171875,-41938.578125,-10621.794921875,-39550.046875,-9584.517578125,18910.201171875,-4771.896484375
3807.822730178,13514.0654296875,20366.552734375,-41762.3125,-10561.9365234375,-39520.5,-9486.8623046875,18967.421875,-4763.6484375
3807.822955181,13554.947265625,20396.369140625,-41847.11328125,-10561.4677734375,-39513.19140625,-9491.5341796875,18973.5234375,-4742.79443359375
3807.82330162,13613.240234375,20443.083984375,-42071.86328125,-10565.8037109375,-39487.015625,-9550.05078125,18956.693359375,-4714.6982421875
3807.82361852,13575.9130859375,20403.41015625,-42212.43359375,-10624.275390625,-39525.68359375,-9650.25390625,18899.583984375,-4749.99169921875
3807.823813984,13488.6298828125,20344.53515625,-41945.70703125,-10616.3408203125,-39546.76171875,-9588.1162109375,18905.9765625,-4791.6103515625
3807.824068161,13497.078125,20368.607421875,-41776.88671875,-10570.609375,-39527.02734375,-9497.099609375,18960.158203125,-4782.6923828125
3807.824262532,13544.12890625,20397.21875,-41848.6328125,-10559.6123046875,-39506.55078125,-9492.6513671875,18975.044921875,-4749.32080078125
3807.824458725,13592.6103515625,20425.76171875,-42079.640625,-10579.05859375,-39496.44921875,-9560.869140625,18956.044921875,-4716.95556640625
3807.824653825,13553.5166015625,20386.490234375,-42218.109375,-10630.6240234375,-39526.1328125,-9646.5654296875,18898.087890625,-4747.3095703125
3807.82484929,13477.2080078125,20321.15625,-41952.125,-10627.337890625,-39545.64453125,-9582.4833984375,18901.462890625,-4784.50244140625
3807.825044754,13489.27734375,20337.986328125,-41781.578125,-10582.34375,-39526.625,-9494.7080078125,18947.640625,-4781.0380859375
3807.825239124,13541.71484375,20380.833984375,-41856.81640625,-10569.0673828125,-39511.625,-9497.591796875,18960.314453125,-4757.39013671875
3807.825433495,13594.5771484375,20414.720703125,-42092.29296875,-10590.7255859375,-39504.7421875,-9571.44140625,18940.890625,-4729.875
3807.825628594,13557.875,20376.9453125,-42233.46484375,-10649.8681640625,-39537.91015625,-9660.5361328125,18884.453125,-4751.35498046875
3807.825824059,13472.603515625,20314.62890625,-41969.1328125,-10646.4267578125,-39560.77734375,-9596.900390625,18881.724609375,-4798.875
3807.826136948,13503.470703125,20345.205078125,-41781.8046875,-10580.2431640625,-39528.546875,-9498.75390625,18944.578125,-4780.97119140625
3807.826536994,13544.017578125,20378.33203125,-41856.75,-10571.1015625,-39514.3984375,-9499.46875,18965.25390625,-4742.52587890625
3807.826849153,13587.06640625,20410.62890625,-42089.80859375,-10590.0107421875,-39505.63671875,-9569.8994140625,18947.126953125,-4712.8427734375
3807.82704717,13556.0205078125,20377.392578125,-42230.76171875,-10646.8515625,-39540.83984375,-9661.9658203125,18890.77734375,-4739.41943359375
3807.827242635,13479.8896484375,20323.32421875,-41960.05859375,-10633.88671875,-39560.64453125,-9601.2138671875,18892.5,-4787.56494140625
3807.827437734,13491.6025390625,20332.666015625,-41785.46875,-10591.3740234375,-39538.42578125,-9504.990234375,18947.060546875,-4782.0439453125
3807.827633564,13544.576171875,20379.5390625,-41852.078125,-10564.9541015625,-39509.94921875,-9496.5634765625,18961.4765625,-4752.6513671875
3807.827829393,13596.0966796875,20425.984375,-42081.83203125,-10572.3974609375,-39500.3828125,-9571.93359375,18939.37109375,-4728.109375
3807.828154316,13560.2001953125,20384.634765625,-42229.8671875,-10637.7314453125,-39538.42578125,-9666.5478515625,18885.748046875,-4765.14599609375
3807.828394635,13487.9140625,20322.541015625,-41963.6328125,-10639.453125,-39563.50390625,-9601.99609375,18891.248046875,-4809.0
3807.82858937,13495.8271484375,20336.845703125,-41785.6015625,-10593.251953125,-39539.90234375,-9505.056640625,18945.80859375,-4790.93994140625
3807.82878447,13537.625,20367.6015625,-41862.73828125,-10585.7861328125,-39527.47265625,-9509.37109375,18957.20703125,-4755.646484375
3807.829009837,13588.4296875,20402.626953125,-42094.390625,-10600.44921875,-39517.4140625,-9580.8291015625,18935.482421875,-4724.0634765625
3807.829204937,13552.220703125,20375.515625,-42230.84765625,-10646.11328125,-39541.33203125,-9661.2509765625,18881.814453125,-4750.6171875
3807.829399672,13478.548828125,20328.375,-41958.0703125,-10625.0361328125,-39544.52734375,-9588.40625,18885.861328125,-4808.73193359375
3808.281117225,13491.9150390625,20343.23828125,-41781.98046875,-10577.6953125,-39521.9296875,-9499.2900390625,18941.11328125,-4803.50146484375
3808.281318159,13546.1630859375,20386.779296875,-41850.98046875,-10558.5615234375,-39502.39453125,-9496.2724609375,18967.48828125,-4762.4189453125
3808.281510706,13594.7783203125,20421.693359375,-42083.44140625,-10578.3876953125,-39496.8046875,-9564.78125,18959.353515625,-4719.95068359375
3808.281700336,13557.673828125,20382.2421875,-42230.40234375,-10643.38671875,-39537.53125,-9660.1337890625,18899.49609375,-4745.6328125
3808.282097464,13483.623046875,20330.1640625,-41955.8125,-10625.05859375,-39549.71484375,-9591.06640625,18907.67578125,-4775.13720703125
3808.282455937,13496.162109375,20357.34375,-41771.20703125,-10566.5859375,-39520.296875,-9492.4287109375,18964.716796875,-4757.8369140625
3808.282754604,13546.9228515625,20395.05078125,-41843.515625,-10553.5771484375,-39501.87890625,-9489.455078125,18980.453125,-4734.4794921875
3808.28300878,13602.265625,20428.51171875,-42076.51171875,-10576.0634765625,-39497.69921875,-9560.7802734375,18963.533203125,-4706.31640625
3808.283200233,13559.775390625,20383.248046875,-42230.2890625,-10645.2646484375,-39542.40234375,-9661.6982421875,18901.595703125,-4739.93310546875
3808.283391687,13479.7333984375,20330.9453125,-41961.53515625,-10631.9873046875,-39557.2890625,-9596.341796875,18903.541015625,-4788.458984375
3808.283582046,13496.2958984375,20354.4140625,-41779.74609375,-10573.2021484375,-39528.43359375,-9498.1728515625,18954.7265625,-4778.71337890625
3808.283807048,13543.615234375,20388.009765625,-41854.9140625,-10564.8203125,-39517.4609375,-9499.6923828125,18969.2109375,-4749.20947265625
3808.284141453,13592.7216796875,20417.78125,-42090.32421875,-10589.876953125,-39515.55859375,-9574.19140625,18945.919921875,-4729.830078125
3808.284534935,13562.5244140625,20382.712890625,-42234.6953125,-10650.7177734375,-39549.9375,-9669.9677734375,18891.314453125,-4756.58544921875
