#3774.204269438,14330.9775390625,21189.744140625,-41232.62109375,-9941.1845703125,-39459.7265625,-8842.841796875,19642.17578125,-4435.72607421875
3774.204530909,14372.640625,21216.587890625,-41484.75,-9971.6494140625,-39461.53515625,-8930.5498046875,19619.892578125,-4415.005859375
3774.204845621,14325.970703125,21163.59375,-41559.08984375,-10026.2998046875,-39497.43359375,-8999.728515625,19568.392578125,-4455.50732421875
3774.205172732,14260.2119140625,21117.50390625,-41265.2109375,-10005.5126953125,-39506.1484375,-8909.31640625,19576.685546875,-4497.39453125
3774.205450977,14280.7080078125,21151.208984375,-41135.45703125,-9947.6435546875,-39477.76171875,-8834.1689453125,19630.62109375,-4471.4443359375
3774.205641701,14331.044921875,21191.689453125,-41234.4296875,-9943.888671875,-39464.6640625,-8844.7197265625,19644.568359375,-4429.51220703125
3774.205832424,14372.7080078125,21217.68359375,-41481.12890625,-9977.103515625,-39465.40234375,-8928.60546875,19616.76171875,-4410.46875
3774.206022054,14324.25,21171.884765625,-41552.36328125,-10025.5625,-39503.734375,-9004.109375,19564.615234375,-4450.58984375
3774.206212413,14261.59765625,21143.54296875,-41246.92578125,-9985.3291015625,-39503.66796875,-8913.048828125,19583.615234375,-4489.392578125
3774.206432311,14288.486328125,21178.658203125,-41106.15625,-9922.900390625,-39466.609375,-8826.7041015625,19638.64453125,-4474.86376953125
3774.206827616,14335.58203125,21217.21484375,-41203.02734375,-9912.5966796875,-39451.87890625,-8839.712890625,19638.533203125,-4459.46337890625
3774.207137587,14379.32421875,21244.88671875,-41455.3125,-9950.7060546875,-39457.01953125,-8928.60546875,19609.029296875,-4432.88720703125
3774.207327217,14334.62109375,21187.240234375,-41539.21875,-10013.8720703125,-39501.90234375,-9010.6806640625,19554.04296875,-4455.775390625
3774.207545656,14262.9384765625,21128.27734375,-41253.296875,-10002.16015625,-39518.48828125,-8928.7841796875,19576.619140625,-4495.24853515625
3774.207736015,14276.23828125,21150.2265625,-41127.65625,-9967.0673828125,-39495.265625,-8840.919921875,19626.57421875,-4479.982421875
3774.207926009,14338.1298828125,21209.32421875,-41210.08984375,-9928.2197265625,-39458.203125,-8837.8125,19643.8984375,-4439.771484375
3774.208116368,14396.6689453125,21253.46875,-41447.8671875,-9935.373046875,-39441.9765625,-8916.9150390625,19614.21484375,-4413.0390625
3774.208305998,14348.3896484375,21205.7265625,-41532.58203125,-9996.794921875,-39482.94921875,-8995.7275390625,19566.046875,-4437.13427734375
3774.208605029,14273.6005859375,21145.21875,-41247.7734375,-9990.6708984375,-39501.9921875,-8908.8017578125,19594.1875,-4476.47314453125
3774.208802681,14287.0341796875,21164.173828125,-41115.18359375,-9939.5751953125,-39471.3046875,-8817.6962890625,19644.814453125,-4462.30224609375
3774.20909369,14336.1630859375,21201.0546875,-41207.5859375,-9921.3134765625,-39443.4296875,-8819.193359375,19664.439453125,-4422.33740234375
3774.209331456,14383.7724609375,21223.3828125,-41456.16015625,-9955.6904296875,-39444.5703125,-8907.1923828125,19643.31640625,-4380.0927734375
3774.209542602,14334.017578125,21175.103515625,-41542.97265625,-10015.9287109375,-39486.12109375,-8991.3017578125,19584.15234375,-4410.17822265625
3774.209738431,14256.5234375,21121.19140625,-41254.48046875,-9998.203125,-39498.28125,-8908.064453125,19597.361328125,-4481.189453125
3774.209934989,14281.8486328125,21153.37890625,-41121.890625,-9946.392578125,-39472.7109375,-8824.37890625,19646.826171875,-4468.53857421875
3774.210131548,14337.0791015625,21203.55859375,-41215.296875,-9927.482421875,-39450.4921875,-8833.9462890625,19657.107421875,-4432.6640625
3774.210327742,14377.8486328125,21217.416015625,-41470.01953125,-9968.654296875,-39458.5390625,-8921.6767578125,19628.966796875,-4402.421875
3774.210616562,14335.3583984375,21184.513671875,-41549.48046875,-10016.978515625,-39487.3515625,-8989.849609375,19580.3515625,-4438.52001953125
3774.210976858,14277.244140625,21145.779296875,-41252.9609375,-9987.0947265625,-39492.5390625,-8901.0458984375,19592.48828125,-4482.240234375
3774.211244163,14295.68359375,21172.779296875,-41118.08984375,-9936.9599609375,-39464.8671875,-8814.298828125,19637.951171875,-4465.69970703125
3774.211458591,14342.98046875,21214.80078125,-41208.19140625,-9919.63671875,-39448.078125,-8832.2021484375,19653.642578125,-4431.56884765625
3774.211654055,14384.0849609375,21238.783203125,-41456.83203125,-9951.890625,-39450.73828125,-8921.85546875,19619.736328125,-4416.4140625
3774.211849155,14343.830078125,21196.806640625,-41543.84765625,-9996.99609375,-39483.26171875,-9000.9130859375,19568.3046875,-4450.2548828125
3774.212044619,14262.0673828125,21135.564453125,-41265.4765625,-9993.419921875,-39505.5,-8926.19140625,19576.619140625,-4500.09912109375
3774.212239354,14283.6591796875,21165.603515625,-41124.59375,-9944.6044921875,-39477.40625,-8836.5166015625,19631.671875,-4475.10986328125
3774.212491343,14337.2802734375,21203.6015625,-41215.140625,-9934.2109375,-39461.84765625,-8845.61328125,19641.841796875,-4440.28564453125
3774.212823195,14384.4873046875,21232.5703125,-41460.38671875,-9966.3076171875,-39463.0546875,-8928.4716796875,19614.37109375,-4412.390625
3774.21312879,14338.0625,21182.771484375,-41555.55859375,-10024.4443359375,-39501.7890625,-9012.1787109375,19558.783203125,-4447.12548828125
3774.213349053,14261.8212890625,21129.328125,-41268.3828125,-10001.712890625,-39511.2890625,-8928.5380859375,19574.7421875,-4497.998046875
3774.213561292,14287.525390625,21163.19140625,-41119.18359375,-9942.234375,-39472.33203125,-8826.234375,19637.326171875,-4478.1943359375
3774.213757486,14338.8232421875,21204.564453125,-41207.296875,-9924.4873046875,-39447.6328125,-8826.927734375,19655.966796875,-4450.0087890625
3774.213953315,14383.4814453125,21226.04296875,-41456.44921875,-9957.2998046875,-39446.8515625,-8910.9248046875,19627.916015625,-4422.8740234375
3774.214147685,14338.443359375,21178.412109375,-41560.4765625,-10023.1259765625,-39488.9609375,-8996.4873046875,19568.70703125,-4447.0361328125
3774.214342785,14271.052734375,21134.201171875,-41274.62109375,-10001.154296875,-39505.61328125,-8921.4306640625,19580.8203125,-4486.73291015625
3774.214624677,14297.7177734375,21166.744140625,-41130.875,-9948.3369140625,-39478.74609375,-8830.2802734375,19636.208984375,-4464.87255859375
3774.214903651,14339.2919921875,21201.568359375,-41222.2265625,-9938.2783203125,-39456.4375,-8829.9892578125,19662.896484375,-4425.71240234375
3774.215154546,14383.4365234375,21233.798828125,-41458.93359375,-9950.8623046875,-39442.6484375,-8899.5703125,19645.08203125,-4392.69873046875
3774.215349646,14342.287109375,21196.96484375,-41554.328125,-10004.6630859375,-39480.6015625,-8989.15625,19578.853515625,-4430.92041015625
3774.215573919,14273.689453125,21137.865234375,-41271.4453125,-9998.091796875,-39502.41796875,-8915.3505859375,19583.302734375,-4486.53173828125
3774.215769019,14293.76171875,21165.224609375,-41126.60546875,-9949.8115234375,-39477.0703125,-8827.6201171875,19637.3046875,-4468.3818359375
3774.215964848,14344.5,21200.33984375,-41213.01953125,-9936.9375,-39456.125,-8828.3798828125,19657.46484375,-4434.96630859375
3774.2161625,14389.0693359375,21229.708984375,-41452.65234375,-9955.3330078125,-39452.1015625,-8911.439453125,19629.861328125,-4416.5927734375
3774.216369634,14338.2421875,21187.353515625,-41551.109375,-10007.30078125,-39487.3515625,-8992.53125,19571.544921875,-4446.6337890625
3774.21670258,14269.845703125,21144.7734375,-41263.80078125,-9993.7333984375,-39497.12109375,-8908.421875,19581.982421875,-4492.32080078125
3774.216963321,14289.6044921875,21171.662109375,-41114.46875,-9933.9423828125,-39469.60546875,-8824.580078125,19625.859375,-4481.45751953125
3774.217167173,14341.9072265625,21209.837890625,-41202.17578125,-9924.197265625,-39454.09375,-8837.56640625,19639.5390625,-4451.10400390625
3774.217371754,14394.03125,21236.794921875,-41444.625,-9956.3388671875,-39455.3203125,-8918.234375,19622.88671875,-4415.6767578125
3774.217575606,14351.02734375,21199.35546875,-41544.96484375,-10002.115234375,-39488.91796875,-8999.125,19570.494140625,-4435.70361328125
3774.217777999,14276.1484375,21142.314453125,-41260.0703125,-9985.26171875,-39501.09765625,-8917.4296875,19588.890625,-4482.955078125
3774.217981122,14299.4833984375,21164.888671875,-41109.77734375,-9935.1494140625,-39471.1015625,-8820.1328125,19644.74609375,-4468.29248046875
3774.218184609,14355.8330078125,21212.431640625,-41194.1328125,-9918.51953125,-39450.73828125,-8826.279296875,19655.966796875,-4440.6435546875
3774.218416905,14394.3671875,21245.958984375,-41436.82421875,-9937.853515625,-39446.22265625,-8909.94140625,19628.36328125,-4422.33740234375
3774.218674729,14345.640625,21202.73046875,-41551.4453125,-10002.6962890625,-39487.28515625,-8994.6103515625,19577.513671875,-4447.1923828125
3774.218877851,14273.17578125,21147.611328125,-41269.45703125,-9982.9375,-39497.296875,-8913.40625,19591.28125,-4482.240234375
3774.219080974,14296.8017578125,21169.740234375,-41119.98828125,-9936.736328125,-39474.9453125,-8825.18359375,19634.80078125,-4468.49365234375
3774.219283367,14344.1875,21206.171875,-41203.8984375,-9920.3525390625,-39452.328125,-8826.0107421875,19652.01171875,-4429.19921875
3774.219486854,14389.986328125,21229.330078125,-41448.11328125,-9948.7392578125,-39448.4609375,-8908.5556640625,19628.251953125,-4400.7900390625
3774.219689248,14346.3779296875,21190.52734375,-41559.6484375,-10010.3408203125,-39485.4296875,-8991.927734375,19576.552734375,-4423.49951171875
3774.21989237,14267.2529296875,21136.234375,-41279.9609375,-9998.1142578125,-39504.3828125,-8918.3232421875,19592.35546875,-4464.58203125
3774.670427655,14286.564453125,21155.345703125,-41128.26171875,-9945.453125,-39475.7734375,-8824.669921875,19646.9375,-4459.15087890625
3774.670633694,14337.4814453125,21197.142578125,-41214.2265625,-9933.71875,-39458.6953125,-8827.9560546875,19658.11328125,-4432.68603515625
3774.670826971,14388.734375,21228.63671875,-41447.46484375,-9944.783203125,-39448.75,-8904.9794921875,19638.265625,-4395.4033203125
3774.671017695,14346.19921875,21192.896484375,-41562.6875,-10006.697265625,-39487.62109375,-8990.6982421875,19588.353515625,-4419.2080078125
3774.671213159,14262.0673828125,21149.66796875,-41282.265625,-9992.8837890625,-39498.52734375,-8912.1103515625,19606.458984375,-4483.6259765625
3774.671404247,14292.5546875,21178.345703125,-41119.74609375,-9927.7958984375,-39462.1171875,-8819.3505859375,19652.123046875,-4460.044921875
3774.671594606,14342.17578125,21208.744140625,-41207.65234375,-9928.0634765625,-39453.35546875,-8827.9560546875,19661.265625,-4426.583984375
3774.671784601,14388.17578125,21230.357421875,-41447.48828125,-9956.4951171875,-39453.5546875,-8904.8681640625,19640.388671875,-4402.55615234375
3774.671975324,14345.193359375,21188.40234375,-41561.7734375,-10007.345703125,-39488.4453125,-8994.9677734375,19583.212890625,-4424.4609375
3774.672170789,14270.76171875,21136.97265625,-41282.21875,-9996.8623046875,-39507.4921875,-8922.3466796875,19587.2578125,-4473.5673828125
3774.672496441,14293.671875,21164.107421875,-41125.95703125,-9947.2412109375,-39482.234375,-8831.62109375,19637.169921875,-4459.0390625
3774.672903051,14335.4697265625,21213.548828125,-41206.15625,-9925.8505859375,-39458.5625,-8834.125,19648.904296875,-4441.47021484375
3774.673297262,14387.9970703125,21246.8984375,-41437.875,-9944.6708984375,-39447.38671875,-8906.1416015625,19625.189453125,-4415.4306640625
3774.673582436,14348.2333984375,21189.87890625,-41562.0390625,-10005.7138671875,-39489.9453125,-9001.986328125,19568.19140625,-4447.572265625
3774.67389496,14268.0126953125,21138.849609375,-41282.80078125,-9987.1171875,-39502.08203125,-8925.6552734375,19576.306640625,-4488.31982421875
3774.674085319,14286.5419921875,21164.28515625,-41124.28125,-9939.798828125,-39474.03125,-8829.9453125,19631.0234375,-4470.14794921875
3774.67433512,14339.76171875,21192.494140625,-41213.30859375,-9941.072265625,-39466.296875,-8840.025390625,19646.177734375,-4444.33154296875
3774.674525843,14396.2666015625,21236.458984375,-41444.9609375,-9950.5947265625,-39456.6640625,-8912.4677734375,19633.884765625,-4412.0556640625
3774.674716932,14360.99609375,21212.810546875,-41557.546875,-9988.97265625,-39477.29296875,-8987.994140625,19580.955078125,-4432.93212890625
3774.674906926,14279.478515625,21139.7890625,-41289.88671875,-9989.978515625,-39501.14453125,-8920.513671875,19575.568359375,-4483.33544921875
3774.67510312,14302.0986328125,21162.36328125,-41127.25390625,-9938.9267578125,-39476.21875,-8830.861328125,19632.72265625,-4458.994140625
3774.675421114,14340.96875,21206.642578125,-41211.1640625,-9930.4775390625,-39457.2890625,-8827.7763671875,19652.837890625,-4433.06640625
3774.675766094,14386.7451171875,21237.375,-41449.4765625,-9952.9638671875,-39454.671875,-8914.322265625,19624.697265625,-4416.30224609375
3774.676159576,14338.46484375,21187.44140625,-41580.078125,-10021.6728515625,-39496.40234375,-9007.7529296875,19569.265625,-4439.9951171875
3774.676379109,14255.40625,21126.154296875,-41308.4140625,-10012.0390625,-39508.20703125,-8929.2763671875,19579.658203125,-4497.86376953125
3774.676569832,14277.5791015625,21144.884765625,-41147.953125,-9965.7265625,-39482.16796875,-8833.4990234375,19627.580078125,-4478.66357421875
3774.676760191,14326.2607421875,21189.275390625,-41219.45703125,-9944.939453125,-39460.44140625,-8833.23046875,19641.86328125,-4427.52294921875
3774.67695055,14382.9677734375,21230.9609375,-41446.3046875,-9953.9921875,-39452.7734375,-8905.2255859375,19621.94921875,-4405.90869140625
3774.677173365,14346.5341796875,21204.943359375,-41570.80078125,-10008.5751953125,-39483.21484375,-8988.5302734375,19575.12109375,-4431.255859375
3774.677540955,14261.0390625,21132.994140625,-41304.546875,-10004.4619140625,-39505.8359375,-8928.203125,19583.435546875,-4482.68701171875
3774.677948659,14274.896484375,21147.1875,-41139.4140625,-9949.9013671875,-39477.8984375,-8835.33203125,19628.744140625,-4480.228515625
3774.678157981,14319.779296875,21181.384765625,-41221.06640625,-9942.7041015625,-39462.80859375,-8835.64453125,19647.33984375,-4445.15869140625
3774.678508066,14373.021484375,21212.810546875,-41452.62890625,-9964.1171875,-39456.3046875,-8908.01953125,19626.708984375,-4418.8056640625
3774.678779747,14339.3818359375,21181.65234375,-41581.44140625,-10018.7001953125,-39492.6484375,-9006.3896484375,19572.05859375,-4433.73681640625
3774.678975576,14263.1845703125,21118.77734375,-41315.3203125,-10017.76171875,-39517.48046875,-8943.6259765625,19568.349609375,-4477.2109375
3774.67920532,14280.2392578125,21144.146484375,-41140.0859375,-9954.8408203125,-39482.32421875,-8841.92578125,19623.154296875,-4466.92919921875
3774.679401149,14331.1787109375,21187.28515625,-41211.85546875,-9934.2109375,-39457.2890625,-8832.626953125,19645.439453125,-4439.50341796875
3774.679596613,14376.9326171875,21216.185546875,-41452.25,-9971.9853515625,-39465.9375,-8913.7412109375,19621.501953125,-4420.392578125
3774.679793172,14345.23828125,21184.4921875,-41575.16015625,-10016.5322265625,-39488.84765625,-8993.7158203125,19575.27734375,-4436.12841796875
3774.67998973,14270.91796875,21131.80859375,-41300.61328125,-10002.0927734375,-39504.29296875,-8923.017578125,19586.6328125,-4482.12841796875
3774.680206346,14270.6943359375,21145.98046875,-41142.4296875,-9963.55859375,-39490.5703125,-8834.7724609375,19624.228515625,-4481.05517578125
3774.680422961,14319.220703125,21190.638671875,-41214.5390625,-9940.513671875,-39468.7109375,-8838.4609375,19628.2734375,-4448.73486328125
3774.680618426,14381.3583984375,21228.927734375,-41443.12890625,-9958.685546875,-39461.9375,-8920.8271484375,19609.810546875,-4421.35400390625
3774.68081389,14358.1796875,21203.111328125,-41569.41796875,-10006.65234375,-39488.87109375,-9000.98046875,19554.1328125,-4443.1689453125
3774.68100899,14271.0966796875,21131.65234375,-41300.92578125,-10005.84765625,-39510.7109375,-8939.1328125,19559.876953125,-4487.47021484375
3774.681242745,14282.2734375,21144.37109375,-41130.2265625,-9954.3046875,-39484.4921875,-8841.7685546875,19616.6953125,-4471.28759765625
3774.681438939,14337.1015625,21187.396484375,-41203.5390625,-9939.015625,-39463.99609375,-8836.4267578125,19637.03515625,-4442.16357421875
3774.681635132,14389.181640625,21223.763671875,-41434.25390625,-9953.8349609375,-39456.55078125,-8905.8515625,19627.982421875,-4409.8203125
3774.68184409,14346.9140625,21188.626953125,-41575.609375,-10013.6259765625,-39490.34765625,-8995.3251953125,19571.65625,-4443.4599609375
3774.682035178,14263.3408203125,21141.599609375,-41310.94140625,-10008.6865234375,-39507.46875,-8927.7783203125,19578.765625,-4479.9599609375
3774.682357548,14280.3056640625,21143.744140625,-41138.25,-9959.6240234375,-39479.41796875,-8829.095703125,19630.955078125,-4463.77734375
3774.682749207,14326.283203125,21176.2890625,-41215.41015625,-9959.4013671875,-39473.5625,-8838.572265625,19640.052734375,-4432.90966796875
3774.683209059,14373.37890625,21222.578125,-41437.02734375,-9957.6796875,-39459.32421875,-8913.294921875,19621.568359375,-4404.0087890625
3774.683419475,14347.96484375,21201.2109375,-41565.16796875,-9993.4873046875,-39472.77734375,-8986.5859375,19576.23828125,-4421.48779296875
3774.683610928,14261.552734375,21142.08984375,-41303.2734375,-9995.96875,-39498.640625,-8922.927734375,19580.888671875,-4460.89404296875
3774.683802016,14263.3857421875,21156.216796875,-41134.09375,-9950.169921875,-39478.8125,-8835.3544921875,19631.447265625,-4459.0166015625
3774.68399274,14325.322265625,21180.9375,-41207.1171875,-9946.59375,-39464.0390625,-8837.74609375,19646.69140625,-4429.91455078125
3774.684247281,14389.181640625,21216.701171875,-41433.67578125,-9959.490234375,-39452.86328125,-8908.0869140625,19621.009765625,-4401.1923828125
3774.684438005,14352.4130859375,21184.1796875,-41575.16015625,-10011.994140625,-39483.640625,-8998.2978515625,19569.17578125,-4432.0380859375
3774.684629093,14268.99609375,21127.181640625,-41310.89453125,-10007.9267578125,-39506.484375,-8938.2841796875,19580.888671875,-4484.74365234375
3774.684820546,14278.763671875,21143.87890625,-41135.12109375,-9960.2275390625,-39485.83203125,-8843.400390625,19625.63671875,-4480.87646484375
3774.685011999,14326.216796875,21179.57421875,-41203.875,-9943.732421875,-39463.81640625,-8839.7353515625,19634.64453125,-4443.75048828125
3774.685309936,14380.84375,21221.169921875,-41427.88671875,-9953.1875,-39451.41015625,-8910.947265625,19611.375,-4410.17822265625
3774.685605321,14347.8310546875,21201.748046875,-41573.39453125,-10010.4296875,-39482.76953125,-9001.8525390625,19556.525390625,-4427.90283203125
3774.685941549,14251.3828125,21134.55859375,-41318.85546875,-10019.4599609375,-39511.0,-8942.91015625,19555.607421875,-4482.44140625
3774.686215053,14272.86328125,21142.716796875,-41137.42578125,-9964.765625,-39483.21484375,-8841.92578125,19608.044921875,-4480.630859375
3774.686412706,14329.501953125,21175.283203125,-41207.65234375,-9949.6552734375,-39466.98828125,-8846.150390625,19628.83203125,-4448.623046875
3774.686609994,14373.8037109375,21201.2109375,-41441.453125,-9976.947265625,-39466.51953125,-8922.369140625,19607.1953125,-4420.8623046875
3774.686805823,14348.5908203125,21178.009765625,-41583.41015625,-10015.7939453125,-39492.6484375,-9013.720703125,19553.08203125,-4445.47119140625
3774.687014415,14266.2021484375,21117.34765625,-41325.71484375,-10022.455078125,-39518.84375,-8954.466796875,19556.97265625,-4488.29736328125
3774.687210974,14277.4892578125,21147.8125,-41142.453125,-9964.5419921875,-39492.46875,-8852.341796875,19620.025390625,-4478.373046875
3774.687402427,14324.71875,21195.80078125,-41201.7734375,-9930.298828125,-39460.57421875,-8839.8017578125,19641.21484375,-4468.6279296875
3774.687593151,14372.5966796875,21225.529296875,-41428.04296875,-9946.90625,-39453.15234375,-8912.7802734375,19617.544921875,-4438.31884765625
3774.68778351,14345.953125,21203.69140625,-41576.43359375,-9998.94140625,-39484.78125,-9004.35546875,19559.20703125,-4450.47802734375
3774.687974598,14269.912109375,21135.005859375,-41318.40625,-10007.658203125,-39510.53125,-8947.828125,19560.951171875,-4481.033203125
3774.688245914,14282.228515625,21141.3984375,-41137.55859375,-9968.185546875,-39492.984375,-8853.056640625,19610.81640625,-4465.6103515625
3774.688614233,14328.7421875,21179.640625,-41207.25,-9955.2431640625,-39475.37109375,-8847.9599609375,19631.4921875,-4431.50146484375
3774.688870963,14379.63671875,21229.240234375,-41423.953125,-9950.4150390625,-39449.12890625,-8906.857421875,19619.556640625,-4398.197265625
3774.689204638,14350.3564453125,21195.779296875,-41574.78125,-10003.6572265625,-39477.44921875,-8999.86328125,19554.15625,-4435.74853515625
3774.689440946,14270.158203125,21125.03515625,-41321.40234375,-10009.759765625,-39505.078125,-8949.392578125,19553.775390625,-4488.185546875
3774.689743989,14278.763671875,21143.521484375,-41138.69921875,-9959.646484375,-39484.84765625,-8854.77734375,19608.984375,-4477.09912109375
3774.689985037,14326.529296875,21187.732421875,-41206.04296875,-9944.134765625,-39468.64453125,-8849.0556640625,19628.654296875,-4454.0322265625
3774.690252707,14374.384765625,21217.013671875,-41430.6796875,-9961.2109375,-39458.65234375,-8916.2451171875,19611.599609375,-4421.7783203125
3774.690451818,14350.736328125,21173.16015625,-41585.28515625,-10018.990234375,-39489.49609375,-9008.625,19557.173828125,-4446.90185546875
3774.690648741,14266.291015625,21114.6640625,-41332.8671875,-10022.3662109375,-39515.984375,-8949.99609375,19563.05078125,-4496.92529296875
3774.690844935,14266.626953125,21135.876953125,-41149.16015625,-9973.728515625,-39490.2109375,-8843.556640625,19617.34375,-4492.1865234375
3774.691040764,14325.076171875,21175.23828125,-41203.5625,-9942.8603515625,-39460.12890625,-8840.025390625,19639.517578125,-4441.26904296875
3774.691335419,14378.0498046875,21212.05078125,-41424.6875,-9956.7412109375,-39452.3046875,-8909.673828125,19623.154296875,-4401.416015625
3774.69177959,14352.1220703125,21191.779296875,-41582.78125,-10018.029296875,-39490.59375,-9010.2119140625,19562.76171875,-4430.40625
3774.692034131,14261.1279296875,21135.98828125,-41329.24609375,-10013.73828125,-39511.71484375,-8946.77734375,19565.64453125,-4478.10498046875
3774.692264604,14284.0615234375,21154.47265625,-41139.078125,-9962.9326171875,-39486.5703125,-8846.91015625,19622.88671875,-4472.09228515625
3774.692460798,14329.0546875,21171.818359375,-41211.69921875,-9963.5810546875,-39479.08203125,-8854.30859375,19622.9765625,-4453.80859375
3774.692656992,14383.861328125,21211.224609375,-41428.98046875,-9974.4658203125,-39468.95703125,-8923.30859375,19604.669921875,-4418.2470703125
3774.692852821,14360.236328125,21189.1640625,-41577.640625,-10015.1904296875,-39495.28515625,-9016.4033203125,19551.205078125,-4445.248046875
3774.693049015,14274.7177734375,21128.92578125,-41324.59765625,-10011.8828125,-39515.58203125,-8955.427734375,19555.02734375,-4489.1689453125
3774.693309756,14281.625,21147.96875,-41137.11328125,-9961.658203125,-39490.8828125,-8851.6708984375,19616.404296875,-4477.1884765625
3774.693535852,14328.8095703125,21188.73828125,-41203.36328125,-9945.6767578125,-39474.03125,-8845.2109375,19639.8515625,-4441.15771484375
3774.693732776,14376.396484375,21224.94921875,-41423.078125,-9955.466796875,-39462.16015625,-8911.2607421875,19626.888671875,-4405.50634765625
3774.693928969,14353.0830078125,21197.970703125,-41582.73828125,-10010.2060546875,-39487.57421875,-9002.634765625,19574.40625,-4430.7861328125
3774.694144855,14269.755859375,21137.91015625,-41335.8203125,-10016.6435546875,-39516.2734375,-8951.76171875,19572.05859375,-4485.4140625
3774.694357095,14276.4833984375,21157.46875,-41142.0078125,-9962.8203125,-39488.91796875,-8844.943359375,19624.98828125,-4475.93701171875
3774.694552559,14332.251953125,21196.337890625,-41198.53515625,-9941.005859375,-39460.05859375,-8823.955078125,19646.982421875,-4437.73779296875
3774.694748024,14381.783203125,21225.865234375,-41421.91796875,-9961.658203125,-39460.23828125,-8903.951171875,19633.728515625,-4405.796875
3774.694943123,14358.1123046875,21177.787109375,-41591.8359375,-10030.546875,-39502.99609375,-9008.087890625,19573.466796875,-4422.5830078125
3774.695179066,14278.16015625,21120.208984375,-41335.23828125,-10012.375,-39509.4140625,-8946.5537109375,19567.587890625,-4480.787109375
3774.695461688,14282.787109375,21154.2265625,-41134.62890625,-9947.7783203125,-39476.98046875,-8841.7470703125,19628.876953125,-4474.841796875
3774.695713312,14324.25,21185.384765625,-41200.74609375,-9942.8603515625,-39467.5703125,-8839.265625,19651.138671875,-4442.14111328125
3774.695908776,14370.673828125,21223.427734375,-41419.32421875,-9953.2314453125,-39453.80078125,-8900.8447265625,19629.546875,-4402.53369140625
3774.696118463,14346.0869140625,21191.21875,-41585.51171875,-10007.814453125,-39482.546875,-8998.4990234375,19569.9140625,-4421.55517578125
3774.696316115,14265.5087890625,21120.611328125,-41345.69921875,-10020.9794921875,-39515.91796875,-8951.359375,19564.302734375,-4482.396484375
3774.696512674,14271.2314453125,21130.9375,-41153.8984375,-9973.236328125,-39496.11328125,-8849.748046875,19617.90234375,-4480.94384765625
3774.696708867,14320.6513671875,21183.77734375,-41200.8828125,-9935.2158203125,-39458.2265625,-8831.263671875,19644.255859375,-4449.36083984375
3774.696905061,14374.02734375,21221.505859375,-41420.80078125,-9951.0185546875,-39450.875,-8898.7216796875,19617.767578125,-4429.33349609375
3774.697108548,14359.431640625,21195.734375,-41586.58203125,-10011.369140625,-39485.51953125,-8998.7451171875,19557.84375,-4449.91943359375
3774.697391169,14274.4501953125,21141.62109375,-41336.51171875,-10007.412109375,-39507.08984375,-8946.978515625,19553.841796875,-4482.240234375
3774.697643887,14271.767578125,21147.142578125,-41132.88671875,-9953.4326171875,-39478.25390625,-8840.0927734375,19615.623046875,-4461.36328125
3774.697840446,14318.8408203125,21181.83203125,-41189.9296875,-9937.33984375,-39460.59765625,-8838.349609375,19639.404296875,-4438.11767578125
3774.698037369,14374.5859375,21216.8125,-41409.87109375,-9950.3486328125,-39452.171875,-8905.9404296875,19619.9375,-4415.6767578125
3774.698271853,14352.2783203125,21188.4921875,-41583.18359375,-10008.015625,-39481.36328125,-8999.21484375,19565.779296875,-4441.31396484375
3774.698467682,14265.1962890625,21134.87109375,-41337.11328125,-10001.6455078125,-39503.0859375,-8946.0400390625,19560.681640625,-4489.59375
3775.151644289,14264.01171875,21133.708984375,-41138.7421875,-9954.21484375,-39483.10546875,-8844.2275390625,19611.80078125,-4473.1875
3775.151923993,14315.5322265625,21173.650390625,-41192.4765625,-9936.5126953125,-39461.46875,-8829.7216796875,19641.23828125,-4422.9853515625
3775.152126386,14366.650390625,21207.291015625,-41411.16796875,-9953.0078125,-39455.76953125,-8898.005859375,19623.1328125,-4402.93603515625
3775.152308358,14349.6630859375,21182.994140625,-41583.4765625,-10011.3017578125,-39485.921875,-8993.134765625,19565.779296875,-4432.171875
3775.1524896,14261.59765625,21120.767578125,-41347.1953125,-10024.4892578125,-39518.7109375,-8955.2265625,19551.025390625,-4489.70556640625
3775.152671571,14271.4990234375,21140.771484375,-41137.0234375,-9960.80859375,-39487.5078125,-8852.453125,19608.4921875,-4477.32275390625
3775.152895845,14319.1083984375,21174.701171875,-41189.4609375,-9941.20703125,-39462.40625,-8836.3818359375,19641.169921875,-4438.810546875
3775.153286409,14367.6787109375,21212.185546875,-41405.84765625,-9954.0361328125,-39450.26953125,-8895.3017578125,19626.888671875,-4415.4306640625
3775.153730945,14344.947265625,21189.587890625,-41579.765625,-10001.8916015625,-39480.9375,-8995.638671875,19561.083984375,-4437.46923828125
3775.154031435,14266.134765625,21128.58984375,-41341.4296875,-10011.681640625,-39507.625,-8947.0009765625,19552.45703125,-4491.13623046875
3775.154212313,14272.68359375,21136.14453125,-41141.44921875,-9960.4736328125,-39483.84375,-8846.5966796875,19606.4140625,-4486.017578125
3775.15439319,14317.4990234375,21181.80859375,-41191.828125,-9931.2158203125,-39456.99609375,-8832.515625,19632.966796875,-4447.6396484375
3775.154573703,14373.9375,21223.71875,-41405.78125,-9946.99609375,-39447.34375,-8895.14453125,19616.0703125,-4411.2060546875
3775.154754216,14350.8037109375,21186.951171875,-41585.21875,-10011.078125,-39482.58984375,-8997.8515625,19556.7265625,-4425.13134765625
3775.155137486,14264.4140625,21120.8125,-41348.359375,-10013.603515625,-39508.36328125,-8951.896484375,19554.9375,-4482.28466796875
3775.155457669,14268.75,21135.765625,-41139.50390625,-9956.7412109375,-39480.15625,-8840.875,19625.7265625,-4475.33349609375
3775.155891264,14324.763671875,21185.564453125,-41186.3515625,-9932.623046875,-39450.62890625,-8818.1435546875,19651.966796875,-4434.02734375
3775.156100586,14369.6455078125,21217.416015625,-41406.91796875,-9952.494140625,-39448.21484375,-8888.3056640625,19620.80859375,-4419.990234375
3775.156282558,14347.1376953125,21189.85546875,-41587.90234375,-10011.4130859375,-39485.20703125,-9000.466796875,19553.552734375,-4450.70166015625
3775.156464165,14260.837890625,21129.55078125,-41352.76171875,-10015.705078125,-39513.50390625,-8959.4287109375,19542.599609375,-4495.583984375
3775.156645772,14271.6337890625,21135.384765625,-41138.80859375,-9956.7861328125,-39483.26171875,-8849.1005859375,19603.93359375,-4474.640625
3775.156826649,14326.6630859375,21179.5078125,-41181.4140625,-9929.583984375,-39455.34375,-8830.302734375,19634.197265625,-4442.5654296875
3775.15714829,14382.9453125,21220.767578125,-41394.11328125,-9944.58203125,-39446.73828125,-8897.201171875,19620.49609375,-4424.34912109375
3775.157547607,14358.9169921875,21194.392578125,-41576.078125,-10006.697265625,-39483.171875,-9005.2275390625,19556.45703125,-4441.0009765625
3775.157936347,14266.89453125,21120.85546875,-41346.50390625,-10022.2763671875,-39518.1953125,-8967.6982421875,19547.115234375,-4488.11865234375
3775.158117954,14259.294921875,21121.169921875,-41138.296875,-9974.64453125,-39499.19921875,-8864.9697265625,19596.220703125,-4493.05810546875
3775.158298832,14314.6826171875,21172.890625,-41177.8359375,-9937.18359375,-39462.00390625,-8844.8759765625,19614.974609375,-4454.50146484375
3775.15849612,14365.3544921875,21207.759765625,-41392.6796875,-9955.064453125,-39455.87890625,-8909.3828125,19604.78125,-4419.029296875
3775.158687573,14338.8232421875,21184.783203125,-41583.36328125,-10014.9453125,-39492.6484375,-9014.32421875,19540.029296875,-4442.16357421875
3775.158922057,14260.099609375,21122.419921875,-41359.17578125,-10023.7958984375,-39522.53515625,-8973.30859375,19528.025390625,-4503.31787109375
3775.159321009,14271.65625,21127.650390625,-41151.73046875,-9973.7060546875,-39499.9375,-8867.25,19587.52734375,-4497.88623046875
3775.15965359,14317.7900390625,21164.732421875,-41203.02734375,-9952.248046875,-39474.6796875,-8849.033203125,19610.83984375,-4465.90087890625
3775.159845043,14362.2470703125,21193.87890625,-41424.421875,-9972.0966796875,-39469.89453125,-8912.35546875,19596.802734375,-4443.2587890625
3775.160037955,14346.8251953125,21169.314453125,-41612.62109375,-10031.0830078125,-39499.375,-9013.0947265625,19548.701171875,-4447.3935546875
3775.160229408,14270.6728515625,21113.859375,-41375.046875,-10029.1826171875,-39513.125,-8958.2890625,19553.26171875,-4479.22265625
3775.160420496,14267.8115234375,21128.009765625,-41159.796875,-9975.6728515625,-39487.15234375,-8852.095703125,19607.1953125,-4485.3466796875
3775.160611949,14307.306640625,21176.78125,-41200.5,-9946.01171875,-39461.109375,-8835.845703125,19630.263671875,-4459.93310546875
3775.160804861,14359.85546875,21212.095703125,-41408.08203125,-9957.2099609375,-39447.96875,-8891.3896484375,19617.41015625,-4421.64453125
3775.161196154,14344.7685546875,21190.7734375,-41586.0234375,-9999.701171875,-39471.97265625,-8991.8388671875,19564.83984375,-4433.28955078125
3775.161599482,14261.1728515625,21125.326171875,-41359.15234375,-10015.1904296875,-39502.9765625,-8953.0361328125,19561.0625,-4477.45654296875
3775.161906901,14259.1162109375,21131.65234375,-41143.79296875,-9963.2900390625,-39478.12109375,-8845.501953125,19616.875,-4473.74658203125
3775.162097989,14310.2578125,21175.3046875,-41183.91796875,-9932.5341796875,-39452.9765625,-8826.033203125,19635.91796875,-4460.4248046875
3775.162289442,14362.5380859375,21211.6484375,-41391.71875,-9946.75,-39448.50390625,-8889.6240234375,19613.677734375,-4431.36767578125
3775.162480895,14342.421875,21186.189453125,-41580.99609375,-10002.763671875,-39478.12109375,-8997.1806640625,19558.08984375,-4442.2080078125
3775.162672348,14257.5517578125,21124.677734375,-41358.19140625,-10013.1787109375,-39505.90234375,-8956.5,19553.126953125,-4487.49267578125
3775.162908291,14261.1728515625,21135.20703125,-41141.89453125,-9961.390625,-39485.25,-8853.615234375,19607.62109375,-4475.244140625
3775.163272964,14304.3115234375,21168.8671875,-41190.75390625,-9945.1630859375,-39467.37109375,-8842.4619140625,19624.96484375,-4443.1689453125
3775.163590593,14358.24609375,21209.033203125,-41398.11328125,-9956.5400390625,-39456.953125,-8902.87890625,19607.375,-4419.4091796875
3775.163779858,14347.4287109375,21191.376953125,-41581.5078125,-10005.400390625,-39480.01953125,-8998.9462890625,19558.693359375,-4436.44140625
3775.16403367,14258.826171875,21121.705078125,-41359.80078125,-10016.8447265625,-39507.01953125,-8956.8359375,19547.29296875,-4485.2353515625
3775.164223665,14258.5126953125,21129.373046875,-41143.75,-9963.201171875,-39481.09375,-8848.0947265625,19606.189453125,-4485.70458984375
3775.164414753,14300.0869140625,21156.23828125,-41199.67578125,-9957.03125,-39471.03515625,-8836.5830078125,19623.958984375,-4466.3701171875
3775.164605112,14354.9609375,21203.736328125,-41401.82421875,-9953.4775390625,-39455.30078125,-8902.0966796875,19604.06640625,-4434.0048828125
3775.164795106,14348.9931640625,21189.20703125,-41589.64453125,-9997.17578125,-39477.8984375,-9003.7744140625,19555.2734375,-4434.630859375
3775.165217032,14268.638671875,21115.849609375,-41378.578125,-10020.5107421875,-39514.48828125,-8969.8671875,19540.9453125,-4486.9560546875
3775.165556178,14272.3935546875,21126.310546875,-41166.234375,-9982.6015625,-39502.6640625,-8868.9267578125,19587.9296875,-4484.2294921875
3775.165790662,14311.3974609375,21158.048828125,-41211.453125,-9958.88671875,-39474.6796875,-8845.6806640625,19607.353515625,-4453.71923828125
3775.166080941,14358.783203125,21193.7890625,-41421.24609375,-9974.599609375,-39467.01171875,-8910.9697265625,19595.529296875,-4428.0595703125
3775.166273853,14349.4404296875,21188.693359375,-41606.140625,-10015.548828125,-39484.4921875,-9002.8798828125,19556.927734375,-4438.654296875
3775.166465306,14261.552734375,21124.4765625,-41387.96484375,-10026.2099609375,-39515.29296875,-8971.185546875,19545.794921875,-4493.3486328125
3775.16665603,14253.55078125,21131.5859375,-41169.36328125,-9977.3935546875,-39496.24609375,-8867.853515625,19598.12109375,-4481.837890625
#3794.355977546,13822.5869140625,20677.732421875,-41712.4453125,-10335.267578125,-39480.3125,-9305.8583984375,19187.720703125,-4680.79052734375
3794.356195985,13874.6669921875,20713.427734375,-41964.03515625,-10359.2734375,-39473.78515625,-9382.94921875,19173.83984375,-4647.083984375
3794.356375768,13811.388671875,20664.1875,-41983.1484375,-10405.51953125,-39509.50390625,-9434.626953125,19139.216796875,-4682.19873046875
3794.356555187,13746.3896484375,20625.2734375,-41678.046875,-10373.1318359375,-39512.609375,-9337.3515625,19170.845703125,-4702.78466796875
3794.356769979,13776.1845703125,20643.265625,-41591.03125,-10343.5380859375,-39497.85546875,-9278.1201171875,19205.333984375,-4684.74658203125
3794.356950492,13829.1806640625,20671.787109375,-41713.47265625,-10346.443359375,-39488.359375,-9301.0751953125,19206.25,-4663.37841796875
3794.357129181,13872.6552734375,20712.37890625,-41962.5390625,-10362.3583984375,-39482.546875,-9393.0078125,19175.181640625,-4646.45849609375
3794.357307506,13812.439453125,20657.21484375,-41985.2265625,-10408.3359375,-39516.1171875,-9448.73046875,19130.455078125,-4682.98095703125
3794.357485466,13749.6982421875,20600.462890625,-41689.37890625,-10392.376953125,-39524.03125,-9352.5732421875,19159.826171875,-4718.20751953125
3794.35774329,13772.0947265625,20628.626953125,-41597.89453125,-10351.0703125,-39499.421875,-9284.958984375,19195.990234375,-4707.21044921875
3794.358072954,13830.09765625,20685.421875,-41706.96875,-10324.8291015625,-39476.66796875,-9302.9521484375,19201.779296875,-4673.861328125
3794.358501079,13871.08984375,20704.287109375,-41967.76953125,-10358.8935546875,-39486.2578125,-9400.115234375,19165.48046875,-4655.33203125
3794.35876729,13801.9560546875,20644.607421875,-41999.171875,-10413.6552734375,-39523.78515625,-9456.62109375,19110.427734375,-4697.75537109375
3794.358957284,13748.669921875,20623.1953125,-41687.703125,-10373.9140625,-39518.46484375,-9351.388671875,19140.71484375,-4722.72265625
3794.359147279,13787.4052734375,20654.53125,-41586.29296875,-10329.8583984375,-39489.4296875,-9276.0859375,19193.509765625,-4698.314453125
3794.359338367,13834.34375,20681.7109375,-41711.21484375,-10333.859375,-39480.64453125,-9299.5771484375,19197.376953125,-4666.75390625
3794.359528361,13866.8662109375,20696.060546875,-41977.73828125,-10372.6171875,-39489.4296875,-9393.25390625,19160.318359375,-4650.43701171875
3794.359878447,13813.6689453125,20647.24609375,-41995.796875,-10414.2587890625,-39518.84375,-9444.037109375,19119.861328125,-4680.25390625
3794.360302196,13757.744140625,20607.34765625,-41690.96484375,-10385.3359375,-39520.9921875,-9347.0751953125,19151.958984375,-4712.10546875
3794.360657023,13786.01953125,20637.65625,-41592.953125,-10339.5146484375,-39493.56640625,-9275.3701171875,19195.56640625,-4695.453125
3794.36086051,13826.7001953125,20674.447265625,-41715.796875,-10337.3916015625,-39486.2109375,-9302.9521484375,19196.55078125,-4674.666015625
3794.361050504,13855.220703125,20693.22265625,-41983.52734375,-10376.3955078125,-39495.578125,-9397.3212890625,19159.982421875,-4654.8623046875
3794.361239769,13799.1396484375,20638.68359375,-42010.37109375,-10426.5078125,-39530.6484375,-9453.849609375,19107.232421875,-4692.79345703125
3794.361428305,13747.7529296875,20597.333984375,-41701.13671875,-10395.3271484375,-39533.640625,-9358.943359375,19136.9375,-4733.0263671875
3794.361618299,13777.66015625,20625.162109375,-41597.04296875,-10347.7177734375,-39505.5703125,-9285.048828125,19189.77734375,-4711.45703125
3794.36199063,13828.0634765625,20663.0703125,-41710.41015625,-10339.7158203125,-39485.85546875,-9299.3984375,19210.140625,-4667.40185546875
3794.362455587,13857.7685546875,20677.822265625,-41973.24609375,-10378.1611328125,-39491.15234375,-9392.314453125,19179.00390625,-4647.57568359375
3794.362761912,13800.705078125,20629.765625,-42002.32421875,-10430.59765625,-39527.40625,-9448.3955078125,19130.65625,-4682.64599609375
3794.362952271,13743.5732421875,20592.013671875,-41698.1640625,-10401.138671875,-39530.109375,-9350.3154296875,19165.212890625,-4706.0703125
3794.363141171,13776.453125,20639.421875,-41590.2265625,-10340.185546875,-39496.359375,-9275.3701171875,19206.80859375,-4691.16162109375
3794.363330436,13830.2763671875,20681.130859375,-41705.11328125,-10332.65234375,-39482.8828125,-9295.6435546875,19209.291015625,-4665.56884765625
3794.363520795,13866.1953125,20696.955078125,-41967.79296875,-10364.34765625,-39485.31640625,-9386.4814453125,19168.54296875,-4647.62060546875
3794.363807063,13797.240234375,20633.453125,-42012.359375,-10431.6484375,-39540.7734375,-9462.2529296875,19108.70703125,-4690.3125
3794.364301923,13732.509765625,20578.849609375,-41721.4765625,-10433.9951171875,-39567.88671875,-9378.3447265625,19141.498046875,-4722.0517578125
3794.364625388,13769.45703125,20620.736328125,-41610.05078125,-10369.5107421875,-39524.34375,-9297.990234375,19188.078125,-4702.6728515625
3794.36490181,13836.84765625,20698.251953125,-41696.0859375,-10309.3623046875,-39470.74609375,-9297.7666015625,19200.70703125,-4665.01025390625
3794.365092169,13872.677734375,20730.416015625,-41945.91015625,-10325.4775390625,-39465.4921875,-9381.7197265625,19171.6953125,-4638.76904296875
3794.365281798,13814.763671875,20671.25,-41988.78125,-10392.3095703125,-39514.95703125,-9447.9033203125,19120.486328125,-4677.97412109375
3794.365471793,13751.6201171875,20624.490234375,-41685.66796875,-10365.15234375,-39518.59765625,-9350.875,19158.6640625,-4714.56396484375
3794.365722323,13777.1240234375,20653.302734375,-41582.13671875,-10319.8671875,-39488.40234375,-9273.314453125,19211.837890625,-4690.3349609375
3794.366138414,13826.07421875,20682.830078125,-41701.0703125,-10322.3486328125,-39481.6953125,-9296.626953125,19214.6328125,-4662.2607421875
3794.366556328,13868.4755859375,20704.041015625,-41960.953125,-10357.4853515625,-39484.9375,-9386.3466796875,19191.609375,-4641.138671875
3794.366813058,13806.1806640625,20646.775390625,-41997.49609375,-10408.40234375,-39520.38671875,-9441.01953125,19134.814453125,-4680.23193359375
3794.367004146,13735.59375,20603.927734375,-41693.984375,-10383.1455078125,-39525.23828125,-9344.392578125,19155.98046875,-4714.00537109375
3794.367194505,13769.9267578125,20653.525390625,-41576.90625,-10316.134765625,-39479.4609375,-9261.7138671875,19214.119140625,-4685.35009765625
3794.367384135,13820.28515625,20687.5234375,-41691.79296875,-10312.603515625,-39466.36328125,-9280.6005859375,19228.669921875,-4646.05615234375
3794.367574494,13857.7685546875,20711.908203125,-41951.8984375,-10348.2763671875,-39472.98046875,-9373.4052734375,19193.755859375,-4626.9677734375
3794.367949012,13801.330078125,20657.125,-41991.75390625,-10403.9775390625,-39510.95703125,-9431.408203125,19148.26953125,-4655.82373046875
3794.368351611,13738.611328125,20616.310546875,-41692.0625,-10382.318359375,-39516.5859375,-9333.3955078125,19176.052734375,-4690.3349609375
3794.368580625,13775.201171875,20661.013671875,-41577.12890625,-10315.083984375,-39478.6328125,-9254.8740234375,19221.560546875,-4673.83935546875
3794.368790312,13835.0146484375,20696.083984375,-41690.80859375,-10310.2119140625,-39463.546875,-9274.4541015625,19227.953125,-4646.32421875
3794.368985047,13868.3857421875,20714.478515625,-41951.1171875,-10348.544921875,-39470.921875,-9369.3369140625,19193.935546875,-4629.5380859375
3794.369180511,13812.1044921875,20665.908203125,-41987.91015625,-10398.0986328125,-39510.30859375,-9432.7041015625,19141.36328125,-4669.927734375
3794.369375246,13748.7587890625,20623.126953125,-41686.65234375,-10371.0302734375,-39517.4609375,-9343.6552734375,19159.087890625,-4711.01025390625
3794.369569981,13774.28515625,20645.30078125,-41585.109375,-10334.4853515625,-39496.47265625,-9269.8046875,19200.572265625,-4686.7138671875
3794.369895999,13823.32421875,20680.861328125,-41698.296875,-10331.1328125,-39487.30859375,-9295.330078125,19203.232421875,-4666.955078125
3794.370100215,13861.12109375,20715.08203125,-41947.9453125,-10345.4599609375,-39480.578125,-9385.6767578125,19176.166015625,-4646.01123046875
3794.370289115,13803.4541015625,20660.9921875,-41992.7578125,-10403.462890625,-39517.83984375,-9444.103515625,19126.07421875,-4681.14794921875
3794.370477651,13748.8935546875,20614.767578125,-41691.3671875,-10382.9443359375,-39523.2265625,-9346.1806640625,19158.75390625,-4711.904296875
3794.37072344,13781.99609375,20662.265625,-41570.9375,-10310.189453125,-39477.65234375,-9260.283203125,19210.98828125,-4690.80419921875
3794.370912341,13828.1748046875,20710.947265625,-41681.4453125,-10299.013671875,-39458.80859375,-9276.845703125,19217.158203125,-4665.63623046875
3794.371102335,13867.044921875,20729.87890625,-41941.28125,-10336.4521484375,-39465.3359375,-9369.60546875,19189.6875,-4641.7646484375
3794.371291235,13814.6298828125,20672.45703125,-41975.3671875,-10380.2841796875,-39493.9453125,-9422.2880859375,19153.970703125,-4656.13671875
3794.371480136,13758.548828125,20631.083984375,-41671.07421875,-10353.126953125,-39496.73828125,-9325.9521484375,19182.400390625,-4679.7177734375
3794.371771509,13783.1806640625,20657.59375,-41566.69140625,-10310.2333984375,-39471.7734375,-9254.0693359375,19230.345703125,-4662.61865234375
3794.372099714,13828.7783203125,20688.349609375,-41686.16015625,-10315.017578125,-39465.11328125,-9278.9912109375,19230.568359375,-4651.62158203125
3794.372412238,13867.4697265625,20699.369140625,-41952.52734375,-10358.111328125,-39478.0078125,-9377.3837890625,19187.2734375,-4647.59814453125
3794.372732785,13814.0712890625,20638.884765625,-42003.66796875,-10416.60546875,-39522.9375,-9444.796875,19130.880859375,-4680.56689453125
3794.372972011,13751.2177734375,20592.572265625,-41700.91015625,-10390.07421875,-39527.6953125,-9348.9970703125,19168.1640625,-4700.43798828125
3794.373170028,13772.228515625,20628.134765625,-41589.734375,-10338.0615234375,-39500.8515625,-9278.41015625,19208.552734375,-4682.98095703125
3794.373373515,13825.0234375,20679.029296875,-41698.51953125,-10321.1640625,-39482.25390625,-9298.080078125,19206.474609375,-4667.75927734375
3794.373576637,13859.19921875,20703.28125,-41959.96875,-10357.865234375,-39486.234375,-9391.4658203125,19169.59375,-4650.5263671875
3794.373965378,13796.7041015625,20639.064453125,-42017.79296875,-10426.5078125,-39536.5703125,-9464.890625,19107.3671875,-4694.15673828125
3794.374257116,13741.31640625,20591.052734375,-41714.74609375,-10401.25,-39541.5546875,-9369.7392578125,19135.484375,-4730.322265625
3794.374448569,13779.828125,20644.4296875,-41586.13671875,-10325.9248046875,-39494.1015625,-9280.51171875,19196.505859375,-4699.23095703125
3794.374697276,13826.07421875,20682.716796875,-41698.49609375,-10320.7392578125,-39479.41796875,-9299.4208984375,19205.802734375,-4665.1220703125
3794.374888729,13873.7724609375,20712.869140625,-41953.59765625,-10352.5908203125,-39476.2890625,-9382.8603515625,19174.845703125,-4641.943359375
3794.375078358,13813.6689453125,20655.3359375,-42007.77734375,-10409.7880859375,-39520.87890625,-9455.8828125,19112.8203125,-4693.4638671875
3794.375268353,13746.501953125,20605.759765625,-41712.625,-10392.935546875,-39535.54296875,-9370.119140625,19134.501953125,-4735.91015625
3794.375457618,13771.736328125,20639.17578125,-41595.1640625,-10335.8486328125,-39501.45703125,-9282.7685546875,19199.1875,-4694.08984375
3794.375802963,13823.3466796875,20674.58203125,-41701.24609375,-10326.0146484375,-39477.6953125,-9288.7587890625,19219.1484375,-4635.70703125
3794.376208843,13868.162109375,20703.951171875,-41957.6875,-10359.474609375,-39482.8359375,-9384.40234375,19188.8828125,-4629.0908203125
3794.376465937,13807.119140625,20650.955078125,-42007.375,-10410.2353515625,-39520.609375,-9452.9775390625,19129.806640625,-4674.37548828125
3794.376725584,13739.6171875,20608.3984375,-41704.6015625,-10385.1123046875,-39527.76171875,-9358.5859375,19153.12109375,-4710.42919921875
3794.376915578,13774.5087890625,20644.8984375,-41586.62890625,-10334.462890625,-39497.90234375,-9278.701171875,19208.150390625,-4684.6796875
3794.377105573,13814.0712890625,20674.828125,-41700.33203125,-10332.0712890625,-39481.98828125,-9295.0625,19216.689453125,-4658.19287109375
3794.377295567,13855.9130859375,20689.064453125,-41959.07421875,-10368.5048828125,-39487.75390625,-9384.2685546875,19185.150390625,-4639.77490234375
3794.377485197,13802.068359375,20639.9140625,-42011.04296875,-10420.8974609375,-39526.82421875,-9448.7529296875,19139.888671875,-4673.39208984375
3794.377820695,13736.287109375,20605.357421875,-41701.8515625,-10375.478515625,-39517.2578125,-9348.169921875,19165.66015625,-4713.02197265625
3794.378152912,13773.3017578125,20640.96484375,-41575.51953125,-10312.5810546875,-39477.62890625,-9259.4560546875,19217.11328125,-4695.251953125
3794.378348376,13820.91015625,20680.572265625,-41681.21875,-10305.5849609375,-39462.00390625,-9277.494140625,19222.5234375,-4656.24853515625
3794.378543111,13866.9326171875,20705.6953125,-41933.953125,-10338.9560546875,-39464.44140625,-9367.884765625,19197.599609375,-4627.83935546875
3794.378738576,13809.01953125,20657.236328125,-41988.625,-10393.248046875,-39505.0078125,-9442.181640625,19139.26171875,-4672.140625
3794.378932581,13746.1220703125,20613.470703125,-41694.1171875,-10374.271484375,-39518.0625,-9356.5966796875,19155.9140625,-4707.8359375
3794.379125858,13769.859375,20632.3359375,-41583.51953125,-10337.3466796875,-39498.83984375,-9281.7626953125,19207.390625,-4679.650390625
3794.379319864,13818.384765625,20674.08984375,-41691.16796875,-10324.8740234375,-39480.53515625,-9296.2919921875,19211.1015625,-4658.41650390625
3794.379514234,13862.283203125,20716.9609375,-41939.16015625,-10341.81640625,-39470.3203125,-9376.4892578125,19184.033203125,-4637.31640625
3794.37984098,13812.39453125,20667.943359375,-41991.12890625,-10387.8837890625,-39500.91796875,-9434.58203125,19145.140625,-4671.6708984375
3794.380165539,13750.927734375,20614.947265625,-41695.03515625,-10370.5166015625,-39512.9453125,-9346.962890625,19161.61328125,-4716.53076171875
3794.380359545,13769.2333984375,20638.86328125,-41580.125,-10328.271484375,-39490.03515625,-9273.984375,19203.546875,-4697.3310546875
3794.380554644,13814.0712890625,20679.85546875,-41688.52734375,-10322.5947265625,-39477.515625,-9289.138671875,19214.185546875,-4656.00244140625
3794.380749379,13855.578125,20704.287109375,-41944.48046875,-10348.8798828125,-39479.70703125,-9380.087890625,19183.80859375,-4637.62939453125
3794.380944115,13815.30078125,20657.951171875,-41995.0390625,-10391.974609375,-39500.65234375,-9433.0615234375,19140.783203125,-4669.16748046875
3794.38113812,13748.6474609375,20608.599609375,-41698.9453125,-10378.8984375,-39513.63671875,-9344.9287109375,19161.994140625,-4701.15283203125
3794.381332126,13770.775390625,20633.431640625,-41582.87109375,-10338.6650390625,-39490.9296875,-9264.6416015625,19211.837890625,-4685.931640625
3794.381526496,13825.8955078125,20681.666015625,-41683.07421875,-10321.521484375,-39470.54296875,-9276.9130859375,19227.6640625,-4657.43310546875
3794.381797813,13854.9296875,20712.490234375,-41941.37109375,-10355.7197265625,-39472.734375,-9368.9794921875,19195.09765625,-4637.85302734375
3794.382011875,13793.6640625,20653.19140625,-42004.55859375,-10409.6318359375,-39509.7265625,-9439.6337890625,19136.87109375,-4670.03955078125
3794.382206611,13735.3037109375,20611.728515625,-41698.38671875,-10371.1201171875,-39511.515625,-9348.728515625,19157.2109375,-4710.18310546875
3794.382401346,13768.5849609375,20637.8125,-41576.8828125,-10327.421875,-39481.67578125,-9266.2734375,19213.470703125,-4680.5
3794.382625619,13816.775390625,20674.044921875,-41684.4609375,-10320.60546875,-39465.671875,-9285.00390625,19220.845703125,-4646.83837890625
3794.382819625,13856.2265625,20698.810546875,-41942.2890625,-10349.70703125,-39466.54296875,-9373.8076171875,19188.279296875,-4631.19189453125
3794.383013631,13803.431640625,20637.052734375,-42015.17578125,-10427.8037109375,-39523.49609375,-9453.9833984375,19131.86328125,-4678.9130859375
3794.383208366,13743.7744140625,20599.546875,-41713.96484375,-10400.2216796875,-39535.09375,-9367.482421875,19150.728515625,-4723.57177734375
3794.383403101,13767.4228515625,20644.98828125,-41581.48828125,-10324.896484375,-39489.96875,-9279.1474609375,19195.96875,-4704.9306640625
3794.383658736,13818.7197265625,20688.662109375,-41680.50390625,-10306.5234375,-39463.61328125,-9288.2900390625,19202.115234375,-4675.873046875
3794.383991682,13861.0771484375,20709.583984375,-41936.05078125,-10344.029296875,-39471.52734375,-9381.02734375,19169.34765625,-4653.83447265625
3794.384232001,13805.6669921875,20654.419921875,-41997.87890625,-10396.8916015625,-39507.06640625,-9445.4453125,19120.330078125,-4682.82470703125
3794.384429654,13745.0712890625,20608.041015625,-41698.98828125,-10373.0869140625,-39514.3984375,-9356.57421875,19149.857421875,-4708.57373046875
3794.837027161,13773.525390625,20644.205078125,-41578.40234375,-10328.5625,-39489.87890625,-9281.4052734375,19191.296875,-4694.62646484375
3794.837240859,13823.1904296875,20679.05078125,-41683.41015625,-10323.578125,-39474.54296875,-9295.2412109375,19198.29296875,-4674.2861328125
3794.83745638,13863.625,20700.978515625,-41941.8203125,-10356.748046875,-39476.30859375,-9384.603515625,19164.072265625,-4662.283203125
3794.837884141,13803.1630859375,20643.869140625,-42015.82421875,-10419.623046875,-39521.08203125,-9458.990234375,19111.814453125,-4691.83251953125
3794.838201041,13740.3994140625,20608.12890625,-41711.0390625,-10382.630859375,-39518.62109375,-9359.033203125,19145.140625,-4716.77685546875
3794.838391765,13769.5244140625,20631.107421875,-41590.984375,-10339.24609375,-39494.86328125,-9280.1318359375,19195.990234375,-4702.7177734375
3794.838583218,13814.4287109375,20660.1875,-41701.3828125,-10337.5927734375,-39481.02734375,-9293.9443359375,19200.439453125,-4671.78271484375
3794.838772483,13856.4052734375,20699.033203125,-41954.94140625,-10362.7158203125,-39483.70703125,-9387.375,19163.08984375,-4653.4765625
3794.838961383,13813.4677734375,20658.376953125,-42016.5625,-10415.0859375,-39519.91796875,-9459.458984375,19117.6484375,-4684.94775390625
3794.83914919,13744.6240234375,20594.2265625,-41719.88671875,-10398.5234375,-39529.484375,-9367.705078125,19140.984375,-4714.98876953125
3794.83933809,13760.8740234375,20601.267578125,-41608.98046875,-10375.5009765625,-39518.1953125,-9302.4384765625,19176.634765625,-4715.078125
3794.839574762,13815.255859375,20659.560546875,-41698.54296875,-10343.5830078125,-39487.62109375,-9310.1943359375,19194.224609375,-4685.35009765625
3794.840009087,13868.564453125,20708.556640625,-41931.78125,-10338.44140625,-39465.53515625,-9380.021484375,19183.720703125,-4655.57763671875
3794.840381782,13809.82421875,20644.71875,-42007.734375,-10404.3798828125,-39511.58203125,-9458.140625,19123.99609375,-4688.0771484375
3794.840727127,13743.0146484375,20609.783203125,-41708.53515625,-10382.4521484375,-39521.86328125,-9371.4384765625,19143.017578125,-4724.80126953125
3794.840914933,13763.712890625,20634.861328125,-41583.56640625,-10335.759765625,-39494.21484375,-9290.681640625,19183.966796875,-4712.060546875
3794.841104563,13808.9521484375,20663.271484375,-41687.8125,-10329.27734375,-39473.0,-9299.1083984375,19194.470703125,-4679.7177734375
3794.841293463,13849.9453125,20681.287109375,-41949.0625,-10370.5615234375,-39481.046875,-9389.6552734375,19162.955078125,-4664.6748046875
3794.841549099,13802.2470703125,20642.57421875,-42014.1484375,-10413.6328125,-39512.05078125,-9456.375,19112.283203125,-4703.43310546875
3794.84200968,13737.404296875,20608.12890625,-41707.37109375,-10372.5283203125,-39508.31640625,-9359.6142578125,19141.564453125,-4725.58349609375
3794.842350284,13761.2763671875,20633.69921875,-41586.89453125,-10335.15625,-39491.7109375,-9281.7626953125,19194.91796875,-4695.095703125
3794.842567629,13814.40625,20671.697265625,-41691.30078125,-10330.619140625,-39478.6796875,-9293.6318359375,19199.767578125,-4666.3515625
3794.842756529,13850.794921875,20693.9375,-41943.65234375,-10357.9775390625,-39475.59375,-9380.4013671875,19169.146484375,-4650.57080078125
3794.842943971,13803.4765625,20653.4140625,-42009.25390625,-10409.20703125,-39511.3125,-9453.0888671875,19126.5,-4674.912109375
3794.843131777,13735.4375,20611.21484375,-41710.6796875,-10383.4130859375,-39516.25390625,-9364.576171875,19139.955078125,-4723.080078125
3794.843320313,13760.896484375,20634.37109375,-41581.171875,-10336.5869140625,-39486.1875,-9278.8349609375,19191.275390625,-4704.4384765625
3794.843567925,13812.796875,20673.552734375,-41679.23046875,-10325.9697265625,-39468.734375,-9287.9541015625,19208.060546875,-4666.79833984375
3794.843925669,13855.421875,20696.576171875,-41933.234375,-10354.1552734375,-39468.8671875,-9374.298828125,19189.666015625,-4648.40283203125
3794.844293624,13801.7998046875,20646.59765625,-42007.734375,-10410.1015625,-39508.140625,-9447.2333984375,19136.802734375,-4684.74658203125
3794.844539413,13731.97265625,20596.6640625,-41712.6484375,-10389.8056640625,-39517.90625,-9360.955078125,19154.416015625,-4723.75048828125
3794.844727219,13757.0966796875,20627.888671875,-41581.21875,-10335.3798828125,-39486.0546875,-9275.2138671875,19206.25,-4691.20654296875
3794.844915025,13808.662109375,20666.466796875,-41680.75,-10327.154296875,-39470.72265625,-9285.2724609375,19221.29296875,-4648.40283203125
3794.845103926,13846.9951171875,20682.025390625,-41940.9921875,-10368.7060546875,-39478.41015625,-9373.583984375,19192.9296875,-4623.7265625
3794.845291732,13794.6474609375,20647.22265625,-42010.10546875,-10404.2900390625,-39504.5859375,-9439.119140625,19135.08203125,-4660.31640625
3794.845510171,13729.73828125,20602.787109375,-41712.51171875,-10381.5810546875,-39515.8046875,-9360.44140625,19151.376953125,-4706.02587890625
3794.845897088,13751.53125,20631.197265625,-41584.37109375,-10337.9052734375,-39494.19140625,-9286.8818359375,19193.30859375,-4703.36572265625
3794.84620159,13804.4150390625,20676.435546875,-41680.86328125,-10319.30859375,-39475.83984375,-9301.5439453125,19195.521484375,-4688.14453125
3794.846393407,13857.1201171875,20708.01953125,-41927.11328125,-10345.169921875,-39469.15625,-9375.9755859375,19180.94921875,-4655.8681640625
3794.846675664,13813.5341796875,20666.423828125,-41999.84375,-10396.2880859375,-39500.26953125,-9443.5224609375,19133.384765625,-4674.3310546875
3794.846868576,13739.572265625,20614.25390625,-41707.59375,-10378.5634765625,-39511.22265625,-9361.55859375,19145.251953125,-4715.94970703125
3794.847058935,13760.3154296875,20649.681640625,-41578.3125,-10329.322265625,-39484.9140625,-9278.6787109375,19194.6953125,-4700.0576171875
3794.847249294,13815.0322265625,20686.16015625,-41677.3515625,-10316.7158203125,-39464.95703125,-9287.2392578125,19208.59765625,-4661.61279296875
3794.847442205,13858.103515625,20701.849609375,-41934.82421875,-10352.4111328125,-39472.33203125,-9379.2841796875,19176.455078125,-4641.20556640625
3794.847791197,13803.7666015625,20646.462890625,-42018.75390625,-10413.87890625,-39516.296875,-9457.693359375,19126.23046875,-4682.64599609375
3794.848163163,13733.0458984375,20598.271484375,-41721.4765625,-10388.46484375,-39522.15234375,-9368.64453125,19150.7734375,-4723.75048828125
3794.848475687,13753.3193359375,20623.060546875,-41588.5703125,-10341.2802734375,-39494.4609375,-9282.2099609375,19199.701171875,-4694.00048828125
3794.848668234,13802.380859375,20660.791015625,-41692.171875,-10337.927734375,-39485.36328125,-9300.3154296875,19198.3828125,-4668.45263671875
3794.848859322,13855.3544921875,20687.5234375,-41943.8515625,-10368.572265625,-39489.67578125,-9391.353515625,19164.921875,-4657.8798828125
3794.849050411,13819.4130859375,20652.990234375,-42012.921875,-10409.6767578125,-39515.8046875,-9455.1455078125,19125.001953125,-4683.271484375
3794.849241134,13754.9501953125,20624.69140625,-41702.140625,-10361.84375,-39503.625,-9352.70703125,19152.16015625,-4707.56787109375
3794.849430399,13766.4619140625,20660.96875,-41567.1796875,-10309.8759765625,-39476.2890625,-9270.4306640625,19207.837890625,-4689.060546875
3794.849837374,13813.556640625,20699.435546875,-41673.59765625,-10311.708984375,-39469.94140625,-9288.736328125,19217.60546875,-4667.37939453125
3794.850223197,13854.52734375,20712.220703125,-41935.5390625,-10356.390625,-39481.31640625,-9382.94921875,19179.943359375,-4641.04931640625
3794.850412827,13805.5546875,20655.4921875,-42019.35546875,-10418.3046875,-39520.453125,-9460.845703125,19123.212890625,-4680.81298828125
3794.850758172,13736.287109375,20596.439453125,-41728.26953125,-10408.537109375,-39540.05859375,-9382.748046875,19141.251953125,-4724.17529296875
3794.850948895,13766.1484375,20621.96484375,-41586.359375,-10351.607421875,-39505.45703125,-9291.7099609375,19197.623046875,-4711.97119140625
3794.851137431,13817.2001953125,20672.994140625,-41674.203125,-10322.416015625,-39476.421875,-9295.419921875,19205.087890625,-4672.341796875
3794.85132779,13855.98046875,20710.970703125,-41926.88671875,-10340.341796875,-39476.66796875,-9385.7431640625,19174.443359375,-4651.97900390625
3794.851519972,13808.2373046875,20672.14453125,-42009.92578125,-10390.923828125,-39507.2890625,-9454.05078125,19122.140625,-4684.7021484375
3794.851710331,13735.28125,20610.87890625,-41723.12890625,-10383.681640625,-39525.3046875,-9375.5283203125,19134.166015625,-4725.3154296875
3794.85190142,13762.0361328125,20638.818359375,-41585.0390625,-10329.9482421875,-39495.48828125,-9285.0712890625,19187.5859375,-4699.54345703125
3794.852091414,13808.86328125,20672.771484375,-41682.875,-10323.890625,-39479.484375,-9298.884765625,19198.203125,-4672.38623046875
3794.852281408,13851.4658203125,20702.41015625,-41930.75390625,-10344.6328125,-39475.75,-9385.05078125,19172.611328125,-4654.46044921875
3794.852530115,13802.26953125,20652.990234375,-42016.31640625,-10400.5126953125,-39513.7265625,-9462.2314453125,19117.71484375,-4683.517578125
3794.852940372,13730.0732421875,20606.69921875,-41721.69921875,-10383.5703125,-39523.828125,-9376.958984375,19137.1171875,-4719.14599609375
3794.853319996,13753.8779296875,20630.4140625,-41584.2578125,-10333.591796875,-39494.83984375,-9288.2900390625,19191.119140625,-4698.1357421875
3794.853662423,13806.5380859375,20667.4296875,-41688.05859375,-10334.708984375,-39485.05078125,-9301.365234375,19193.533203125,-4682.37744140625
3794.853856429,13855.466796875,20696.888671875,-41941.3046875,-10362.6484375,-39483.640625,-9386.3017578125,19167.91796875,-4658.1259765625
3794.854048246,13804.4150390625,20647.0,-42027.3359375,-10416.046875,-39519.359375,-9459.951171875,19122.85546875,-4686.57958984375
3794.854239699,13730.744140625,20587.744140625,-41737.8828125,-10404.8037109375,-39535.33984375,-9376.1767578125,19137.02734375,-4728.93603515625
3794.854459962,13755.822265625,20623.150390625,-41591.92578125,-10340.4306640625,-39497.43359375,-9284.0654296875,19188.7265625,-4707.2548828125
3794.854847973,13805.9345703125,20667.451171875,-41683.5234375,-10323.935546875,-39477.80859375,-9289.630859375,19208.171875,-4668.5419921875
3794.855152475,13846.66015625,20691.0546875,-41937.70703125,-10363.38671875,-39482.546875,-9375.349609375,19185.955078125,-4644.06640625
3794.855342834,13797.2626953125,20648.228515625,-42021.76953125,-10408.8046875,-39511.4453125,-9445.6904296875,19130.9921875,-4666.1279296875
3794.85556346,13742.3662109375,20615.39453125,-41713.20703125,-10368.326171875,-39505.48046875,-9346.8515625,19155.736328125,-4702.337890625
3794.855754549,13758.99609375,20634.548828125,-41581.890625,-10327.8916015625,-39487.39453125,-9275.5048828125,19208.57421875,-4700.95166015625
3794.855944543,13802.7607421875,20669.775390625,-41683.45703125,-10322.728515625,-39478.27734375,-9293.005859375,19214.005859375,-4670.0615234375
3794.856135631,13844.1787109375,20691.166015625,-41939.8984375,-10367.2529296875,-39487.91015625,-9381.6083984375,19178.53515625,-4639.46240234375
3794.85632672,13796.9716796875,20634.861328125,-42038.15625,-10435.2470703125,-39536.45703125,-9469.5849609375,19116.306640625,-4687.36181640625
3794.856723119,13727.0556640625,20594.80859375,-41738.59765625,-10396.0419921875,-39535.4765625,-9381.294921875,19129.740234375,-4728.869140625
3794.857096543,13746.3671875,20627.552734375,-41594.4296875,-10340.8330078125,-39500.515625,-9291.150390625,19179.517578125,-4709.93701171875
3794.857430219,13792.009765625,20672.703125,-41689.82421875,-10334.9775390625,-39483.9765625,-9299.2646484375,19196.751953125,-4672.98974609375
3794.857689136,13844.8720703125,20700.93359375,-41932.6328125,-10350.2431640625,-39475.39453125,-9378.1435546875,19175.44921875,-4645.63134765625
3794.857891529,13803.029296875,20643.35546875,-42029.3046875,-10416.0244140625,-39518.53125,-9460.0849609375,19115.009765625,-4687.65234375
3794.858094287,13729.5146484375,20590.8515625,-41737.90234375,-10398.478515625,-39533.28515625,-9380.4462890625,19132.490234375,-4727.21533203125
3794.858295222,13740.220703125,20616.779296875,-41599.1875,-10342.2861328125,-39508.2734375,-9298.2138671875,19181.57421875,-4722.36474609375
3794.858499438,13788.0087890625,20659.78515625,-41695.2109375,-10334.6640625,-39489.05078125,-9304.5615234375,19196.482421875,-4685.75244140625
3794.858701102,13840.06640625,20688.8203125,-41945.39453125,-10365.9345703125,-39487.015625,-9385.654296875,19167.1796875,-4657.99169921875
3794.858902766,13795.0498046875,20644.361328125,-42039.69921875,-10423.3115234375,-39525.57421875,-9468.0205078125,19112.216796875,-4684.724609375
3794.859103336,13726.4521484375,20598.71875,-41743.26953125,-10401.697265625,-39534.42578125,-9386.927734375,19126.90234375,-4726.857421875
3794.859308646,13753.9892578125,20626.435546875,-41592.23828125,-10346.2646484375,-39501.09765625,-9294.369140625,19183.966796875,-4702.046875
3794.859511404,13800.50390625,20662.48828125,-41688.6171875,-10340.6767578125,-39488.58203125,-9303.33203125,19192.9296875,-4676.119140625
3794.859712703,13844.1337890625,20691.94921875,-41941.10546875,-10371.298828125,-39491.890625,-9389.5205078125,19169.59375,-4658.0810546875
3794.859914367,13797.6201171875,20649.345703125,-42034.17578125,-10422.373046875,-39526.265625,-9466.2763671875,19113.400390625,-4697.35302734375
3794.860116031,13724.4853515625,20604.552734375,-41738.0625,-10396.6005859375,-39531.9453125,-9383.306640625,19128.041015625,-4739.8212890625
3794.860316965,13753.095703125,20639.578125,-41584.50390625,-10337.1005859375,-39493.34375,-9285.0263671875,19190.134765625,-4703.79052734375
3794.860520088,13795.787109375,20675.67578125,-41677.44140625,-10327.400390625,-39473.58203125,-9287.865234375,19210.1171875,-4669.41357421875
3794.860723211,13836.109375,20704.95703125,-41926.3515625,-10353.3056640625,-39473.78515625,-9372.220703125,19183.048828125,-4647.732421875
3794.86092451,13789.1044921875,20647.513671875,-42029.19140625,-10419.82421875,-39520.74609375,-9459.2578125,19121.828125,-4680.18701171875
3794.861125809,13715.56640625,20589.779296875,-41741.66015625,-10406.681640625,-39532.32421875,-9377.65234375,19136.04296875,-4720.8896484375
3794.861326379,13736.2421875,20624.916015625,-41588.68359375,-10339.3583984375,-39496.0234375,-9288.2900390625,19189.7109375,-4708.484375
3794.861529501,13790.802734375,20672.078125,-41672.1015625,-10319.6435546875,-39471.4140625,-9286.6357421875,19201.04296875,-4678.689453125
3794.8617308,13838.45703125,20707.908203125,-41915.80078125,-10338.173828125,-39467.0546875,-9371.662109375,19181.708984375,-4653.5439453125
3794.86193137,13795.7421875,20667.517578125,-42014.328125,-10397.0029296875,-39505.859375,-9453.759765625,19126.455078125,-4686.7138671875
3794.86213194,13724.306640625,20598.115234375,-41731.265625,-10398.1435546875,-39531.296875,-9379.73046875,19139.708984375,-4726.16455078125
3794.86233251,13735.75,20614.3203125,-41592.99609375,-10364.7275390625,-39513.859375,-9293.5869140625,19192.83984375,-4701.22021484375
3794.862536362,13784.857421875,20668.814453125,-41674.87109375,-10334.0166015625,-39482.8828125,-9292.6259765625,19205.3125,-4667.60302734375
3794.862739484,13832.7119140625,20705.224609375,-41913.03125,-10343.0908203125,-39473.203125,-9373.6064453125,19179.427734375,-4637.78564453125
3794.862940784,13788.43359375,20659.962890625,-42011.46875,-10397.4951171875,-39502.953125,-9450.9658203125,19121.380859375,-4670.53125
3794.863142812,13732.1513671875,20611.6171875,-41716.671875,-10372.6171875,-39509.76953125,-9371.169921875,19136.759765625,-4718.94482421875
3794.863343382,13752.6708984375,20632.068359375,-41573.0390625,-10326.2822265625,-39485.9453125,-9285.451171875,19193.46484375,-4705.6455078125
3794.863552339,13799.7431640625,20668.904296875,-41666.6484375,-10318.146484375,-39470.25390625,-9292.1123046875,19208.0390625,-4674.4873046875
3794.863753274,13848.6044921875,20697.3359375,-41915.84765625,-10348.611328125,-39470.921875,-9373.6064453125,19179.78515625,-4650.5263671875
3794.863955302,13803.0517578125,20648.966796875,-42024.8125,-10411.822265625,-39509.9921875,-9451.435546875,19120.173828125,-4687.943359375
3794.864156237,13725.22265625,20593.533203125,-41740.875,-10396.8916015625,-39523.11328125,-9376.7353515625,19123.392578125,-4737.6982421875
3794.864356442,13749.33984375,20623.216796875,-41590.94140625,-10342.0849609375,-39497.453125,-9294.9287109375,19174.48828125,-4725.29296875
3794.864566129,13797.3515625,20675.498046875,-41672.90625,-10322.080078125,-39474.38671875,-9295.6884765625,19197.689453125,-4685.03759765625
3794.864769251,13841.49609375,20712.177734375,-41912.0703125,-10341.392578125,-39466.07421875,-9369.716796875,19180.904296875,-4649.96728515625
3794.86497055,13799.4755859375,20664.12109375,-42012.8984375,-10399.23828125,-39501.27734375,-9448.0380859375,19131.259765625,-4667.44677734375
3794.86517185,13723.1220703125,20607.1015625,-41723.48828125,-10380.955078125,-39511.08984375,-9366.54296875,19146.302734375,-4709.7138671875
3794.865375337,13741.986328125,20630.7265625,-41569.68359375,-10328.830078125,-39482.8828125,-9277.0693359375,19195.767578125,-4699.54345703125
3795.316725664,13795.8095703125,20668.5234375,-41660.45703125,-10325.9921875,-39471.86328125,-9286.166015625,19212.75390625,-4670.1064453125
3795.316916023,13841.630859375,20699.302734375,-41907.890625,-10352.5009765625,-39469.515625,-9365.224609375,19192.50390625,-4649.65478515625
3795.317096901,13798.15625,20659.337890625,-42009.54296875,-10397.7412109375,-39496.2265625,-9437.8232421875,19137.921875,-4675.1357421875
3795.317319715,13728.9111328125,20609.3359375,-41720.1796875,-10378.8310546875,-39511.1328125,-9364.576171875,19143.330078125,-4718.654296875
3795.317656308,13748.3125,20639.958984375,-41568.5234375,-10324.046875,-39487.91015625,-9283.1044921875,19190.134765625,-4710.6748046875
3795.318035203,13800.615234375,20682.203125,-41651.06640625,-10304.0869140625,-39461.4921875,-9277.9189453125,19211.66015625,-4672.498046875
3795.318213163,13849.1630859375,20709.8515625,-41896.46875,-10331.2216796875,-39458.5625,-9356.931640625,19193.533203125,-4637.85302734375
3795.318442177,13802.380859375,20668.390625,-42005.72265625,-10390.07421875,-39498.19140625,-9441.9580078125,19127.3046875,-4671.04541015625
3795.318629254,13728.5087890625,20616.935546875,-41719.6640625,-10376.3505859375,-39513.32421875,-9368.7109375,19135.328125,-4716.01708984375
3795.318816696,13742.544921875,20629.7890625,-41572.5,-10332.1611328125,-39492.60546875,-9290.0556640625,19186.625,-4706.919921875
