#3767.014449415,14405.85546875,21275.306640625,-41245.98828125,-9937.0263671875,-39545.3984375,-8866.3779296875,19667.658203125,-4443.10205078125
3767.014644515,14369.9140625,21263.3046875,-40983.28515625,-9896.9951171875,-39541.12890625,-8760.900390625,19722.486328125,-4473.8359375
3767.014860401,14413.3662109375,21295.423828125,-40974.30078125,-9867.087890625,-39511.53515625,-8714.3642578125,19762.541015625,-4427.72412109375
3767.015077016,14468.26171875,21330.3359375,-41140.59765625,-9871.5810546875,-39500.11328125,-8761.75,19752.86328125,-4387.96044921875
3767.015273575,14492.2001953125,21343.078125,-41366.8203125,-9903.8125,-39507.71484375,-8860.0751953125,19710.283203125,-4375.10791015625
3767.015468675,14409.56640625,21267.484375,-41242.74609375,-9944.3134765625,-39554.00390625,-8870.669921875,19666.919921875,-4430.3837890625
3767.015663774,14381.044921875,21250.5625,-40976.203125,-9901.9345703125,-39541.0625,-8754.8876953125,19705.611328125,-4443.3701171875
3767.015889871,14419.3564453125,21289.232421875,-40971.6640625,-9871.9384765625,-39515.625,-8719.7958984375,19736.634765625,-4417.33056640625
3767.016086794,14481.3818359375,21331.90234375,-41137.84765625,-9868.5185546875,-39501.43359375,-8769.3046875,19725.83984375,-4393.97314453125
3767.016282624,14501.96875,21336.283203125,-41373.28125,-9907.0087890625,-39515.203125,-8875.1181640625,19677.984375,-4393.70458984375
3767.016478088,14409.0966796875,21269.205078125,-41241.984375,-9935.529296875,-39549.578125,-8871.921875,19654.08984375,-4445.06884765625
3767.016673917,14377.46875,21262.587890625,-40965.3828125,-9887.8310546875,-39530.82421875,-8751.8251953125,19706.482421875,-4460.5810546875
3767.016894179,14420.7421875,21292.919921875,-40958.6328125,-9863.2880859375,-39505.3671875,-8710.83203125,19748.7265625,-4427.0537109375
3767.017109701,14483.4384765625,21344.10546875,-41120.078125,-9848.9833984375,-39479.99609375,-8746.3271484375,19744.591796875,-4390.486328125
3767.01730553,14489.943359375,21337.958984375,-41370.1953125,-9903.2529296875,-39504.96484375,-8866.8251953125,19693.630859375,-4393.056640625
3767.017500265,14399.8203125,21259.2578125,-41252.53515625,-9947.107421875,-39549.0859375,-8873.3076171875,19667.27734375,-4445.47119140625
3767.468653304,14383.2578125,21257.91796875,-40969.25,-9887.8974609375,-39524.74609375,-8748.830078125,19719.021484375,-4442.09619140625
3767.468856062,14424.3408203125,21300.67578125,-40961.71875,-9852.4697265625,-39498.50390625,-8712.8212890625,19744.2578125,-4414.0
3767.469048609,14467.6806640625,21348.8671875,-41132.84375,-9853.6328125,-39486.859375,-8754.4853515625,19742.06640625,-4385.32275390625
3767.469286376,14490.0322265625,21352.2421875,-41380.5234375,-9908.193359375,-39508.02734375,-8863.6064453125,19688.84765625,-4386.41796875
3767.469625156,14413.58984375,21273.18359375,-41259.51171875,-9939.0380859375,-39544.4140625,-8875.251953125,19652.90625,-4442.7890625
3767.469815515,14372.126953125,21247.0546875,-40991.53515625,-9904.326171875,-39540.05859375,-8763.0908203125,19700.224609375,-4456.8037109375
3767.470005145,14410.52734375,21286.68359375,-40980.3359375,-9874.822265625,-39515.55859375,-8722.25390625,19739.8984375,-4413.93310546875
3767.470249476,14460.6396484375,21328.525390625,-41146.41015625,-9876.990234375,-39497.6328125,-8757.927734375,19742.6484375,-4381.27734375
3767.470452233,14481.9189453125,21343.45703125,-41378.15234375,-9908.6396484375,-39499.53515625,-8855.58203125,19705.1640625,-4379.0869140625
3767.470642228,14409.0966796875,21280.380859375,-41250.76953125,-9928.3544921875,-39531.47265625,-8862.421875,19675.748046875,-4426.56201171875
3767.470831857,14381.6044921875,21262.65625,-40979.59765625,-9893.3291015625,-39530.08984375,-8756.162109375,19714.9765625,-4445.7841796875
3767.471022581,14414.505859375,21292.517578125,-40973.49609375,-9868.33984375,-39512.20703125,-8720.6005859375,19739.607421875,-4426.2041015625
3767.471325989,14477.6044921875,21337.869140625,-41129.98046875,-9861.701171875,-39494.234375,-8763.9404296875,19735.853515625,-4404.32177734375
3767.471748279,14496.9169921875,21336.7734375,-41372.56640625,-9911.2548828125,-39513.94921875,-8871.1611328125,19689.271484375,-4401.90771484375
3767.472128268,14418.3955078125,21266.701171875,-41258.59375,-9947.5322265625,-39552.23828125,-8878.91796875,19653.978515625,-4444.7783203125
3767.472547277,14387.68359375,21262.365234375,-40976.515625,-9885.3271484375,-39528.92578125,-8761.1015625,19698.81640625,-4461.408203125
3767.472736906,14425.16796875,21296.96484375,-40963.59375,-9851.3525390625,-39505.0078125,-8722.3662109375,19733.193359375,-4438.54248046875
3767.472926171,14477.671875,21332.4609375,-41127.03125,-9859.4443359375,-39494.59375,-8760.8330078125,19743.33984375,-4406.8701171875
3767.473115072,14496.4697265625,21353.626953125,-41364.05078125,-9898.4921875,-39504.2734375,-8862.01953125,19693.876953125,-4403.986328125
3767.473543562,14409.7900390625,21285.72265625,-41252.40234375,-9932.7353515625,-39546.16015625,-8878.8056640625,19635.626953125,-4457.7646484375
3767.473832747,14373.333984375,21260.48828125,-40976.8046875,-9897.173828125,-39541.21875,-8770.5341796875,19681.470703125,-4472.181640625
3767.474024565,14415.400390625,21302.330078125,-40957.62890625,-9858.482421875,-39511.71484375,-8727.1494140625,19722.642578125,-4446.0302734375
3767.474245921,14485.2490234375,21346.609375,-41110.6484375,-9855.263671875,-39491.21875,-8762.822265625,19728.744140625,-4405.90869140625
3767.474437374,14504.203125,21344.28515625,-41357.1640625,-9907.4326171875,-39506.0390625,-8861.505859375,19698.63671875,-4380.427734375
3767.474630285,14413.2763671875,21270.568359375,-41258.03515625,-9948.8505859375,-39548.08203125,-8869.4853515625,19664.953125,-4421.5771484375
3767.474821738,14376.8876953125,21258.7890625,-40983.3984375,-9898.9619140625,-39539.23046875,-8768.052734375,19700.24609375,-4457.630859375
3767.475012827,14417.1884765625,21308.857421875,-40966.41015625,-9858.5947265625,-39511.22265625,-8726.1435546875,19733.037109375,-4440.62109375
3767.475316599,14466.18359375,21337.646484375,-41131.16796875,-9867.982421875,-39499.66796875,-8764.3203125,19739.228515625,-4400.11962890625
3767.475769887,14488.6015625,21336.728515625,-41383.515625,-9922.654296875,-39516.453125,-8871.072265625,19692.244140625,-4396.56591796875
3767.476105021,14420.98828125,21269.25,-41273.1875,-9950.5947265625,-39547.5234375,-8872.8828125,19659.298828125,-4442.29736328125
3767.476297203,14388.6005859375,21258.587890625,-40992.8515625,-9900.705078125,-39536.234375,-8766.2421875,19705.9453125,-4452.7802734375
3767.476487562,14420.7646484375,21290.283203125,-40976.91796875,-9870.59765625,-39512.56640625,-8725.919921875,19735.271484375,-4435.2119140625
3767.476677921,14476.6884765625,21338.919921875,-41126.26953125,-9860.6728515625,-39487.75390625,-8755.1337890625,19747.85546875,-4387.6923828125
3767.476869374,14504.44921875,21359.796875,-41359.48828125,-9890.177734375,-39489.18359375,-8850.330078125,19715.9375,-4365.0947265625
3767.477059733,14409.0078125,21277.943359375,-41266.03515625,-9940.3798828125,-39537.30859375,-8876.3466796875,19664.529296875,-4438.0283203125
3767.477397055,14373.4677734375,21264.15234375,-40980.94140625,-9888.2333984375,-39524.38671875,-8762.107421875,19702.056640625,-4458.94970703125
3767.477783608,14413.1650390625,21300.474609375,-40959.953125,-9854.705078125,-39499.7109375,-8717.2919921875,19736.814453125,-4420.07958984375
3767.478089568,14465.6689453125,21335.8359375,-41120.59375,-9861.857421875,-39489.96875,-8761.5263671875,19731.248046875,-4397.19140625
3767.478280657,14491.0380859375,21354.029296875,-41362.88671875,-9900.2353515625,-39501.09765625,-8863.025390625,19691.865234375,-4392.251953125
3767.478471745,14420.9208984375,21293.34375,-41263.84765625,-9941.4296875,-39544.6171875,-8880.5712890625,19655.966796875,-4440.0400390625
3767.478663198,14382.654296875,21273.18359375,-40979.28515625,-9893.1279296875,-39533.0390625,-8769.2822265625,19697.83203125,-4457.34033203125
3767.478854286,14412.4716796875,21304.408203125,-40959.2578125,-9858.013671875,-39506.3515625,-8724.869140625,19729.013671875,-4430.54052734375
3767.479045375,14481.3154296875,21348.240234375,-41107.29296875,-9852.1123046875,-39482.16796875,-8752.3173828125,19744.81640625,-4390.083984375
3767.479378321,14508.3828125,21355.259765625,-41352.60546875,-9896.837890625,-39492.71484375,-8850.8662109375,19716.2734375,-4379.51123046875
3767.479736429,14417.2109375,21286.7734375,-41263.265625,-9940.3798828125,-39533.28515625,-8872.546875,19665.17578125,-4445.2255859375
3767.479942469,14373.9150390625,21262.431640625,-40990.3515625,-9908.86328125,-39537.8203125,-8778.357421875,19688.265625,-4476.92041015625
3767.480134286,14424.162109375,21300.654296875,-40959.28125,-9862.1708984375,-39507.1328125,-8734.234375,19717.2109375,-4441.53759765625
3767.48032501,14475.7939453125,21337.892578125,-41118.08984375,-9870.3291015625,-39496.8515625,-8769.1923828125,19722.150390625,-4395.49267578125
3767.480515004,14494.234375,21326.671875,-41376.67578125,-9921.4697265625,-39514.59765625,-8875.251953125,19679.83984375,-4386.93212890625
3767.480705728,14409.0966796875,21254.384765625,-41291.5390625,-9961.748046875,-39555.703125,-8894.5634765625,19641.953125,-4442.31982421875
3767.480896087,14373.8701171875,21247.859375,-40999.625,-9905.64453125,-39538.1796875,-8773.4169921875,19696.603515625,-4451.70751953125
3767.481086082,14418.0146484375,21286.3046875,-40967.796875,-9865.2998046875,-39507.53515625,-8716.5546875,19742.8046875,-4425.33251953125
3767.4813935,14478.1416015625,21327.54296875,-41120.1015625,-9867.53515625,-39493.0078125,-8753.0546875,19748.19140625,-4397.50439453125
3767.481798287,14490.658203125,21330.1796875,-41373.32421875,-9917.0439453125,-39510.57421875,-8864.4111328125,19700.0,-4388.11669921875
3767.482149466,14403.5986328125,21264.578125,-41289.171875,-9959.4013671875,-39554.765625,-8890.3837890625,19654.6484375,-4439.1904296875
3767.48234019,14376.0380859375,21261.650390625,-40992.78515625,-9904.4599609375,-39536.75,-8771.5400390625,19703.30859375,-4453.80859375
3767.482530549,14425.4130859375,21312.791015625,-40953.40234375,-9846.4580078125,-39496.47265625,-8717.7841796875,19739.16015625,-4435.94970703125
3767.482720543,14472.486328125,21345.826171875,-41108.97265625,-9854.236328125,-39488.91796875,-8759.9169921875,19734.935546875,-4409.73095703125
3767.482910538,14494.591796875,21344.75390625,-41365.8359375,-9914.8759765625,-39512.4296875,-8868.970703125,19692.19921875,-4399.53857421875
3767.483101261,14418.0595703125,21287.98046875,-41275.89453125,-9933.919921875,-39541.59765625,-8883.455078125,19658.11328125,-4449.2041015625
3767.48355929,14376.91015625,21268.154296875,-40990.015625,-9890.8037109375,-39534.1328125,-8773.8642578125,19696.736328125,-4467.06298828125
3767.483894789,14416.2490234375,21298.373046875,-40961.046875,-9863.064453125,-39514.46484375,-8730.94921875,19732.365234375,-4441.09033203125
3767.484087336,14476.0625,21349.42578125,-41105.05859375,-9851.7099609375,-39492.0,-8758.28515625,19730.734375,-4405.12646484375
3767.484281341,14494.8154296875,21362.03125,-41356.42578125,-9895.8544921875,-39505.8828125,-8869.6416015625,19675.302734375,-4392.72119140625
3767.484473159,14418.283203125,21289.791015625,-41272.98828125,-9931.349609375,-39542.203125,-8891.76953125,19649.91015625,-4437.24609375
3767.484664977,14378.5419921875,21264.2421875,-40988.4296875,-9898.4697265625,-39536.078125,-8771.5849609375,19689.763671875,-4464.0009765625
3767.484857524,14414.5732421875,21294.126953125,-40960.5546875,-9873.0341796875,-39517.28125,-8733.564453125,19727.716796875,-4439.70458984375
3767.485048977,14473.9833984375,21329.107421875,-41113.77734375,-9871.55859375,-39503.01953125,-8775.18359375,19720.251953125,-4411.8095703125
3767.48534655,14493.67578125,21337.04296875,-41368.140625,-9916.4853515625,-39512.96875,-8874.6259765625,19681.896484375,-4389.63671875
3767.485674755,14415.154296875,21275.3515625,-41291.5390625,-9954.013671875,-39543.296875,-8884.7958984375,19653.263671875,-4426.91943359375
3767.485967222,14373.5576171875,21250.048828125,-41001.859375,-9906.091796875,-39529.91015625,-8772.5234375,19700.603515625,-4453.71923828125
3767.486231974,14414.7294921875,21287.466796875,-40966.03125,-9870.0166015625,-39502.26171875,-8716.6435546875,19746.0234375,-4430.16064453125
3767.486428533,14470.6982421875,21330.11328125,-41115.72265625,-9864.919921875,-39485.3828125,-8751.9150390625,19741.396484375,-4397.14697265625
3767.486665934,14493.18359375,21345.201171875,-41369.97265625,-9905.6005859375,-39500.203125,-8864.076171875,19692.646484375,-4381.0087890625
3767.486986117,14411.689453125,21266.58984375,-41307.51953125,-9965.7939453125,-39553.46875,-8897.15625,19646.244140625,-4435.47998046875
3767.487206744,14364.326171875,21246.78515625,-41020.3671875,-9925.3369140625,-39546.96484375,-8786.11328125,19688.556640625,-4462.01171875
3767.48762867,14406.66015625,21288.337890625,-40976.73828125,-9872.609375,-39513.81640625,-8735.330078125,19726.978515625,-4437.447265625
3767.487820123,14467.14453125,21327.23046875,-41122.984375,-9872.51953125,-39500.47265625,-8763.828125,19728.1640625,-4406.91455078125
3767.488010846,14491.216796875,21337.6015625,-41375.29296875,-9918.005859375,-39512.1171875,-8866.802734375,19687.05859375,-4391.11181640625
3767.48833504,14414.595703125,21278.390625,-41301.95703125,-9954.908203125,-39549.15234375,-8892.060546875,19648.3671875,-4443.6611328125
3767.488656681,14366.62890625,21247.724609375,-41008.12109375,-9911.634765625,-39540.6171875,-8781.2626953125,19689.853515625,-4474.50634765625
3767.488851781,14411.376953125,21283.7109375,-40966.76953125,-9873.1005859375,-39511.22265625,-8726.12109375,19731.962890625,-4443.83984375
3767.489047245,14469.1337890625,21328.056640625,-41108.703125,-9866.8642578125,-39491.84375,-8750.6630859375,19734.064453125,-4397.99609375
3767.489328772,14494.2119140625,21349.068359375,-41358.41796875,-9902.4931640625,-39501.3203125,-8855.7392578125,19696.0,-4380.2939453125
3767.489580761,14410.7509765625,21289.41015625,-41293.88671875,-9943.888671875,-39544.68359375,-8893.1328125,19655.654296875,-4440.7998046875
3767.489776955,14367.232421875,21261.29296875,-41003.11328125,-9898.5595703125,-39536.50390625,-8783.654296875,19686.701171875,-4474.68505859375
3767.489973149,14419.646484375,21301.234375,-40955.68359375,-9857.4990234375,-39502.55078125,-8719.2138671875,19731.0703125,-4438.453125
3767.490169707,14468.8876953125,21333.310546875,-41108.97265625,-9866.3056640625,-39494.50390625,-8754.91015625,19728.9453125,-4407.76416015625
3767.490365901,14485.4951171875,21336.037109375,-41368.23046875,-9922.498046875,-39516.09765625,-8871.02734375,19689.3828125,-4383.646484375
3767.490561001,14413.9921875,21276.982421875,-41295.09375,-9954.3271484375,-39547.03125,-8888.796875,19659.87890625,-4409.48486328125
3767.49075683,14377.55859375,21256.732421875,-40999.3359375,-9898.6708984375,-39531.65234375,-8773.373046875,19706.638671875,-4448.35498046875
3767.490953388,14424.005859375,21305.34765625,-40951.7265625,-9855.0625,-39497.43359375,-8711.3017578125,19762.787109375,-4421.5771484375
3767.491247679,14489.2724609375,21346.720703125,-41096.51953125,-9853.4091796875,-39481.18359375,-8739.7109375,19758.3828125,-4379.265625
3767.491640431,14511.646484375,21357.248046875,-41355.9140625,-9897.375,-39497.56640625,-8852.900390625,19713.970703125,-4372.2470703125
3767.491924876,14416.8525390625,21285.341796875,-41304.83984375,-9949.8115234375,-39546.76171875,-8888.9306640625,19669.06640625,-4423.47705078125
3767.492158995,14370.6962890625,21250.763671875,-41013.37109375,-9913.3564453125,-39538.515625,-8775.0263671875,19705.8125,-4445.5830078125
3767.492356648,14419.69140625,21301.63671875,-40961.3359375,-9865.1884765625,-39503.37890625,-8715.99609375,19747.23046875,-4417.08447265625
3767.492553571,14470.5419921875,21350.23046875,-41096.4765625,-9851.77734375,-39479.4609375,-8745.09765625,19745.28515625,-4390.798828125
3767.492751223,14497.6318359375,21365.8984375,-41347.44140625,-9890.0654296875,-39488.04296875,-8844.2724609375,19706.37109375,-4376.8291015625
3767.492948146,14423.40234375,21296.607421875,-41293.55078125,-9935.6630859375,-39532.546875,-8875.05078125,19661.443359375,-4426.8076171875
3767.49316622,14377.7822265625,21261.001953125,-41006.30859375,-9907.6787109375,-39539.4296875,-8776.45703125,19701.7890625,-4445.806640625
3767.493377366,14412.583984375,21293.970703125,-40960.890625,-9870.150390625,-39512.140625,-8725.5849609375,19751.587890625,-4437.24609375
3767.493574654,14471.3466796875,21333.578125,-41099.359375,-9863.19921875,-39486.859375,-8736.4248046875,19756.349609375,-4397.080078125
3767.493772306,14497.0732421875,21347.056640625,-41353.609375,-9904.4375,-39497.90234375,-8848.2958984375,19711.17578125,-4374.10205078125
3767.494046175,14419.982421875,21275.0390625,-41307.07421875,-9956.8974609375,-39546.40625,-8892.2841796875,19658.314453125,-4429.6689453125
3767.494259508,14381.73828125,21257.537109375,-41003.76171875,-9903.365234375,-39532.34765625,-8779.6533203125,19692.646484375,-4459.84375
3767.494456432,14418.5966796875,21298.1953125,-40949.19921875,-9853.7216796875,-39501.1640625,-8721.6728515625,19736.009765625,-4439.72705078125
3767.49465299,14467.1669921875,21333.353515625,-41090.7109375,-9857.4765625,-39488.3125,-8750.73046875,19740.63671875,-4402.869140625
3767.494849184,14494.79296875,21347.8828125,-41346.34765625,-9903.3876953125,-39499.578125,-8852.9228515625,19700.693359375,-4383.75830078125
3767.495061788,14425.4580078125,21295.9375,-41288.6328125,-9932.1318359375,-39527.47265625,-8877.8896484375,19671.501953125,-4417.50927734375
3767.495415885,14380.44140625,21268.421875,-40994.75390625,-9891.9658203125,-39523.78515625,-8769.1923828125,19710.283203125,-4441.76123046875
3767.495682825,14413.544921875,21299.22265625,-40948.73046875,-9860.181640625,-39503.9609375,-8719.2138671875,19742.849609375,-4427.34423828125
3767.495879748,14470.474609375,21335.455078125,-41089.59375,-9859.0419921875,-39487.8671875,-8745.6787109375,19742.08984375,-4390.75439453125
3767.49611642,14506.974609375,21361.583984375,-41337.62890625,-9888.0537109375,-39485.71875,-8836.13671875,19715.78125,-4374.638671875
3767.496314438,14429.4814453125,21300.51953125,-41295.94140625,-9934.9931640625,-39527.3828125,-8873.955078125,19674.51953125,-4423.208984375
3767.496512819,14377.669921875,21260.95703125,-41009.70703125,-9905.578125,-39532.546875,-8775.1162109375,19703.599609375,-4453.7861328125
3767.496709742,14421.9716796875,21295.7578125,-40957.3125,-9864.96484375,-39504.7421875,-8718.23046875,19748.056640625,-4425.82421875
3767.496905572,14480.779296875,21328.482421875,-41102.21875,-9872.3408203125,-39492.0,-8747.4892578125,19747.677734375,-4395.224609375
3767.497159019,14501.0068359375,21341.4453125,-41358.4609375,-9908.0361328125,-39497.3203125,-8849.63671875,19704.716796875,-4385.859375
3767.497506916,14423.15625,21289.208984375,-41313.625,-9941.4296875,-39534.55859375,-8888.6630859375,19657.107421875,-4442.34228515625
3767.948833905,14378.67578125,21267.685546875,-41014.35546875,-9899.251953125,-39530.55859375,-8781.5537109375,19696.78125,-4463.33056640625
3767.949036663,14412.986328125,21301.591796875,-40956.15234375,-9857.1640625,-39497.85546875,-8716.8896484375,19753.935546875,-4421.89013671875
3767.949228845,14461.869140625,21340.640625,-41092.49609375,-9850.078125,-39481.5390625,-8746.5283203125,19754.3828125,-4386.216796875
3767.949465882,14496.5810546875,21351.392578125,-41351.64453125,-9901.755859375,-39496.515625,-8847.4462890625,19708.740234375,-4371.822265625
3767.949659888,14421.2109375,21287.66796875,-41317.17578125,-9952.4716796875,-39541.35546875,-8892.3955078125,19658.091796875,-4430.69677734375
3767.94985207,14369.0419921875,21259.728515625,-41019.2734375,-9910.0263671875,-39540.8828125,-8795.6796875,19684.869140625,-4467.89013671875
3767.950044252,14410.7509765625,21289.857421875,-40960.4453125,-9874.9111328125,-39515.3125,-8734.9052734375,19726.21875,-4437.6259765625
3767.950236435,14466.205078125,21338.048828125,-41094.95703125,-9869.8154296875,-39493.56640625,-8762.6435546875,19733.751953125,-4397.54931640625
3767.950501187,14501.87890625,21370.681640625,-41341.2265625,-9886.6904296875,-39486.2578125,-8848.6533203125,19698.279296875,-4383.75830078125
3767.950919831,14427.7607421875,21308.09765625,-41306.08984375,-9931.796875,-39525.73046875,-8891.3671875,19650.916015625,-4433.55810546875
3767.951339934,14382.9453125,21254.453125,-41016.703125,-9908.4609375,-39530.19921875,-8788.03515625,19689.25,-4461.162109375
3767.951673609,14415.958984375,21279.150390625,-40961.3828125,-9879.4482421875,-39505.97265625,-8724.154296875,19744.615234375,-4423.6337890625
3767.951969723,14474.498046875,21332.52734375,-41090.640625,-9873.5703125,-39486.79296875,-8747.556640625,19756.884765625,-4391.69287109375
3767.952160811,14500.962890625,21352.64453125,-41338.1640625,-9896.5927734375,-39481.02734375,-8839.1533203125,19722.576171875,-4387.6923828125
3767.952394931,14430.6884765625,21286.9296875,-41305.66796875,-9943.173828125,-39519.8046875,-8879.2529296875,19671.859375,-4427.634765625
3767.952617746,14382.38671875,21254.876953125,-41010.2890625,-9909.712890625,-39521.6171875,-8773.193359375,19704.314453125,-4447.5947265625
3767.95280847,14420.65234375,21291.98046875,-40950.00390625,-9866.0595703125,-39495.93359375,-8709.8486328125,19744.345703125,-4408.859375
3767.952998829,14478.7001953125,21332.572265625,-41087.01953125,-9866.8427734375,-39484.0,-8742.5048828125,19749.017578125,-4380.11474609375
3767.953188823,14496.5146484375,21343.033203125,-41349.9453125,-9908.6181640625,-39496.671875,-8854.5322265625,19714.1484375,-4378.75146484375
3767.953415649,14423.46875,21279.375,-41320.91015625,-9948.11328125,-39530.4921875,-8890.5849609375,19664.88671875,-4425.10888671875
3767.953783239,14382.85546875,21254.900390625,-41026.5390625,-9917.55859375,-39534.11328125,-8789.2197265625,19690.880859375,-4459.12841796875
3767.954225951,14412.8740234375,21287.712890625,-40965.96484375,-9877.9287109375,-39509.0546875,-8730.6806640625,19725.28125,-4444.46533203125
3767.954574578,14461.4892578125,21324.705078125,-41098.0625,-9874.1962890625,-39490.03515625,-8752.294921875,19733.55078125,-4410.37939453125
3767.954768584,14492.7373046875,21331.09765625,-41359.46484375,-9923.1240234375,-39504.33984375,-8854.509765625,19694.994140625,-4396.54345703125
3767.954960402,14426.77734375,21272.736328125,-41328.375,-9964.5419921875,-39539.05078125,-8891.45703125,19660.638671875,-4434.07177734375
3767.955152949,14385.158203125,21270.478515625,-41012.07421875,-9898.3583984375,-39519.4921875,-8776.3232421875,19704.068359375,-4454.2109375
3767.955348778,14408.11328125,21312.232421875,-40947.4140625,-9857.7451171875,-39493.41015625,-8719.4375,19744.056640625,-4426.427734375
3767.955540595,14464.8193359375,21333.7109375,-41081.96875,-9864.40625,-39481.60546875,-8744.1591796875,19742.736328125,-4396.23046875
3767.955732048,14505.5673828125,21345.24609375,-41336.5546875,-9910.0927734375,-39489.67578125,-8840.6513671875,19698.837890625,-4384.8310546875
3767.955923137,14427.08984375,21272.2890625,-41318.51953125,-9969.705078125,-39539.65625,-8894.9658203125,19649.6875,-4437.29052734375
3767.956114954,14381.0673828125,21264.353515625,-41002.93359375,-9898.9619140625,-39518.53125,-8783.05078125,19687.796875,-4468.47119140625
3767.956310784,14413.5224609375,21305.525390625,-40929.64453125,-9840.6015625,-39481.33984375,-8718.6552734375,19736.947265625,-4437.4248046875
3767.956723593,14465.8701171875,21343.435546875,-41064.51171875,-9842.076171875,-39472.0859375,-8744.337890625,19738.6015625,-4397.50439453125
3767.957126191,14509.5009765625,21357.158203125,-41327.86328125,-9893.1279296875,-39486.5234375,-8847.669921875,19704.42578125,-4371.80029296875
3767.957512379,14432.029296875,21289.791015625,-41326.83203125,-9951.3095703125,-39534.55859375,-8900.8447265625,19654.671875,-4423.54443359375
3767.957758533,14373.333984375,21251.345703125,-41041.53515625,-9921.9619140625,-39536.14453125,-8794.830078125,19690.34375,-4462.01171875
3767.957949986,14413.4111328125,21286.416015625,-40972.109375,-9876.2080078125,-39502.37109375,-8725.9873046875,19729.638671875,-4436.53076171875
3767.958140345,14466.7861328125,21330.001953125,-41097.90625,-9865.322265625,-39483.9765625,-8756.3408203125,19729.974609375,-4398.4658203125
3767.958337268,14499.5322265625,21344.552734375,-41357.09765625,-9906.896484375,-39491.75390625,-8850.486328125,19697.564453125,-4380.13720703125
3767.958528721,14435.896484375,21285.611328125,-41336.109375,-9943.53125,-39520.9453125,-8883.96875,19664.103515625,-4423.9912109375
3767.958719445,14380.4638671875,21247.3671875,-41040.1953125,-9911.970703125,-39522.0859375,-8779.7431640625,19701.4765625,-4452.55712890625
3767.958909439,14409.431640625,21278.615234375,-40977.98828125,-9880.923828125,-39503.80078125,-8719.1025390625,19734.779296875,-4435.8603515625
3767.959100528,14464.193359375,21324.4140625,-41105.3515625,-9875.044921875,-39489.07421875,-8749.880859375,19740.703125,-4398.10791015625
3767.959291251,14505.767578125,21348.0625,-41358.41796875,-9907.3212890625,-39497.05078125,-8852.296875,19704.650390625,-4369.2294921875
3767.959664676,14438.8466796875,21282.884765625,-41343.44140625,-9957.1435546875,-39537.8671875,-8898.7880859375,19662.2265625,-4409.52978515625
3767.96006618,14375.8154296875,21242.673828125,-41045.04296875,-9926.611328125,-39537.77734375,-8795.7021484375,19687.55078125,-4447.013671875
3767.96043377,14412.6064453125,21302.84375,-40960.21875,-9862.55078125,-39497.1875,-8717.60546875,19734.98046875,-4424.57275390625
3767.960681747,14461.154296875,21340.685546875,-41088.18359375,-9860.9638671875,-39483.484375,-8743.4208984375,19741.015625,-4404.50048828125
3767.960872471,14497.4755859375,21348.3515625,-41345.05078125,-9901.8447265625,-39493.4296875,-8848.384765625,19703.845703125,-4384.38427734375
3767.961063195,14427.9169921875,21279.93359375,-41346.48046875,-9961.994140625,-39547.3671875,-8907.169921875,19647.5859375,-4433.8486328125
3767.961253189,14380.8662109375,21249.154296875,-41042.51953125,-9918.810546875,-39544.125,-8800.26171875,19677.537109375,-4465.029296875
3767.961457406,14418.4619140625,21299.603515625,-40954.07421875,-9855.7109375,-39496.875,-8723.3271484375,19739.517578125,-4430.4287109375
3767.961648494,14457.8681640625,21332.416015625,-41083.55859375,-9858.0576171875,-39481.2734375,-8745.7685546875,19742.580078125,-4401.55029296875
3767.961839218,14488.9375,21337.220703125,-41348.515625,-9904.4599609375,-39496.515625,-8847.7373046875,19696.53515625,-4383.19921875
3767.962030671,14434.17578125,21283.755859375,-41346.16796875,-9952.650390625,-39535.2734375,-8899.705078125,19641.974609375,-4425.73486328125
3767.962221394,14372.08203125,21240.68359375,-41052.0625,-9921.08984375,-39538.0,-8801.71484375,19668.595703125,-4468.0244140625
3767.962507298,14405.498046875,21278.32421875,-40968.53515625,-9868.541015625,-39502.7734375,-8729.1611328125,19721.279296875,-4435.63671875
3767.962819457,14455.6328125,21326.671875,-41103.00390625,-9876.095703125,-39495.95703125,-8757.234375,19725.2578125,-4410.58056640625
3767.963036802,14495.8212890625,21351.68359375,-41359.9375,-9903.767578125,-39495.0625,-8848.6982421875,19690.8359375,-4384.8759765625
3767.963226432,14439.025390625,21272.46875,-41364.453125,-9960.138671875,-39537.1953125,-8898.36328125,19643.09375,-4417.57666015625
3767.963478056,14382.69921875,21237.041015625,-41068.24609375,-9932.01953125,-39537.48828125,-8794.115234375,19677.603515625,-4460.8271484375
3767.963668415,14415.109375,21267.751953125,-40990.05859375,-9887.115234375,-39509.50390625,-8729.7646484375,19726.12890625,-4438.654296875
3767.963859138,14465.802734375,21303.42578125,-41116.546875,-9888.568359375,-39502.6171875,-8765.6611328125,19728.677734375,-4402.8466796875
3767.964048768,14490.7705078125,21318.9375,-41376.453125,-9931.3046875,-39514.1953125,-8863.3828125,19693.763671875,-4383.33349609375
3767.964240221,14431.203125,21267.21484375,-41372.0078125,-9969.5263671875,-39546.29296875,-8909.8974609375,19648.30078125,-4422.248046875
3767.964495856,14374.8095703125,21234.26953125,-41070.859375,-9939.2392578125,-39549.71484375,-8810.23046875,19679.03515625,-4460.2236328125
3767.96488095,14404.8271484375,21276.669921875,-40982.01171875,-9880.8564453125,-39513.19140625,-8738.3701171875,19716.18359375,-4454.74755859375
3767.96526495,14452.392578125,21319.294921875,-41102.19921875,-9873.7041015625,-39495.64453125,-8757.3916015625,19720.33984375,-4413.0615234375
3767.965572734,14482.1650390625,21328.927734375,-41365.09765625,-9924.4423828125,-39511.671875,-8857.8623046875,19682.275390625,-4388.6083984375
3767.965762364,14420.98828125,21274.525390625,-41367.08984375,-9968.3642578125,-39546.8515625,-8909.62890625,19634.353515625,-4438.34130859375
3767.965953087,14373.580078125,21255.525390625,-41053.78515625,-9918.51953125,-39539.02734375,-8802.4296875,19676.083984375,-4465.23046875
3767.966142352,14405.1630859375,21291.265625,-40969.20703125,-9877.99609375,-39511.55859375,-8729.0263671875,19731.001953125,-4432.26171875
3767.966337087,14456.19140625,21337.244140625,-41086.10546875,-9864.1826171875,-39487.484375,-8750.5517578125,19731.5390625,-4413.0390625
3767.966527811,14493.474609375,21362.232421875,-41334.45703125,-9886.7802734375,-39480.421875,-8837.0078125,19697.83203125,-4391.6484375
3767.96671817,14439.0927734375,21294.126953125,-41347.10546875,-9944.1572265625,-39523.875,-8896.486328125,19646.7578125,-4441.56005859375
3767.966908164,14367.4775390625,21246.986328125,-41055.796875,-9924.7109375,-39535.38671875,-8805.0,19667.703125,-4479.982421875
3767.967098159,14407.5546875,21277.138671875,-40967.328125,-9876.9677734375,-39502.3046875,-8728.982421875,19726.173828125,-4437.76025390625
3767.967296541,14473.783203125,21329.732421875,-41080.98828125,-9856.158203125,-39475.953125,-8738.66015625,19744.123046875,-4407.13818359375
3767.967762592,14500.1357421875,21350.54296875,-41340.19921875,-9901.8447265625,-39488.06640625,-8840.517578125,19707.623046875,-4379.01953125
3767.968151333,14426.12890625,21278.97265625,-41360.33984375,-9959.3115234375,-39531.5625,-8896.8212890625,19663.298828125,-4419.31982421875
3767.968500324,14369.1318359375,21241.17578125,-41063.75390625,-9931.6845703125,-39536.3671875,-8795.5458984375,19690.255859375,-4453.51806640625
3767.968698341,14403.4638671875,21278.591796875,-40970.8359375,-9882.734375,-39503.33203125,-8723.193359375,19734.265625,-4431.14404296875
3767.968895994,14462.673828125,21331.90234375,-41079.35546875,-9857.2314453125,-39476.19921875,-8737.3193359375,19734.17578125,-4401.10302734375
3767.969092917,14497.3857421875,21350.07421875,-41335.125,-9896.48046875,-39484.22265625,-8843.333984375,19705.1640625,-4373.38720703125
3767.969293851,14441.8642578125,21304.744140625,-41346.390625,-9940.8935546875,-39518.578125,-8894.720703125,19662.47265625,-4408.56884765625
3767.969491504,14387.7060546875,21266.947265625,-41049.22265625,-9914.8984375,-39526.734375,-8796.5517578125,19688.17578125,-4452.6015625
3767.969688792,14409.72265625,21285.0078125,-40961.60546875,-9874.2626953125,-39501.1640625,-8723.2373046875,19734.578125,-4428.8193359375
3767.96988535,14462.9873046875,21330.359375,-41072.26953125,-9866.1044921875,-39478.12109375,-8738.794921875,19751.87890625,-4387.78173828125
3767.970083367,14496.603515625,21349.15625,-41329.203125,-9905.6669921875,-39486.5703125,-8837.74609375,19718.10546875,-4363.619140625
3767.970283937,14439.1826171875,21296.361328125,-41348.60546875,-9952.494140625,-39527.60546875,-8898.498046875,19667.92578125,-4407.607421875
3767.970541396,14378.162109375,21257.0234375,-41050.36328125,-9925.4931640625,-39533.5078125,-8801.021484375,19695.9765625,-4453.49560546875
3767.970820735,14411.1083984375,21287.890625,-40960.28515625,-9884.857421875,-39508.140625,-8728.490234375,19744.078125,-4435.30126953125
3767.97108731,14463.7021484375,21339.544921875,-41067.5078125,-9860.6953125,-39478.859375,-8740.2919921875,19744.501953125,-4420.99609375
3767.971357897,14503.1748046875,21378.080078125,-41313.6015625,-9877.1240234375,-39471.55078125,-8827.1513671875,19705.4765625,-4394.12939453125
3767.971628849,14431.828125,21313.86328125,-41344.24609375,-9936.4013671875,-39518.8671875,-8889.7802734375,19654.134765625,-4429.75830078125
3767.971831607,14370.9423828125,21264.689453125,-41054.87890625,-9924.62109375,-39532.8359375,-8799.0771484375,19690.27734375,-4458.234375
3767.972034365,14410.37109375,21298.91015625,-40958.72265625,-9873.0556640625,-39502.86328125,-8725.4501953125,19744.212890625,-4429.84765625
3767.972237487,14469.357421875,21346.2734375,-41063.6171875,-9848.9384765625,-39465.2890625,-8727.5966796875,19762.16015625,-4382.90869140625
3767.972444986,14512.5634765625,21359.640625,-41318.78515625,-9879.11328125,-39463.8359375,-8821.697265625,19724.4765625,-4368.31298828125
3767.972648108,14447.2734375,21293.58984375,-41353.8359375,-9941.921875,-39513.546875,-8891.2783203125,19666.607421875,-4412.435546875
3767.97285196,14374.2724609375,21247.9921875,-41061.40625,-9921.291015625,-39525.19140625,-8797.84765625,19690.791015625,-4445.8515625
3767.973053989,14398.2119140625,21281.296875,-40960.7109375,-9867.826171875,-39490.66015625,-8721.6953125,19736.03125,-4428.35009765625
3767.973256017,14452.705078125,21321.9765625,-41071.8671875,-9857.923828125,-39468.734375,-8733.51953125,19745.6875,-4399.6728515625
3767.973589328,14494.435546875,21347.4140625,-41326.41015625,-9891.2060546875,-39473.31640625,-8825.1171875,19715.177734375,-4377.94677734375
3767.973923733,14438.1318359375,21291.35546875,-41360.7421875,-9951.8681640625,-39520.54296875,-8889.7138671875,19665.69140625,-4412.90478515625
3767.974126855,14374.228515625,21247.568359375,-41062.92578125,-9925.4482421875,-39527.00390625,-8793.7578125,19696.46875,-4443.9736328125
3767.974367904,14402.771484375,21287.734375,-40961.875,-9873.3466796875,-39496.47265625,-8716.30859375,19749.822265625,-4428.37255859375
3767.974584884,14462.3388671875,21344.216796875,-41069.7890625,-9858.1923828125,-39476.7109375,-8729.4287109375,19760.373046875,-4385.34521484375
3767.974782536,14505.8125,21373.69921875,-41320.28515625,-9884.5673828125,-39482.30078125,-8833.6328125,19729.05859375,-4369.0732421875
3767.974979459,14453.5986328125,21313.23828125,-41358.03515625,-9940.87109375,-39527.2265625,-8902.4990234375,19680.375,-4430.0263671875
3767.975176382,14393.517578125,21275.396484375,-41059.9296875,-9917.9384765625,-39534.1328125,-8806.251953125,19695.0390625,-4448.421875
3767.975482343,14418.6181640625,21309.4609375,-40956.59765625,-9860.6064453125,-39499.01953125,-8732.111328125,19730.353515625,-4414.3798828125
3767.975700052,14460.9755859375,21342.853515625,-41074.953125,-9865.1435546875,-39488.08984375,-8755.826171875,19733.05859375,-4396.677734375
3767.975896975,14501.4765625,21345.4921875,-41328.98046875,-9908.0146484375,-39492.6953125,-8845.6806640625,19704.6953125,-4380.96435546875
#3799.17019007,13672.2490234375,20535.240234375,-41675.18359375,-10414.3486328125,-39510.23828125,-9357.3564453125,19113.71484375,-4741.498046875
3799.170380429,13715.3876953125,20562.330078125,-41807.796875,-10416.2705078125,-39497.23046875,-9383.3291015625,19114.318359375,-4714.16162109375
3799.170569694,13741.6064453125,20569.439453125,-42078.3203125,-10463.947265625,-39514.2421875,-9489.3662109375,19070.642578125,-4709.04296875
3799.170905922,13681.8603515625,20521.025390625,-42065.2890625,-10504.0234375,-39548.5078125,-9534.5615234375,19026.720703125,-4751.4892578125
3799.171301227,13628.640625,20485.6640625,-41761.1484375,-10474.6083984375,-39551.76953125,-9434.939453125,19055.890625,-4780.412109375
3799.171650219,13667.845703125,20525.025390625,-41677.64453125,-10426.775390625,-39525.08203125,-9372.4892578125,19099.38671875,-4756.65234375
3799.171841307,13716.0810546875,20563.8515625,-41806.61328125,-10418.55078125,-39508.20703125,-9397.8134765625,19102.181640625,-4734.14404296875
3799.172030572,13750.345703125,20578.111328125,-42069.71484375,-10455.966796875,-39509.8359375,-9485.677734375,19067.513671875,-4712.01611328125
3799.172218743,13688.96875,20519.326171875,-42065.1328125,-10505.744140625,-39551.56640625,-9535.90234375,19018.25,-4750.8857421875
3799.172408008,13634.564453125,20489.978515625,-41758.15625,-10466.0029296875,-39545.3984375,-9431.8330078125,19057.34375,-4770.73388671875
3799.172596544,13660.2685546875,20518.275390625,-41682.6953125,-10426.4404296875,-39518.15234375,-9364.2412109375,19103.56640625,-4746.4599609375
3799.172883541,13704.6142578125,20551.669921875,-41815.890625,-10428.228515625,-39507.9140625,-9387.4423828125,19106.673828125,-4722.6328125
3799.173300726,13735.75,20572.1875,-42079.10546875,-10466.115234375,-39519.0234375,-9486.5947265625,19073.2578125,-4707.0986328125
3799.173630755,13673.634765625,20517.984375,-42067.68359375,-10506.34765625,-39546.671875,-9528.056640625,19033.94140625,-4742.8388671875
3799.173908635,13630.49609375,20487.900390625,-41752.76953125,-10459.5439453125,-39535.07421875,-9417.21484375,19079.046875,-4749.34326171875
3799.174098265,13668.60546875,20527.640625,-41667.20703125,-10410.2802734375,-39505.41015625,-9347.5439453125,19125.671875,-4720.62158203125
3799.174286801,13708.302734375,20557.66015625,-41807.1953125,-10421.76953125,-39506.28515625,-9386.6826171875,19115.009765625,-4723.5048828125
3799.174474971,13738.767578125,20572.232421875,-42073.78515625,-10464.5283203125,-39514.9765625,-9487.1083984375,19073.2578125,-4712.39599609375
3799.174662778,13685.615234375,20529.5625,-42057.578125,-10492.8251953125,-39535.54296875,-9524.63671875,19026.498046875,-4746.59423828125
3799.175059906,13632.91015625,20501.17578125,-41747.8515625,-10454.1787109375,-39530.98046875,-9420.43359375,19055.443359375,-4771.404296875
3799.175479644,13669.8798828125,20532.826171875,-41666.7578125,-10411.3759765625,-39504.2265625,-9352.3271484375,19101.98046875,-4743.62109375
3799.175744396,13718.8525390625,20565.21484375,-41800.30859375,-10418.5732421875,-39499.15234375,-9382.8603515625,19103.90234375,-4714.40771484375
3799.176020453,13742.947265625,20581.330078125,-42069.53515625,-10461.197265625,-39510.328125,-9482.3701171875,19062.39453125,-4703.54443359375
3799.176210448,13677.61328125,20521.11328125,-42073.58203125,-10508.9404296875,-39551.79296875,-9534.2041015625,19013.935546875,-4750.93017578125
3799.176400442,13627.9482421875,20483.5625,-41769.30859375,-10477.3359375,-39554.96484375,-9439.1865234375,19053.029296875,-4778.892578125
3799.176589342,13661.3857421875,20511.4140625,-41689.71484375,-10441.416015625,-39529.1953125,-9372.890625,19095.228515625,-4763.693359375
3799.176888009,13706.201171875,20553.79296875,-41815.28515625,-10436.8564453125,-39511.4921875,-9396.3603515625,19094.3125,-4734.45703125
3799.177155679,13745.8984375,20587.0078125,-42065.2890625,-10450.3125,-39502.55078125,-9485.4541015625,19065.166015625,-4710.3173828125
3799.177372294,13684.8779296875,20528.19921875,-42061.78125,-10494.3232421875,-39536.63671875,-9531.3876953125,19023.7265625,-4751.869140625
3799.17778255,13628.6181640625,20486.22265625,-41757.9296875,-10466.6513671875,-39539.72265625,-9427.9208984375,19057.701171875,-4773.72900390625
3799.178424739,13660.2236328125,20513.89453125,-41675.67578125,-10430.3740234375,-39517.66015625,-9362.8994140625,19105.33203125,-4740.291015625
3799.17890793,13716.4609375,20557.2578125,-41795.66015625,-10416.5390625,-39495.5546875,-9383.1728515625,19111.591796875,-4706.02587890625
3799.179432693,13759.48828125,20586.91796875,-42049.21875,-10438.533203125,-39492.046875,-9472.5126953125,19081.4375,-4687.83154296875
3799.179900203,13692.544921875,20527.193359375,-42054.91796875,-10487.37109375,-39531.5625,-9524.435546875,19032.890625,-4732.37841796875
3799.180327964,13634.7880859375,20487.541015625,-41752.9921875,-10460.638671875,-39536.8828125,-9425.3056640625,19064.787109375,-4758.95458984375
3799.180695189,13658.2119140625,20521.11328125,-41671.453125,-10418.818359375,-39512.2734375,-9359.501953125,19109.064453125,-4739.486328125
3799.181086847,13711.7666015625,20569.37109375,-41791.94921875,-10402.7919921875,-39485.1171875,-9375.08203125,19117.73828125,-4708.97607421875
3799.181475588,13743.1044921875,20579.408203125,-42062.7421875,-10452.7041015625,-39499.1328125,-9477.9443359375,19080.923828125,-4694.78271484375
3799.18193544,13675.400390625,20519.3046875,-42069.203125,-10501.1181640625,-39534.625,-9526.134765625,19034.544921875,-4741.31884765625
3799.18231944,13617.8671875,20486.8046875,-41765.62109375,-10468.5068359375,-39536.859375,-9425.4404296875,19060.248046875,-4777.439453125
3799.182731155,13648.712890625,20515.951171875,-41682.31640625,-10429.234375,-39515.359375,-9357.1103515625,19109.623046875,-4750.39404296875
3799.183214346,13700.5908203125,20549.9921875,-41811.41796875,-10430.12890625,-39504.40625,-9383.5078125,19127.259765625,-4708.39501953125
3799.183614392,13735.0126953125,20579.609375,-42068.5078125,-10453.3525390625,-39502.8203125,-9475.0390625,19095.140625,-4688.16650390625
3799.184051634,13679.2900390625,20536.26953125,-42070.4765625,-10495.8427734375,-39537.3515625,-9527.5205078125,19047.708984375,-4724.37646484375
3799.184415942,13624.5283203125,20491.69921875,-41767.56640625,-10468.193359375,-39539.83203125,-9430.357421875,19070.10546875,-4761.16748046875
3799.184938518,13658.435546875,20525.71875,-41681.19921875,-10423.1103515625,-39514.46484375,-9366.8564453125,19107.8125,-4745.0966796875
3799.18536956,13707.162109375,20558.6875,-41809.23046875,-10423.087890625,-39504.18359375,-9393.119140625,19102.0234375,-4726.1201171875
3799.185807532,13740.4892578125,20572.298828125,-42075.3046875,-10465.9365234375,-39518.80078125,-9494.8203125,19061.701171875,-4715.525390625
3799.186185697,13679.1337890625,20514.185546875,-42084.06640625,-10515.5126953125,-39557.671875,-9549.6708984375,19014.29296875,-4751.623046875
3799.186509162,13629.2666015625,20484.279296875,-41775.9921875,-10483.68359375,-39557.73828125,-9445.869140625,19052.26953125,-4775.94189453125
3799.186762244,13663.8671875,20519.83984375,-41684.52734375,-10431.2685546875,-39527.0703125,-9374.791015625,19100.1015625,-4755.0205078125
3799.187029914,13719.7021484375,20559.603515625,-41803.9765625,-10417.7236328125,-39507.08984375,-9393.6787109375,19107.90234375,-4719.01220703125
3799.187226837,13754.771484375,20572.009765625,-42070.453125,-10462.740234375,-39518.66796875,-9492.2275390625,19072.36328125,-4707.56787109375
3799.187423031,13694.154296875,20522.076171875,-42077.5625,-10509.9462890625,-39552.75390625,-9540.9765625,19033.001953125,-4742.19091796875
3799.187622871,13641.4931640625,20493.287109375,-41765.0625,-10466.0029296875,-39541.80078125,-9431.474609375,19069.369140625,-4760.74267578125
3799.187820159,13659.3525390625,20515.861328125,-41682.44921875,-10433.0341796875,-39524.07421875,-9368.443359375,19108.21484375,-4731.55126953125
3799.188016718,13707.140625,20549.9921875,-41810.8828125,-10435.7392578125,-39515.515625,-9398.1484375,19105.064453125,-4709.1328125
3799.188211453,13751.75390625,20585.732421875,-42064.015625,-10452.2119140625,-39510.30859375,-9487.845703125,19071.044921875,-4700.21435546875
3799.188407282,13684.095703125,20519.080078125,-42085.875,-10515.5791015625,-39556.3515625,-9543.546875,19019.859375,-4747.93505859375
3799.188602746,13629.1552734375,20475.62890625,-41787.390625,-10492.6015625,-39563.03515625,-9446.65234375,19049.564453125,-4776.4111328125
3799.188907977,13667.9794921875,20517.873046875,-41692.9765625,-10435.4033203125,-39528.63671875,-9378.166015625,19095.54296875,-4754.8193359375
3799.189202268,13708.615234375,20558.240234375,-41821.0078125,-10432.85546875,-39518.9140625,-9406.0166015625,19094.984375,-4737.4970703125
3799.189464467,13742.478515625,20579.05078125,-42084.24609375,-10469.69140625,-39520.23046875,-9495.7587890625,19063.958984375,-4713.2900390625
3799.189763134,13683.603515625,20517.470703125,-42098.03515625,-10520.4970703125,-39557.87109375,-9547.2568359375,19021.423828125,-4747.287109375
3799.189958598,13626.8525390625,20473.03515625,-41793.78515625,-10491.685546875,-39557.6015625,-9443.2548828125,19049.765625,-4779.853515625
3799.190153698,13665.9013671875,20510.251953125,-41700.01953125,-10441.05859375,-39528.0546875,-9375.484375,19094.849609375,-4757.61328125
3799.190348433,13709.2412109375,20547.130859375,-41824.3828125,-10436.2080078125,-39517.078125,-9400.16015625,19097.77734375,-4730.61279296875
3799.190543533,13746.5244140625,20573.328125,-42079.125,-10465.0869140625,-39517.1015625,-9488.4716796875,19070.0390625,-4709.04296875
3799.190742644,13683.24609375,20519.125,-42088.53515625,-10508.60546875,-39550.203125,-9540.037109375,19023.8828125,-4748.76220703125
3799.190938473,13620.9072265625,20473.19140625,-41787.32421875,-10488.3994140625,-39560.375,-9447.3671875,19045.697265625,-4793.75634765625
3799.191133573,13657.787109375,20506.71875,-41694.140625,-10444.6123046875,-39536.19140625,-9382.2568359375,19086.736328125,-4777.439453125
3799.191328673,13709.666015625,20556.630859375,-41809.67578125,-10425.814453125,-39515.1796875,-9401.9482421875,19093.28515625,-4738.8828125
3799.638254065,13743.7080078125,20578.22265625,-42069.55859375,-10460.19140625,-39517.03515625,-9494.88671875,19056.716796875,-4710.42919921875
3799.638455728,13676.943359375,20518.07421875,-42086.97265625,-10508.29296875,-39551.90234375,-9546.072265625,19005.375,-4746.482421875
3799.63864864,13628.2607421875,20484.099609375,-41777.17578125,-10470.4736328125,-39548.4375,-9440.7734375,19044.15625,-4766.71044921875
3799.638840093,13653.138671875,20511.705078125,-41686.78515625,-10432.4306640625,-39527.80859375,-9374.298828125,19098.203125,-4746.8173828125
3799.639030088,13699.5634765625,20548.31640625,-41808.625,-10429.5478515625,-39513.14453125,-9398.505859375,19101.197265625,-4725.6279296875
3799.639287911,13742.1650390625,20571.607421875,-42070.7421875,-10462.8291015625,-39519.13671875,-9498.5751953125,19057.833984375,-4715.123046875
3799.639477905,13687.2021484375,20527.841796875,-42083.21484375,-10499.8212890625,-39548.9765625,-9548.486328125,19010.404296875,-4746.77294921875
3799.639669358,13622.8291015625,20490.3359375,-41779.79296875,-10474.1396484375,-39552.93359375,-9446.4951171875,19042.6796875,-4783.13916015625
3799.639861905,13645.9189453125,20515.615234375,-41686.2265625,-10437.3486328125,-39530.2890625,-9377.31640625,19093.77734375,-4756.98779296875
3799.640053358,13698.1767578125,20553.30078125,-41803.55078125,-10427.8486328125,-39511.26953125,-9396.025390625,19100.2578125,-4723.2587890625
3799.640395421,13743.1484375,20572.544921875,-42064.484375,-10462.6279296875,-39514.8671875,-9488.8076171875,19068.138671875,-4700.7060546875
3799.640698099,13674.5517578125,20501.802734375,-42095.12890625,-10525.4365234375,-39560.80078125,-9548.3974609375,19015.701171875,-4742.61572265625
3799.640954829,13613.1962890625,20461.7265625,-41791.99609375,-10498.32421875,-39561.3125,-9446.31640625,19044.4453125,-4773.52783203125
3799.641229062,13647.103515625,20499.142578125,-41694.85546875,-10443.2265625,-39530.66796875,-9376.7353515625,19083.2265625,-4758.6416015625
3799.641455524,13696.791015625,20541.5,-41813.54296875,-10427.3125,-39513.1015625,-9398.953125,19086.556640625,-4732.1103515625
3799.641770966,13739.818359375,20569.3046875,-42072.265625,-10462.359375,-39513.2578125,-9484.3818359375,19069.0546875,-4702.38232421875
3799.642041917,13679.2451171875,20512.375,-42097.90234375,-10516.205078125,-39552.171875,-9539.724609375,19025.3359375,-4738.94970703125
3799.642425553,13626.830078125,20489.12890625,-41786.6328125,-10473.2001953125,-39548.55078125,-9439.052734375,19059.935546875,-4771.6953125
3799.642850761,13656.3125,20518.5,-41688.8203125,-10425.30078125,-39517.68359375,-9367.6162109375,19107.298828125,-4752.271484375
3799.643040026,13699.9873046875,20556.5859375,-41806.234375,-10421.1435546875,-39502.73046875,-9386.5927734375,19112.841796875,-4714.20654296875
3799.643371148,13734.87890625,20575.853515625,-42066.85546875,-10456.861328125,-39508.453125,-9480.0009765625,19075.828125,-4700.37060546875
3799.643563331,13673.6572265625,20515.32421875,-42094.21484375,-10511.578125,-39550.5390625,-9544.4853515625,19016.73046875,-4744.8505859375
3799.643755513,13622.13671875,20487.18359375,-41782.20703125,-10468.685546875,-39548.9765625,-9447.8369140625,19041.47265625,-4771.98583984375
3799.643946601,13657.0947265625,20521.13671875,-41679.9453125,-10419.01953125,-39524.0078125,-9379.1044921875,19084.5234375,-4760.8544921875
3799.644172698,13708.0791015625,20555.37890625,-41801.203125,-10421.880859375,-39518.0859375,-9404.3623046875,19088.748046875,-4732.04296875
3799.644363787,13743.39453125,20576.48046875,-42061.08984375,-10455.341796875,-39521.70703125,-9497.2783203125,19054.34765625,-4711.34521484375
3799.64455524,13681.7041015625,20520.30859375,-42086.90625,-10508.650390625,-39560.44140625,-9553.1806640625,19005.263671875,-4750.72900390625
3799.644746693,13620.326171875,20477.439453125,-41782.765625,-10483.52734375,-39564.421875,-9455.5478515625,19032.7109375,-4790.671875
3799.644938146,13650.12109375,20509.24609375,-41678.91796875,-10428.6533203125,-39532.50390625,-9381.8544921875,19083.181640625,-4765.19091796875
3799.645229154,13708.146484375,20553.994140625,-41788.5078125,-10418.3935546875,-39515.44921875,-9396.3603515625,19098.0234375,-4725.22607421875
3799.645484425,13746.4794921875,20574.244140625,-42050.6953125,-10459.9013671875,-39522.84765625,-9488.5166015625,19067.9609375,-4697.666015625
3799.645858943,13687.6044921875,20525.00390625,-42077.5625,-10504.42578125,-39557.69140625,-9546.4072265625,19019.234375,-4728.98095703125
3799.646199912,13626.1826171875,20491.341796875,-41768.390625,-10459.029296875,-39543.6328125,-9440.8623046875,19046.681640625,-4763.58154296875
3799.646390636,13655.26171875,20518.96875,-41667.5625,-10415.0185546875,-39515.6953125,-9366.095703125,19101.376953125,-4742.0791015625
3799.646582454,13703.6982421875,20548.607421875,-41790.1171875,-10418.3720703125,-39508.296875,-9389.7666015625,19104.55078125,-4716.97802734375
3799.646773542,13738.5439453125,20563.359375,-42053.82421875,-10456.212890625,-39513.68359375,-9482.8837890625,19068.048828125,-4704.4609375
3799.646964266,13683.939453125,20509.580078125,-42085.18359375,-10508.650390625,-39554.02734375,-9540.685546875,19016.23828125,-4744.98486328125
3799.647239229,13627.9033203125,20474.51171875,-41784.12890625,-10478.765625,-39557.42578125,-9448.5517578125,19044.3125,-4780.97119140625
3799.647612653,13658.994140625,20504.57421875,-41686.31640625,-10428.7431640625,-39519.60546875,-9369.4931640625,19101.443359375,-4746.19189453125
3799.647975502,13709.62109375,20543.689453125,-41807.9765625,-10424.2724609375,-39505.7265625,-9391.2861328125,19113.6015625,-4708.19384765625
3799.64821181,13740.5341796875,20566.734375,-42074.453125,-10460.4375,-39513.01171875,-9486.3037109375,19076.6328125,-4692.2568359375
3799.648402534,13682.9775390625,20516.197265625,-42104.16015625,-10508.5830078125,-39552.6875,-9548.3076171875,19022.02734375,-4736.55810546875
3799.648593257,13623.25390625,20474.712890625,-41799.52734375,-10482.6552734375,-39560.62109375,-9455.0556640625,19047.173828125,-4775.18212890625
3799.648784346,13655.26171875,20508.26171875,-41692.55078125,-10433.9951171875,-39532.390625,-9378.724609375,19101.376953125,-4747.77880859375
3799.648975069,13705.44140625,20547.958984375,-41807.796875,-10430.59765625,-39518.421875,-9399.35546875,19103.208984375,-4722.76708984375
3799.649227423,13745.607421875,20572.0546875,-42062.921875,-10461.533203125,-39515.9609375,-9487.2421875,19071.783203125,-4704.61767578125
3799.649511138,13685.2802734375,20522.052734375,-42092.89453125,-10506.884765625,-39553.35546875,-9548.083984375,19018.294921875,-4745.87890625
3799.64970405,13631.4794921875,20487.98828125,-41782.3828125,-10470.5185546875,-39554.80859375,-9452.75390625,19041.4296875,-4772.701171875
3799.649925406,13667.8232421875,20523.103515625,-41674.9609375,-10424.048828125,-39525.1484375,-9374.8134765625,19095.408203125,-4741.36376953125
3799.650146397,13711.4990234375,20564.25390625,-41789.359375,-10417.7900390625,-39509.4140625,-9391.2421875,19099.87890625,-4722.61083984375
3799.650338215,13741.115234375,20576.724609375,-42053.890625,-10458.3583984375,-39518.109375,-9486.9072265625,19064.830078125,-4708.88671875
3799.650529303,13677.5693359375,20521.29296875,-42088.04296875,-10507.689453125,-39558.98828125,-9551.5263671875,19014.361328125,-4740.8720703125
3799.650720027,13621.443359375,20486.333984375,-41781.9140625,-10477.5810546875,-39562.85546875,-9455.7265625,19040.625,-4778.4453125
3799.650910751,13650.5009765625,20511.234375,-41676.86328125,-10431.7158203125,-39535.36328125,-9381.7197265625,19087.18359375,-4757.099609375
3799.651137577,13699.5849609375,20544.91796875,-41791.546875,-10427.7373046875,-39519.47265625,-9397.0537109375,19090.22265625,-4730.4560546875
3799.651438067,13732.77734375,20569.1484375,-42047.25390625,-10455.85546875,-39518.9140625,-9486.326171875,19060.271484375,-4716.7099609375
3799.651804563,13679.3349609375,20523.505859375,-42079.03515625,-10506.7724609375,-39554.5859375,-9543.0771484375,19024.375,-4742.61572265625
3799.652124381,13621.6005859375,20480.947265625,-41772.23828125,-10472.1943359375,-39551.43359375,-9440.28125,19058.68359375,-4767.15771484375
3799.652346101,13657.1845703125,20513.9609375,-41661.953125,-10417.90234375,-39515.13671875,-9356.328125,19115.30078125,-4733.33935546875
3799.652536096,13699.00390625,20540.046875,-41786.921875,-10423.646484375,-39506.953125,-9381.697265625,19110.919921875,-4712.10546875
3799.652766569,13735.9296875,20561.927734375,-42047.6328125,-10452.1005859375,-39506.171875,-9471.931640625,19074.375,-4698.18017578125
3799.652987195,13679.2451171875,20506.40625,-42096.13671875,-10514.685546875,-39558.140625,-9545.2451171875,19020.26171875,-4740.35791015625
3799.653298261,13616.2802734375,20460.853515625,-41805.2265625,-10501.05078125,-39576.82421875,-9462.0078125,19045.005859375,-4776.4111328125
3799.653665486,13645.8291015625,20504.171875,-41693.51171875,-10435.4482421875,-39532.2109375,-9377.96484375,19101.779296875,-4744.224609375
3799.653970717,13689.68359375,20532.669921875,-41814.94921875,-10436.56640625,-39518.15234375,-9395.734375,19111.591796875,-4705.3330078125
3799.654207754,13732.21875,20555.3125,-42076.51171875,-10474.720703125,-39525.52734375,-9492.361328125,19075.044921875,-4709.78076171875
3799.654399572,13679.357421875,20515.302734375,-42106.57421875,-10513.0986328125,-39554.18359375,-9549.58203125,19022.876953125,-4750.4384765625
3799.654590295,13614.8720703125,20475.31640625,-41801.31640625,-10486.611328125,-39558.140625,-9454.1396484375,19042.14453125,-4778.91455078125
3799.654781749,13642.8115234375,20502.986328125,-41693.71484375,-10441.6845703125,-39535.16015625,-9382.279296875,19083.091796875,-4758.0380859375
3799.654972472,13688.3203125,20534.345703125,-41808.15625,-10442.1982421875,-39523.26953125,-9398.8857421875,19090.603515625,-4720.93408203125
3799.655301042,13743.6181640625,20578.3125,-42047.41015625,-10451.5419921875,-39506.57421875,-9469.71875,19076.140625,-4691.2734375
3799.655706558,13684.498046875,20533.18359375,-42083.28515625,-10500.15625,-39542.58203125,-9528.2353515625,19023.48046875,-4741.38623046875
3799.656038045,13624.7744140625,20493.53125,-41780.6640625,-10471.30078125,-39549.265625,-9442.5390625,19044.53515625,-4780.61328125
3799.65624372,13656.9609375,20526.859375,-41670.4921875,-10422.193359375,-39524.03125,-9371.9970703125,19094.22265625,-4758.6640625
3799.656434809,13702.111328125,20558.017578125,-41785.51171875,-10417.7236328125,-39508.7421875,-9392.2255859375,19102.78515625,-4726.8349609375
3799.656625897,13738.4326171875,20574.310546875,-42046.89453125,-10452.837890625,-39511.53515625,-9483.197265625,19066.015625,-4710.94287109375
3799.656818079,13686.4873046875,20526.12109375,-42087.796875,-10499.888671875,-39545.734375,-9543.6806640625,19014.986328125,-4737.4296875
3799.657009897,13627.970703125,20487.966796875,-41783.5234375,-10469.7138671875,-39546.47265625,-9446.0703125,19047.6640625,-4755.75830078125
3799.657434376,13654.658203125,20523.3046875,-41669.171875,-10417.25390625,-39512.4296875,-9365.6494140625,19103.72265625,-4726.25390625
3799.657838798,13697.5068359375,20558.708984375,-41784.484375,-10416.6279296875,-39501.3671875,-9386.97265625,19109.064453125,-4702.60595703125
3799.658086045,13740.3994140625,20574.802734375,-42043.765625,-10451.720703125,-39503.6015625,-9474.6142578125,19080.431640625,-4686.2890625
3799.658291721,13677.7919921875,20509.201171875,-42095.46484375,-10511.0869140625,-39544.83984375,-9538.6962890625,19028.21875,-4726.857421875
3799.658497396,13615.005859375,20465.16796875,-41794.90234375,-10487.572265625,-39553.4453125,-9444.86328125,19063.826171875,-4753.41162109375
3799.65869286,13648.3779296875,20500.037109375,-41680.5703125,-10435.1796875,-39522.95703125,-9364.330078125,19115.546875,-4733.6748046875
3799.658888689,13704.390625,20553.390625,-41783.81640625,-10413.1416015625,-39495.109375,-9375.0146484375,19119.837890625,-4702.58349609375
3799.65912755,13745.3837890625,20570.84765625,-42046.87109375,-10454.2236328125,-39506.328125,-9473.630859375,19083.44921875,-4687.36181640625
3799.659438251,13691.203125,20518.6328125,-42092.55859375,-10506.19140625,-39541.375,-9531.9912109375,19031.416015625,-4725.494140625
3799.659746764,13630.6748046875,20483.2734375,-41788.0625,-10471.166015625,-39542.73828125,-9439.72265625,19058.1484375,-4765.74951171875
3799.659957544,13657.2734375,20510.966796875,-41683.2109375,-10431.537109375,-39526.9140625,-9376.35546875,19096.123046875,-4761.9052734375
3799.660155926,13706.0673828125,20554.642578125,-41793.3359375,-10423.2216796875,-39509.97265625,-9394.0810546875,19100.99609375,-4734.94873046875
3799.660352485,13750.189453125,20585.6875,-42047.96875,-10450.9609375,-39509.14453125,-9483.7783203125,19070.822265625,-4702.42724609375
3799.660548678,13697.1044921875,20536.201171875,-42095.21875,-10507.3759765625,-39552.015625,-9550.609375,19020.171875,-4738.9052734375
3799.660744872,13638.9453125,20497.779296875,-41789.91796875,-10479.3251953125,-39555.63671875,-9455.16796875,19045.4296875,-4777.37255859375
3799.660941795,13675.7802734375,20543.80078125,-41659.13671875,-10407.0390625,-39505.5,-9361.849609375,19103.0078125,-4738.79345703125
3799.661171904,13720.953125,20575.115234375,-41768.75,-10403.10546875,-39491.7109375,-9377.3837890625,19113.2890625,-4710.0712890625
3799.661468382,13758.28125,20595.544921875,-42031.26953125,-10442.779296875,-39499.6015625,-9471.0380859375,19080.07421875,-4694.8720703125
3799.661708701,13699.3623046875,20532.78125,-42084.4921875,-10501.3193359375,-39544.34765625,-9539.8359375,19025.828125,-4728.55615234375
3799.661903801,13628.08203125,20476.6796875,-41789.91796875,-10489.427734375,-39561.08984375,-9453.8046875,19046.658203125,-4764.251953125
3799.662100724,13658.837890625,20520.95703125,-41667.13671875,-10425.2109375,-39521.86328125,-9368.689453125,19098.314453125,-4746.03515625
3799.662295824,13706.7822265625,20552.115234375,-41780.75390625,-10420.0478515625,-39505.16796875,-9383.10546875,19106.5625,-4713.96044921875
3799.662492747,13747.7529296875,20570.48828125,-42041.6640625,-10453.4189453125,-39507.8046875,-9475.396484375,19073.146484375,-4696.81689453125
3799.662689306,13687.783203125,20518.09765625,-42094.6171875,-10507.2421875,-39544.3046875,-9540.4169921875,19027.615234375,-4726.298828125
3799.66288477,13626.2041015625,20479.31640625,-41792.75390625,-10477.357421875,-39545.2890625,-9442.9189453125,19061.412109375,-4756.09375
3799.663118525,13650.1875,20509.357421875,-41679.69921875,-10429.0107421875,-39516.4296875,-9363.4140625,19110.541015625,-4746.14697265625
3799.663429591,13692.544921875,20538.212890625,-41796.0859375,-10431.89453125,-39507.9140625,-9381.0048828125,19112.037109375,-4707.92578125
3799.663682673,13733.1357421875,20554.619140625,-42059.1875,-10473.6025390625,-39515.625,-9471.5966796875,19077.19140625,-4691.43017578125
3799.663878867,13683.1572265625,20509.693359375,-42108.13671875,-10521.5693359375,-39548.05859375,-9535.2763671875,19031.416015625,-4728.4892578125
3799.664076884,13628.484375,20473.326171875,-41801.5859375,-10486.6787109375,-39545.95703125,-9438.8955078125,19061.25390625,-4759.33447265625
3799.664272349,13656.0888671875,20513.89453125,-41679.72265625,-10428.4072265625,-39514.80078125,-9362.4970703125,19110.5859375,-4741.4306640625
3799.664467448,13701.619140625,20547.310546875,-41791.4375,-10421.76953125,-39499.2890625,-9380.9375,19110.517578125,-4716.3076171875
3799.664664371,13742.544921875,20572.90234375,-42048.1015625,-10451.1396484375,-39499.15234375,-9469.361328125,19078.0859375,-4696.03466796875
3799.664860565,13688.521484375,20516.912109375,-42106.125,-10513.9921875,-39545.62109375,-9538.5849609375,19038.009765625,-4731.685546875
3799.665080827,13628.1044921875,20474.0859375,-41805.40625,-10490.478515625,-39552.28515625,-9443.947265625,19063.826171875,-4769.16943359375
3799.665407574,13655.3740234375,20512.53125,-41684.125,-10432.69921875,-39522.19921875,-9368.7783203125,19103.8125,-4746.57177734375
3799.665760212,13700.14453125,20543.421875,-41797.96484375,-10434.3974609375,-39512.4296875,-9390.5712890625,19098.537109375,-4721.35888671875
3799.666026423,13743.5068359375,20575.5859375,-42048.9296875,-10457.30859375,-39509.97265625,-9478.7939453125,19064.517578125,-4703.5224609375
3799.66623611,13686.95703125,20526.791015625,-42105.79296875,-10511.623046875,-39551.8359375,-9548.7998046875,19009.443359375,-4736.73681640625
3799.666431939,13619.677734375,20481.9765625,-41807.6640625,-10490.6123046875,-39557.15625,-9455.8388671875,19037.427734375,-4766.4873046875
3799.666629226,13650.4560546875,20515.75,-41683.8359375,-10433.8388671875,-39520.54296875,-9371.5498046875,19090.46875,-4750.32666015625
3799.666825785,13699.96484375,20558.330078125,-41785.15625,-10417.0751953125,-39499.69140625,-9382.63671875,19100.28125,-4721.515625
3800.11831177,13737.6953125,20575.517578125,-42045.3515625,-10453.1064453125,-39507.15625,-9476.4912109375,19069.859375,-4706.96435546875
3800.11852328,13688.1640625,20525.740234375,-42102.73046875,-10504.3359375,-39546.0703125,-9540.841796875,19021.24609375,-4739.95556640625
3800.118716192,13629.4677734375,20475.29296875,-41803.23828125,-10485.4716796875,-39550.203125,-9442.94140625,19045.8984375,-4773.95263671875
3800.11890728,13658.6591796875,20502.986328125,-41681.17578125,-10435.4931640625,-39515.5390625,-9360.888671875,19102.248046875,-4745.78955078125
3800.119098004,13696.0986328125,20535.552734375,-41792.30859375,-10431.5810546875,-39503.109375,-9382.501953125,19108.55078125,-4715.94970703125
3800.11931936,13740.7568359375,20568.72265625,-42041.84375,-10449.552734375,-39498.484375,-9468.2216796875,19081.3046875,-4687.3173828125
3800.119758791,13691.5390625,20522.388671875,-42101.5234375,-10501.900390625,-39538.24609375,-9537.556640625,19028.083984375,-4722.677734375
3800.120169047,13626.5849609375,20486.78125,-41797.828125,-10475.9052734375,-39543.27734375,-9443.0751953125,19062.3046875,-4757.92626953125
3800.120489594,13651.6630859375,20514.990234375,-41673.62109375,-10425.6357421875,-39512.18359375,-9358.0498046875,19120.642578125,-4730.54541015625
3800.1206836,13705.642578125,20552.787109375,-41778.4296875,-10418.259765625,-39496.08984375,-9375.0146484375,19128.578125,-4701.6669921875
3800.120875782,13744.154296875,20579.1171875,-42032.5,-10446.2216796875,-39497.69921875,-9463.6396484375,19095.140625,-4683.78564453125
3800.121068329,13685.9951171875,20521.271484375,-42097.09765625,-10506.52734375,-39543.1875,-9540.484375,19029.404296875,-4733.6298828125
3800.121277651,13628.328125,20474.66796875,-41798.453125,-10490.7021484375,-39552.73046875,-9450.9658203125,19049.23046875,-4770.287109375
3800.121469834,13656.9384765625,20508.57421875,-41673.015625,-10435.962890625,-39521.50390625,-9369.5380859375,19096.794921875,-4751.869140625
3800.121660922,13704.2568359375,20555.201171875,-41771.296875,-10412.2470703125,-39494.32421875,-9378.3896484375,19104.55078125,-4722.0517578125
3800.12185201,13745.80859375,20579.85546875,-42029.9296875,-10448.14453125,-39501.2109375,-9471.126953125,19076.185546875,-4690.87109375
3800.122043099,13694.82421875,20525.13671875,-42096.13671875,-10507.48828125,-39545.17578125,-9544.9775390625,19020.708984375,-4726.25390625
3800.122238198,13631.7705078125,20477.6171875,-41801.359375,-10488.0869140625,-39556.6875,-9460.2421875,19037.29296875,-4772.8125
3800.122679087,13653.49609375,20507.033203125,-41679.453125,-10437.83984375,-39525.39453125,-9375.9306640625,19091.853515625,-4754.37255859375
3800.123106119,13697.796875,20541.767578125,-41790.02734375,-10436.07421875,-39516.67578125,-9390.951171875,19097.330078125,-4728.42236328125
3800.123580193,13739.416015625,20568.58984375,-42048.6171875,-10464.662109375,-39514.5546875,-9474.30078125,19062.373046875,-4712.3291015625
3800.12386792,13683.4921875,20522.8359375,-42109.43359375,-10503.0625,-39544.16796875,-9543.658203125,19009.623046875,-4749.79052734375
3800.124060831,13619.1640625,20475.962890625,-41809.0703125,-10481.6494140625,-39551.90234375,-9452.5751953125,19042.994140625,-4773.97509765625
3800.12427927,13651.23828125,20507.322265625,-41677.44140625,-10431.2685546875,-39514.53125,-9360.708984375,19107.568359375,-4733.58544921875
3800.124486404,13696.0537109375,20546.259765625,-41782.96484375,-10424.65234375,-39499.0859375,-9376.3779296875,19111.478515625,-4714.56396484375
3800.124678586,13742.8134765625,20589.443359375,-42027.62890625,-10430.732421875,-39492.046875,-9461.3369140625,19085.953125,-4693.642578125
3800.124868581,13691.7626953125,20532.06640625,-42097.1171875,-10492.2890625,-39534.91796875,-9532.5947265625,19036.779296875,-4723.19189453125
3800.125060034,13624.4609375,20482.646484375,-41800.15234375,-10471.5908203125,-39541.890625,-9441.98046875,19060.16015625,-4754.037109375
3800.125287589,13651.931640625,20515.5703125,-41676.34765625,-10427.9609375,-39517.34765625,-9364.1962890625,19107.5,-4747.6669921875
3800.125690552,13699.294921875,20546.37109375,-41784.70703125,-10431.0224609375,-39509.390625,-9384.2236328125,19109.7578125,-4724.3095703125
3800.126073458,13737.962890625,20563.73828125,-42048.390625,-10475.927734375,-39524.2109375,-9484.11328125,19074.888671875,-4702.9189453125
3800.126469128,13690.64453125,20529.4296875,-42108.96484375,-10510.3935546875,-39549.80078125,-9550.609375,19020.6640625,-4738.5029296875
3800.126663498,13622.806640625,20490.134765625,-41805.40625,-10481.0009765625,-39555.2578125,-9460.15234375,19044.333984375,-4771.91845703125
3800.126854587,13650.634765625,20513.55859375,-41678.71484375,-10437.7724609375,-39525.328125,-9371.9970703125,19095.341796875,-4748.71728515625
3800.127045675,13701.6416015625,20550.373046875,-41777.9140625,-10421.8583984375,-39499.421875,-9378.6357421875,19106.29296875,-4718.1181640625
3800.127239681,13747.9541015625,20576.078125,-42028.07421875,-10448.30078125,-39500.09375,-9464.734375,19076.744140625,-4696.74951171875
3800.127431499,13691.29296875,20519.7734375,-42100.984375,-10512.4052734375,-39546.875,-9547.6591796875,19013.310546875,-4741.98974609375
3800.127622587,13625.220703125,20478.623046875,-41800.578125,-10484.5546875,-39548.26171875,-9457.4921875,19036.48828125,-4774.93603515625
3800.127813311,13655.4404296875,20516.509765625,-41668.1015625,-10424.7197265625,-39511.984375,-9372.5556640625,19088.92578125,-4752.51708984375
3800.128005128,13704.9716796875,20550.060546875,-41776.8203125,-10422.9755859375,-39504.40625,-9392.962890625,19089.640625,-4731.21630859375
3800.128197311,13740.0869140625,20566.265625,-42041.375,-10468.595703125,-39517.86328125,-9488.5615234375,19057.90234375,-4714.4970703125
3800.1285649,13688.7890625,20522.208984375,-42109.34375,-10522.1064453125,-39554.2265625,-9557.0693359375,19015.65625,-4737.4296875
3800.128986097,13631.61328125,20488.01171875,-41803.10546875,-10484.1083984375,-39555.01171875,-9462.0966796875,19040.064453125,-4765.97314453125
3800.129365356,13654.658203125,20512.21875,-41678.42578125,-10439.4716796875,-39530.73828125,-9381.8544921875,19092.234375,-4745.6552734375
3800.129557539,13697.73046875,20543.443359375,-41786.23046875,-10433.9951171875,-39515.671875,-9395.623046875,19098.380859375,-4717.58154296875
3800.129748627,13732.4873046875,20558.150390625,-42045.57421875,-10466.1376953125,-39520.92578125,-9487.3994140625,19069.501953125,-4699.677734375
3800.12994008,13678.8876953125,20504.8203125,-42119.875,-10526.2412109375,-39558.921875,-9559.6171875,19013.7578125,-4736.71484375
3800.130131169,13610.46875,20456.0703125,-41821.72265625,-10504.3583984375,-39565.1796875,-9472.9375,19027.212890625,-4778.75830078125
3800.130372946,13633.423828125,20491.431640625,-41687.94921875,-10447.4287109375,-39535.69921875,-9390.5712890625,19074.375,-4757.61328125
3800.130564399,13685.81640625,20536.6484375,-41783.546875,-10431.4697265625,-39512.56640625,-9395.1533203125,19088.412109375,-4718.20751953125
3800.130756217,13735.2587890625,20561.861328125,-42034.7578125,-10461.3759765625,-39510.41796875,-9477.0947265625,19061.970703125,-4691.40771484375
3800.130946211,13683.3134765625,20506.98828125,-42113.0546875,-10521.32421875,-39552.953125,-9555.5498046875,19005.53125,-4741.4306640625
3800.13113657,13614.4248046875,20468.140625,-41813.8125,-10489.4951171875,-39558.5859375,-9470.009765625,19027.16796875,-4783.4072265625
3800.131458576,13642.0068359375,20495.857421875,-41682.40625,-10435.8955078125,-39525.796875,-9383.75390625,19081.818359375,-4757.97119140625
3800.131845494,13684.5869140625,20521.875,-41793.671875,-10441.169921875,-39521.70703125,-9406.44140625,19082.623046875,-4734.18896484375
3800.132251739,13723.3671875,20540.671875,-42052.796875,-10485.6953125,-39531.4296875,-9496.8310546875,19052.0234375,-4709.19970703125
3800.132554417,13679.55859375,20511.123046875,-42113.7265625,-10513.8359375,-39550.4296875,-9559.3046875,19008.83984375,-4731.14892578125
3800.132747329,13613.3076171875,20460.96484375,-41820.71875,-10493.16015625,-39561.94140625,-9474.30078125,19028.353515625,-4775.33837890625
