#3779.978096679,14076.6591796875,20948.837890625,-41366.23828125,-10111.5712890625,-39546.6953125,-9042.263671875,19446.107421875,-4572.138671875
3779.978375654,14106.4091796875,20992.177734375,-41287.875,-10062.5322265625,-39508.85546875,-8965.552734375,19499.125,-4545.1376953125
3779.978673226,14151.0458984375,21046.849609375,-41419.34765625,-10050.529296875,-39484.1796875,-8983.412109375,19501.62890625,-4529.0
3779.978870514,14189.111328125,21050.73828125,-41687.14453125,-10097.333984375,-39498.640625,-9090.677734375,19461.08203125,-4503.138671875
3779.979066708,14125.251953125,20980.15234375,-41686.83203125,-10156.38671875,-39546.828125,-9150.15625,19407.482421875,-4554.10107421875
3779.979262172,14071.048828125,20939.5390625,-41386.51171875,-10123.0830078125,-39548.59375,-9044.7001953125,19434.484375,-4590.08740234375
3779.979492281,14108.6220703125,20991.70703125,-41298.9609375,-10059.4248046875,-39511.0,-8971.095703125,19482.47265625,-4565.1201171875
3779.979689568,14155.1806640625,21030.845703125,-41432.22265625,-10059.6259765625,-39502.9765625,-9002.701171875,19480.662109375,-4534.63232421875
3779.979886127,14196.77734375,21048.97265625,-41692.46484375,-10098.00390625,-39509.43359375,-9100.736328125,19449.169921875,-4513.4208984375
3779.980081956,14135.7353515625,20996.982421875,-41682.76171875,-10141.9033203125,-39539.9453125,-9144.7919921875,19404.0859375,-4549.943359375
3779.980277785,14080.7275390625,20964.685546875,-41373.7734375,-10105.8046875,-39535.921875,-9034.552734375,19439.826171875,-4574.66455078125
3779.980492942,14111.4833984375,20994.076171875,-41292.703125,-10065.728515625,-39509.9921875,-8965.9326171875,19485.53515625,-4557.69970703125
3780.432557662,14162.5791015625,21034.82421875,-41417.71484375,-10056.5419921875,-39493.609375,-8996.0185546875,19497.091796875,-4529.11181640625
3780.432999281,14203.326171875,21075.52734375,-41667.20703125,-10071.919921875,-39483.640625,-9082.005859375,19470.828125,-4510.626953125
3780.433333321,14130.6162109375,21006.75,-41673.41796875,-10125.7646484375,-39528.703125,-9140.90234375,19403.951171875,-4558.5712890625
3780.433769469,14071.048828125,20965.310546875,-41375.91796875,-10103.123046875,-39535.23046875,-9041.9736328125,19427.33203125,-4597.64208984375
3780.434068136,14107.2138671875,21008.001953125,-41291.359375,-10052.5185546875,-39502.015625,-8969.9560546875,19481.69140625,-4570.7529296875
3780.434261777,14163.697265625,21042.69140625,-41421.9609375,-10054.8427734375,-39490.2578125,-8993.9169921875,19486.451171875,-4537.9853515625
3780.434453594,14200.0185546875,21057.82421875,-41682.5625,-10092.013671875,-39493.5,-9091.1025390625,19449.90625,-4511.25244140625
3780.434644683,14130.326171875,20990.3671875,-41691.27734375,-10147.5126953125,-39539.1640625,-9148.14453125,19401.60546875,-4549.943359375
3780.435077549,14066.220703125,20949.6640625,-41394.9609375,-10117.5615234375,-39545.77734375,-9049.4833984375,19430.23828125,-4585.728515625
3780.435394449,14101.5146484375,20991.126953125,-41308.796875,-10065.9736328125,-39513.83984375,-8978.13671875,19477.443359375,-4558.03466796875
3780.435586632,14159.7626953125,21034.0859375,-41432.46875,-10054.75390625,-39494.21484375,-8998.3427734375,19486.83203125,-4531.1455078125
3780.435813458,14207.3056640625,21062.541015625,-41688.37109375,-10080.681640625,-39492.55859375,-9088.2861328125,19451.248046875,-4519.3662109375
3780.436004546,14140.138671875,21002.794921875,-41693.625,-10133.677734375,-39534.1796875,-9143.5849609375,19413.138671875,-4548.8037109375
3780.436195999,14078.5595703125,20962.830078125,-41392.859375,-10104.4638671875,-39534.08984375,-9041.548828125,19451.248046875,-4566.70703125
3780.436387088,14105.9404296875,20994.814453125,-41315.8828125,-10066.5771484375,-39511.4921875,-8973.287109375,19487.45703125,-4550.189453125
3780.436577811,14157.505859375,21040.658203125,-41445.96875,-10067.8291015625,-39499.9140625,-9001.3154296875,19491.59375,-4524.70849609375
3780.436820683,14192.1279296875,21061.958984375,-41709.8515625,-10105.15625,-39510.9765625,-9106.369140625,19450.689453125,-4520.84130859375
3780.437234586,14136.31640625,20998.525390625,-41710.6796875,-10144.048828125,-39541.84375,-9151.1171875,19400.80078125,-4561.365234375
3780.437594153,14075.6533203125,20959.677734375,-41406.16015625,-10113.2255859375,-39542.0703125,-9052.6572265625,19434.4609375,-4592.5458984375
3780.437844319,14104.017578125,20995.171875,-41315.0546875,-10068.74609375,-39514.12890625,-8981.5341796875,19476.884765625,-4566.7294921875
3780.438064216,14151.5380859375,21028.38671875,-41436.8046875,-10068.9248046875,-39500.5625,-9002.9248046875,19477.82421875,-4541.44970703125
3780.438254575,14195.4814453125,21057.533203125,-41687.27734375,-10091.1201171875,-39500.60546875,-9093.7626953125,19445.2578125,-4526.49658203125
3780.438458792,14141.3671875,21002.34765625,-41687.234375,-10134.482421875,-39534.4921875,-9138.779296875,19402.1640625,-4561.07470703125
3780.438653891,14080.66015625,20954.24609375,-41384.0078125,-10110.275390625,-39538.55859375,-9040.140625,19434.4609375,-4584.63330078125
3780.438908068,14108.8232421875,20980.93359375,-41295.94140625,-10074.087890625,-39518.80078125,-8976.1923828125,19480.08203125,-4560.42626953125
3780.439174279,14155.001953125,21024.474609375,-41408.640625,-10059.2236328125,-39492.44921875,-8991.7265625,19487.859375,-4522.361328125
3780.43944049,14188.5078125,21052.19140625,-41657.1484375,-10082.134765625,-39486.859375,-9079.591796875,19453.55078125,-4512.146484375
3780.439635954,14125.162109375,20993.294921875,-41667.40625,-10138.5498046875,-39533.10546875,-9139.896484375,19408.17578125,-4557.7666015625
3780.439832513,14071.7861328125,20957.017578125,-41359.109375,-10105.9833984375,-39535.453125,-9036.876953125,19443.15625,-4588.791015625
3780.440027612,14101.3359375,20993.5859375,-41263.7578125,-10051.7802734375,-39505.74609375,-8968.123046875,19486.048828125,-4563.68994140625
3780.440222348,14154.8232421875,21035.025390625,-41385.484375,-10051.1767578125,-39492.78125,-8991.9052734375,19482.49609375,-4534.43115234375
3780.440418541,14192.9326171875,21050.1796875,-41649.83984375,-10098.3173828125,-39506.1484375,-9091.572265625,19443.693359375,-4514.67236328125
3780.440614006,14125.251953125,20988.533203125,-41667.67578125,-10146.171875,-39547.1640625,-9151.9443359375,19386.853515625,-4565.9697265625
3780.440897356,14065.6845703125,20955.54296875,-41360.0703125,-10119.2607421875,-39549.51171875,-9047.896484375,19423.28515625,-4593.529296875
3780.441149345,14088.4833984375,20977.15625,-41272.18359375,-10083.20703125,-39526.69140625,-8974.2255859375,19474.91796875,-4561.1640625
3780.441414826,14149.8388671875,21032.119140625,-41382.5546875,-10053.7919921875,-39497.20703125,-8990.20703125,19477.400390625,-4531.9951171875
3780.441626336,14202.0078125,21053.98046875,-41637.56640625,-10085.912109375,-39496.58203125,-9081.7822265625,19458.154296875,-4512.794921875
3780.441833835,14127.263671875,20980.30859375,-41666.66796875,-10151.8046875,-39546.13671875,-9147.8984375,19396.865234375,-4551.41845703125
3780.442029664,14060.6552734375,20934.375,-41368.0703125,-10129.05078125,-39554.85546875,-9054.3564453125,19417.921875,-4593.7080078125
3780.44222367,14090.361328125,20975.63671875,-41266.88671875,-10073.595703125,-39519.76171875,-8974.60546875,19470.537109375,-4570.5068359375
3780.442447943,14143.6025390625,21023.24609375,-41385.125,-10063.4931640625,-39504.40625,-8994.6552734375,19477.712890625,-4548.31201171875
3780.442684616,14187.2783203125,21053.0625,-41640.7421875,-10096.6630859375,-39508.140625,-9091.9296875,19445.146484375,-4536.3759765625
3780.442951191,14126.7275390625,20995.708984375,-41656.8125,-10147.4462890625,-39543.23046875,-9140.701171875,19399.4140625,-4566.7294921875
3780.443166713,14060.3427734375,20947.361328125,-41356.515625,-10122.7919921875,-39549.421875,-9043.76171875,19423.509765625,-4588.388671875
3780.443361813,14095.4794921875,20976.46484375,-41262.34765625,-10079.9658203125,-39524.0546875,-8978.9189453125,19470.314453125,-4569.41162109375
3780.443557642,14150.7333984375,21027.60546875,-41373.6171875,-10054.150390625,-39496.359375,-8991.369140625,19477.623046875,-4543.10400390625
3780.443784103,14185.0205078125,21051.498046875,-41634.50390625,-10082.40234375,-39499.375,-9085.939453125,19436.228515625,-4534.7666015625
3780.443978838,14130.5712890625,20997.251953125,-41652.453125,-10129.0283203125,-39530.55859375,-9134.509765625,19393.111328125,-4567.9365234375
3780.444173209,14065.103515625,20947.294921875,-41356.13671875,-10110.6552734375,-39540.50390625,-9045.37109375,19424.44921875,-4596.68115234375
3780.444367579,14083.07421875,20967.92578125,-41273.48046875,-10079.02734375,-39524.65625,-8983.45703125,19457.88671875,-4584.61083984375
3780.444562679,14125.0732421875,21002.951171875,-41395.02734375,-10069.5498046875,-39509.6796875,-9006.12109375,19462.982421875,-4553.1171875
3780.444824149,14165.57421875,21036.65625,-41648.71875,-10097.8251953125,-39507.578125,-9092.3994140625,19440.83203125,-4507.92236328125
3780.445107499,14114.8583984375,20981.11328125,-41670.671875,-10147.177734375,-39543.09765625,-9147.138671875,19397.89453125,-4552.89404296875
3780.445301505,14056.408203125,20937.50390625,-41372.67578125,-10124.111328125,-39553.7578125,-9056.30078125,19419.060546875,-4597.9775390625
3780.445495876,14087.65625,20965.66796875,-41278.0625,-10085.509765625,-39534.6484375,-8992.9111328125,19452.521484375,-4593.08251953125
3780.445719784,14139.9150390625,21004.046875,-41395.765625,-10083.5419921875,-39520.5234375,-9010.6591796875,19463.697265625,-4552.04443359375
3780.44591379,14182.2490234375,21032.767578125,-41650.75390625,-10106.162109375,-39515.46875,-9097.3837890625,19439.53515625,-4524.43994140625
3780.446108161,14114.5458984375,20979.81640625,-41680.01171875,-10152.3857421875,-39550.76171875,-9156.0341796875,19392.5078125,-4565.544921875
3780.446302166,14052.765625,20935.8515625,-41382.33203125,-10130.3916015625,-39552.73046875,-9055.6748046875,19422.99609375,-4601.03955078125
3780.446496901,14091.166015625,20969.310546875,-41279.06640625,-10078.87109375,-39513.45703125,-8967.3408203125,19482.18359375,-4571.7138671875
3780.446745243,14141.4345703125,21015.2890625,-41392.79296875,-10061.8837890625,-39492.42578125,-8984.015625,19491.81640625,-4536.42041015625
3780.446965505,14176.28125,21039.09375,-41652.7421875,-10092.908203125,-39498.2578125,-9079.748046875,19454.19921875,-4521.9814453125
3780.447176651,14117.7421875,20989.5625,-41676.34765625,-10133.140625,-39529.93359375,-9134.7333984375,19406.298828125,-4548.37890625
3780.447373939,14059.716796875,20957.689453125,-41367.8046875,-10099.7255859375,-39533.84375,-9037.7265625,19436.384765625,-4585.23681640625
3780.447571591,14091.0537109375,20989.494140625,-41269.234375,-10060.2744140625,-39511.55859375,-8969.576171875,19480.283203125,-4574.9775390625
3780.447798782,14133.5888671875,21015.37890625,-41395.7421875,-10064.6328125,-39503.51171875,-8998.455078125,19480.41796875,-4547.1943359375
3780.44799534,14182.6064453125,21048.951171875,-41649.92578125,-10086.828125,-39498.3046875,-9084.173828125,19453.974609375,-4516.1923828125
3780.448191899,14126.1015625,20998.591796875,-41682.046875,-10131.6884765625,-39532.8828125,-9144.43359375,19401.73828125,-4559.01806640625
3780.448388822,14060.23046875,20944.30078125,-41387.921875,-10112.041015625,-39545.8671875,-9056.345703125,19416.8046875,-4601.3076171875
3780.44858538,14086.203125,20969.9140625,-41292.9921875,-10072.880859375,-39523.671875,-8985.9150390625,19456.724609375,-4590.80224609375
3780.448803455,14136.986328125,21012.451171875,-41408.59765625,-10066.6669921875,-39507.24609375,-9000.5107421875,19453.505859375,-4570.931640625
3780.449019341,14172.861328125,21025.2578125,-41672.50390625,-10110.587890625,-39517.86328125,-9099.41796875,19425.8125,-4544.26611328125
3780.449216628,14114.7470703125,20968.908203125,-41705.875,-10162.1533203125,-39554.67578125,-9160.794921875,19389.310546875,-4566.66259765625
3780.449412458,14054.4189453125,20940.767578125,-41397.7109375,-10123.9765625,-39557.24609375,-9064.951171875,19421.54296875,-4593.21630859375
3780.44961011,14081.2412109375,20974.609375,-41292.56640625,-10082.849609375,-39530.6015625,-8984.0380859375,19484.6640625,-4568.5625
3780.449807398,14131.689453125,21020.876953125,-41403.8125,-10070.51171875,-39505.30078125,-8995.4599609375,19493.470703125,-4540.04150390625
3780.450003956,14176.9736328125,21043.228515625,-41656.43359375,-10088.392578125,-39499.66796875,-9086.5654296875,19458.4453125,-4512.5712890625
3780.450200515,14113.2490234375,20973.71484375,-41703.90625,-10152.7431640625,-39549.22265625,-9156.81640625,19407.37109375,-4549.33984375
3780.450397438,14050.1728515625,20924.96484375,-41409.265625,-10133.341796875,-39560.3515625,-9064.548828125,19425.431640625,-4599.25146484375
3780.450594726,14085.1533203125,20962.5390625,-41299.00390625,-10072.92578125,-39525.015625,-8988.1953125,19466.0234375,-4579.7158203125
3780.450814258,14139.69140625,21001.140625,-41415.79296875,-10069.05859375,-39507.8046875,-9003.4833984375,19467.05078125,-4551.150390625
3780.451030144,14175.9453125,21020.921875,-41679.74609375,-10106.05078125,-39515.0,-9101.6748046875,19431.734375,-4532.68798828125
3780.451226338,14107.326171875,20964.169921875,-41728.16015625,-10163.0478515625,-39560.30859375,-9174.8994140625,19380.662109375,-4572.7421875
3780.451422532,14041.8798828125,20917.96875,-41430.61328125,-10145.658203125,-39573.18359375,-9078.25,19406.232421875,-4609.42138671875
3780.451639877,14081.0400390625,20958.962890625,-41314.00390625,-10088.4375,-39535.67578125,-8996.3310546875,19454.556640625,-4587.181640625
3780.451849563,14131.3095703125,21000.873046875,-41423.63671875,-10073.685546875,-39512.3203125,-9011.7314453125,19465.017578125,-4550.390625
3780.452046486,14172.1455078125,21017.322265625,-41683.140625,-10111.68359375,-39514.015625,-9098.076171875,19439.826171875,-4523.1435546875
3780.452243045,14110.6337890625,20962.314453125,-41727.734375,-10163.673828125,-39551.03125,-9162.2705078125,19394.02734375,-4564.29345703125
3780.452439968,14040.6728515625,20933.861328125,-41423.3046875,-10126.2119140625,-39551.65625,-9064.1240234375,19423.822265625,-4603.83349609375
3780.452658407,14065.7958984375,20964.169921875,-41315.61328125,-10077.7529296875,-39525.6640625,-8988.4638671875,19464.748046875,-4590.39990234375
3780.452862988,14122.5693359375,20997.294921875,-41426.1640625,-10073.0595703125,-39512.56640625,-9009.2509765625,19461.552734375,-4563.3095703125
3780.453076686,14169.2177734375,21019.513671875,-41682.91796875,-10106.5419921875,-39514.28515625,-9102.0107421875,19429.09765625,-4540.84619140625
3780.453273245,14117.5185546875,20976.330078125,-41721.296875,-10143.9365234375,-39543.12109375,-9161.845703125,19387.9921875,-4572.63037109375
3780.453470168,14056.2744140625,20938.421875,-41415.6796875,-10113.7392578125,-39543.5,-9061.2626953125,19417.720703125,-4602.67138671875
3780.453782327,14073.9775390625,20961.01953125,-41308.5703125,-10072.27734375,-39517.75,-8984.6416015625,19464.435546875,-4582.64404296875
3780.453997119,14126.302734375,20997.251953125,-41419.7734375,-10068.2763671875,-39507.04296875,-9002.6572265625,19475.0078125,-4545.69677734375
3780.454192948,14170.9833984375,21020.20703125,-41676.86328125,-10102.5859375,-39508.5859375,-9094.1201171875,19447.224609375,-4529.84912109375
3780.454388778,14116.490234375,20961.376953125,-41729.0546875,-10164.2099609375,-39552.6875,-9163.34375,19391.435546875,-4555.06201171875
3780.454583877,14052.1396484375,20919.98046875,-41430.87890625,-10142.9091796875,-39565.76171875,-9073.9365234375,19411.103515625,-4593.06005859375
3780.454807421,14085.533203125,20962.44921875,-41315.0078125,-10085.822265625,-39530.3359375,-8991.2578125,19460.79296875,-4581.86181640625
3780.455021484,14136.8525390625,20995.41796875,-41427.39453125,-10079.1611328125,-39510.57421875,-9006.0322265625,19466.537109375,-4558.5263671875
3780.455216584,14172.369140625,21024.6328125,-41684.34765625,-10099.2333984375,-39505.703125,-9095.5283203125,19432.046875,-4540.44384765625
3780.455411319,14120.1337890625,20986.298828125,-41732.78515625,-10142.3056640625,-39542.29296875,-9161.734375,19381.376953125,-4577.01123046875
3780.455641063,14057.5927734375,20936.455078125,-41438.19140625,-10129.1845703125,-39556.953125,-9075.5908203125,19402.185546875,-4616.99853515625
3780.455873724,14082.626953125,20966.853515625,-41325.71484375,-10082.08984375,-39529.953125,-9000.1982421875,19448.900390625,-4595.18359375
3780.456072105,14121.0947265625,21004.58203125,-41438.66015625,-10076.8818359375,-39518.80078125,-9017.8564453125,19464.212890625,-4572.83154296875
3780.456267935,14153.482421875,21020.921875,-41701.0,-10118.544921875,-39525.99609375,-9106.48046875,19442.017578125,-4545.96484375
3780.456464128,14113.3388671875,20980.666015625,-41746.15234375,-10162.220703125,-39555.9921875,-9172.41796875,19398.20703125,-4568.47314453125
3780.456694237,14055.73828125,20936.298828125,-41441.65234375,-10132.6044921875,-39555.48046875,-9074.0703125,19422.8828125,-4605.5771484375
3780.456898089,14074.6923828125,20959.275390625,-41327.05859375,-10085.77734375,-39525.9765625,-8992.017578125,19468.681640625,-4589.193359375
3780.457109963,14124.134765625,20997.474609375,-41436.82421875,-10072.947265625,-39505.9921875,-9006.9931640625,19472.75,-4560.9853515625
3780.457305063,14176.1689453125,21030.935546875,-41694.5625,-10103.748046875,-39504.0703125,-9095.9306640625,19442.017578125,-4540.91357421875
3780.457500527,14122.525390625,20981.001953125,-41754.66796875,-10161.169921875,-39544.19140625,-9167.8583984375,19384.080078125,-4579.00048828125
3780.457735376,14055.8271484375,20931.984375,-41460.98828125,-10144.40625,-39561.5390625,-9086.140625,19396.150390625,-4620.552734375
3780.457930476,14079.6767578125,20952.501953125,-41346.45703125,-10101.736328125,-39541.64453125,-9011.1728515625,19448.05078125,-4584.81201171875
3780.458127399,14118.94921875,20980.173828125,-41455.87109375,-10102.3623046875,-39530.24609375,-9025.4560546875,19461.283203125,-4552.42431640625
3780.458322134,14156.41015625,20995.57421875,-41715.39453125,-10140.025390625,-39534.0,-9110.7724609375,19423.197265625,-4542.3662109375
3780.458517234,14110.611328125,20968.865234375,-41760.078125,-10171.02734375,-39561.60546875,-9180.263671875,19373.91015625,-4569.7919921875
3780.458739684,14043.4443359375,20934.287109375,-41455.87109375,-10142.8642578125,-39566.07421875,-9086.498046875,19399.369140625,-4609.578125
3780.45895557,14081.3974609375,20985.11328125,-41320.640625,-10069.9521484375,-39519.58203125,-8996.0634765625,19464.97265625,-4588.5673828125
3780.912733157,14141.9931640625,21031.025390625,-41418.09375,-10056.51953125,-39498.19140625,-9004.712890625,19485.3125,-4547.61865234375
3780.913037659,14178.4267578125,21046.984375,-41675.69921875,-10096.328125,-39506.23828125,-9097.2490234375,19452.677734375,-4520.193359375
3780.913240052,14125.765625,20988.01953125,-41735.1328125,-10154.7099609375,-39543.8359375,-9165.82421875,19403.28125,-4560.9853515625
3780.913432964,14064.455078125,20948.255859375,-41429.98828125,-10123.865234375,-39546.47265625,-9070.1591796875,19425.521484375,-4599.564453125
3780.913624781,14078.89453125,20983.326171875,-41307.765625,-10067.091796875,-39514.8203125,-8986.697265625,19468.794921875,-4582.48779296875
3780.913816234,14125.5869140625,21015.490234375,-41416.93359375,-10062.576171875,-39499.35546875,-9003.4169921875,19476.03515625,-4554.525390625
3780.914289579,14172.5478515625,21039.16015625,-41672.63671875,-10099.4345703125,-39502.26171875,-9089.203125,19456.791015625,-4526.4072265625
3780.914718434,14109.1806640625,20977.849609375,-41743.60546875,-10167.607421875,-39546.984375,-9161.3095703125,19404.2421875,-4566.595703125
3780.9150904,14041.8798828125,20920.47265625,-41445.41015625,-10143.4228515625,-39555.75,-9073.51171875,19425.251953125,-4604.9287109375
3780.915281124,14070.04296875,20954.3125,-41315.09765625,-10077.5302734375,-39517.078125,-8982.2275390625,19479.5234375,-4579.69384765625
3780.915471483,14118.658203125,20997.8984375,-41418.02734375,-10072.2099609375,-39501.07421875,-8995.83984375,19489.24609375,-4547.7529296875
3780.915662206,14162.9814453125,21031.404296875,-41668.703125,-10100.9765625,-39501.27734375,-9086.587890625,19461.529296875,-4525.53515625
3780.915858765,14108.6669921875,20982.9453125,-41737.5,-10158.3310546875,-39548.015625,-9170.00390625,19396.419921875,-4573.47998046875
3780.916090332,14047.2666015625,20936.744140625,-41434.97265625,-10136.60546875,-39557.08984375,-9080.708984375,19415.88671875,-4613.06494140625
3780.916280691,14074.55859375,20960.638671875,-41308.90625,-10087.7890625,-39526.890625,-8997.0908203125,19462.736328125,-4590.64599609375
3780.916471414,14136.4951171875,20998.748046875,-41410.00390625,-10078.7587890625,-39508.296875,-9007.619140625,19469.263671875,-4560.47119140625
3780.916662867,14168.681640625,21017.30078125,-41667.02734375,-10115.3486328125,-39517.52734375,-9102.099609375,19433.634765625,-4542.74609375
3780.916913033,14120.4462890625,20977.55859375,-41725.9921875,-10156.9453125,-39545.19921875,-9163.09765625,19389.06640625,-4568.9423828125
3780.91721644,14055.537109375,20944.03125,-41421.15625,-10129.05078125,-39547.0546875,-9065.9794921875,19419.0390625,-4597.68701171875
3780.917623415,14075.474609375,20969.400390625,-41292.48046875,-10072.2548828125,-39519.16015625,-8983.255859375,19470.984375,-4583.716796875
3780.918056281,14122.435546875,21006.4609375,-41395.33984375,-10067.4267578125,-39501.09765625,-8987.8818359375,19491.033203125,-4543.3720703125
3780.918432987,14155.560546875,21024.318359375,-41664.76953125,-10118.2998046875,-39520.58984375,-9091.416015625,19453.68359375,-4530.609375
3780.918623346,14102.810546875,20972.6875,-41738.88671875,-10176.615234375,-39559.3671875,-9169.9599609375,19392.6640625,-4564.09228515625
3780.918813705,14037.23046875,20927.71484375,-41433.7421875,-10136.806640625,-39554.5625,-9079.591796875,19414.814453125,-4597.3740234375
3780.919008805,14070.78125,20948.078125,-41306.515625,-10090.60546875,-39528.703125,-8995.302734375,19470.873046875,-4579.49267578125
3780.919200258,14123.5537109375,20995.328125,-41407.5234375,-10077.26171875,-39508.921875,-9005.71875,19481.244140625,-4545.205078125
3780.919391347,14172.1015625,21022.150390625,-41663.47265625,-10111.080078125,-39510.93359375,-9096.9140625,19447.939453125,-4521.64599609375
3780.9195828,14118.546875,20961.912109375,-41740.36328125,-10173.552734375,-39552.171875,-9172.91015625,19385.869140625,-4562.728515625
3780.919773523,14048.4736328125,20906.837890625,-41443.578125,-10158.4208984375,-39561.76171875,-9081.7822265625,19406.65625,-4609.64501953125
3780.920065626,14063.181640625,20936.3203125,-41314.91796875,-10108.4873046875,-39528.94921875,-8992.2412109375,19458.04296875,-4586.376953125
3780.920481353,14110.365234375,20991.216796875,-41408.1953125,-10078.78125,-39504.83203125,-9012.2685546875,19466.87109375,-4559.1298828125
3780.920885045,14158.578125,21023.40234375,-41661.68359375,-10105.24609375,-39508.25,-9101.7197265625,19423.6875,-4555.21826171875
3780.921089626,14104.95703125,20961.82421875,-41748.09765625,-10179.87890625,-39563.5703125,-9187.2373046875,19362.6015625,-4584.3203125
3780.92128035,14040.8740234375,20909.7890625,-41447.80078125,-10157.4599609375,-39571.4609375,-9099.529296875,19390.205078125,-4620.03857421875
3780.921471803,14071.853515625,20944.658203125,-41307.72265625,-10096.685546875,-39534.89453125,-9012.0888671875,19448.453125,-4603.1630859375
3780.921662891,14114.478515625,20989.091796875,-41404.6171875,-10082.4697265625,-39516.05078125,-9022.326171875,19456.3671875,-4569.5458984375
3780.921925455,14153.326171875,21017.345703125,-41657.66015625,-10108.1513671875,-39516.0078125,-9111.3984375,19421.20703125,-4543.3720703125
3780.922117273,14115.8193359375,20977.916015625,-41729.1640625,-10155.5595703125,-39544.953125,-9176.93359375,19373.978515625,-4577.7490234375
3780.922307997,14053.32421875,20930.91015625,-41431.3046875,-10138.7958984375,-39553.17578125,-9083.8603515625,19400.21875,-4616.1044921875
3780.922497262,14072.61328125,20954.08984375,-41298.9375,-10093.3994140625,-39527.76171875,-9002.4111328125,19457.55078125,-4592.43408203125
3780.922686527,14117.3837890625,20988.712890625,-41399.2734375,-10087.3642578125,-39513.01171875,-9014.369140625,19465.060546875,-4559.24169921875
3780.922907518,14170.6708984375,21026.107421875,-41643.55859375,-10103.7041015625,-39505.234375,-9094.90234375,19444.38671875,-4534.02880859375
3780.92326745,14119.6640625,20978.6328125,-41722.90625,-10156.9013671875,-39537.91015625,-9165.9365234375,19392.552734375,-4565.50048828125
3780.923666402,14045.7919921875,20927.177734375,-41426.54296875,-10137.56640625,-39546.58203125,-9076.08203125,19413.00390625,-4597.28466796875
3780.924101456,14064.90234375,20960.705078125,-41288.5234375,-10078.669921875,-39515.359375,-8984.7529296875,19476.193359375,-4566.595703125
3780.924379336,14113.181640625,20996.87109375,-41393.21875,-10079.1611328125,-39504.8515625,-8999.080078125,19489.021484375,-4543.3720703125
3780.924569695,14163.3173828125,21028.365234375,-41643.9140625,-10099.2783203125,-39501.2109375,-9085.5595703125,19451.158203125,-4526.541015625
3780.924760054,14120.1337890625,20982.990234375,-41725.25390625,-10154.21875,-39539.20703125,-9163.7236328125,19403.392578125,-4545.9423828125
3780.924996362,14043.82421875,20931.357421875,-41438.99609375,-10143.244140625,-39560.0859375,-9086.9677734375,19415.91015625,-4590.60107421875
3780.925186356,14069.73046875,20959.72265625,-41302.2890625,-10094.13671875,-39535.4296875,-9004.3330078125,19461.57421875,-4581.48193359375
3780.925375621,14119.6640625,20993.517578125,-41404.19140625,-10091.25390625,-39523.47265625,-9022.1025390625,19458.2890625,-4564.7177734375
3780.925564522,14164.501953125,21022.5078125,-41652.7890625,-10119.23828125,-39517.37109375,-9106.7939453125,19426.2578125,-4543.751953125
3780.925753787,14117.3173828125,20973.06640625,-41735.6015625,-10175.162109375,-39553.46875,-9179.34765625,19376.146484375,-4577.525390625
3780.926079439,14039.4208984375,20925.234375,-41440.11328125,-10152.1171875,-39564.21875,-9093.29296875,19396.240234375,-4614.2939453125
3780.926501,14055.6484375,20956.4140625,-41303.05078125,-10101.22265625,-39534.359375,-9001.5390625,19446.6875,-4598.5361328125
3780.926908704,14108.287109375,20990.8359375,-41400.4609375,-10089.7783203125,-39519.13671875,-9018.90625,19453.818359375,-4569.568359375
3780.927105263,14161.2607421875,21016.40625,-41644.4296875,-10109.716796875,-39513.7265625,-9100.22265625,19425.54296875,-4536.5546875
3780.927300727,14115.931640625,20967.544921875,-41731.22265625,-10169.73046875,-39553.73828125,-9184.64453125,19371.294921875,-4561.81201171875
3780.927496556,14042.1259765625,20917.478515625,-41439.3984375,-10151.916015625,-39564.734375,-9098.2998046875,19390.18359375,-4609.62255859375
3780.927690926,14057.548828125,20941.662109375,-41301.0859375,-10097.35546875,-39535.02734375,-9011.6650390625,19443.73828125,-4597.552734375
3780.927890767,14101.201171875,20975.01171875,-41402.2265625,-10094.517578125,-39521.99609375,-9025.43359375,19456.76953125,-4570.08251953125
3780.928086596,14144.18359375,20997.05078125,-41657.32421875,-10130.123046875,-39526.48828125,-9110.6162109375,19435.333984375,-4546.09912109375
3780.928281696,14108.80078125,20952.97265625,-41748.4765625,-10188.998046875,-39564.77734375,-9182.833984375,19383.791015625,-4566.505859375
3780.928476431,14033.38671875,20897.00390625,-41458.953125,-10171.4970703125,-39574.3671875,-9102.4345703125,19391.412109375,-4612.59521484375
3780.92867226,14054.4638671875,20934.845703125,-41315.546875,-10107.056640625,-39537.48828125,-9015.0400390625,19442.306640625,-4603.1630859375
3780.928930813,14110.7900390625,20992.333984375,-41401.51171875,-10082.1123046875,-39510.28515625,-9012.5361328125,19468.34765625,-4549.69775390625
3780.929212705,14163.2724609375,21020.02734375,-41648.36328125,-10106.095703125,-39503.51171875,-9086.1630859375,19450.95703125,-4517.376953125
3780.929504807,14111.6171875,20970.048828125,-41745.7265625,-10167.4287109375,-39545.17578125,-9173.87109375,19395.30078125,-4565.43310546875
3780.929817696,14041.09765625,20912.783203125,-41455.04296875,-10155.1123046875,-39559.01171875,-9097.7412109375,19399.927734375,-4604.81689453125
3780.930028477,14059.4482421875,20925.435546875,-41319.16796875,-10115.7509765625,-39539.72265625,-9017.7890625,19438.798828125,-4599.05029296875
3780.9302254,14105.8056640625,20966.494140625,-41416.0390625,-10102.921875,-39521.16796875,-9025.0537109375,19453.86328125,-4570.5068359375
3780.930422323,14153.4375,20997.02734375,-41666.6484375,-10129.0283203125,-39517.48046875,-9104.9609375,19426.146484375,-4541.67333984375
3780.930617787,14108.734375,20956.34765625,-41756.03125,-10169.529296875,-39546.49609375,-9179.66015625,19373.10546875,-4573.85986328125
3780.930817993,14040.248046875,20912.224609375,-41459.53515625,-10140.0927734375,-39552.3046875,-9093.181640625,19395.234375,-4612.81884765625
3780.931014551,14065.751953125,20940.142578125,-41315.72265625,-10091.9462890625,-39525.70703125,-9007.462890625,19450.912109375,-4598.759765625
3780.931211109,14105.158203125,20979.99609375,-41415.703125,-10087.38671875,-39509.94921875,-9018.4150390625,19454.890625,-4583.64990234375
3780.931406939,14145.5693359375,20995.642578125,-41674.6484375,-10127.1279296875,-39523.47265625,-9111.2412109375,19414.099609375,-4566.05908203125
3780.931603132,14100.6201171875,20943.025390625,-41773.375,-10185.466796875,-39562.1171875,-9193.0712890625,19355.1796875,-4595.04931640625
3780.931805161,14030.1455078125,20895.6171875,-41480.74609375,-10164.1650390625,-39569.8984375,-9115.0185546875,19381.734375,-4623.48046875
3780.932121332,14055.603515625,20924.71875,-41334.69921875,-10113.8515625,-39540.37109375,-9022.6171875,19433.076171875,-4607.2978515625
3780.932399577,14100.888671875,20953.666015625,-41434.6796875,-10113.7392578125,-39536.79296875,-9046.8681640625,19430.908203125,-4588.947265625
3780.932708454,14146.0390625,20978.140625,-41688.59765625,-10147.2900390625,-39543.0078125,-9136.3876953125,19394.810546875,-4567.69091796875
3780.932965549,14112.0419921875,20953.77734375,-41774.00390625,-10179.9677734375,-39558.38671875,-9200.4697265625,19351.6484375,-4591.71875
3780.9331756,14032.693359375,20906.212890625,-41483.18359375,-10163.6064453125,-39569.80859375,-9117.65625,19371.966796875,-4631.7509765625
3780.933372523,14052.4521484375,20933.056640625,-41334.12109375,-10100.5517578125,-39538.26953125,-9027.0205078125,19425.07421875,-4620.79833984375
3780.933568717,14099.3466796875,20964.953125,-41431.21484375,-10094.0478515625,-39521.3046875,-9030.529296875,19435.333984375,-4581.48193359375
3780.933765275,14142.9326171875,20986.298828125,-41687.61328125,-10135.7333984375,-39525.19140625,-9115.890625,19412.78125,-4556.4033203125
3780.933995748,14092.9091796875,20933.080078125,-41801.91796875,-10206.0751953125,-39573.25,-9207.33203125,19356.25390625,-4596.5693359375
3780.934191577,14023.9541015625,20886.07421875,-41510.23046875,-10178.783203125,-39579.015625,-9123.9599609375,19371.02734375,-4633.337890625
3780.934387406,14056.5654296875,20916.560546875,-41350.83984375,-10115.0361328125,-39539.36328125,-9018.99609375,19435.9375,-4605.7109375
3780.934583235,14103.951171875,20952.16796875,-41444.203125,-10109.8056640625,-39525.68359375,-9024.427734375,19454.66796875,-4574.06103515625
3780.934782347,14147.603515625,20984.466796875,-41693.15625,-10138.4384765625,-39526.46875,-9107.62109375,19426.056640625,-4559.62158203125
3780.935085389,14101.291015625,20943.62890625,-41798.38671875,-10197.4248046875,-39562.5,-9192.6240234375,19371.787109375,-4580.1630859375
3780.935358164,14022.76953125,20887.369140625,-41513.11328125,-10185.421875,-39579.21875,-9119.51171875,19385.82421875,-4612.5283203125
3780.935552899,14053.32421875,20920.2265625,-41348.984375,-10120.7578125,-39541.95703125,-9022.259765625,19439.55859375,-4593.529296875
3780.935748729,14098.83203125,20956.080078125,-41438.16796875,-10112.8232421875,-39526.19921875,-9030.41796875,19445.8828125,-4570.57421875
3780.935948934,14143.8037109375,20989.115234375,-41679.8125,-10136.091796875,-39518.578125,-9108.8271484375,19424.783203125,-4550.546875
3780.936145492,14101.5146484375,20958.203125,-41774.31640625,-10173.3740234375,-39543.1640625,-9183.5498046875,19376.8828125,-4577.1005859375
3780.936340957,14026.8818359375,20903.1953125,-41484.30078125,-10159.0244140625,-39558.07421875,-9108.939453125,19388.126953125,-4611.9697265625
3780.93653715,14044.31640625,20928.51953125,-41330.921875,-10103.6142578125,-39527.78515625,-9019.46484375,19437.63671875,-4606.158203125
3780.936733344,14094.9658203125,20974.408203125,-41419.21484375,-10090.7841796875,-39507.84765625,-9021.365234375,19451.248046875,-4577.3466796875
3780.937012318,14149.4140625,21006.52734375,-41663.62890625,-10114.7900390625,-39503.265625,-9097.0703125,19433.12109375,-4549.25048828125
3780.937336512,14111.7958984375,20968.619140625,-41771.41015625,-10171.33984375,-39539.5,-9177.603515625,19377.93359375,-4582.04052734375
3780.937532341,14036.2470703125,20909.318359375,-41493.1953125,-10168.5458984375,-39563.97265625,-9109.05078125,19384.841796875,-4623.279296875
3780.937727806,14046.88671875,20926.619140625,-41341.98828125,-10122.0771484375,-39541.265625,-9022.3486328125,19433.076171875,-4612.3046875
3780.93792874,14093.5791015625,20967.970703125,-41426.87890625,-10106.654296875,-39521.28125,-9022.3037109375,19445.59375,-4584.83447265625
3780.938125299,14144.8544921875,21002.369140625,-41672.01171875,-10135.755859375,-39520.8359375,-9102.6357421875,19432.115234375,-4551.61962890625
3780.938320763,14100.1728515625,20954.1796875,-41785.58203125,-10197.4912109375,-39561.8046875,-9190.76953125,19376.5703125,-4579.73828125
3780.938516228,14032.603515625,20900.22265625,-41491.02734375,-10171.2958984375,-39565.44921875,-9110.3251953125,19388.462890625,-4612.1484375
3780.938711692,14056.140625,20921.74609375,-41332.578125,-10120.84765625,-39538.22265625,-9019.0634765625,19442.017578125,-4594.49072265625
3780.938993584,14098.67578125,20951.966796875,-41427.23828125,-10123.4853515625,-39535.80859375,-9037.279296875,19445.638671875,-4579.49267578125
3780.939290792,14156.7900390625,20999.8671875,-41655.62890625,-10121.9423828125,-39510.7109375,-9103.3515625,19432.8515625,-4548.22216796875
3780.939486986,14117.607421875,20964.21484375,-41761.12890625,-10162.82421875,-39537.46484375,-9183.28125,19379.923828125,-4572.04931640625
3780.939683179,14040.986328125,20906.50390625,-41480.09765625,-10155.8056640625,-39557.40234375,-9108.73828125,19389.244140625,-4611.142578125
3780.939920216,14055.58203125,20928.453125,-41322.31640625,-10103.14453125,-39527.76171875,-9015.1064453125,19440.697265625,-4601.44189453125
3780.94011641,14100.2177734375,20964.013671875,-41412.44140625,-10094.7626953125,-39509.66015625,-9018.34765625,19454.130859375,-4573.748046875
3780.94031151,14147.1787109375,20995.955078125,-41661.73046875,-10123.6865234375,-39507.22265625,-9096.2216796875,19430.998046875,-4550.30126953125
3780.94050661,14105.359375,20949.373046875,-41784.12890625,-10190.4951171875,-39552.08203125,-9187.7958984375,19374.73828125,-4584.7900390625
#3803.982488065,13596.3203125,20424.21875,-41764.59375,-10511.265625,-39531.296875,-9462.3203125,19004.212890625,-4760.76513671875
3803.982695563,13637.783203125,20461.546875,-41732.359375,-10470.451171875,-39498.86328125,-9412.140625,19044.826171875,-4727.4384765625
3803.982898686,13680.5859375,20488.234375,-41897.62890625,-10480.30859375,-39491.10546875,-9453.669921875,19035.55078125,-4702.5166015625
3803.983099985,13697.7529296875,20491.20703125,-42150.65234375,-10526.53125,-39509.32421875,-9559.796875,18987.158203125,-4702.40478515625
3803.983299826,13615.7666015625,20419.5703125,-42051.921875,-10565.1552734375,-39546.76171875,-9574.6376953125,18952.916015625,-4759.40185546875
3803.983500031,13585.7705078125,20405.0859375,-41762.4921875,-10517.099609375,-39534.1796875,-9461.248046875,19000.5703125,-4773.8408203125
3803.983732692,13627.2099609375,20445.23046875,-41734.125,-10478.3857421875,-39507.24609375,-9416.65625,19038.322265625,-4743.8447265625
3803.98394092,13679.982421875,20490.42578125,-41891.57421875,-10479.369140625,-39490.59375,-9453.1787109375,19041.138671875,-4712.6640625
3803.984135655,13701.2841796875,20500.193359375,-42144.75,-10523.3798828125,-39507.08984375,-9561.8974609375,18989.68359375,-4716.2626953125
3803.984330025,13613.1513671875,20426.65625,-42052.6171875,-10560.3271484375,-39548.26171875,-9585.0986328125,18936.888671875,-4777.39501953125
3803.984524396,13591.783203125,20417.513671875,-41757.28125,-10504.8056640625,-39527.5859375,-9467.8193359375,18979.40234375,-4788.6826171875
3803.984742834,13632.2392578125,20443.978515625,-41736.4296875,-10482.0068359375,-39511.0234375,-9430.3125,19016.439453125,-4753.6796875
3803.984953615,13682.2626953125,20479.025390625,-41896.578125,-10484.15234375,-39495.5546875,-9465.830078125,19022.49609375,-4712.462890625
3803.985149444,13702.0888671875,20491.185546875,-42144.19140625,-10519.9599609375,-39503.17578125,-9561.4951171875,18983.359375,-4701.8681640625
3803.985344909,13628.2158203125,20428.845703125,-42045.57421875,-10555.2763671875,-39535.6328125,-9567.619140625,18960.650390625,-4738.21240234375
3803.985539644,13595.560546875,20423.52734375,-41752.69921875,-10499.1064453125,-39514.15234375,-9447.3896484375,19015.03125,-4747.75634765625
3803.985792362,13636.0390625,20461.189453125,-41728.828125,-10464.2822265625,-39490.8828125,-9403.8486328125,19048.447265625,-4723.638671875
3803.986107439,13689.4150390625,20493.80078125,-41895.171875,-10468.953125,-39481.31640625,-9445.3779296875,19040.177734375,-4699.4990234375
3803.986307279,13705.642578125,20494.537109375,-42151.3203125,-10520.6083984375,-39501.61328125,-9554.8564453125,18992.634765625,-4697.82275390625
3803.986507484,13626.2265625,20429.919921875,-42054.29296875,-10558.62890625,-39542.55859375,-9573.0732421875,18956.111328125,-4747.55517578125
3803.986713524,13603.2490234375,20423.951171875,-41761.171875,-10503.173828125,-39526.15625,-9456.1064453125,19013.466796875,-4761.94970703125
3803.986914459,13638.8779296875,20459.6015625,-41741.79296875,-10478.69921875,-39513.66015625,-9422.7353515625,19042.14453125,-4743.80029296875
3803.987114664,13693.1484375,20494.224609375,-41906.14453125,-10487.6845703125,-39507.578125,-9465.5390625,19037.830078125,-4706.0703125
3803.987314869,13716.6171875,20508.708984375,-42155.45703125,-10524.69921875,-39515.06640625,-9568.8935546875,18994.265625,-4701.5107421875
3804.438995954,13633.71484375,20439.41796875,-42061.24609375,-10562.7861328125,-39557.53515625,-9591.916015625,18951.5078125,-4752.6513671875
3804.439202723,13596.9912109375,20414.49609375,-41775.3671875,-10524.765625,-39556.484375,-9488.3828125,18986.935546875,-4765.19091796875
3804.439437937,13629.490234375,20438.94921875,-41757.75390625,-10503.30859375,-39543.3203125,-9452.8876953125,19008.482421875,-4748.00244140625
3804.439654188,13682.798828125,20476.03125,-41914.23828125,-10507.845703125,-39525.75390625,-9483.8896484375,19010.2265625,-4712.306640625
3804.439837618,13708.2578125,20492.482421875,-42151.65625,-10530.7333984375,-39520.72265625,-9574.8388671875,18973.3671875,-4703.61181640625
3804.440018496,13636.4189453125,20429.181640625,-42055.74609375,-10560.6181640625,-39550.5859375,-9586.1494140625,18937.828125,-4760.18408203125
3804.440198644,13592.251953125,20406.091796875,-41774.31640625,-10525.927734375,-39548.83984375,-9480.134765625,18976.609375,-4782.06640625
3804.440473607,13627.03125,20440.826171875,-41749.70703125,-10494.8369140625,-39526.46875,-9437.912109375,19011.96875,-4756.6748046875
3804.440845208,13688.7451171875,20487.162109375,-41902.30078125,-10484.5546875,-39503.71484375,-9472.5126953125,19011.58984375,-4722.2978515625
3804.44130506,13711.7666015625,20488.681640625,-42154.83203125,-10533.6845703125,-39520.140625,-9575.263671875,18969.076171875,-4716.17333984375
3804.441599351,13633.916015625,20421.470703125,-42061.9140625,-10567.2119140625,-39552.6875,-9586.595703125,18941.740234375,-4759.46875
3804.441791898,13591.4033203125,20406.3828125,-41771.36328125,-10517.9267578125,-39540.4609375,-9473.98828125,18991.40625,-4771.4716796875
3804.441971317,13628.7080078125,20442.927734375,-41742.73046875,-10488.51171875,-39519.3359375,-9431.36328125,19027.392578125,-4739.39697265625
3804.4421511,13684.6318359375,20488.591796875,-41897.921875,-10485.203125,-39502.73046875,-9466.052734375,19034.455078125,-4692.078125
3804.442371727,13702.4462890625,20484.814453125,-42158.5625,-10541.126953125,-39523.49609375,-9572.447265625,18989.349609375,-4683.115234375
3804.442550781,13620.169921875,20416.6640625,-42071.1015625,-10581.13671875,-39563.546875,-9594.1064453125,18950.546875,-4737.318359375
3804.442729835,13597.1474609375,20412.484375,-41770.8515625,-10521.033203125,-39540.03515625,-9472.3564453125,18999.654296875,-4755.37841796875
3804.442909254,13637.447265625,20450.125,-41739.24609375,-10482.7001953125,-39515.40234375,-9424.92578125,19035.37109375,-4733.78662109375
3804.443088673,13692.5673828125,20495.7890625,-41893.76171875,-10476.4638671875,-39499.04296875,-9464.376953125,19037.361328125,-4708.97607421875
3804.443318052,13709.755859375,20497.01953125,-42151.56640625,-10528.2529296875,-39517.34765625,-9570.32421875,18994.310546875,-4700.83984375
3804.44364881,13629.8701171875,20427.03515625,-42062.96484375,-10571.056640625,-39555.6796875,-9586.796875,18952.87109375,-4754.93115234375
3804.44406636,13596.0517578125,20416.775390625,-41763.65234375,-10511.3994140625,-39530.9609375,-9465.3828125,19001.552734375,-4763.80517578125
3804.444487921,13636.0390625,20452.046875,-41732.203125,-10472.5517578125,-39503.04296875,-9416.9462890625,19040.400390625,-4732.087890625
3804.444747932,13685.2802734375,20484.658203125,-41897.3828125,-10485.091796875,-39497.7890625,-9459.5263671875,19039.171875,-4693.97802734375
3804.444927351,13707.810546875,20489.240234375,-42152.84375,-10533.572265625,-39514.44140625,-9565.5185546875,18987.76171875,-4690.75927734375
3804.445106405,13620.1923828125,20418.83203125,-42067.34765625,-10570.609375,-39553.265625,-9588.384765625,18943.283203125,-4746.57177734375
3804.445288377,13580.3837890625,20398.537109375,-41781.01953125,-10527.91796875,-39541.80078125,-9476.267578125,18988.767578125,-4769.72802734375
3804.445466702,13630.294921875,20452.248046875,-41739.24609375,-10475.5478515625,-39498.9296875,-9415.5380859375,19037.29296875,-4731.3056640625
3804.445645027,13685.2353515625,20496.505859375,-41891.4609375,-10465.466796875,-39482.234375,-9452.75390625,19030.41015625,-4699.18603515625
3804.445824081,13697.2607421875,20485.619140625,-42157.84765625,-10528.431640625,-39514.41796875,-9569.8095703125,18971.4453125,-4710.3173828125
3804.446002041,13622.5615234375,20421.3359375,-42069.15625,-10563.5458984375,-39548.88671875,-9586.283203125,18938.521484375,-4757.099609375
3804.446181095,13592.9453125,20410.607421875,-41772.125,-10508.7177734375,-39527.3828125,-9468.109375,18985.638671875,-4775.4951171875
3804.446705859,13630.8310546875,20442.748046875,-41741.83984375,-10480.0400390625,-39507.17578125,-9423.1826171875,19016.796875,-4752.51708984375
3804.447103352,13680.1171875,20472.41015625,-41904.73828125,-10495.171875,-39504.31640625,-9467.5732421875,19017.7578125,-4718.94482421875
3804.447490269,13702.759765625,20480.92578125,-42159.66015625,-10537.2158203125,-39520.4765625,-9573.38671875,18979.224609375,-4706.36083984375
3804.447670417,13623.1201171875,20420.576171875,-42069.44921875,-10563.30078125,-39550.875,-9587.84765625,18950.703125,-4737.072265625
3804.447850201,13591.4697265625,20406.71875,-41776.73046875,-10513.6572265625,-39536.078125,-9470.8583984375,19001.732421875,-4745.4990234375
3804.448030349,13633.111328125,20450.794921875,-41743.359375,-10474.4521484375,-39508.98828125,-9420.8583984375,19040.1328125,-4718.02880859375
3804.448210133,13675.1552734375,20477.9296875,-41910.99609375,-10494.1884765625,-39511.0,-9469.3837890625,19028.666015625,-4705.60107421875
3804.448438417,13694.109375,20480.658203125,-42167.796875,-10539.00390625,-39524.43359375,-9572.4697265625,18985.482421875,-4703.63427734375
3804.448628776,13620.326171875,20421.515625,-42081.44921875,-10568.552734375,-39557.8046875,-9593.123046875,18942.0078125,-4750.34912109375
3804.448818041,13593.7724609375,20412.529296875,-41781.04296875,-10514.5068359375,-39542.0234375,-9479.1513671875,18985.52734375,-4762.50830078125
3804.449006212,13628.640625,20439.8203125,-41752.5,-10485.2705078125,-39520.23046875,-9430.3349609375,19021.1328125,-4734.904296875
3804.449195113,13683.3583984375,20481.55078125,-41904.42578125,-10483.0126953125,-39500.58203125,-9465.830078125,19023.123046875,-4708.97607421875
3804.449556138,13703.18359375,20483.5625,-42159.27734375,-10535.0029296875,-39518.44140625,-9574.2353515625,18970.685546875,-4714.81005859375
3804.449941597,13623.8125,20417.603515625,-42072.98046875,-10569.291015625,-39551.703125,-9593.7490234375,18930.02734375,-4768.18603515625
3804.450342737,13588.966796875,20405.130859375,-41775.76953125,-10517.859375,-39537.53125,-9478.1455078125,18979.224609375,-4776.52294921875
3804.450620253,13629.6240234375,20440.693359375,-41741.97265625,-10484.6669921875,-39513.4140625,-9428.30078125,19019.345703125,-4742.32470703125
3804.450809153,13689.392578125,20481.9765625,-41893.515625,-10483.19140625,-39496.0703125,-9461.9853515625,19027.1015625,-4702.2705078125
3804.450997689,13702.1337890625,20492.392578125,-42145.82421875,-10523.759765625,-39505.12109375,-9563.9541015625,18987.650390625,-4685.41748046875
3804.451186589,13622.001953125,20425.314453125,-42067.48046875,-10568.2626953125,-39548.9296875,-9592.51953125,18940.912109375,-4748.60595703125
3804.451384241,13589.4140625,20405.82421875,-41776.1484375,-10524.1181640625,-39538.203125,-9479.12890625,18987.2265625,-4770.0859375
3804.4515746,13626.919921875,20438.30078125,-41744.69921875,-10488.8916015625,-39514.1953125,-9431.2958984375,19022.20703125,-4742.34716796875
3804.451763136,13669.544921875,20467.3359375,-41909.05078125,-10503.30859375,-39514.48828125,-9476.3349609375,19014.361328125,-4718.8330078125
3804.451952766,13692.5224609375,20482.69140625,-42163.125,-10541.5966796875,-39520.5,-9575.7333984375,18969.58984375,-4712.77587890625
3804.452141301,13627.03125,20427.99609375,-42072.46484375,-10558.6962890625,-39538.94140625,-9587.8251953125,18935.771484375,-4756.36181640625
3804.452453096,13590.083984375,20397.93359375,-41786.8984375,-10526.3974609375,-39539.765625,-9482.392578125,18983.626953125,-4769.03515625
3804.45287247,13631.345703125,20438.345703125,-41750.35546875,-10486.857421875,-39509.703125,-9429.10546875,19023.94921875,-4734.61376953125
3804.453298407,13678.1728515625,20478.802734375,-41907.30859375,-10492.6240234375,-39499.7578125,-9471.373046875,19013.689453125,-4718.78857421875
3804.453593792,13700.3232421875,20487.384765625,-42159.34765625,-10532.3427734375,-39513.9296875,-9578.2138671875,18968.00390625,-4713.2451171875
3804.453785974,13627.724609375,20425.1796875,-42075.83984375,-10569.2685546875,-39550.62890625,-9597.6376953125,18930.138671875,-4756.11572265625
3804.453976333,13592.296875,20404.9296875,-41783.2109375,-10525.705078125,-39540.7265625,-9485.611328125,18980.162109375,-4766.55419921875
3804.454166327,13620.7060546875,20433.80859375,-41752.140625,-10492.4677734375,-39514.6875,-9438.4931640625,19020.171875,-4743.73291015625
3804.454398259,13671.01953125,20473.662109375,-41905.09375,-10485.248046875,-39497.6328125,-9472.423828125,19022.318359375,-4707.21044921875
3804.454588618,13701.6416015625,20484.412109375,-42160.8203125,-10527.4033203125,-39508.16015625,-9572.8046875,18982.2421875,-4696.705078125
3804.454778977,13623.0302734375,20412.150390625,-42086.43359375,-10575.8623046875,-39548.328125,-9596.9228515625,18940.220703125,-4760.2958984375
3804.454968242,13574.236328125,20382.443359375,-41799.41796875,-10542.3125,-39547.74609375,-9492.919921875,18975.982421875,-4787.89990234375
3804.455158236,13625.19921875,20432.2890625,-41751.78515625,-10489.5615234375,-39511.53515625,-9438.2255859375,19017.6015625,-4750.818359375
3804.455464926,13680.4970703125,20478.310546875,-41899.375,-10483.548828125,-39493.98828125,-9469.2275390625,19019.0546875,-4713.46875
3804.455870442,13689.83984375,20486.06640625,-42158.2734375,-10528.9677734375,-39511.3359375,-9575.8896484375,18972.5625,-4707.478515625
3804.456281792,13611.4072265625,20415.904296875,-42085.33984375,-10572.978515625,-39553.1328125,-9601.7060546875,18930.384765625,-4759.20068359375
3804.456571707,13578.6181640625,20385.529296875,-41798.3203125,-10543.5185546875,-39553.625,-9494.57421875,18973.30078125,-4776.8134765625
3804.456762066,13618.560546875,20421.759765625,-41761.28515625,-10509.365234375,-39527.5390625,-9442.896484375,19018.96484375,-4746.16943359375
3804.45695206,13671.220703125,20469.28125,-41906.75,-10495.373046875,-39500.94140625,-9472.826171875,19016.998046875,-4723.41552734375
3804.457142784,13692.5224609375,20483.4296875,-42156.84375,-10533.2373046875,-39507.08984375,-9572.89453125,18968.00390625,-4719.4814453125
3804.457338613,13619.1416015625,20424.46484375,-42075.83984375,-10563.703125,-39539.36328125,-9591.4912109375,18933.470703125,-4758.708984375
3804.457527878,13580.830078125,20394.8046875,-41790.07421875,-10528.341796875,-39537.7109375,-9489.6337890625,18969.568359375,-4786.11181640625
3804.457716778,13619.923828125,20429.025390625,-41753.4375,-10494.814453125,-39514.30859375,-9445.265625,19006.26953125,-4761.74853515625
3804.457905314,13673.076171875,20465.7265625,-41907.7109375,-10499.330078125,-39504.3828125,-9480.537109375,19005.62109375,-4726.99169921875
3804.458094943,13686.375,20464.943359375,-42169.1796875,-10549.3974609375,-39519.78515625,-9587.177734375,18960.60546875,-4721.11328125
3804.458384858,13615.3642578125,20410.138671875,-42086.12109375,-10576.15234375,-39550.00390625,-9604.8798828125,18928.708984375,-4757.34521484375
3804.458678419,13584.451171875,20393.59765625,-41789.40234375,-10534.7568359375,-39544.75,-9492.4951171875,18977.056640625,-4768.78955078125
3804.458942442,13618.314453125,20423.75,-41756.0078125,-10509.611328125,-39526.66796875,-9446.5625,19010.13671875,-4757.97119140625
3804.45924038,13664.380859375,20461.904296875,-41908.08984375,-10506.8623046875,-39508.20703125,-9481.185546875,19007.990234375,-4735.6416015625
3804.459479969,13689.3701171875,20480.501953125,-42156.8671875,-10538.6015625,-39513.7265625,-9579.599609375,18966.55078125,-4728.0869140625
3804.45967434,13619.6552734375,20425.494140625,-42075.1484375,-10567.14453125,-39546.8515625,-9600.185546875,18939.99609375,-4761.74853515625
3804.459869075,13581.322265625,20398.291015625,-41781.578125,-10529.1689453125,-39542.55859375,-9491.6455078125,18985.28125,-4768.31982421875
3804.460064175,13618.3818359375,20440.40234375,-41741.48046875,-10489.025390625,-39515.58203125,-9443.1875,19016.505859375,-4741.14013671875
3804.46033075,13666.392578125,20483.1171875,-41894.14453125,-10489.2041015625,-39502.4609375,-9479.017578125,19006.3359375,-4723.72802734375
3804.460715844,13693.259765625,20491.140625,-42149.2890625,-10529.75,-39512.67578125,-9577.990234375,18961.296875,-4721.40380859375
3804.460939388,13616.90625,20417.603515625,-42081.49609375,-10575.705078125,-39555.79296875,-9608.791015625,18924.9765625,-4768.2080078125
3804.461138864,13595.1357421875,20410.96484375,-41777.37890625,-10519.87109375,-39535.18359375,-9489.6787109375,18975.55859375,-4781.8427734375
3804.461421485,13625.421875,20442.279296875,-41744.4765625,-10488.220703125,-39513.0546875,-9441.734375,19011.43359375,-4758.4853515625
3804.461688061,13668.8515625,20465.771484375,-41905.72265625,-10503.8896484375,-39508.02734375,-9480.849609375,19009.845703125,-4729.56201171875
3804.462012619,13686.46484375,20468.900390625,-42162.140625,-10546.447265625,-39519.73828125,-9583.421875,18967.98046875,-4720.0849609375
3804.462229599,13612.8603515625,20410.115234375,-42086.79296875,-10582.9248046875,-39552.84375,-9601.794921875,18935.794921875,-4759.51318359375
3804.462425429,13571.6884765625,20393.798828125,-41784.62109375,-10527.716796875,-39538.4921875,-9486.169921875,18986.17578125,-4766.93408203125
3804.462620164,13610.5810546875,20432.9140625,-41738.57421875,-10488.3544921875,-39508.78515625,-9429.0166015625,19030.296875,-4719.41455078125
3804.462816357,13667.1533203125,20471.134765625,-41887.97265625,-10494.3447265625,-39501.09765625,-9468.2880859375,19026.296875,-4693.35205078125
3804.463011822,13693.0361328125,20479.96484375,-42144.2578125,-10536.544921875,-39512.07421875,-9573.408203125,18976.697265625,-4699.4990234375
3804.463243389,13619.5888671875,20418.787109375,-42074.5,-10569.357421875,-39545.265625,-9599.8505859375,18936.2421875,-4748.33740234375
3804.463569771,13582.6630859375,20400.34765625,-41779.79296875,-10521.546875,-39539.0078125,-9492.8310546875,18977.123046875,-4778.400390625
3804.46378201,13615.7890625,20435.41796875,-41745.37109375,-10492.84765625,-39524.72265625,-9450.5634765625,19006.537109375,-4758.97705078125
3804.463977839,13662.212890625,20467.626953125,-41899.93359375,-10496.9599609375,-39512.1640625,-9487.8681640625,19002.201171875,-4718.40869140625
3804.464174033,13693.21484375,20473.28125,-42161.3359375,-10549.576171875,-39531.5859375,-9593.8603515625,18961.521484375,-4713.267578125
3804.464405965,13623.5673828125,20420.0625,-42086.5703125,-10576.0859375,-39560.5546875,-9614.7373046875,18924.349609375,-4762.70947265625
3804.464601794,13582.7529296875,20405.599609375,-41782.96484375,-10519.8486328125,-39538.55859375,-9493.6572265625,18973.009765625,-4775.78564453125
3804.464798717,13618.9404296875,20439.240234375,-41741.76953125,-10488.3544921875,-39514.62109375,-9439.3876953125,19012.349609375,-4750.19287109375
3804.464994546,13674.841796875,20482.087890625,-41887.4375,-10481.0009765625,-39492.671875,-9466.1650390625,19016.505859375,-4720.107421875
3804.465209338,13699.1826171875,20487.296875,-42149.51171875,-10527.42578125,-39509.4140625,-9572.89453125,18974.88671875,-4715.74853515625
3804.465442364,13623.6787109375,20417.267578125,-42089.9453125,-10575.6611328125,-39553.66796875,-9604.34375,18927.412109375,-4770.13037109375
3804.465654968,13577.65625,20398.560546875,-41795.16796875,-10532.4775390625,-39545.6015625,-9492.875,18969.45703125,-4784.39111328125
3804.465850067,13612.32421875,20429.806640625,-41754.66796875,-10501.3408203125,-39523.44921875,-9442.78515625,19011.388671875,-4754.99853515625
3804.466059389,13666.0576171875,20459.982421875,-41906.90625,-10508.046875,-39511.53515625,-9474.703125,19016.349609375,-4720.82275390625
3804.46627564,13690.6669921875,20469.34765625,-42164.265625,-10548.7490234375,-39521.484375,-9575.5322265625,18973.814453125,-4703.63427734375
3804.466500278,13613.9560546875,20403.701171875,-42100.91796875,-10590.748046875,-39563.32421875,-9609.8193359375,18924.6640625,-4760.228515625
3804.466696107,13571.9345703125,20379.068359375,-41804.265625,-10547.8779296875,-39555.390625,-9502.375,18957.36328125,-4792.4150390625
3804.466892301,13606.3564453125,20412.037109375,-41761.12890625,-10512.0029296875,-39531.875,-9451.30078125,18989.662109375,-4769.482421875
3804.46708813,13669.1201171875,20465.681640625,-41899.796875,-10495.1494140625,-39510.328125,-9483.3984375,19000.435546875,-4726.16455078125
3804.467309851,13698.333984375,20480.03125,-42155.546875,-10537.8642578125,-39525.08203125,-9588.18359375,18963.421875,-4723.52734375
3804.919137535,13618.0458984375,20405.80078125,-42094.7265625,-10590.189453125,-39567.4375,-9615.98828125,18920.662109375,-4769.12451171875
3804.919477774,13574.7958984375,20388.880859375,-41793.15625,-10541.3955078125,-39555.546875,-9505.50390625,18961.69921875,-4783.2060546875
3804.919765136,13620.3486328125,20437.138671875,-41740.921875,-10491.08203125,-39521.16796875,-9445.802734375,19011.03125,-4747.0185546875
3804.919947472,13669.2763671875,20466.576171875,-41898.078125,-10505.54296875,-39516.296875,-9482.50390625,19012.818359375,-4718.1181640625
3804.920129079,13689.794921875,20468.119140625,-42164.44140625,-10561.4453125,-39537.57421875,-9591.6474609375,18963.197265625,-4717.8720703125
3804.920309592,13622.3603515625,20413.021484375,-42097.140625,-10590.099609375,-39567.68359375,-9618.3583984375,18919.544921875,-4768.94580078125
3804.920490105,13584.7646484375,20403.431640625,-41792.62109375,-10525.81640625,-39547.5,-9504.8779296875,18957.54296875,-4788.95068359375
3804.920776008,13624.3046875,20438.48046875,-41749.28125,-10492.154296875,-39526.734375,-9455.9052734375,18991.607421875,-4764.72119140625
3804.921238412,13678.2392578125,20477.08203125,-41896.2421875,-10493.16015625,-39513.546875,-9489.0751953125,18991.048828125,-4738.279296875
3804.921672737,13698.244140625,20473.21484375,-42159.97265625,-10548.32421875,-39535.5625,-9599.4482421875,18943.05859375,-4737.318359375
3804.922072783,13623.9248046875,20406.830078125,-42098.4375,-10588.8486328125,-39578.234375,-9633.3115234375,18906.177734375,-4784.12255859375
3804.922252931,13592.7890625,20393.798828125,-41794.20703125,-10537.6630859375,-39563.7265625,-9516.8583984375,18952.849609375,-4797.8466796875
3804.922432715,13616.66015625,20425.1796875,-41751.40625,-10501.7880859375,-39534.2890625,-9460.1298828125,18983.76171875,-4774.57861328125
3804.922652248,13657.0498046875,20458.73046875,-41905.51953125,-10506.9296875,-39527.09375,-9498.8427734375,18976.49609375,-4743.30859375
3804.922832031,13690.9794921875,20476.90234375,-42156.26171875,-10539.7861328125,-39529.26171875,-9597.2353515625,18948.625,-4727.79638671875
3804.923012179,13623.455078125,20418.072265625,-42091.62109375,-10575.548828125,-39558.140625,-9619.4306640625,18919.65625,-4766.37548828125
3804.923192692,13584.853515625,20391.966796875,-41797.47265625,-10537.484375,-39552.88671875,-9511.4052734375,18957.654296875,-4788.57080078125
3804.923372111,13616.2578125,20420.8671875,-41756.25390625,-10503.7333984375,-39529.1953125,-9458.5205078125,19000.033203125,-4764.14013671875
3804.923581068,13665.833984375,20454.4609375,-41905.69921875,-10503.8447265625,-39516.38671875,-9489.3662109375,19002.71484375,-4732.93701171875
3804.923947929,13693.21484375,20462.083984375,-42165.3828125,-10551.0966796875,-39532.3671875,-9592.9443359375,18964.203125,-4714.63134765625
3804.924357091,13619.9013671875,20397.21875,-42106.21484375,-10592.7373046875,-39570.9921875,-9624.28125,18920.9296875,-4759.4462890625
3804.924723952,13576.3154296875,20377.19140625,-41804.265625,-10544.234375,-39556.53125,-9510.1083984375,18959.197265625,-4783.474609375
3804.9249041,13618.0458984375,20418.966796875,-41754.37890625,-10507.689453125,-39531.2265625,-9456.5087890625,18999.2734375,-4754.59619140625
3804.925083883,13659.8212890625,20446.16796875,-41907.98046875,-10523.291015625,-39527.40625,-9493.880859375,18999.2734375,-4728.109375
3804.925263302,13683.0,20456.115234375,-42160.57421875,-10560.5732421875,-39532.14453125,-9586.9541015625,18969.12109375,-4704.95263671875
3804.92544345,13614.2685546875,20411.2109375,-42089.49609375,-10578.8349609375,-39552.53125,-9603.2255859375,18943.169921875,-4741.453125
3804.925690334,13575.689453125,20403.833984375,-41781.24609375,-10520.2734375,-39532.27734375,-9479.53125,18993.640625,-4755.93701171875
3804.925870117,13612.7939453125,20431.841796875,-41731.6015625,-10481.6044921875,-39501.3203125,-9419.94140625,19038.455078125,-4725.13623046875
3804.926049901,13661.810546875,20466.552734375,-41883.48046875,-10485.001953125,-39496.0234375,-9463.52734375,19028.330078125,-4709.3115234375
3804.926228955,13693.7294921875,20484.994140625,-42143.4765625,-10520.138671875,-39507.3125,-9571.0615234375,18980.85546875,-4704.39404296875
3804.926408738,13616.212890625,20415.033203125,-42099.84765625,-10578.3876953125,-39558.20703125,-9612.1669921875,18933.42578125,-4756.80908203125
3804.926688077,13571.7783203125,20389.171875,-41809.5625,-10545.4189453125,-39563.79296875,-9514.154296875,18961.052734375,-4784.32373046875
3804.927118391,13612.63671875,20422.029296875,-41765.62109375,-10515.958984375,-39549.7578125,-9471.9091796875,18991.25,-4773.013671875
3804.927518436,13663.30859375,20464.072265625,-41908.1796875,-10508.359375,-39526.421875,-9501.7041015625,18984.677734375,-4747.37646484375
3804.927930881,13689.5048828125,20477.685546875,-42163.8828125,-10546.15625,-39527.98828125,-9594.3076171875,18944.935546875,-4727.72900390625
3804.928249969,13613.486328125,20419.302734375,-42104.78515625,-10584.04296875,-39561.89453125,-9618.1123046875,18904.904296875,-4772.41015625
3804.928440328,13572.7841796875,20391.474609375,-41803.57421875,-10542.177734375,-39553.01953125,-9505.3251953125,18953.4296875,-4785.35205078125
3804.92863324,13616.548828125,20431.73046875,-41740.8984375,-10490.2998046875,-39512.609375,-9438.26953125,19012.68359375,-4741.31884765625
3804.92882287,13667.4208984375,20477.439453125,-41877.4921875,-10477.1123046875,-39486.7265625,-9460.6220703125,19020.75390625,-4710.54052734375
3804.929012864,13691.29296875,20477.283203125,-42140.390625,-10527.470703125,-39502.88671875,-9562.9033203125,18986.689453125,-4700.125
3804.9292014,13617.8671875,20411.568359375,-42086.58984375,-10568.0390625,-39536.59375,-9586.8642578125,18950.724609375,-4737.4970703125
3804.929390665,13579.109375,20390.400390625,-41790.0078125,-10525.7490234375,-39531.33984375,-9479.28515625,18990.712890625,-4760.94384765625
3804.929614938,13610.7373046875,20431.23828125,-41745.7265625,-10490.2099609375,-39514.10546875,-9435.341796875,19026.833984375,-4746.41552734375
3804.930013525,13653.1611328125,20458.08203125,-41903.015625,-10504.42578125,-39513.234375,-9477.609375,19015.322265625,-4729.919921875
3804.930305992,13672.5625,20463.177734375,-42168.12890625,-10551.8564453125,-39529.26171875,-9582.8857421875,18964.650390625,-4717.4697265625
3804.930494528,13608.8818359375,20412.595703125,-42107.35546875,-10579.5947265625,-39553.87109375,-9604.9697265625,18935.458984375,-4748.248046875
3804.93078736,13565.921875,20395.05078125,-41807.53125,-10534.466796875,-39544.68359375,-9492.16015625,18975.916015625,-4772.11962890625
3804.930976625,13601.55078125,20425.962890625,-41760.7265625,-10501.095703125,-39522.9140625,-9443.298828125,19014.31640625,-4751.869140625
3804.931165525,13654.009765625,20462.59765625,-41905.3203125,-10499.93359375,-39507.24609375,-9474.994140625,19013.220703125,-4720.93408203125
3804.93135479,13680.384765625,20470.130859375,-42168.82421875,-10548.6826171875,-39521.50390625,-9580.806640625,18967.779296875,-4711.14404296875
3804.931580158,13614.291015625,20407.27734375,-42117.703125,-10596.08984375,-39561.9609375,-9612.6806640625,18928.6875,-4749.32080078125
3804.931912739,13571.4208984375,20385.416015625,-41818.125,-10552.1240234375,-39554.0703125,-9503.0673828125,18967.04296875,-4770.97998046875
3804.932223805,13604.232421875,20421.626953125,-41765.375,-10504.515625,-39524.41015625,-9450.853515625,18999.2734375,-4761.4130859375
3804.932432033,13656.4912109375,20454.21484375,-41910.234375,-10510.9970703125,-39519.3359375,-9488.7177734375,18994.9140625,-4734.94873046875
3804.932659224,13687.7392578125,20474.623046875,-42161.046875,-10540.9931640625,-39525.015625,-9585.58984375,18953.228515625,-4716.57568359375
3804.932854323,13615.54296875,20412.640625,-42107.4921875,-10579.37109375,-39556.30859375,-9613.3291015625,18911.318359375,-4768.16357421875
3804.933049788,13570.2353515625,20385.55078125,-41808.24609375,-10539.9873046875,-39546.2265625,-9501.01171875,18960.806640625,-4785.10595703125
3804.933244158,13603.919921875,20422.72265625,-41754.1328125,-10501.7216796875,-39517.90625,-9442.78515625,19004.83984375,-4756.56298828125
3804.933438529,13650.6796875,20452.203125,-41900.71484375,-10508.8291015625,-39508.18359375,-9474.994140625,19011.634765625,-4720.4423828125
3804.933698905,13684.5654296875,20471.001953125,-42153.9609375,-10541.015625,-39507.3125,-9563.9091796875,18983.8515625,-4697.8671875
3804.934082176,13612.97265625,20410.853515625,-42104.02734375,-10575.080078125,-39542.2265625,-9597.1015625,18942.611328125,-4744.53759765625
3804.934298791,13566.369140625,20379.26953125,-41812.0234375,-10545.150390625,-39546.09375,-9496.1611328125,18976.2734375,-4770.71142578125
3804.934487327,13600.65625,20411.904296875,-41759.921875,-10510.8408203125,-39522.33203125,-9443.1875,19015.58984375,-4746.72802734375
3804.934680603,13652.19921875,20457.0546875,-41896.6015625,-10496.1552734375,-39497.8359375,-9468.400390625,19021.513671875,-4712.79833984375
3804.934869503,13683.3359375,20470.93359375,-42156.6875,-10533.7509765625,-39510.8203125,-9574.458984375,18977.837890625,-4717.35791015625
3804.935059133,13612.5029296875,20400.861328125,-42115.60546875,-10585.65234375,-39555.34765625,-9612.94921875,18929.0,-4765.59326171875
3804.935248398,13574.974609375,20376.54296875,-41819.30859375,-10551.7666015625,-39555.75,-9512.4111328125,18963.01953125,-4786.201171875
3804.935437298,13607.8310546875,20408.841796875,-41771.38671875,-10523.4697265625,-39539.0078125,-9465.4716796875,18996.033203125,-4765.39208984375
3804.935684546,13654.30078125,20449.744140625,-41911.28515625,-10515.4677734375,-39516.5859375,-9493.5458984375,18994.84765625,-4738.0556640625
3804.936055053,13680.5859375,20459.69140625,-42172.2421875,-10557.6455078125,-39528.32421875,-9596.1845703125,18951.015625,-4724.33154296875
3804.93642629,13607.8310546875,20392.234375,-42130.71484375,-10606.8857421875,-39571.9296875,-9635.748046875,18903.294921875,-4772.455078125
3804.936765435,13568.2685546875,20368.49609375,-41831.22265625,-10567.63671875,-39567.88671875,-9525.0615234375,18945.96484375,-4790.0458984375
3804.936963817,13607.7646484375,20401.77734375,-41778.203125,-10522.486328125,-39541.46484375,-9465.494140625,18982.041015625,-4769.90673828125
3804.937159646,13657.384765625,20433.09375,-41928.05078125,-10529.1025390625,-39533.640625,-9501.81640625,18975.580078125,-4742.97314453125
3804.937355111,13663.1748046875,20434.14453125,-42203.4453125,-10584.6015625,-39559.45703125,-9620.8837890625,18925.423828125,-4744.0234375
3804.937554951,13593.99609375,20377.794921875,-42151.65625,-10616.3857421875,-39587.265625,-9650.6337890625,18890.978515625,-4790.0908203125
3804.937750051,13557.6962890625,20355.98046875,-41846.33203125,-10565.9150390625,-39575.37109375,-9539.970703125,18932.5078125,-4821.2265625
3804.937945151,13592.54296875,20388.9921875,-41792.0625,-10527.7607421875,-39551.27734375,-9485.72265625,18973.703125,-4795.611328125
3804.938139886,13638.2744140625,20426.185546875,-41931.24609375,-10529.9072265625,-39535.96484375,-9513.39453125,18973.748046875,-4750.2822265625
3804.938334256,13671.1767578125,20444.73828125,-42182.32421875,-10568.7763671875,-39534.2890625,-9597.9736328125,18949.09375,-4726.58935546875
3804.938548319,13597.3935546875,20386.19921875,-42134.19921875,-10606.3271484375,-39567.39453125,-9625.7119140625,18914.984375,-4767.91748046875
3804.938887464,13556.869140625,20366.775390625,-41826.3515625,-10553.64453125,-39551.6796875,-9506.2412109375,18967.287109375,-4773.55029296875
3804.939252137,13591.73828125,20403.56640625,-41766.24609375,-10512.4501953125,-39521.73046875,-9443.857421875,19015.166015625,-4737.60888671875
3804.939462188,13645.986328125,20446.482421875,-41904.1796875,-10507.4658203125,-39507.578125,-9475.10546875,19014.205078125,-4714.96630859375
3804.939697766,13667.197265625,20450.951171875,-42171.19140625,-10558.94140625,-39522.62109375,-9579.1083984375,18972.673828125,-4705.5341796875
3804.939891772,13596.9912109375,20386.578125,-42131.71875,-10604.337890625,-39558.69921875,-9612.94921875,18932.3515625,-4753.14306640625
3804.940085413,13564.8486328125,20371.826171875,-41825.30078125,-10553.5546875,-39545.7109375,-9497.1669921875,18975.982421875,-4774.10888671875
3804.940279783,13603.40625,20418.18359375,-41762.9140625,-10496.8037109375,-39514.0625,-9440.8623046875,19015.65625,-4750.6171875
3804.940473789,13653.5859375,20452.203125,-41911.01953125,-10506.080078125,-39510.5546875,-9478.615234375,19010.2265625,-4722.07421875
3804.940781208,13682.7763671875,20460.763671875,-42177.00390625,-10558.271484375,-39526.35546875,-9580.2705078125,18967.265625,-4708.283203125
3804.941118165,13612.078125,20395.474609375,-42136.1015625,-10601.9013671875,-39562.2734375,-9618.291015625,18921.556640625,-4754.640625
3804.9413129,13570.4365234375,20370.865234375,-41834.1953125,-10557.5556640625,-39555.0546875,-9514.154296875,18961.052734375,-4780.2783203125
3804.941512012,13607.8759765625,20401.576171875,-41781.0859375,-10528.9677734375,-39539.7890625,-9465.4052734375,18997.015625,-4761.6591796875
3804.941743943,13651.126953125,20433.71875,-41924.51953125,-10537.953125,-39534.46875,-9500.9892578125,18995.451171875,-4730.6572265625
3804.94193722,13680.8095703125,20453.365234375,-42176.84765625,-10561.4453125,-39531.78515625,-9596.4306640625,18959.28515625,-4723.03515625
3804.942130861,13612.7265625,20396.033203125,-42135.87890625,-10601.3203125,-39571.41796875,-9634.138671875,18910.447265625,-4782.2001953125
3804.942326325,13571.2197265625,20362.70703125,-41840.65625,-10573.0234375,-39575.4609375,-9531.96875,18946.947265625,-4801.95947265625
3804.942541117,13597.03515625,20393.708984375,-41786.96484375,-10538.4228515625,-39550.6953125,-9479.84375,18978.263671875,-4779.98779296875
3804.942779248,13643.19140625,20431.685546875,-41929.99609375,-10534.6455078125,-39540.70703125,-9520.3232421875,18968.5625,-4767.4482421875
3804.943056399,13679.916015625,20447.666015625,-42183.7109375,-10571.7939453125,-39544.4140625,-9612.345703125,18938.611328125,-4746.9072265625
3804.94333428,13606.7138671875,20384.634765625,-42144.19140625,-10616.8330078125,-39578.61328125,-9641.7822265625,18902.35546875,-4777.39501953125
3804.943620912,13561.853515625,20360.2265625,-41841.21484375,-10572.5537109375,-39569.046875,-9526.8056640625,18954.033203125,-4781.8876953125
3804.943815647,13594.755859375,20395.921875,-41780.86328125,-10527.828125,-39539.1640625,-9467.0146484375,18995.65234375,-4762.0615234375
3804.944010382,13642.7001953125,20424.8671875,-41924.85546875,-10536.9921875,-39529.5078125,-9500.20703125,18990.556640625,-4734.0322265625
3804.944204753,13668.44921875,20438.123046875,-42183.21875,-10575.080078125,-39535.25,-9599.8955078125,18949.40625,-4722.34228515625
3804.944399853,13598.376953125,20383.830078125,-42140.125,-10607.3779296875,-39565.76171875,-9631.8134765625,18910.15625,-4768.6103515625
