#3761.239854174,14585.0498046875,21466.03515625,-40903.3359375,-9750.0322265625,-39484.53515625,-8649.9462890625,19883.53125,-4368.13427734375
3761.240045992,14638.8505859375,21491.626953125,-41162.2109375,-9776.876953125,-39482.90234375,-8736.6708984375,19851.232421875,-4343.63671875
3761.240237445,14593.7666015625,21451.7734375,-41307.296875,-9838.34375,-39519.58203125,-8833.587890625,19784.669921875,-4381.54541015625
3761.240455154,14500.7392578125,21390.798828125,-41019.71875,-9826.51953125,-39536.078125,-8758.330078125,19789.654296875,-4430.49560546875
3761.240884739,14514.015625,21411.271484375,-40828.3671875,-9768.5390625,-39504.62890625,-8646.794921875,19859.546875,-4408.12158203125
3761.241292078,14574.611328125,21462.234375,-40905.03515625,-9742.208984375,-39472.59765625,-8629.2490234375,19893.767578125,-4355.0361328125
3761.241647998,14627.2275390625,21503.115234375,-41159.39453125,-9750.1435546875,-39452.68359375,-8706.09375,19873.62890625,-4332.95263671875
3761.241838357,14599.8916015625,21473.0078125,-41304.59375,-9807.140625,-39486.5703125,-8801.6923828125,19816.876953125,-4361.853515625
3761.242028351,14512.33984375,21400.923828125,-41021.8203125,-9819.478515625,-39517.97265625,-8736.0009765625,19826.533203125,-4401.70654296875
3761.242218346,14520.9453125,21433.2890625,-40814.48828125,-9742.701171875,-39480.3125,-8625.515625,19882.32421875,-4386.8876953125
3761.242411257,14585.6533203125,21485.748046875,-40879.28515625,-9709.75390625,-39450.89453125,-8615.94921875,19905.703125,-4349.56005859375
3761.242601252,14640.0126953125,21508.615234375,-41139.19140625,-9751.7978515625,-39454.2265625,-8701.1767578125,19887.8671875,-4317.82080078125
3761.242791246,14603.1318359375,21479.37890625,-41288.90234375,-9811.208984375,-39491.26171875,-8801.9384765625,19823.2265625,-4359.75244140625
3761.242980511,14510.4169921875,21415.67578125,-41002.8671875,-9803.408203125,-39511.46875,-8723.39453125,19823.6953125,-4397.28125
3761.243170505,14522.0400390625,21432.55078125,-40802.796875,-9746.2099609375,-39483.375,-8622.4541015625,19879.126953125,-4387.625
3761.2433605,14569.7607421875,21464.111328125,-40889.51953125,-9740.041015625,-39473.203125,-8636.3115234375,19888.158203125,-4367.39697265625
3761.24364385,14623.2041015625,21501.015625,-41143.078125,-9766.7734375,-39469.828125,-8712.0166015625,19867.302734375,-4342.98876953125
3761.244030768,14598.125,21460.8046875,-41292.3671875,-9825.0,-39500.29296875,-8806.85546875,19818.576171875,-4344.6650390625
3761.244418779,14517.1455078125,21400.4765625,-41009.640625,-9818.517578125,-39522.9140625,-8740.7841796875,19820.052734375,-4401.17041015625
3761.244738597,14519.6484375,21420.681640625,-40812.296875,-9761.029296875,-39495.77734375,-8634.1884765625,19876.177734375,-4409.30615234375
3761.244932603,14570.54296875,21461.564453125,-40884.15625,-9731.7705078125,-39463.97265625,-8625.806640625,19893.365234375,-4376.60546875
3761.245126973,14617.3037109375,21492.96875,-41137.15625,-9757.921875,-39463.078125,-8712.6201171875,19865.6484375,-4338.0712890625
3761.245322073,14583.8203125,21463.642578125,-41291.00390625,-9818.919921875,-39496.47265625,-8810.4091796875,19807.556640625,-4364.87109375
3761.245565674,14505.90234375,21408.34375,-41007.89453125,-9810.9853515625,-39517.66015625,-8739.21875,19811.513671875,-4413.2177734375
3761.245755668,14523.626953125,21436.642578125,-40805.03125,-9748.087890625,-39488.71484375,-8628.5107421875,19882.681640625,-4390.55322265625
3761.245945663,14574.857421875,21476.13671875,-40885.8125,-9736.263671875,-39474.92578125,-8629.830078125,19895.265625,-4355.416015625
3761.246135292,14634.201171875,21505.931640625,-41130.36328125,-9754.6591796875,-39458.98828125,-8703.5908203125,19874.5234375,-4318.87109375
3761.246323828,14599.3544921875,21461.20703125,-41288.38671875,-9814.9638671875,-39494.63671875,-8808.2861328125,19816.095703125,-4354.6337890625
3761.246700535,14502.7724609375,21393.837890625,-41014.53515625,-9818.5849609375,-39524.0078125,-8744.650390625,19809.234375,-4415.72119140625
3761.247074688,14507.6455078125,21404.791015625,-40813.03515625,-9765.7001953125,-39499.890625,-8639.7314453125,19853.802734375,-4414.35791015625
3761.247413469,14558.294921875,21445.11328125,-40885.4296875,-9752.1103515625,-39480.0859375,-8632.154296875,19881.630859375,-4376.78466796875
3761.247607475,14617.03515625,21487.134765625,-41123.9921875,-9769.791015625,-39465.1796875,-8694.806640625,19878.61328125,-4336.14892578125
3761.247802939,14595.5771484375,21461.408203125,-41274.93359375,-9813.9580078125,-39491.2421875,-8799.94921875,19821.302734375,-4350.2529296875
3761.247998404,14508.115234375,21400.65625,-40999.04296875,-9812.3037109375,-39520.09765625,-8742.2587890625,19811.759765625,-4403.6513671875
3761.248193503,14522.576171875,21410.19921875,-40793.09765625,-9765.4990234375,-39495.9140625,-8630.0087890625,19868.98046875,-4401.0810546875
3761.248392615,14574.1865234375,21461.138671875,-40851.3203125,-9727.6357421875,-39460.4609375,-8612.6640625,19892.650390625,-4368.6259765625
3761.248586985,14627.00390625,21506.3125,-41087.87109375,-9736.8447265625,-39452.4140625,-8694.203125,19873.673828125,-4323.095703125
3761.248781355,14599.7568359375,21476.025390625,-41249.2734375,-9797.9990234375,-39486.6796875,-8791.0751953125,19815.89453125,-4351.52685546875
3761.24902131,14511.2666015625,21413.150390625,-40975.8671875,-9795.16015625,-39504.71875,-8716.599609375,19819.73828125,-4397.12451171875
3761.249219692,14516.318359375,21424.146484375,-40766.5859375,-9740.2646484375,-39478.34375,-8607.5,19880.625,-4387.91552734375
3761.249535498,14574.365234375,21456.580078125,-40840.1015625,-9733.3798828125,-39466.85546875,-8614.49609375,19901.45703125,-4361.4287109375
3761.24982286,14630.46875,21498.869140625,-41079.53515625,-9743.70703125,-39455.61328125,-8689.486328125,19885.876953125,-4333.869140625
3761.250099646,14599.9140625,21472.181640625,-41242.38671875,-9795.6748046875,-39485.05078125,-8784.615234375,19822.912109375,-4355.70703125
3761.250709379,14507.6455078125,21407.71875,-40977.3203125,-9810.716796875,-39519.26953125,-8729.787109375,19805.5234375,-4414.2236328125
3761.251193664,14512.607421875,21415.5859375,-40768.91015625,-9763.7333984375,-39499.578125,-8625.359375,19862.51953125,-4408.09912109375
3761.252207088,14574.09765625,21464.603515625,-40821.34765625,-9722.9189453125,-39459.7265625,-8606.2265625,19895.869140625,-4357.56201171875
3761.252941538,14627.3388671875,21500.388671875,-41064.15625,-9741.9404296875,-39448.83984375,-8676.03125,19880.55859375,-4327.81201171875
3761.25359722,14605.099609375,21471.3984375,-41244.421875,-9810.203125,-39487.53125,-8789.533203125,19813.033203125,-4352.6220703125
3761.253857596,14522.3310546875,21411.607421875,-40986.8203125,-9809.3310546875,-39514.80078125,-8737.0732421875,19800.896484375,-4413.75439453125
3761.254057801,14521.861328125,21419.318359375,-40773.359375,-9758.5927734375,-39490.75,-8624.7783203125,19860.77734375,-4403.11474609375
3761.254255089,14571.9736328125,21451.70703125,-40832.5703125,-9740.48828125,-39473.47265625,-8614.7421875,19888.828125,-4369.453125
3761.254517653,14624.142578125,21497.998046875,-41064.6015625,-9748.35546875,-39458.7421875,-8686.6923828125,19875.57421875,-4337.37841796875
3761.254716764,14599.130859375,21474.595703125,-41232.9765625,-9803.05078125,-39487.53125,-8784.3701171875,19829.08203125,-4353.0244140625
3761.254913687,14509.1650390625,21398.21875,-40971.88671875,-9817.8701171875,-39519.42578125,-8723.6845703125,19828.34375,-4410.51318359375
3761.255109516,14516.2060546875,21411.25,-40752.05859375,-9754.279296875,-39490.48046875,-8616.2841796875,19862.453125,-4385.72509765625
3761.255304981,14567.9287109375,21462.837890625,-40812.25,-9722.673828125,-39464.0625,-8610.9423828125,19880.669921875,-4367.70947265625
3761.255604012,14617.9072265625,21498.6015625,-41060.51171875,-9754.5693359375,-39465.11328125,-8687.966796875,19861.267578125,-4339.6357421875
3761.255835579,14593.3203125,21463.84375,-41243.1484375,-9834.7451171875,-39507.6484375,-8793.1318359375,19797.1640625,-4354.6787109375
3761.256031773,14514.3291015625,21401.080078125,-40970.58984375,-9817.310546875,-39519.6484375,-8734.1904296875,19795.263671875,-4411.13916015625
3761.256418325,14525.125,21420.19140625,-40749.44140625,-9742.9462890625,-39488.3359375,-8625.8515625,19851.8359375,-4413.0390625
3761.256614519,14572.734375,21448.46484375,-40820.8359375,-9733.1123046875,-39468.7109375,-8617.357421875,19870.9921875,-4375.3984375
3761.256809984,14618.3984375,21498.33203125,-41060.9375,-9748.51171875,-39454.31640625,-8686.7822265625,19862.453125,-4336.12646484375
3761.257005448,14600.0029296875,21476.62890625,-41252.78125,-9820.529296875,-39496.96484375,-8799.7919921875,19810.0390625,-4355.505859375
3761.257200183,14513.5908203125,21386.439453125,-41001.97265625,-9835.9296875,-39534.4453125,-8753.14453125,19800.91796875,-4400.96923828125
3761.257428833,14518.642578125,21407.47265625,-40769.40234375,-9758.861328125,-39491.41796875,-8629.8740234375,19853.19921875,-4395.51513671875
3761.257623568,14568.263671875,21457.875,-40825.6640625,-9730.474609375,-39463.94921875,-8613.021484375,19878.994140625,-4350.36474609375
3761.257819032,14626.6015625,21502.580078125,-41065.67578125,-9752.46875,-39459.0546875,-8683.8310546875,19862.162109375,-4326.38134765625
3761.258014497,14604.6748046875,21490.599609375,-41241.94140625,-9803.8994140625,-39487.1953125,-8788.080078125,19806.171875,-4358.76904296875
3761.258209961,14517.7490234375,21417.53125,-40981.5,-9807.69921875,-39515.625,-8730.501953125,19799.890625,-4416.12353515625
3761.258455386,14527.9853515625,21417.8671875,-40756.75390625,-9758.7490234375,-39494.70703125,-8619.056640625,19855.61328125,-4399.58349609375
3761.258747853,14571.34765625,21462.771484375,-40810.91015625,-9734.7880859375,-39472.0390625,-8612.3056640625,19881.966796875,-4357.62890625
3761.258946964,14627.2724609375,21509.173828125,-41040.91015625,-9743.8857421875,-39458.2734375,-8680.0537109375,19871.953125,-4330.1142578125
3761.259143523,14606.775390625,21488.498046875,-41215.05078125,-9788.1865234375,-39475.3046875,-8770.7578125,19826.220703125,-4348.37548828125
3761.706412801,14515.982421875,21419.810546875,-40960.5546875,-9799.474609375,-39506.93359375,-8724.1318359375,19819.08984375,-4393.92822265625
3761.706612641,14519.201171875,21426.583984375,-40729.99609375,-9741.44921875,-39478.6328125,-8604.4384765625,19878.166015625,-4392.4306640625
3761.706806282,14566.4306640625,21458.45703125,-40792.1796875,-9731.1220703125,-39464.62109375,-8597.419921875,19895.154296875,-4360.93701171875
3761.706995183,14633.8212890625,21507.787109375,-41018.6015625,-9740.3095703125,-39448.68359375,-8662.8876953125,19893.96875,-4322.96142578125
3761.707183718,14617.1240234375,21490.375,-41202.19921875,-9790.98046875,-39473.76171875,-8765.8623046875,19834.1328125,-4343.74853515625
3761.707371524,14510.73046875,21408.298828125,-40958.1875,-9807.990234375,-39510.53125,-8716.0400390625,19818.263671875,-4394.822265625
3761.707559331,14519.5810546875,21421.173828125,-40727.203125,-9750.5908203125,-39482.27734375,-8598.58203125,19880.04296875,-4382.50634765625
3761.707871126,14575.818359375,21475.533203125,-40773.875,-9718.248046875,-39450.1796875,-8585.8857421875,19906.41796875,-4340.73095703125
3761.708344106,14622.4892578125,21505.841796875,-41008.61328125,-9735.458984375,-39442.42578125,-8657.3671875,19890.056640625,-4305.83984375
3761.708644961,14599.8916015625,21473.74609375,-41207.09375,-9801.8212890625,-39481.4296875,-8770.0869140625,19824.298828125,-4340.97705078125
3761.708987023,14514.9990234375,21408.34375,-40960.3984375,-9815.791015625,-39516.41015625,-8723.0810546875,19813.94921875,-4396.6103515625
3761.7091741,14521.8837890625,21429.17578125,-40718.0390625,-9743.8857421875,-39474.56640625,-8592.6591796875,19882.546875,-4376.35986328125
3761.709360813,14575.7958984375,21482.41796875,-40762.33984375,-9703.00390625,-39438.8046875,-8573.01171875,19911.26953125,-4343.837890625
3761.70954716,14629.6640625,21524.685546875,-41001.9296875,-9727.6357421875,-39440.390625,-8654.0146484375,19889.23046875,-4317.4853515625
3761.709918397,14607.5576171875,21501.126953125,-41202.2890625,-9792.9697265625,-39475.9296875,-8763.873046875,19831.048828125,-4333.265625
3761.710273588,14518.9560546875,21414.40234375,-40956.6640625,-9799.384765625,-39504.60546875,-8715.302734375,19813.8828125,-4401.32666015625
3761.710459935,14527.7841796875,21424.638671875,-40721.2109375,-9743.103515625,-39481.8984375,-8605.17578125,19867.52734375,-4402.08642578125
3761.710702078,14578.0986328125,21468.26953125,-40767.0546875,-9714.8505859375,-39451.96875,-8585.349609375,19899.37890625,-4361.697265625
3761.710905565,14626.3330078125,21502.19921875,-41001.97265625,-9738.4091796875,-39446.60546875,-8659.6025390625,19874.724609375,-4341.96044921875
3761.711096289,14612.900390625,21480.33984375,-41194.62109375,-9798.580078125,-39475.81640625,-8768.455078125,19819.42578125,-4354.2763671875
3761.711285918,14519.0673828125,21412.748046875,-40948.70703125,-9809.6884765625,-39506.88671875,-8722.791015625,19814.62109375,-4400.52197265625
3761.711474819,14519.1572265625,21427.56640625,-40709.2109375,-9742.052734375,-39476.84765625,-8604.4609375,19874.232421875,-4385.32275390625
3761.711723525,14569.0234375,21460.982421875,-40762.62890625,-9720.6171875,-39456.6171875,-8590.826171875,19888.515625,-4358.9033203125
3761.712084186,14623.583984375,21500.322265625,-40995.58203125,-9738.2978515625,-39451.8125,-8662.0390625,19872.0859375,-4326.73876953125
3761.712441565,14608.8994140625,21474.3046875,-41196.3671875,-9802.6259765625,-39488.9609375,-8771.6513671875,19818.509765625,-4342.51904296875
3761.712659639,14522.509765625,21399.58203125,-40957.08984375,-9815.791015625,-39522.77734375,-8725.9423828125,19809.994140625,-4403.18212890625
3761.712848175,14527.6728515625,21422.314453125,-40711.84765625,-9745.8525390625,-39490.546875,-8609.0205078125,19868.2421875,-4392.810546875
3761.713035981,14574.7236328125,21462.837890625,-40757.95703125,-9717.1298828125,-39460.015625,-8585.7294921875,19893.25390625,-4364.93798828125
3761.713224517,14630.6474609375,21507.005859375,-40988.16015625,-9738.4541015625,-39449.8671875,-8654.193359375,19874.412109375,-4341.80419921875
3761.713413053,14618.5771484375,21482.396484375,-41188.25390625,-9798.22265625,-39481.65234375,-8764.365234375,19816.1171875,-4346.72119140625
3761.713632221,14521.3916015625,21406.578125,-40951.16796875,-9810.8291015625,-39511.984375,-8713.7607421875,19812.2734375,-4396.4541015625
3761.714024608,14507.66796875,21416.525390625,-40714.3515625,-9754.1005859375,-39488.06640625,-8593.9326171875,19875.595703125,-4384.8310546875
3761.714335309,14552.6171875,21459.171875,-40764.93359375,-9728.216796875,-39467.50390625,-8585.505859375,19906.0390625,-4341.53564453125
3761.714525304,14613.0341796875,21493.482421875,-40993.703125,-9749.6748046875,-39460.55078125,-8655.0205078125,19890.548828125,-4310.33251953125
3761.714744836,14610.59765625,21474.6171875,-41198.109375,-9804.9501953125,-39489.3203125,-8763.26953125,19831.98828125,-4330.2255859375
3761.714933737,14523.5595703125,21406.556640625,-40960.0625,-9806.9619140625,-39518.82421875,-8720.890625,19816.2734375,-4393.50341796875
3761.715122637,14516.4072265625,21410.826171875,-40719.4453125,-9758.66015625,-39502.88671875,-8611.3671875,19866.96875,-4394.4873046875
3761.715312267,14578.9921875,21452.623046875,-40756.953125,-9728.619140625,-39471.90625,-8587.2939453125,19895.01953125,-4366.8603515625
3761.715501167,14632.8154296875,21496.6328125,-40978.4375,-9737.73828125,-39458.046875,-8652.0029296875,19879.484375,-4320.16748046875
3761.715864381,14598.7734375,21470.056640625,-41191.78515625,-9804.7265625,-39496.2265625,-8769.259765625,19815.693359375,-4331.38818359375
3761.716256039,14503.1083984375,21396.654296875,-40962.61328125,-9820.8203125,-39530.04296875,-8726.92578125,19799.64453125,-4400.1865234375
3761.716648791,14514.5966796875,21411.00390625,-40708.60546875,-9751.373046875,-39497.69921875,-8603.0302734375,19855.724609375,-4397.0126953125
3761.716840244,14566.0732421875,21463.173828125,-40746.40234375,-9722.13671875,-39473.203125,-8589.484375,19882.033203125,-4362.4794921875
3761.717030239,14607.8486328125,21500.76953125,-40975.91015625,-9743.505859375,-39471.6171875,-8665.078125,19866.54296875,-4338.58544921875
3761.717219868,14599.130859375,21482.91015625,-41179.4921875,-9797.373046875,-39495.01953125,-8767.1591796875,19816.140625,-4354.455078125
3761.717410227,14528.208984375,21410.154296875,-40943.703125,-9808.0126953125,-39520.25390625,-8722.5,19813.771484375,-4409.015625
3761.717614808,14524.029296875,21414.849609375,-40694.8828125,-9745.13671875,-39496.3359375,-8603.119140625,19865.1796875,-4405.95361328125
3761.7180309,14573.8515625,21464.513671875,-40733.21484375,-9720.6396484375,-39471.4375,-8582.3994140625,19888.962890625,-4364.8935546875
3761.718405418,14620.611328125,21492.744140625,-40957.42578125,-9739.5712890625,-39462.62890625,-8648.0908203125,19874.701171875,-4333.80224609375
3761.718623492,14607.78125,21468.044921875,-41165.453125,-9793.484375,-39484.2890625,-8750.998046875,19824.90234375,-4340.41796875
3761.718812393,14513.703125,21405.505859375,-40939.76953125,-9802.55859375,-39514.64453125,-8710.2958984375,19818.197265625,-4390.6875
3761.719003116,14512.5634765625,21412.837890625,-40692.421875,-9745.0478515625,-39492.08984375,-8591.0498046875,19873.025390625,-4383.78076171875
3761.719193111,14566.6318359375,21446.85546875,-40738.0,-9724.9091796875,-39470.5,-8576.275390625,19892.248046875,-4354.8349609375
3761.71938347,14612.8330078125,21485.837890625,-40962.8359375,-9734.609375,-39455.12109375,-8636.580078125,19874.322265625,-4345.08984375
3761.719573099,14596.404296875,21472.068359375,-41182.953125,-9797.4404296875,-39489.87890625,-8758.3525390625,19818.6875,-4353.20361328125
3761.720002683,14513.814453125,21399.359375,-40963.05859375,-9813.98046875,-39521.16796875,-8722.2314453125,19811.0,-4384.49560546875
3761.720404917,14513.9267578125,21404.43359375,-40717.0546875,-9757.0283203125,-39495.6875,-8599.4755859375,19872.265625,-4387.021484375
3761.720672951,14560.57421875,21448.912109375,-40759.546875,-9733.9384765625,-39476.95703125,-8586.84765625,19900.09375,-4357.271484375
3761.720868416,14620.5888671875,21490.330078125,-40981.5,-9752.982421875,-39474.609375,-8656.4287109375,19884.984375,-4321.35205078125
3761.72106388,14610.3076171875,21467.2421875,-41203.67578125,-9814.9638671875,-39503.82421875,-8766.8232421875,19826.7578125,-4332.97509765625
3761.721258251,14513.2783203125,21397.19140625,-40996.16015625,-9833.560546875,-39534.671875,-8734.3017578125,19804.31640625,-4388.76513671875
3761.721452986,14508.71875,21411.919921875,-40741.15234375,-9758.1015625,-39501.94921875,-8615.748046875,19862.296875,-4392.005859375
3761.721815105,14568.0400390625,21461.564453125,-40770.96875,-9724.685546875,-39473.29296875,-8592.4580078125,19896.94140625,-4357.427734375
3761.722111949,14614.93359375,21493.169921875,-40993.390625,-9747.349609375,-39473.31640625,-8661.6806640625,19881.7421875,-4336.37255859375
3761.722302673,14601.6796875,21484.228515625,-41209.3515625,-9797.1494140625,-39494.16796875,-8768.0751953125,19819.650390625,-4348.55419921875
3761.722492667,14516.3408203125,21405.841796875,-41000.6328125,-9818.3837890625,-39533.328125,-8747.8466796875,19794.705078125,-4407.74169921875
3761.722711106,14508.71875,21403.0703125,-40752.4375,-9767.734375,-39515.203125,-8634.009765625,19842.224609375,-4406.6689453125
3761.722901829,14557.7802734375,21444.62109375,-40785.69921875,-9742.119140625,-39489.80859375,-8611.859375,19875.037109375,-4370.0791015625
3761.72309073,14617.59375,21489.63671875,-40992.49609375,-9748.84765625,-39473.40234375,-8668.744140625,19872.556640625,-4332.103515625
3761.723280724,14611.6259765625,21468.134765625,-41209.84375,-9810.4931640625,-39499.7578125,-8772.4111328125,19820.54296875,-4337.57958984375
3761.723470354,14516.072265625,21398.419921875,-40994.8203125,-9814.271484375,-39522.5546875,-8739.2412109375,19797.87890625,-4405.283203125
3761.723798923,14513.61328125,21415.162109375,-40734.7578125,-9742.455078125,-39492.8515625,-8620.375,19855.904296875,-4407.0263671875
3761.724112177,14555.2998046875,21449.830078125,-40773.26953125,-9727.6357421875,-39475.125,-8602.203125,19880.580078125,-4377.96923828125
3761.724361978,14614.419921875,21490.6875,-40979.84375,-9736.0400390625,-39456.70703125,-8653.5673828125,19883.240234375,-4328.37060546875
3761.724580781,14602.349609375,21467.912109375,-41204.1875,-9796.568359375,-39485.1171875,-8762.1962890625,19831.83203125,-4337.95947265625
3761.724797761,14516.630859375,21398.732421875,-40999.89453125,-9815.791015625,-39519.3828125,-8728.5576171875,19818.107421875,-4396.4541015625
3761.724987756,14513.5908203125,21415.85546875,-40741.95703125,-9750.2109375,-39487.6875,-8608.2822265625,19878.27734375,-4386.6416015625
3761.725177385,14565.15625,21457.7421875,-40772.265625,-9723.478515625,-39462.765625,-8590.580078125,19895.109375,-4365.16162109375
3761.72536738,14614.5537109375,21488.2734375,-40988.96484375,-9746.2099609375,-39463.16796875,-8657.92578125,19882.681640625,-4339.97119140625
3761.72563979,14604.1376953125,21481.568359375,-41207.85546875,-9800.6591796875,-39487.8203125,-8758.3525390625,19824.41015625,-4334.13720703125
3761.725960702,14516.4072265625,21416.591796875,-40998.84375,-9810.76171875,-39514.53125,-8731.015625,19816.296875,-4365.6083984375
3761.726151061,14510.3056640625,21412.658203125,-40742.78125,-9755.91015625,-39495.0625,-8616.5078125,19879.150390625,-4375.890625
3761.726341055,14556.55078125,21447.416015625,-40777.984375,-9738.4541015625,-39476.17578125,-8594.0673828125,19899.66796875,-4349.4482421875
3761.726546366,14606.91015625,21479.625,-40987.69140625,-9756.24609375,-39466.25,-8651.8017578125,19886.369140625,-4314.13232421875
3761.726750217,14602.193359375,21475.48828125,-41203.18359375,-9797.6416015625,-39482.8359375,-8754.91015625,19838.134765625,-4332.37158203125
3761.726940576,14512.8759765625,21396.07421875,-41009.19140625,-9833.001953125,-39528.234375,-8731.91015625,19813.435546875,-4395.8505859375
3761.727129841,14504.404296875,21394.396484375,-40753.01953125,-9784.23046875,-39514.015625,-8623.34765625,19866.767578125,-4399.69482421875
3761.727319471,14552.505859375,21451.595703125,-40769.40234375,-9728.0380859375,-39471.99609375,-8594.8271484375,19892.650390625,-4371.12939453125
3761.727508371,14602.2158203125,21492.587890625,-40976.9609375,-9734.453125,-39460.41796875,-8660.2724609375,19871.638671875,-4347.6376953125
3761.727833659,14605.568359375,21479.51171875,-41198.19921875,-9790.7568359375,-39483.41796875,-8768.0078125,19814.150390625,-4353.38232421875
3761.7281553,14513.30078125,21407.94140625,-40996.7890625,-9809.0185546875,-39516.74609375,-8740.11328125,19792.0234375,-4403.6064453125
3761.728344565,14507.265625,21424.1015625,-40731.71875,-9744.578125,-39490.30078125,-8611.9482421875,19859.994140625,-4388.4521484375
3761.728552793,14556.328125,21456.625,-40767.50390625,-9728.619140625,-39476.51171875,-8592.3232421875,19896.673828125,-4366.32373046875
3761.728941169,14610.7099609375,21493.83984375,-40978.50390625,-9746.947265625,-39470.54296875,-8657.412109375,19880.55859375,-4332.99755859375
3761.72914101,14608.787109375,21475.19921875,-41204.76953125,-9798.8037109375,-39490.30078125,-8764.6552734375,19820.07421875,-4342.51904296875
3761.729338298,14518.1728515625,21398.173828125,-41015.6953125,-9827.32421875,-39532.45703125,-8746.21484375,19791.10546875,-4396.94580078125
3761.729536315,14513.14453125,21404.43359375,-40750.875,-9769.6572265625,-39510.8671875,-8624.7333984375,19843.38671875,-4390.15087890625
3761.729735061,14561.3125,21448.98046875,-40769.37890625,-9732.4189453125,-39478.546875,-8605.779296875,19878.8359375,-4365.876953125
3761.72993089,14608.6083984375,21481.234375,-40976.78125,-9751.26171875,-39471.55078125,-8670.6220703125,19864.576171875,-4336.1044921875
3761.730127449,14602.8642578125,21472.2265625,-41205.26171875,-9808.75,-39497.76953125,-8774.892578125,19808.47265625,-4342.20654296875
3761.730324007,14520.654296875,21400.65625,-41013.328125,-9829.89453125,-39534.7578125,-8756.3408203125,19791.306640625,-4392.810546875
3761.730540987,14507.82421875,21399.560546875,-40746.40234375,-9768.181640625,-39511.4921875,-8640.15625,19843.029296875,-4408.50146484375
3761.730842936,14549.890625,21438.318359375,-40769.5390625,-9736.4423828125,-39481.78515625,-8609.244140625,19867.66015625,-4388.2060546875
3761.731092737,14607.267578125,21479.400390625,-40975.12890625,-9748.6015625,-39471.66015625,-8663.669921875,19865.515625,-4346.0732421875
3761.731287107,14601.34375,21468.873046875,-41211.2734375,-9808.90625,-39499.46484375,-8775.7421875,19813.79296875,-4342.6533203125
3761.731481842,14522.576171875,21412.724609375,-41014.9375,-9817.8251953125,-39523.8515625,-8744.9189453125,19801.142578125,-4408.814453125
3761.731681318,14510.9091796875,21409.73046875,-40745.7109375,-9763.755859375,-39502.83984375,-8622.2080078125,19854.96484375,-4417.8671875
3761.731876418,14552.9970703125,21441.603515625,-40770.54296875,-9741.158203125,-39483.6171875,-8601.197265625,19881.318359375,-4375.95751953125
3761.732071518,14598.9296875,21469.6328125,-40981.7890625,-9767.265625,-39484.35546875,-8671.5380859375,19860.93359375,-4360.13232421875
3761.732266982,14599.8466796875,21458.814453125,-41212.97265625,-9823.7255859375,-39506.4609375,-8783.9892578125,19794.7265625,-4363.41796875
3761.732462811,14513.5908203125,21397.638671875,-41020.97265625,-9829.6708984375,-39532.8359375,-8762.9345703125,19769.3359375,-4426.47265625
3761.732779347,14503.130859375,21410.7578125,-40741.84375,-9758.3916015625,-39501.546875,-8631.70703125,19837.28515625,-4417.5986328125
3761.733072179,14549.2197265625,21448.376953125,-40759.390625,-9731.7705078125,-39474.5234375,-8595.8994140625,19882.255859375,-4363.12744140625
3761.733269831,14601.7685546875,21480.00390625,-40963.015625,-9752.9375,-39470.96875,-8654.193359375,19873.2265625,-4319.720703125
3761.733466754,14611.4921875,21473.701171875,-41197.08203125,-9810.001953125,-39496.0703125,-8771.6962890625,19823.26953125,-4325.4873046875
3761.733756304,14519.4697265625,21388.8984375,-41023.85546875,-9839.1484375,-39536.4140625,-8757.234375,19793.408203125,-4399.203125
3761.733955051,14511.1103515625,21391.87109375,-40749.2421875,-9778.708984375,-39512.453125,-8629.025390625,19851.65625,-4404.2099609375
3761.734151244,14560.2841796875,21452.466796875,-40755.09765625,-9727.4345703125,-39471.234375,-8590.982421875,19883.552734375,-4364.8935546875
3761.734347438,14616.6103515625,21501.908203125,-40946.5859375,-9724.0146484375,-39449.2421875,-8641.810546875,19871.572265625,-4334.830078125
3761.734545091,14620.6337890625,21493.6171875,-41180.65234375,-9779.1337890625,-39473.26953125,-8748.0927734375,19824.72265625,-4339.16650390625
3762.187317276,14528.701171875,21408.388671875,-41010.46484375,-9818.0263671875,-39521.125,-8744.3154296875,19808.294921875,-4392.96728515625
3762.187517481,14502.7724609375,21399.1796875,-40744.68359375,-9771.19921875,-39507.2890625,-8627.4599609375,19862.453125,-4407.56298828125
3762.18770784,14542.24609375,21451.080078125,-40756.6640625,-9728.171875,-39474.23046875,-8597.6875,19883.306640625,-4379.1982421875
3762.187895646,14604.4287109375,21487.89453125,-40948.88671875,-9730.138671875,-39457.69140625,-8648.5380859375,19873.2265625,-4334.36083984375
3762.188261048,14602.685546875,21471.17578125,-41190.77734375,-9793.3720703125,-39482.703125,-8759.1123046875,19821.302734375,-4335.9033203125
3762.188667658,14519.5595703125,21403.78515625,-41018.265625,-9817.5341796875,-39515.3359375,-8741.7900390625,19796.158203125,-4395.51513671875
3762.188855099,14502.3486328125,21400.767578125,-40745.0625,-9762.8623046875,-39495.82421875,-8621.1123046875,19848.662109375,-4401.50537109375
3762.189076456,14540.3681640625,21430.205078125,-40765.3359375,-9745.94140625,-39481.5390625,-8597.978515625,19880.423828125,-4380.89697265625
3762.189263897,14601.2998046875,21483.892578125,-40951.90625,-9744.66796875,-39463.32421875,-8644.984375,19883.955078125,-4343.3017578125
3762.18945061,14614.1962890625,21487.9609375,-41178.93359375,-9783.224609375,-39472.82421875,-8744.6728515625,19838.783203125,-4328.12451171875
3762.189638781,14520.5869140625,21402.623046875,-41018.04296875,-9820.26171875,-39515.625,-8742.0576171875,19804.0703125,-4376.73974609375
3762.189826587,14500.42578125,21400.9453125,-40739.921875,-9759.375,-39493.65625,-8622.3642578125,19851.5,-4393.66015625
3762.190163179,14542.134765625,21436.015625,-40753.0859375,-9734.498046875,-39470.67578125,-8588.4345703125,19881.384765625,-4379.31005859375
3762.190580729,14599.17578125,21484.048828125,-40946.13671875,-9739.83984375,-39457.3984375,-8641.20703125,19876.490234375,-4344.3076171875
3762.190977128,14602.751953125,21484.67578125,-41182.39453125,-9783.7607421875,-39473.89453125,-8753.94921875,19827.271484375,-4350.74462890625
3762.191280171,14508.4501953125,21408.45703125,-41020.45703125,-9811.56640625,-39513.79296875,-8745.7685546875,19801.07421875,-4403.09228515625
3762.191466883,14488.2890625,21401.75,-40750.44921875,-9764.359375,-39501.546875,-8627.5498046875,19852.73046875,-4414.69287109375
3762.191655054,14534.9375,21441.1796875,-40764.59765625,-9741.1806640625,-39483.328125,-8604.4384765625,19882.5703125,-4391.603515625
3762.191842496,14592.873046875,21470.4375,-40958.9453125,-9750.2109375,-39474.609375,-8661.3232421875,19865.939453125,-4352.35400390625
3762.192221755,14603.6015625,21469.431640625,-41196.25390625,-9793.505859375,-39487.015625,-8766.376953125,19819.873046875,-4342.74267578125
3762.192525163,14513.2783203125,21399.91796875,-41040.41796875,-9828.53125,-39527.80859375,-8759.783203125,19791.62109375,-4401.70654296875
3762.192714792,14501.6103515625,21392.5859375,-40761.22265625,-9775.3115234375,-39509.66015625,-8634.7470703125,19837.576171875,-4411.8095703125
3762.192932502,14536.30078125,21420.705078125,-40773.47265625,-9758.1015625,-39495.9140625,-8607.298828125,19875.88671875,-4372.93994140625
3762.193150941,14586.279296875,21459.08203125,-40968.53515625,-9777.078125,-39489.98828125,-8659.333984375,19873.00390625,-4342.98876953125
3762.19334057,14602.5068359375,21475.64453125,-41194.8671875,-9801.10546875,-39488.4453125,-8761.6826171875,19823.806640625,-4338.51806640625
3762.193529835,14521.369140625,21421.15234375,-41021.6875,-9803.720703125,-39508.69921875,-8747.35546875,19800.13671875,-4403.09228515625
3762.1937191,14503.0634765625,21417.083984375,-40734.109375,-9741.404296875,-39483.55078125,-8621.08984375,19853.78125,-4418.09033203125
3762.193938998,14549.0634765625,21457.294921875,-40738.51171875,-9712.1904296875,-39459.8828125,-8586.1767578125,19884.22265625,-4380.31591796875
3762.194341961,14600.517578125,21492.0078125,-40933.46484375,-9728.373046875,-39456.3515625,-8643.173828125,19878.94921875,-4336.19384765625
3762.194745289,14601.8359375,21484.7421875,-41185.2109375,-9789.8857421875,-39483.44140625,-8752.5634765625,19834.759765625,-4341.91552734375
3762.195034838,14513.3896484375,21404.8125,-41034.44921875,-9826.8994140625,-39523.47265625,-8748.271484375,19811.87109375,-4399.51611328125
3762.195223739,14492.423828125,21388.71875,-40758.94140625,-9784.677734375,-39513.2109375,-8633.16015625,19860.732421875,-4409.70849609375
3762.195413368,14538.2900390625,21430.71875,-40762.9453125,-9746.947265625,-39485.5859375,-8597.419921875,19886.548828125,-4378.8857421875
3762.195602633,14594.951171875,21472.671875,-40950.65234375,-9745.4052734375,-39476.2421875,-8653.34375,19864.978515625,-4346.251953125
3762.195791169,14601.388671875,21464.40234375,-41199.83203125,-9805.3076171875,-39498.23828125,-8768.142578125,19814.6875,-4348.77783203125
3762.196068685,14511.244140625,21396.720703125,-41046.1171875,-9831.0126953125,-39530.82421875,-8757.97265625,19792.984375,-4395.76123046875
3762.19646946,14494.525390625,21392.474609375,-40753.30859375,-9770.103515625,-39505.34375,-8628.9580078125,19857.46875,-4406.15478515625
3762.196760104,14544.458984375,21431.388671875,-40750.47265625,-9736.7109375,-39475.83984375,-8589.529296875,19891.21875,-4374.83984375
3762.196978178,14596.6728515625,21474.505859375,-40937.64453125,-9743.4384765625,-39467.50390625,-8644.08984375,19877.40625,-4335.94775390625
3762.197166714,14617.5712890625,21486.865234375,-41175.109375,-9781.1455078125,-39478.6796875,-8750.6181640625,19826.7578125,-4331.09765625
3762.197355614,14527.091796875,21413.955078125,-41028.01171875,-9810.0908203125,-39519.5625,-8750.685546875,19795.353515625,-4396.2529296875
3762.197544149,14488.04296875,21400.052734375,-40747.25390625,-9767.623046875,-39512.18359375,-8635.328125,19843.453125,-4415.654296875
3762.19773305,14539.4072265625,21440.93359375,-40740.79296875,-9730.474609375,-39480.64453125,-8590.7138671875,19881.49609375,-4382.484375
3762.197966805,14605.7470703125,21485.45703125,-40921.05859375,-9728.0830078125,-39460.75390625,-8633.115234375,19880.0,-4349.40380859375
3762.19838399,14609.4580078125,21477.1875,-41177.234375,-9790.5107421875,-39486.1015625,-8749.724609375,19823.2265625,-4353.91845703125
3762.198590395,14513.3896484375,21394.486328125,-41042.62890625,-9831.0126953125,-39532.0546875,-8754.4404296875,19786.724609375,-4406.35595703125
3762.198780754,14488.2666015625,21386.060546875,-40755.07421875,-9779.357421875,-39517.4140625,-8635.9091796875,19836.859375,-4420.19140625
3762.199089631,14532.5009765625,21422.08984375,-40754.6953125,-9752.4462890625,-39496.24609375,-8609.802734375,19865.203125,-4395.98486328125
3762.199409449,14578.6796875,21453.091796875,-40948.640625,-9772.2275390625,-39493.7890625,-8665.927734375,19858.474609375,-4356.6455078125
3762.199599079,14601.5673828125,21477.857421875,-41182.6875,-9792.791015625,-39485.96484375,-8759.40234375,19826.35546875,-4341.96044921875
3762.199789073,14512.943359375,21413.5078125,-41045.9609375,-9823.1220703125,-39528.7265625,-8761.3701171875,19795.443359375,-4404.232421875
3762.199979797,14483.6845703125,21382.685546875,-40763.81640625,-9786.599609375,-39524.859375,-8642.5029296875,19842.24609375,-4416.5927734375
3762.200169791,14534.4453125,21447.37109375,-40744.75,-9731.5693359375,-39480.0859375,-8591.2734375,19884.4921875,-4372.76123046875
3762.200359421,14594.19140625,21491.60546875,-40928.48046875,-9735.1455078125,-39464.21875,-8639.8876953125,19875.283203125,-4354.4775390625
3762.200549415,14607.71484375,21478.41796875,-41186.15234375,-9797.3056640625,-39492.40234375,-8755.87109375,19819.359375,-4335.5009765625
3762.200739409,14518.53125,21404.544921875,-41044.21875,-9818.71875,-39523.8984375,-8755.826171875,19789.294921875,-4383.98193359375
3762.201035159,14494.078125,21386.015625,-40753.109375,-9775.46875,-39513.4375,-8641.3408203125,19845.421875,-4410.423828125
#3802.057682791,13638.4306640625,20477.640625,-41676.14453125,-10445.1708984375,-39506.44140625,-9396.181640625,19059.533203125,-4741.6767578125
3802.057902323,13681.79296875,20513.470703125,-41722.4140625,-10432.609375,-39495.95703125,-9387.77734375,19075.4921875,-4721.2470703125
3802.058092682,13729.5146484375,20551.84765625,-41932.8125,-10442.6005859375,-39488.84765625,-9449.9150390625,19063.646484375,-4693.57568359375
3802.058283041,13714.8291015625,20525.583984375,-42130.06640625,-10500.693359375,-39515.671875,-9548.6650390625,19017.9375,-4697.912109375
3802.058488352,13634.6533203125,20459.826171875,-41911.62109375,-10512.0029296875,-39542.2265625,-9509.3935546875,19011.96875,-4741.14013671875
3802.058684546,13638.498046875,20473.7734375,-41688.484375,-10458.7607421875,-39521.1015625,-9405.5244140625,19057.208984375,-4748.38232421875
3802.058910643,13678.26171875,20504.126953125,-41740.140625,-10445.841796875,-39509.2109375,-9399.3330078125,19065.412109375,-4731.21630859375
3802.059120694,13733.4482421875,20539.666015625,-41950.89453125,-10458.2470703125,-39500.31640625,-9461.6494140625,19048.46875,-4704.1259765625
3802.059433583,13724.060546875,20516.93359375,-42147.72265625,-10514.5068359375,-39528.76953125,-9563.3955078125,18992.1875,-4716.888671875
3802.059643634,13638.7890625,20443.75390625,-41929.50390625,-10530.0634765625,-39557.3359375,-9523.2958984375,18986.287109375,-4756.98779296875
3802.059890153,13637.6484375,20454.6171875,-41698.453125,-10474.9658203125,-39528.48046875,-9410.77734375,19053.119140625,-4743.419921875
3802.060088535,13680.9443359375,20499.076171875,-41734.88671875,-10443.583984375,-39501.56640625,-9391.353515625,19079.806640625,-4716.486328125
3802.060284364,13720.3505859375,20537.20703125,-41942.9140625,-10450.78125,-39492.55859375,-9454.408203125,19054.66015625,-4698.26953125
3802.060480558,13711.9677734375,20518.298828125,-42138.26953125,-10507.5771484375,-39519.203125,-9555.4599609375,19002.06640625,-4715.9052734375
3802.060676387,13644.0634765625,20465.1015625,-41909.07421875,-10504.4033203125,-39533.484375,-9513.1484375,18998.669921875,-4762.642578125
3802.060934575,13642.2529296875,20471.0234375,-41683.30078125,-10452.48046875,-39514.890625,-9411.068359375,19045.228515625,-4763.24609375
3802.061293777,13687.26953125,20508.373046875,-41722.83984375,-10431.603515625,-39494.97265625,-9393.0302734375,19066.552734375,-4727.4833984375
3802.061540296,13738.0751953125,20550.953125,-41925.75,-10434.9345703125,-39480.80078125,-9448.3955078125,19061.478515625,-4691.8544921875
3802.06173576,13720.08203125,20523.953125,-42131.05078125,-10497.4296875,-39513.61328125,-9553.7392578125,19002.513671875,-4711.658203125
3802.061932683,13636.3525390625,20453.65625,-41920.0703125,-10519.9375,-39548.73046875,-9522.06640625,18988.8359375,-4755.53466796875
3802.062128148,13638.453125,20464.02734375,-41692.3515625,-10466.517578125,-39525.26171875,-9412.1181640625,19044.04296875,-4752.6962890625
3802.062322883,13685.1015625,20501.265625,-41739.24609375,-10450.2451171875,-39511.625,-9401.724609375,19063.7578125,-4731.99853515625
3802.062517618,13731.1904296875,20534.078125,-41956.83984375,-10468.8193359375,-39508.0703125,-9469.2939453125,19040.802734375,-4720.15185546875
3802.062712353,13721.087890625,20518.8125,-42151.72265625,-10514.283203125,-39522.5546875,-9559.595703125,18992.43359375,-4730.9033203125
3802.06301576,13638.095703125,20453.9921875,-41932.5859375,-10521.033203125,-39546.91796875,-9518.5576171875,18986.64453125,-4764.98974609375
3802.063285253,13639.90625,20466.263671875,-41697.22265625,-10459.3642578125,-39520.4765625,-9410.28515625,19050.5703125,-4744.470703125
3802.063481082,13681.63671875,20500.21484375,-41741.45703125,-10448.94921875,-39507.3359375,-9397.90234375,19073.681640625,-4710.09375
3802.063676911,13727.837890625,20530.48046875,-41956.03515625,-10470.25,-39506.9765625,-9466.34375,19049.810546875,-4693.01708984375
3802.063873835,13715.1640625,20513.40234375,-42157.15625,-10516.5849609375,-39531.33984375,-9571.2177734375,18992.5234375,-4708.1044921875
3802.064069299,13643.572265625,20465.79296875,-41929.79296875,-10506.52734375,-39545.84765625,-9530.1357421875,18983.134765625,-4759.71435546875
3802.064264034,13641.7841796875,20473.75,-41699.6171875,-10456.66015625,-39525.68359375,-9423.0927734375,19035.68359375,-4761.0107421875
3802.064459498,13671.958984375,20503.904296875,-41743.4921875,-10443.6513671875,-39510.08203125,-9407.8271484375,19057.65625,-4735.82080078125
3802.064655328,13722.09375,20536.134765625,-41952.2578125,-10461.1083984375,-39501.65625,-9464.9580078125,19049.072265625,-4701.041015625
3802.064966028,13706.3359375,20504.328125,-42156.9765625,-10524.296875,-39530.265625,-9567.2392578125,18993.4609375,-4718.40869140625
3802.065261413,13631.412109375,20446.392578125,-41933.81640625,-10523.0673828125,-39543.92578125,-9519.49609375,18997.619140625,-4757.4345703125
3802.065599829,13630.40625,20455.892578125,-41699.50390625,-10461.845703125,-39514.62109375,-9402.931640625,19055.890625,-4748.18115234375
3802.065839054,13676.9208984375,20500.70703125,-41732.31640625,-10430.44140625,-39486.9921875,-9381.8984375,19079.181640625,-4720.509765625
3802.066035977,13728.12890625,20537.990234375,-41941.88671875,-10446.333984375,-39481.5390625,-9443.9248046875,19062.439453125,-4698.20263671875
3802.066232536,13710.9619140625,20514.587890625,-42150.3828125,-10512.115234375,-39517.16796875,-9550.609375,19005.978515625,-4711.2783203125
3802.066428,13630.9208984375,20445.38671875,-41939.26953125,-10527.537109375,-39545.64453125,-9513.8857421875,18994.646484375,-4759.13330078125
3802.066623465,13630.5185546875,20461.166015625,-41702.609375,-10463.5888671875,-39516.4296875,-9402.3505859375,19047.62109375,-4754.99853515625
3802.066903533,13680.2060546875,20511.14453125,-41733.27734375,-10430.486328125,-39491.75390625,-9384.4912109375,19075.134765625,-4720.2861328125
3802.067212046,13732.666015625,20545.298828125,-41947.09375,-10452.7265625,-39495.33203125,-9452.3740234375,19058.751953125,-4691.8994140625
3802.518212652,13719.03125,20518.4765625,-42156.5078125,-10515.8251953125,-39525.7734375,-9556.3994140625,19002.3359375,-4701.48828125
3802.518424527,13631.0771484375,20445.833984375,-41946.4921875,-10532.25390625,-39552.44140625,-9526.9619140625,18986.935546875,-4756.4736328125
3802.518620721,13621.5556640625,20445.119140625,-41719.0625,-10488.310546875,-39538.359375,-9425.5517578125,19038.634765625,-4760.630859375
3802.518811809,13673.1435546875,20496.21484375,-41747.55859375,-10447.541015625,-39506.3046875,-9403.826171875,19062.8203125,-4728.37744140625
3802.519001439,13722.361328125,20530.234375,-41957.9140625,-10462.896484375,-39499.2890625,-9466.5673828125,19043.640625,-4707.97021484375
3802.519191433,13703.5419921875,20503.30078125,-42168.15234375,-10529.2587890625,-39532.8828125,-9572.2685546875,18987.494140625,-4720.509765625
3802.519402214,13619.9462890625,20438.994140625,-41954.37890625,-10537.9306640625,-39557.984375,-9534.3603515625,18984.208984375,-4754.9091796875
3802.519726408,13622.44921875,20454.662109375,-41710.2109375,-10473.87109375,-39524.43359375,-9414.2421875,19053.833984375,-4732.35595703125
3802.520131194,13672.8525390625,20507.234375,-41738.21875,-10438.3984375,-39496.40234375,-9391.6884765625,19077.638671875,-4703.74560546875
3802.520480186,13730.9892578125,20554.240234375,-41938.7578125,-10437.6162109375,-39482.5703125,-9449.8037109375,19059.64453125,-4683.76318359375
3802.520668721,13717.17578125,20515.97265625,-42154.80859375,-10509.1865234375,-39521.9296875,-9560.19921875,18996.970703125,-4708.931640625
3802.520856892,13633.2900390625,20450.951171875,-41945.08203125,-10522.9326171875,-39548.953125,-9526.08984375,18985.28125,-4760.0498046875
3802.521045793,13636.5537109375,20463.87109375,-41703.83984375,-10458.470703125,-39517.75,-9413.638671875,19041.33984375,-4755.490234375
3802.521235058,13682.642578125,20498.115234375,-41740.5625,-10439.091796875,-39498.70703125,-9396.4501953125,19065.0546875,-4725.7177734375
3802.52149434,13724.150390625,20528.1328125,-41954.13671875,-10464.7958984375,-39500.58203125,-9461.404296875,19048.669921875,-4701.4658203125
3802.521912619,13708.458984375,20511.705078125,-42161.87109375,-10523.5810546875,-39530.89453125,-9568.3349609375,18994.109375,-4713.22314453125
3802.522254682,13631.703125,20442.212890625,-41946.87109375,-10532.8349609375,-39551.859375,-9528.75,18989.103515625,-4745.23046875
3802.522519434,13630.8310546875,20453.701171875,-41702.0078125,-10465.578125,-39518.7109375,-9410.888671875,19046.033203125,-4743.2412109375
3802.52270724,13673.0986328125,20495.587890625,-41735.1328125,-10439.29296875,-39495.82421875,-9392.8515625,19069.255859375,-4727.0361328125
3802.522896505,13714.5830078125,20525.80859375,-41948.9921875,-10462.3154296875,-39497.03125,-9460.5546875,19049.296875,-4707.14306640625
3802.523085041,13713.8232421875,20515.97265625,-42151.1875,-10513.076171875,-39520.296875,-9559.0810546875,18999.7421875,-4706.2939453125
3802.523274306,13634.966796875,20452.76171875,-41940.61328125,-10519.78125,-39543.9453125,-9522.2900390625,18993.9765625,-4741.76611328125
3802.523673987,13630.2724609375,20460.25,-41709.49609375,-10471.2783203125,-39528.92578125,-9417.68359375,19049.85546875,-4742.66015625
3802.524044494,13673.12109375,20500.818359375,-41744.38671875,-10447.1162109375,-39506.53125,-9397.1201171875,19070.060546875,-4715.63671875
3802.524236312,13736.197265625,20541.6328125,-41946.15625,-10453.5087890625,-39489.05078125,-9449.490234375,19057.611328125,-4689.6865234375
3802.524457303,13732.419921875,20524.064453125,-42155.74609375,-10511.9580078125,-39518.578125,-9554.923828125,19001.642578125,-4701.48828125
3802.524649485,13642.029296875,20460.80859375,-41947.49609375,-10521.1669921875,-39545.98046875,-9526.693359375,18982.041015625,-4756.8310546875
3802.524840939,13633.46875,20464.2734375,-41709.0703125,-10467.7470703125,-39523.71875,-9415.873046875,19040.66796875,-4750.32666015625
3802.525032756,13673.478515625,20492.927734375,-41749.6171875,-10456.7275390625,-39511.08984375,-9401.724609375,19064.919921875,-4718.8779296875
3802.525224209,13728.396484375,20531.240234375,-41954.3125,-10468.8642578125,-39503.48828125,-9462.1865234375,19053.69921875,-4690.96044921875
3802.525533451,13722.607421875,20517.404296875,-42158.09375,-10518.2841796875,-39525.3515625,-9559.818359375,19006.962890625,-4696.1240234375
3802.525910523,13631.1220703125,20440.3125,-41963.76953125,-10549.017578125,-39567.05859375,-9539.2998046875,18984.69921875,-4748.31494140625
3802.526240916,13619.3876953125,20443.486328125,-41728.26953125,-10495.171875,-39548.640625,-9435.6552734375,19029.560546875,-4752.8974609375
3802.526536665,13681.837890625,20510.408203125,-41735.265625,-10432.296875,-39502.9296875,-9400.6962890625,19065.724609375,-4725.6279296875
3802.526727389,13728.0166015625,20533.900390625,-41945.21484375,-10457.46484375,-39502.796875,-9466.6787109375,19045.138671875,-4701.19775390625
3802.526919207,13719.2998046875,20506.4296875,-42163.81640625,-10529.794921875,-39542.08984375,-9578.2587890625,18989.728515625,-4713.8935546875
3802.52710993,13629.892578125,20434.322265625,-41968.1484375,-10557.7119140625,-39580.06640625,-9553.716796875,18971.06640625,-4760.38525390625
3802.527300654,13617.3984375,20453.25390625,-41721.921875,-10484.2197265625,-39539.20703125,-9435.0732421875,19026.67578125,-4756.8984375
3802.527662409,13666.3486328125,20493.62109375,-41746.0625,-10444.9482421875,-39510.08203125,-9412.990234375,19050.90625,-4734.099609375
3802.527858603,13718.3828125,20517.537109375,-41953.28515625,-10465.1982421875,-39509.48046875,-9476.3125,19031.125,-4712.21728515625
3802.528051515,13706.73828125,20490.08984375,-42171.68359375,-10532.8798828125,-39545.8671875,-9587.3564453125,18971.109375,-4722.7001953125
3802.528243697,13624.86328125,20425.44921875,-41966.33984375,-10541.7529296875,-39567.1484375,-9549.537109375,18962.572265625,-4768.31982421875
3802.528465418,13617.5322265625,20438.703125,-41721.18359375,-10474.8544921875,-39531.00390625,-9431.0283203125,19023.345703125,-4766.77783203125
3802.528655412,13662.4365234375,20477.86328125,-41754.4453125,-10454.3583984375,-39510.53125,-9410.46484375,19051.77734375,-4734.45703125
3802.5288465,13716.974609375,20520.48828125,-41954.9609375,-10460.4150390625,-39496.91796875,-9463.0361328125,19046.212890625,-4704.8408203125
3802.529037589,13708.771484375,20495.833984375,-42171.640625,-10524.3408203125,-39527.78515625,-9565.451171875,18996.76953125,-4718.02880859375
3802.529229042,13625.3330078125,20427.169921875,-41974.72265625,-10546.3134765625,-39561.78125,-9537.4892578125,18985.302734375,-4763.11181640625
3802.529495982,13620.9970703125,20441.83203125,-41731.33203125,-10482.833984375,-39533.10546875,-9423.115234375,19040.423828125,-4754.57373046875
3802.529807412,13669.90234375,20492.123046875,-41754.9140625,-10444.5009765625,-39502.55078125,-9399.154296875,19060.986328125,-4731.79736328125
3802.530102432,13722.697265625,20532.849609375,-41957.7109375,-10458.8505859375,-39499.109375,-9462.275390625,19043.931640625,-4705.2880859375
3802.530292791,13707.498046875,20504.775390625,-42175.171875,-10524.564453125,-39532.01171875,-9566.412109375,18992.2109375,-4712.01611328125
3802.530523629,13625.869140625,20434.3671875,-41975.32421875,-10542.22265625,-39564.6875,-9537.6904296875,18981.90625,-4759.06640625
3802.530715447,13619.677734375,20449.4765625,-41727.77734375,-10481.0908203125,-39536.32421875,-9427.4296875,19037.96484375,-4762.17333984375
3802.530936438,13657.6083984375,20490.9609375,-41755.80859375,-10454.134765625,-39516.05078125,-9413.5712890625,19057.07421875,-4732.4453125
3802.531127527,13701.41796875,20521.001953125,-41964.26171875,-10482.9453125,-39518.59765625,-9476.2236328125,19041.18359375,-4700.125
3802.531350341,13693.974609375,20502.78515625,-42175.73046875,-10539.5400390625,-39540.70703125,-9574.861328125,18988.947265625,-4707.00927734375
3802.53163588,13617.1298828125,20441.69921875,-41965.71484375,-10535.3828125,-39562.296875,-9546.005859375,18971.2890625,-4761.0107421875
3802.531915584,13615.85546875,20445.341796875,-41718.28125,-10478.5205078125,-39537.41796875,-9430.8935546875,19028.21875,-4761.837890625
3802.532107037,13661.9228515625,20480.658203125,-41749.01171875,-10459.029296875,-39515.71484375,-9408.765625,19052.26953125,-4733.80908203125
3802.532355743,13717.869140625,20517.404296875,-41948.45703125,-10470.49609375,-39506.05859375,-9463.28125,19042.322265625,-4702.00244140625
3802.53255996,13716.5283203125,20507.189453125,-42160.73046875,-10521.94921875,-39526.64453125,-9563.685546875,18991.25,-4707.34423828125
3802.532766729,13626.2265625,20443.3515625,-41963.859375,-10534.5556640625,-39556.26171875,-9539.5458984375,18970.216796875,-4759.71435546875
3802.532978239,13612.1904296875,20442.63671875,-41724.24609375,-10481.671875,-39536.79296875,-9433.6435546875,19023.033203125,-4757.32275390625
3802.533173339,13661.0283203125,20478.130859375,-41751.65234375,-10459.923828125,-39515.046875,-9410.3974609375,19053.7890625,-4726.4775390625
3802.533469818,13716.2822265625,20517.58203125,-41949.57421875,-10470.9208984375,-39504.5625,-9466.43359375,19042.435546875,-4702.1142578125
3802.533882262,13715.8798828125,20511.861328125,-42158.09375,-10511.3994140625,-39520.05078125,-9566.4345703125,18986.890625,-4719.6376953125
3802.534137897,13626.361328125,20445.23046875,-41964.57421875,-10533.7734375,-39555.9921875,-9545.603515625,18963.443359375,-4777.90869140625
3802.534360712,13617.755859375,20449.142578125,-41718.66015625,-10483.7724609375,-39532.390625,-9428.2568359375,19026.990234375,-4769.1025390625
3802.534704963,13663.46484375,20481.015625,-41748.2734375,-10463.41015625,-39509.234375,-9400.517578125,19059.9140625,-4729.33837890625
3802.534919026,13715.1640625,20526.634765625,-41944.32421875,-10457.0849609375,-39489.296875,-9449.1328125,19050.01171875,-4699.96826171875
3802.535173567,13713.533203125,20520.109375,-42152.75390625,-10497.51953125,-39502.99609375,-9543.3232421875,19006.873046875,-4706.0927734375
3802.535429203,13627.9033203125,20451.935546875,-41960.640625,-10522.552734375,-39540.4609375,-9522.111328125,18998.267578125,-4761.234375
3802.535811744,13619.2529296875,20459.021484375,-41712.578125,-10466.2490234375,-39517.68359375,-9407.0,19055.7109375,-4743.8671875
3802.536488576,13662.90625,20494.404296875,-41741.99609375,-10441.55078125,-39498.9765625,-9391.6884765625,19073.279296875,-4711.14404296875
3802.537456781,13716.908203125,20522.521484375,-41947.98828125,-10461.443359375,-39496.31640625,-9452.642578125,19058.953125,-4682.24365234375
3802.537653704,13713.8681640625,20502.181640625,-42167.66015625,-10521.4130859375,-39524.2109375,-9557.3828125,19008.52734375,-4692.36865234375
3802.537846616,13631.0546875,20439.3515625,-41967.79296875,-10529.951171875,-39549.22265625,-9526.0673828125,18997.775390625,-4745.31982421875
3802.538036975,13626.31640625,20451.869140625,-41715.59765625,-10468.0146484375,-39521.796875,-9410.822265625,19058.416015625,-4734.859375
3802.538226969,13662.548828125,20484.94921875,-41748.453125,-10450.6923828125,-39506.953125,-9394.52734375,19074.375,-4719.4814453125
3802.538553716,13707.85546875,20515.75,-41952.48046875,-10472.1943359375,-39504.5859375,-9456.3974609375,19056.068359375,-4700.43798828125
3802.538824303,13703.6083984375,20503.859375,-42165.3828125,-10522.396484375,-39529.41796875,-9564.892578125,18996.724609375,-4713.06640625
3802.539092337,13635.5927734375,20455.53515625,-41957.0859375,-10517.5458984375,-39543.27734375,-9531.1640625,18984.521484375,-4754.19384765625
3802.53928926,13627.0986328125,20456.5625,-41713.0703125,-10469.4677734375,-39525.05859375,-9422.5341796875,19035.39453125,-4754.6181640625
3802.539611995,13665.5439453125,20487.05078125,-41744.98828125,-10453.2177734375,-39509.2578125,-9405.7705078125,19057.611328125,-4721.15771484375
3802.539807824,13718.9423828125,20522.5,-41947.20703125,-10463.5,-39504.60546875,-9468.1767578125,19036.421875,-4703.5224609375
3802.540004748,13719.634765625,20510.810546875,-42162.49609375,-10515.087890625,-39528.90234375,-9571.44140625,18982.64453125,-4714.02783203125
3802.540200212,13636.4189453125,20446.771484375,-41967.8359375,-10529.3251953125,-39554.296875,-9544.3515625,18964.248046875,-4764.2744140625
3802.540397135,13622.9189453125,20449.6328125,-41720.359375,-10474.876953125,-39528.703125,-9428.0107421875,19019.63671875,-4765.8837890625
3802.540593329,13664.42578125,20487.7421875,-41745.75,-10451.720703125,-39505.3671875,-9401.12109375,19055.95703125,-4729.8525390625
3802.540789523,13717.1318359375,20523.685546875,-41946.6015625,-10466.6064453125,-39497.5234375,-9459.34765625,19045.541015625,-4700.14697265625
3802.540985716,13717.9580078125,20508.865234375,-42166.20703125,-10525.7490234375,-39526.84765625,-9568.9384765625,18993.3046875,-4705.75732421875
3802.541181545,13629.9375,20438.525390625,-41977.71484375,-10545.150390625,-39562.67578125,-9549.447265625,18976.138671875,-4754.39501953125
3802.541406913,13623.58984375,20454.6171875,-41715.0625,-10469.9375,-39522.3984375,-9424.1884765625,19040.646484375,-4748.94091796875
3802.541603836,13674.0595703125,20499.27734375,-41732.5390625,-10437.125,-39492.44921875,-9394.416015625,19075.001953125,-4714.6533203125
3802.54180003,13725.267578125,20534.01171875,-41931.13671875,-10452.1005859375,-39482.2109375,-9446.3837890625,19073.19140625,-4679.2705078125
3802.541996588,13717.3544921875,20524.064453125,-42147.9921875,-10501.6767578125,-39500.984375,-9544.955078125,19024.552734375,-4680.00830078125
3802.542293067,13642.1416015625,20468.140625,-41950.55859375,-10512.115234375,-39526.82421875,-9518.0654296875,19006.404296875,-4723.0576171875
3802.542572041,13630.048828125,20468.408203125,-41701.6953125,-10458.873046875,-39506.3515625,-9406.708984375,19056.494140625,-4727.72900390625
3802.542811631,13673.2998046875,20499.8125,-41732.62890625,-10442.4892578125,-39490.66015625,-9390.6162109375,19073.8828125,-4713.3125
3802.54300819,13726.072265625,20532.291015625,-41934.48828125,-10460.125,-39488.69140625,-9449.982421875,19059.734375,-4687.20556640625
3802.543204019,13717.5556640625,20518.54296875,-42153.890625,-10509.1416015625,-39508.02734375,-9553.515625,19004.705078125,-4698.38134765625
3802.543515814,13631.3232421875,20446.28125,-41965.3984375,-10526.7548828125,-39540.59375,-9532.7060546875,18985.34765625,-4759.669921875
3802.54371529,13624.953125,20446.50390625,-41715.21875,-10478.20703125,-39523.7421875,-9417.169921875,19047.017578125,-4758.79833984375
3802.543913307,13669.34375,20484.501953125,-41738.84375,-10453.1953125,-39500.0703125,-9390.90625,19073.279296875,-4730.5234375
3802.54411023,13722.048828125,20521.583984375,-41937.9296875,-10460.7060546875,-39491.77734375,-9450.3623046875,19058.9296875,-4696.90625
3802.544323563,13714.494140625,20508.8203125,-42159.61328125,-10516.09375,-39516.96875,-9555.3037109375,19005.7109375,-4699.9013671875
3802.544534708,13625.421875,20444.783203125,-41970.54296875,-10532.1416015625,-39543.1875,-9526.4921875,18985.548828125,-4753.03125
3802.544730902,13619.23046875,20454.23828125,-41714.3671875,-10468.439453125,-39514.77734375,-9413.9736328125,19034.947265625,-4760.98876953125
3802.544927825,13670.05859375,20497.17578125,-41733.03125,-10436.0966796875,-39492.8046875,-9395.623046875,19063.333984375,-4738.279296875
3802.545123654,13714.650390625,20521.806640625,-41942.9609375,-10467.5234375,-39502.55078125,-9466.6787109375,19038.2109375,-4722.74462890625
3802.545362515,13715.5,20510.564453125,-42159.76953125,-10522.083984375,-39522.7109375,-9563.373046875,18996.0546875,-4710.4736328125
3802.545661182,13648.4892578125,20463.826171875,-41953.015625,-10515.1318359375,-39532.546875,-9523.6533203125,19002.783203125,-4717.9169921875
3802.545914264,13634.7431640625,20462.642578125,-41702.74609375,-10464.05859375,-39512.5859375,-9415.0244140625,19049.69921875,-4738.8828125
3802.546111552,13677.9931640625,20498.248046875,-41727.35546875,-10443.986328125,-39495.35546875,-9393.052734375,19069.97265625,-4723.52734375
3802.546340566,13724.26171875,20530.994140625,-41927.0,-10460.19140625,-39492.11328125,-9450.18359375,19059.064453125,-4692.94970703125
3802.546631575,13719.8583984375,20520.376953125,-42144.05859375,-10505.7890625,-39511.0,-9551.212890625,19013.646484375,-4689.37353515625
3802.546830321,13640.2861328125,20458.171875,-41956.2578125,-10522.6875,-39536.03515625,-9524.9052734375,19002.06640625,-4737.318359375
3802.547026151,13626.4951171875,20457.3671875,-41705.31640625,-10470.9873046875,-39515.0234375,-9415.873046875,19054.146484375,-4746.14697265625
3802.547223074,13672.4501953125,20500.193359375,-41725.765625,-10438.8681640625,-39492.44921875,-9394.1923828125,19077.080078125,-4722.4541015625
3802.547474698,13725.3125,20534.63671875,-41925.76953125,-10454.1123046875,-39486.01171875,-9448.171875,19061.76953125,-4692.8828125
3802.547674173,13714.337890625,20517.73828125,-42151.79296875,-10509.052734375,-39510.53125,-9550.8779296875,19009.80078125,-4694.4697265625
3802.99918678,13631.3232421875,20446.615234375,-41969.1328125,-10527.6044921875,-39542.0703125,-9529.0400390625,18991.919921875,-4743.4873046875
3802.99938662,13620.6611328125,20443.107421875,-41722.078125,-10482.9013671875,-39529.9765625,-9422.0869140625,19041.875,-4751.91357421875
3802.999611623,13663.5322265625,20486.447265625,-41739.7578125,-10445.5517578125,-39498.4609375,-9392.8740234375,19068.294921875,-4729.76318359375
3802.999801982,13724.5517578125,20530.3671875,-41926.30859375,-10442.5341796875,-39476.890625,-9438.001953125,19065.76953125,-4693.5087890625
3802.999991612,13718.62890625,20508.931640625,-42155.5,-10506.8173828125,-39510.21875,-9550.095703125,19009.912109375,-4704.6396484375
3803.000413903,13632.5302734375,20442.994140625,-41974.453125,-10531.896484375,-39543.4765625,-9529.30859375,18989.7734375,-4749.00830078125
3803.000637812,13616.705078125,20436.556640625,-41727.84765625,-10487.013671875,-39530.78125,-9422.1318359375,19038.90234375,-4753.79150390625
3803.000845675,13656.15625,20469.369140625,-41753.70703125,-10470.33984375,-39512.921875,-9402.3056640625,19067.06640625,-4725.98583984375
3803.001057914,13709.509765625,20511.279296875,-41944.90234375,-10470.9873046875,-39496.0234375,-9455.7041015625,19064.00390625,-4699.2529296875
3803.001300421,13713.7783203125,20512.240234375,-42160.2421875,-10508.7841796875,-39513.19140625,-9558.857421875,19016.775390625,-4701.443359375
3803.00152433,13628.171875,20440.40234375,-41981.9609375,-10538.8251953125,-39551.078125,-9544.2392578125,18990.712890625,-4750.103515625
3803.00171396,13620.884765625,20444.08984375,-41724.73828125,-10483.2587890625,-39525.91015625,-9427.7646484375,19039.484375,-4759.17822265625
3803.001904684,13665.8115234375,20493.443359375,-41736.18359375,-10444.724609375,-39495.3984375,-9398.3720703125,19065.5234375,-4722.4541015625
3803.002140991,13713.8681640625,20534.7265625,-41929.94921875,-10450.46875,-39484.46875,-9453.513671875,19051.486328125,-4688.21142578125
3803.002413037,13711.4091796875,20516.12890625,-42158.0703125,-10513.12109375,-39514.57421875,-9563.8193359375,18991.896484375,-4704.21533203125
3803.002738689,13629.78125,20443.888671875,-41975.76953125,-10536.388671875,-39549.2890625,-9545.8046875,18973.322265625,-4757.859375
3803.002929048,13611.966796875,20439.216796875,-41725.4765625,-10490.1875,-39533.8671875,-9437.041015625,19024.77734375,-4761.7041015625
3803.003211305,13660.6259765625,20484.412109375,-41734.39453125,-10449.9765625,-39497.9921875,-9399.3330078125,19058.349609375,-4727.4384765625
3803.003449801,13714.158203125,20516.287109375,-41928.7421875,-10465.8017578125,-39488.76171875,-9447.724609375,19053.140625,-4701.62255859375
3803.00364016,13715.611328125,20509.849609375,-42150.25,-10516.763671875,-39509.703125,-9546.4521484375,19010.001953125,-4703.298828125
3803.003830154,13635.1455078125,20453.1875,-41963.09765625,-10519.826171875,-39533.59765625,-9524.279296875,18995.49609375,-4743.017578125
3803.004020148,13628.685546875,20462.083984375,-41702.0078125,-10456.4140625,-39508.36328125,-9408.05078125,19054.34765625,-4736.35693359375
3803.004347624,13667.599609375,20497.466796875,-41725.43359375,-10435.515625,-39492.3125,-9388.873046875,19076.029296875,-4714.67578125
3803.004622587,13716.3271484375,20526.232421875,-41925.50390625,-10454.693359375,-39485.31640625,-9442.4052734375,19062.193359375,-4692.6591796875
3803.004829357,13714.896484375,20516.419921875,-42152.10546875,-10505.119140625,-39505.63671875,-9543.7705078125,19011.5,-4701.130859375
3803.005059465,13638.654296875,20451.353515625,-41974.5859375,-10523.1787109375,-39536.79296875,-9528.5263671875,18994.087890625,-4749.54443359375
3803.005354485,13623.298828125,20446.83984375,-41723.82421875,-10479.9287109375,-39524.6328125,-9422.8251953125,19044.3125,-4756.0263671875
3803.005579123,13660.40234375,20485.6875,-41740.07421875,-10452.48046875,-39502.23828125,-9395.064453125,19070.3515625,-4731.79736328125
3803.005768753,13710.8056640625,20523.37109375,-41930.015625,-10455.609375,-39488.15625,-9443.2099609375,19064.025390625,-4691.98876953125
3803.005958747,13704.3681640625,20507.412109375,-42158.7890625,-10515.0654296875,-39516.7890625,-9554.1865234375,19009.197265625,-4700.61669921875
3803.006216206,13621.2197265625,20436.423828125,-41983.21484375,-10542.669921875,-39556.7109375,-9541.177734375,18982.443359375,-4754.283203125
3803.0064062,13610.5361328125,20432.220703125,-41730.05859375,-10498.3017578125,-39546.984375,-9436.7275390625,19031.2578125,-4762.59814453125
3803.006596559,13653.3173828125,20472.140625,-41741.63671875,-10461.2646484375,-39510.375,-9404.98828125,19061.03125,-4738.54736328125
3803.006786189,13709.46484375,20521.44921875,-41922.53125,-10447.0263671875,-39481.4296875,-9447.6572265625,19062.8203125,-4698.40380859375
3803.006996605,13710.1357421875,20506.31640625,-42155.03125,-10507.9794921875,-39505.43359375,-9551.548828125,19015.25390625,-4702.3154296875
3803.007348514,13629.8251953125,20440.24609375,-41981.8515625,-10534.623046875,-39537.3515625,-9531.9912109375,18994.646484375,-4746.57177734375
3803.007650098,13621.3544921875,20450.70703125,-41719.57421875,-10470.3837890625,-39510.8671875,-9415.314453125,19048.828125,-4743.30859375
3803.007902816,13661.5654296875,20492.03515625,-41737.43359375,-10446.5576171875,-39496.73828125,-9397.1201171875,19072.876953125,-4721.2470703125
3803.00814824,13715.9912109375,20526.255859375,-41929.63671875,-10462.8291015625,-39493.54296875,-9451.234375,19064.048828125,-4688.39013671875
3803.008352822,13715.6787109375,20517.29296875,-42150.5859375,-10511.109375,-39505.390625,-9543.501953125,19016.037109375,-4699.02978515625
3803.008542087,13638.9677734375,20449.4765625,-41971.2578125,-10529.6162109375,-39534.89453125,-9525.7548828125,18995.71875,-4754.6630859375
3803.008765266,13630.943359375,20455.4453125,-41707.28125,-10464.70703125,-39511.08984375,-9416.3876953125,19052.515625,-4749.61181640625
3803.008954896,13668.3818359375,20486.849609375,-41727.04296875,-10445.1494140625,-39491.0390625,-9389.9228515625,19079.76171875,-4715.59228515625
3803.009287477,13712.3701171875,20519.52734375,-41923.265625,-10461.48828125,-39487.93359375,-9447.7021484375,19062.259765625,-4690.20068359375
3803.009546759,13711.3642578125,20519.146484375,-42143.96875,-10498.2568359375,-39501.703125,-9548.642578125,19011.298828125,-4696.1015625
3803.009737483,13629.4677734375,20453.03125,-41969.69140625,-10519.111328125,-39533.328125,-9533.33203125,18987.896484375,-4750.99755859375
3803.009927477,13616.3701171875,20446.50390625,-41714.66015625,-10471.255859375,-39515.55859375,-9423.2939453125,19036.0859375,-4757.8818359375
3803.01015248,13659.4638671875,20479.31640625,-41735.33203125,-10452.6142578125,-39498.21484375,-9402.7529296875,19060.0703125,-4727.4384765625
3803.010409574,13714.60546875,20507.568359375,-41930.578125,-10470.205078125,-39491.46484375,-9456.486328125,19050.5703125,-4698.2470703125
3803.010599933,13719.1650390625,20495.587890625,-42159.76953125,-10519.021484375,-39509.43359375,-9556.1533203125,18997.8203125,-4700.6611328125
3803.010822383,13635.7041015625,20433.875,-41985.3828125,-10533.9296875,-39538.08984375,-9537.5791015625,18977.48046875,-4751.77978515625
3803.011032435,13616.3251953125,20427.103515625,-41730.171875,-10488.064453125,-39523.11328125,-9426.22265625,19036.712890625,-4755.19970703125
3803.011351523,13648.8916015625,20450.4375,-41759.51953125,-10482.521484375,-39516.25390625,-9408.720703125,19063.556640625,-4728.869140625
3803.011646908,13705.0615234375,20502.13671875,-41945.21484375,-10478.140625,-39502.39453125,-9460.1748046875,19051.666015625,-4701.7119140625
3803.011863158,13713.4658203125,20514.990234375,-42161.78125,-10504.380859375,-39509.50390625,-9557.896484375,19003.185546875,-4703.4775390625
3803.012115147,13626.025390625,20443.083984375,-41994.66015625,-10534.421875,-39545.17578125,-9539.8583984375,18985.705078125,-4750.8408203125
3803.012304777,13612.16796875,20441.408203125,-41732.7421875,-10481.470703125,-39524.96875,-9424.255859375,19037.896484375,-4751.220703125
3803.012493677,13663.5322265625,20482.021484375,-41740.140625,-10451.6083984375,-39498.70703125,-9395.48828125,19067.84765625,-4715.59228515625
3803.012682942,13711.990234375,20512.509765625,-41932.34375,-10471.0546875,-39497.85546875,-9452.1279296875,19060.31640625,-4678.4658203125
3803.012871113,13711.3427734375,20511.681640625,-42153.69140625,-10507.287109375,-39502.05859375,-9547.279296875,19005.62109375,-4691.16162109375
3803.013130395,13638.990234375,20453.611328125,-41975.28125,-10518.306640625,-39524.43359375,-9529.95703125,18991.5625,-4741.16259765625
3803.01343125,13626.4951171875,20452.13671875,-41714.703125,-10467.7685546875,-39507.4921875,-9418.064453125,19048.759765625,-4738.279296875
3803.0137146,13664.9404296875,20488.458984375,-41731.578125,-10447.0712890625,-39491.46484375,-9397.27734375,19068.51953125,-4718.36376953125
3803.01390423,13712.0576171875,20519.7734375,-41925.63671875,-10463.09765625,-39486.61328125,-9453.9833984375,19051.8671875,-4698.60498046875
3803.014147831,13710.716796875,20506.02734375,-42161.3359375,-10525.3916015625,-39515.13671875,-9562.724609375,18999.474609375,-4702.62841796875
3803.014350224,13628.484375,20445.3203125,-41987.5078125,-10538.154296875,-39540.8828125,-9540.4169921875,18986.443359375,-4747.13037109375
3803.014554441,13615.140625,20444.357421875,-41724.42578125,-10484.2197265625,-39517.83984375,-9421.8642578125,19047.21875,-4743.822265625
3803.014756834,13661.1845703125,20476.58984375,-41740.67578125,-10464.2822265625,-39499.3984375,-9394.1474609375,19071.3125,-4713.62548828125
3803.014946828,13718.9638671875,20517.134765625,-41928.3203125,-10470.0263671875,-39487.41796875,-9444.3720703125,19061.478515625,-4679.04736328125
3803.015187148,13715.34375,20506.787109375,-42159.83984375,-10519.4462890625,-39509.6796875,-9552.5546875,19006.60546875,-4697.15185546875
3803.015499672,13631.501953125,20439.306640625,-41987.83984375,-10536.232421875,-39540.390625,-9538.31640625,18990.220703125,-4747.2197265625
3803.015758954,13619.3427734375,20437.072265625,-41725.453125,-10483.1025390625,-39520.56640625,-9423.763671875,19045.228515625,-4749.455078125
3803.015977393,13662.81640625,20476.25390625,-41739.46875,-10456.2802734375,-39499.01953125,-9397.27734375,19070.28515625,-4722.40966796875
3803.016244333,13714.76171875,20513.201171875,-41929.61328125,-10466.5615234375,-39489.80859375,-9451.234375,19052.716796875,-4697.01806640625
3803.016434327,13711.431640625,20495.857421875,-42167.86328125,-10531.404296875,-39521.83984375,-9565.7421875,18989.505859375,-4709.98193359375
3803.016623592,13631.748046875,20433.541015625,-41998.16796875,-10552.6162109375,-39551.09765625,-9549.0009765625,18972.47265625,-4756.2275390625
3803.016813222,13622.29296875,20444.068359375,-41730.55078125,-10484.9794921875,-39520.8125,-9429.6865234375,19030.07421875,-4752.875
3803.017002122,13658.6142578125,20480.30078125,-41744.96875,-10458.1572265625,-39502.39453125,-9404.3623046875,19056.873046875,-4728.4892578125
3803.017431706,13709.1298828125,20520.48828125,-41934.578125,-10465.0869140625,-39494.5703125,-9452.91015625,19046.501953125,-4706.673828125
3803.017847433,13709.017578125,20511.837890625,-42167.4609375,-10514.3056640625,-39514.91015625,-9559.7744140625,18994.646484375,-4708.55126953125
3803.018195695,13628.998046875,20444.873046875,-41997.5625,-10533.6845703125,-39545.84765625,-9548.28515625,18975.267578125,-4755.60205078125
3803.018532652,13615.609375,20439.9765625,-41732.2265625,-10482.23046875,-39521.953125,-9430.06640625,19030.3203125,-4752.6962890625
3803.018726658,13663.0400390625,20479.205078125,-41739.3125,-10452.7265625,-39495.84375,-9398.751953125,19061.09765625,-4717.82763671875
3803.018920664,13717.064453125,20515.638671875,-41927.42578125,-10464.103515625,-39485.3828125,-9448.9091796875,19052.0234375,-4680.3212890625
3803.019116128,13718.9423828125,20504.6640625,-42159.50390625,-10519.3125,-39505.63671875,-9554.0517578125,19001.84375,-4684.38916015625
3803.019310134,13637.7158203125,20434.03125,-41993.296875,-10541.060546875,-39535.25,-9540.9765625,18982.083984375,-4742.458984375
