#3770.353448178,14419.646484375,21284.6953125,-41468.72265625,-9963.7373046875,-39497.34375,-8901.2470703125,19659.431640625,-4411.6083984375
3770.353829261,14328.09375,21215.8515625,-41384.41015625,-10003.0537109375,-39541.93359375,-8925.38671875,19609.85546875,-4471.623046875
3770.354010867,14292.2861328125,21199.556640625,-41099.8515625,-9952.494140625,-39529.484375,-8819.8642578125,19642.1328125,-4504.52490234375
3770.354227483,14340.3427734375,21241.35546875,-41070.2578125,-9913.37890625,-39499.46484375,-8772.2099609375,19681.134765625,-4477.52392578125
3770.354407996,14392.9365234375,21273.33984375,-41229.2890625,-9922.453125,-39490.48046875,-8811.83984375,19681.42578125,-4436.48583984375
3770.354588144,14414.818359375,21284.73828125,-41475.875,-9964.1171875,-39502.6171875,-8912.802734375,19645.306640625,-4421.8681640625
3770.354768657,14343.8076171875,21225.865234375,-41384.9921875,-9991.9453125,-39536.34765625,-8930.103515625,19603.373046875,-4483.55859375
3770.354947711,14297.0478515625,21206.396484375,-41099.1796875,-9947.21875,-39526.82421875,-8817.583984375,19643.65234375,-4510.49267578125
3770.355227779,14329.0107421875,21238.806640625,-41072.3125,-9917.513671875,-39506.796875,-8774.2666015625,19676.53125,-4493.28173828125
3770.355527175,14380.5087890625,21270.6796875,-41226.47265625,-9925.3369140625,-39502.05859375,-8819.529296875,19673.24609375,-4443.54931640625
3770.355967335,14422.0830078125,21293.412109375,-41461.48046875,-9951.0859375,-39500.3828125,-8910.0087890625,19650.15625,-4406.08740234375
3770.35630174,14341.728515625,21223.5625,-41379.08984375,-9993.755859375,-39538.44921875,-8923.9560546875,19615.845703125,-4451.12646484375
3770.356482253,14299.841796875,21197.166015625,-41091.625,-9950.9072265625,-39525.88671875,-8811.326171875,19650.111328125,-4480.25048828125
3770.356662036,14339.404296875,21250.474609375,-41053.08984375,-9904.7509765625,-39493.05078125,-8768.3212890625,19692.736328125,-4457.18359375
3770.356842184,14399.1953125,21291.9140625,-41200.03125,-9903.6552734375,-39476.5546875,-8798.80859375,19700.73828125,-4433.4462890625
3770.357022332,14421.3681640625,21294.708984375,-41452.7421875,-9957.9482421875,-39492.76171875,-8900.0400390625,19660.99609375,-4414.849609375
3770.357435871,14353.59765625,21237.197265625,-41367.19921875,-9988.123046875,-39526.06640625,-8919.798828125,19619.556640625,-4462.88330078125
3770.357841751,14314.5712890625,21218.265625,-41073.54296875,-9931.6396484375,-39507.69140625,-8802.98828125,19660.794921875,-4486.12939453125
3770.358037216,14359.5205078125,21252.59765625,-41039.234375,-9896.4140625,-39479.91015625,-8750.373046875,19704.470703125,-4454.2333984375
3770.358247267,14406.7724609375,21285.09765625,-41198.5546875,-9905.48828125,-39475.23828125,-8799.1669921875,19695.955078125,-4431.77001953125
3770.358442732,14415.220703125,21281.900390625,-41461.7265625,-9957.9931640625,-39498.2578125,-8918.435546875,19642.53515625,-4428.7744140625
3770.358633091,14337.2802734375,21221.818359375,-41385.91015625,-9995.38671875,-39535.453125,-8938.373046875,19606.123046875,-4468.8515625
3770.35882272,14296.82421875,21205.681640625,-41098.82421875,-9950.7958984375,-39525.28125,-8824.3349609375,19645.595703125,-4480.34033203125
3770.35901235,14333.81640625,21238.984375,-41067.91015625,-9921.2685546875,-39504.8515625,-8782.201171875,19681.068359375,-4455.0380859375
3770.359322686,14395.23828125,21273.51953125,-41219.54296875,-9928.8017578125,-39494.21484375,-8817.0927734375,19677.693359375,-4427.67919921875
3770.359742059,14424.83203125,21280.515625,-41471.40625,-9973.0576171875,-39505.27734375,-8919.8212890625,19635.6953125,-4424.662109375
3770.360132988,14342.130859375,21223.294921875,-41392.97265625,-10000.3720703125,-39537.6875,-8945.4814453125,19592.130859375,-4484.11767578125
3770.360407587,14309.318359375,21213.794921875,-41095.9609375,-9951.8017578125,-39520.609375,-8826.927734375,19638.109375,-4503.8095703125
3770.360597216,14354.111328125,21248.55078125,-41053.6953125,-9912.8642578125,-39491.10546875,-8770.421875,19682.677734375,-4472.11474609375
3770.360787211,14402.7265625,21285.09765625,-41197.171875,-9911.076171875,-39478.23046875,-8803.5703125,19686.74609375,-4434.5859375
3770.360977205,14418.171875,21302.6875,-41444.55859375,-9947.353515625,-39486.2578125,-8903.34765625,19652.435546875,-4422.15869140625
3770.361252168,14330.4189453125,21234.828125,-41376.609375,-9988.63671875,-39524.34375,-8924.984375,19613.1640625,-4466.72802734375
3770.361653308,14302.412109375,21209.951171875,-41085.6796875,-9943.2177734375,-39516.05078125,-8808.4423828125,19656.771484375,-4479.1552734375
3770.361916966,14351.7421875,21246.0703125,-41044.3984375,-9900.2578125,-39487.1953125,-8757.7265625,19697.296875,-4454.45703125
3770.362171142,14397.2275390625,21278.591796875,-41195.0234375,-9905.0859375,-39476.7109375,-8797.4453125,19710.484375,-4415.52001953125
3770.362363325,14423.3125,21288.115234375,-41451.21875,-9953.25390625,-39490.83984375,-8899.50390625,19676.419921875,-4404.232421875
3770.362601456,14339.6943359375,21218.466796875,-41393.21875,-9999.142578125,-39536.125,-8936.2724609375,19624.02734375,-4469.32080078125
3770.362793274,14301.673828125,21203.513671875,-41099.71875,-9950.482421875,-39520.8125,-8820.4677734375,19660.572265625,-4478.88720703125
3770.362982903,14334.083984375,21239.833984375,-41061.5390625,-9917.625,-39498.52734375,-8771.2265625,19698.50390625,-4452.6015625
3770.363338459,14386.7001953125,21286.662109375,-41201.23828125,-9901.1298828125,-39472.48828125,-8799.7255859375,19697.498046875,-4422.89599609375
3770.363622903,14424.4521484375,21313.08203125,-41450.015625,-9937.0712890625,-39479.23828125,-8903.0576171875,19646.04296875,-4415.408203125
3770.363815086,14358.8720703125,21245.9140625,-41385.91015625,-9986.5810546875,-39523.828125,-8932.337890625,19612.94140625,-4462.10107421875
3770.364007633,14313.431640625,21212.38671875,-41098.82421875,-9950.52734375,-39518.30859375,-8818.388671875,19661.533203125,-4479.982421875
3770.36437814,14340.4326171875,21235.87890625,-41062.92578125,-9917.7373046875,-39493.3203125,-8771.31640625,19692.87109375,-4462.72705078125
3770.364685194,14389.3828125,21279.12890625,-41202.9609375,-9910.2939453125,-39479.99609375,-8814.455078125,19684.376953125,-4431.27783203125
3770.364877741,14419.84765625,21286.259765625,-41454.8203125,-9951.845703125,-39490.859375,-8916.9599609375,19639.78515625,-4424.28173828125
3770.365069194,14345.998046875,21223.33984375,-41394.9375,-9995.8564453125,-39531.98828125,-8949.19140625,19603.6875,-4476.31689453125
3770.365289092,14307.306640625,21202.373046875,-41098.98046875,-9950.7509765625,-39521.19140625,-8833.185546875,19644.12109375,-4493.974609375
3770.365479086,14350.7138671875,21237.443359375,-41056.19921875,-9912.015625,-39489.7421875,-8776.703125,19685.583984375,-4460.71533203125
3770.365670174,14401.67578125,21271.39453125,-41208.32421875,-9921.9619140625,-39484.265625,-8815.2373046875,19685.583984375,-4420.8173828125
3770.365860169,14416.71875,21278.16796875,-41466.75390625,-9966.798828125,-39494.79296875,-8918.591796875,19641.751953125,-4409.97705078125
3770.366050163,14342.1533203125,21222.892578125,-41398.671875,-9993.1748046875,-39524.30078125,-8937.5458984375,19601.162109375,-4467.13037109375
3770.36643781,14300.712890625,21202.75390625,-41099.5625,-9947.107421875,-39514.80078125,-8821.6748046875,19652.4140625,-4494.86865234375
3770.366842961,14333.5478515625,21235.654296875,-41055.328125,-9912.373046875,-39491.890625,-8771.517578125,19692.490234375,-4473.8134765625
3770.367176636,14387.080078125,21276.982421875,-41192.56640625,-9906.7626953125,-39474.9453125,-8801.0439453125,19693.630859375,-4434.27294921875
3770.367366631,14424.9892578125,21300.095703125,-41438.79296875,-9936.0654296875,-39474.87890625,-8890.9423828125,19666.697265625,-4413.93310546875
3770.36755699,14349.328125,21234.224609375,-41388.43359375,-9985.3955078125,-39523.046875,-8933.0986328125,19626.798828125,-4456.8486328125
3770.367746984,14300.958984375,21216.23046875,-41094.8671875,-9937.6748046875,-39516.765625,-8824.37890625,19658.224609375,-4487.0234375
3770.367936614,14342.6455078125,21244.37109375,-41049.0234375,-9901.0849609375,-39486.2109375,-8765.1025390625,19691.9765625,-4460.447265625
3770.368243668,14399.5751953125,21272.669921875,-41196.25390625,-9914.8095703125,-39483.39453125,-8805.537109375,19681.091796875,-4431.12158203125
3770.368595941,14430.4423828125,21280.55859375,-41452.91796875,-9961.94921875,-39498.59375,-8916.37890625,19638.265625,-4419.6103515625
3770.368876739,14354.7822265625,21216.0078125,-41403.8359375,-10004.1044921875,-39537.59765625,-8945.9951171875,19601.541015625,-4454.32275390625
3770.369074027,14312.08984375,21194.21484375,-41109.59765625,-9963.669921875,-39532.63671875,-8834.2138671875,19646.580078125,-4474.796875
3770.36927095,14345.037109375,21232.5703125,-41059.57421875,-9918.83203125,-39501.45703125,-8776.546875,19685.046875,-4457.89892578125
3770.369467144,14389.8291015625,21280.068359375,-41197.3046875,-9906.2705078125,-39476.80078125,-8800.2392578125,19684.935546875,-4435.90478515625
3770.369668808,14414.0361328125,21287.98046875,-41454.4609375,-9951.98046875,-39489.7421875,-8905.248046875,19647.294921875,-4419.36474609375
3770.369866095,14342.8017578125,21225.216796875,-41404.73046875,-9991.9892578125,-39527.02734375,-8936.697265625,19610.615234375,-4464.51513671875
3770.370062654,14301.763671875,21206.53125,-41100.34375,-9935.5517578125,-39511.671875,-8820.0654296875,19655.140625,-4493.7958984375
3770.370370073,14338.8232421875,21240.9296875,-41053.3359375,-9905.2646484375,-39495.21875,-8774.2666015625,19677.939453125,-4477.85888671875
3770.370594346,14388.287109375,21274.345703125,-41199.3828125,-9919.16796875,-39492.94140625,-8816.8916015625,19669.7578125,-4448.1982421875
3770.370845241,14414.21484375,21289.455078125,-41453.6796875,-9955.109375,-39497.92578125,-8913.3388671875,19638.109375,-4425.35498046875
3770.371073891,14343.6953125,21221.953125,-41414.4296875,-10005.04296875,-39540.52734375,-8947.873046875,19599.685546875,-4472.4052734375
3770.371269355,14295.974609375,21197.25390625,-41116.50390625,-9958.283203125,-39530.89453125,-8833.38671875,19641.416015625,-4496.92529296875
3770.371464819,14333.97265625,21238.203125,-41061.5859375,-9914.384765625,-39499.578125,-8775.7646484375,19682.701171875,-4456.49072265625
3770.371661013,14391.4609375,21279.509765625,-41200.27734375,-9913.22265625,-39485.2734375,-8803.8828125,19683.392578125,-4421.93505859375
3770.371857207,14427.134765625,21281.341796875,-41459.73828125,-9961.14453125,-39498.75,-8908.5556640625,19634.041015625,-4429.3779296875
3770.372053765,14338.041015625,21202.865234375,-41432.66796875,-10023.70703125,-39553.53515625,-8963.541015625,19576.73046875,-4479.6025390625
3770.372335292,14284.1953125,21182.16796875,-41133.22265625,-9977.7958984375,-39544.4609375,-8848.072265625,19623.625,-4500.32275390625
3770.372643805,14331.1787109375,21223.427734375,-41073.1171875,-9934.412109375,-39513.2109375,-8782.603515625,19676.263671875,-4474.32763671875
3770.372839999,14388.578125,21252.216796875,-41210.15625,-9934.232421875,-39496.11328125,-8811.5498046875,19682.052734375,-4438.29638671875
3770.373036193,14423.0,21284.091796875,-41456.44921875,-9951.578125,-39485.05078125,-8899.525390625,19649.93359375,-4407.853515625
3770.373288546,14356.0556640625,21225.126953125,-41417.76171875,-9996.974609375,-39526.0859375,-8939.9599609375,19606.75,-4453.1826171875
3770.373484011,14303.08203125,21188.314453125,-41128.68359375,-9967.6259765625,-39531.65234375,-8841.5458984375,19639.76171875,-4494.578125
3770.373679475,14335.08984375,21222.892578125,-41075.82421875,-9929.3603515625,-39509.4140625,-8790.8740234375,19672.798828125,-4485.25732421875
3770.373875669,14392.310546875,21257.201171875,-41211.609375,-9931.3720703125,-39497.140625,-8817.517578125,19673.06640625,-4449.13720703125
3770.374086814,14422.10546875,21272.35546875,-41465.19140625,-9968.140625,-39505.0078125,-8918.2568359375,19636.142578125,-4426.15966796875
3770.37438694,14343.986328125,21211.537109375,-41432.84765625,-10014.4755859375,-39547.5,-8964.2568359375,19583.90625,-4477.166015625
3770.374684148,14287.1005859375,21191.419921875,-41133.46875,-9968.744140625,-39541.421875,-8856.2080078125,19621.2109375,-4502.06591796875
3770.374881435,14330.060546875,21236.392578125,-41065.2265625,-9915.390625,-39501.0546875,-8784.3916015625,19675.369140625,-4450.634765625
3770.375077629,14390.1875,21268.53515625,-41201.3515625,-9922.095703125,-39485.453125,-8807.6376953125,19685.001953125,-4419.72216796875
3770.375273458,14415.4443359375,21269.427734375,-41466.8203125,-9978.4892578125,-39506.08203125,-8914.8369140625,19641.328125,-4414.89404296875
3770.375468923,14335.984375,21207.537109375,-41439.26171875,-10019.7509765625,-39551.390625,-8964.748046875,19585.939453125,-4486.3525390625
3770.375664752,14289.73828125,21188.89453125,-41131.8359375,-9960.697265625,-39532.90625,-8846.462890625,19625.189453125,-4513.6220703125
3770.375860216,14318.21484375,21218.220703125,-41072.515625,-9918.7880859375,-39503.9375,-8787.07421875,19658.716796875,-4479.84814453125
3770.376057869,14363.3427734375,21258.54296875,-41209.15234375,-9918.609375,-39491.84375,-8823.3955078125,19654.0234375,-4450.03125
3770.376389356,14408.5380859375,21272.087890625,-41466.64453125,-9963.3125,-39499.19921875,-8921.921875,19619.376953125,-4425.68994140625
3770.376657755,14339.60546875,21199.712890625,-41445.8125,-10018.96875,-39546.94140625,-8966.4248046875,19575.232421875,-4480.67529296875
3770.376852125,14287.4365234375,21159.345703125,-41157.1171875,-9990.8271484375,-39551.27734375,-8862.712890625,19610.19140625,-4520.66259765625
3770.377047225,14327.4462890625,21196.806640625,-41096.38671875,-9949.6552734375,-39518.7578125,-8795.8359375,19655.07421875,-4490.15234375
3770.377356467,14379.1455078125,21246.697265625,-41227.16796875,-9939.4853515625,-39505.94921875,-8830.146484375,19654.201171875,-4460.201171875
3770.377551567,14419.2890625,21276.22265625,-41476.65625,-9965.3916015625,-39505.859375,-8926.482421875,19619.779296875,-4443.0576171875
3770.377747761,14353.8212890625,21218.64453125,-41448.3828125,-10007.1220703125,-39537.9765625,-8960.009765625,19576.5078125,-4471.578125
3770.37794359,14291.6611328125,21181.876953125,-41155.91015625,-9980.970703125,-39544.66015625,-8866.0654296875,19608.9609375,-4500.009765625
3770.378211624,14320.4716796875,21220.208984375,-41090.7109375,-9937.2724609375,-39516.87890625,-8806.2294921875,19650.669921875,-4485.369140625
3770.378509561,14383.2353515625,21253.24609375,-41224.10546875,-9938.546875,-39508.02734375,-8833.3427734375,19646.78125,-4469.47705078125
3770.378705026,14422.4853515625,21270.30078125,-41478.87109375,-9977.9755859375,-39516.34375,-8935.35546875,19611.5546875,-4445.44921875
3770.378900855,14351.294921875,21206.708984375,-41455.87109375,-10020.9794921875,-39553.17578125,-8978.78515625,19571.611328125,-4484.45263671875
3770.829556846,14289.0234375,21164.888671875,-41164.0234375,-9993.30859375,-39558.05078125,-8881.15234375,19598.478515625,-4516.66162109375
3770.829761062,14315.64453125,21194.572265625,-41102.890625,-9960.8310546875,-39537.46484375,-8822.61328125,19640.365234375,-4485.0341796875
3770.829952151,14369.8466796875,21247.412109375,-41223.34375,-9944.5595703125,-39509.703125,-8837.25390625,19654.873046875,-4449.49462890625
3770.830151262,14410.8623046875,21281.23046875,-41464.96875,-9960.09375,-39497.96875,-8919.8662109375,19633.03515625,-4427.50048828125
3770.830404345,14346.109375,21209.525390625,-41448.984375,-10018.4765625,-39545.82421875,-8966.3125,19587.75,-4475.69091796875
3770.830596892,14293.4716796875,21165.939453125,-41158.45703125,-9993.5771484375,-39550.6953125,-8865.5732421875,19614.125,-4509.24072265625
3770.830787615,14324.271484375,21208.140625,-41083.53515625,-9940.0888671875,-39513.45703125,-8795.322265625,19661.734375,-4476.09326171875
3770.830980527,14377.7822265625,21246.451171875,-41217.21875,-9941.4296875,-39505.3671875,-8826.0107421875,19660.4609375,-4446.2314453125
3770.831219388,14411.8681640625,21258.564453125,-41475.80859375,-9979.31640625,-39512.09375,-8923.666015625,19623.53515625,-4425.779296875
3770.831682522,14338.443359375,21208.05078125,-41454.7734375,-10011.16796875,-39542.515625,-8966.6708984375,19575.388671875,-4482.73193359375
3770.832097154,14278.9423828125,21171.4609375,-41162.28125,-9985.216796875,-39550.49609375,-8869.10546875,19602.546875,-4516.68408203125
3770.832400926,14318.572265625,21205.927734375,-41087.22265625,-9935.73046875,-39515.0234375,-8797.4677734375,19652.48046875,-4487.3583984375
3770.832592744,14368.7744140625,21248.8203125,-41217.15234375,-9937.0263671875,-39502.3046875,-8821.048828125,19656.75,-4462.95068359375
3770.832783468,14398.30078125,21267.529296875,-41474.98046875,-9973.7509765625,-39511.11328125,-8925.7001953125,19629.033203125,-4445.87353515625
3770.832974191,14330.1279296875,21193.947265625,-41465.97265625,-10033.8095703125,-39558.3203125,-8975.208984375,19578.205078125,-4490.89013671875
3770.833255354,14285.2900390625,21147.07421875,-41174.19140625,-10016.1748046875,-39567.23828125,-8872.9716796875,19611.263671875,-4509.9560546875
3770.833453736,14327.1103515625,21218.01953125,-41077.56640625,-9918.966796875,-39505.6796875,-8790.8740234375,19656.080078125,-4492.9912109375
3770.833645918,14390.1875,21282.68359375,-41189.99609375,-9895.6982421875,-39476.84765625,-8812.0859375,19675.14453125,-4458.47998046875
3770.833837006,14429.9287109375,21297.501953125,-41447.265625,-9937.294921875,-39484.37890625,-8908.5556640625,19653.1953125,-4427.74658203125
3770.834029189,14349.9765625,21225.283203125,-41444.515625,-9994.8505859375,-39527.921875,-8954.9130859375,19607.46484375,-4453.3837890625
3770.83437271,14290.8564453125,21180.04296875,-41152.109375,-9974.64453125,-39537.59765625,-8861.4384765625,19624.18359375,-4490.10791015625
3770.834815422,14322.103515625,21208.85546875,-41079.2421875,-9931.3271484375,-39504.2265625,-8790.3603515625,19669.021484375,-4470.25927734375
3770.835211457,14376.3515625,21251.14453125,-41204.94921875,-9927.326171875,-39488.04296875,-8813.3603515625,19674.408203125,-4435.52490234375
3770.835581234,14408.806640625,21267.169921875,-41462.9765625,-9964.966796875,-39494.50390625,-8907.5947265625,19640.43359375,-4422.49365234375
3770.835883548,14352.748046875,21204.67578125,-41458.6875,-10012.7548828125,-39537.84375,-8959.5400390625,19588.80078125,-4466.7724609375
3770.836073542,14292.845703125,21173.71875,-41162.61328125,-9982.6015625,-39540.66015625,-8860.9462890625,19619.712890625,-4494.5556640625
3770.836270101,14317.521484375,21204.294921875,-41091.46875,-9943.1064453125,-39516.4765625,-8798.5849609375,19662.919921875,-4472.74072265625
3770.836461189,14367.947265625,21248.484375,-41217.3984375,-9937.1162109375,-39501.25390625,-8821.294921875,19672.396484375,-4441.224609375
3770.836651913,14399.75390625,21264.82421875,-41472.140625,-9972.3427734375,-39505.41015625,-8913.8984375,19641.3046875,-4423.47705078125
3770.836843366,14333.8388671875,21202.88671875,-41468.38671875,-10020.845703125,-39545.2421875,-8965.75390625,19587.4375,-4467.599609375
3770.837033725,14275.90234375,21160.59765625,-41177.30078125,-9996.5048828125,-39553.46875,-8872.390625,19610.1015625,-4508.07861328125
3770.837295195,14309.408203125,21191.21875,-41105.171875,-9963.826171875,-39533.73046875,-8813.3603515625,19656.03515625,-4487.47021484375
3770.837666796,14366.4716796875,21230.669921875,-41227.03125,-9958.8642578125,-39517.19140625,-8832.1357421875,19666.25,-4452.48974609375
3770.838053349,14404.08984375,21269.78515625,-41471.96484375,-9974.041015625,-39507.78125,-8913.7861328125,19636.25390625,-4424.9970703125
3770.838261942,14340.2529296875,21221.21484375,-41464.6328125,-10009.4912109375,-39538.6953125,-8961.060546875,19586.744140625,-4471.5556640625
3770.838452301,14281.2890625,21175.373046875,-41165.1640625,-9980.4111328125,-39542.78515625,-8867.9873046875,19616.3828125,-4504.25634765625
3770.83864193,14316.716796875,21204.943359375,-41083.109375,-9937.65234375,-39515.44921875,-8799.859375,19669.021484375,-4474.193359375
3770.838832654,14363.7001953125,21232.8828125,-41211.85546875,-9939.1279296875,-39505.74609375,-8828.6259765625,19665.265625,-4463.7998046875
3770.839022648,14403.4189453125,21256.0625,-41465.59375,-9973.7734375,-39510.640625,-8926.392578125,19625.63671875,-4452.1767578125
3770.839325691,14344.65625,21210.62109375,-41460.609375,-10014.1181640625,-39543.27734375,-8969.330078125,19581.6484375,-4483.69287109375
3770.839728289,14285.6259765625,21176.958984375,-41160.15625,-9979.47265625,-39542.73828125,-8864.076171875,19615.17578125,-4506.3349609375
3770.840059777,14310.66015625,21202.796875,-41079.2421875,-9931.70703125,-39510.88671875,-8793.064453125,19665.35546875,-4477.65771484375
3770.840274204,14366.1142578125,21241.01953125,-41203.40625,-9930.2314453125,-39495.6875,-8811.326171875,19681.44921875,-4431.0322265625
3770.840469304,14403.017578125,21271.08203125,-41456.765625,-9957.5234375,-39496.40234375,-8903.392578125,19647.607421875,-4415.810546875
3770.840664768,14336.095703125,21211.24609375,-41461.6796875,-10001.064453125,-39528.2109375,-8955.181640625,19593.71875,-4472.9638671875
3770.840861691,14286.5869140625,21176.01953125,-41161.23046875,-9970.1298828125,-39532.63671875,-8855.8505859375,19626.216796875,-4505.68701171875
3770.84105825,14316.4267578125,21209.435546875,-41083.0,-9928.0185546875,-39508.96484375,-8784.302734375,19669.06640625,-4485.2353515625
3770.841433498,14360.99609375,21252.44140625,-41209.93359375,-9926.87890625,-39497.23046875,-8814.611328125,19661.623046875,-4455.1943359375
3770.841724142,14392.6904296875,21268.333984375,-41466.98046875,-9966.375,-39506.1484375,-8923.46484375,19628.498046875,-4439.97265625
3770.841926899,14325.0322265625,21205.123046875,-41485.30859375,-10026.58984375,-39554.1171875,-8986.474609375,19575.58984375,-4494.24267578125
3770.842153726,14266.4033203125,21158.921875,-41189.83984375,-10002.4052734375,-39560.59765625,-8887.58984375,19595.73046875,-4534.09619140625
3770.842396598,14296.01953125,21189.85546875,-41106.6015625,-9958.9541015625,-39534.06640625,-8820.84765625,19646.556640625,-4501.9541015625
3770.842597897,14352.45703125,21236.728515625,-41217.7578125,-9941.474609375,-39509.3671875,-8836.001953125,19658.314453125,-4462.5703125
3770.842798831,14399.7314453125,21267.484375,-41466.44140625,-9973.5947265625,-39507.4921875,-8926.8623046875,19628.498046875,-4444.73388671875
3770.842999766,14351.5185546875,21216.455078125,-41472.92578125,-10015.5712890625,-39540.59375,-8976.169921875,19580.552734375,-4481.94921875
3770.843209817,14282.876953125,21168.845703125,-41175.625,-9981.126953125,-39541.77734375,-8876.056640625,19600.78125,-4521.89208984375
3770.843412575,14310.01171875,21203.4453125,-41086.59765625,-9939.6865234375,-39514.44140625,-8805.3583984375,19654.626953125,-4503.89892578125
3770.843614968,14366.62890625,21241.890625,-41203.67578125,-9942.837890625,-39499.30859375,-8825.8994140625,19664.439453125,-4461.14013671875
3770.843816997,14402.8828125,21262.09765625,-41453.1875,-9973.3486328125,-39494.99609375,-8911.7744140625,19642.466796875,-4426.181640625
3770.844018296,14334.6875,21209.01171875,-41468.1171875,-10013.447265625,-39530.3359375,-8966.7822265625,19588.33203125,-4479.982421875
3770.844237829,14277.2216796875,21178.724609375,-41164.71484375,-9975.60546875,-39534.0234375,-8867.1826171875,19607.978515625,-4515.365234375
3770.844433293,14313.498046875,21211.134765625,-41073.4296875,-9932.51171875,-39509.12109375,-8795.724609375,19657.64453125,-4478.66357421875
3770.844628757,14363.3427734375,21246.517578125,-41190.28515625,-9923.6162109375,-39487.171875,-8807.458984375,19670.25,-4445.44921875
3770.844824951,14400.06640625,21263.908203125,-41449.2109375,-9963.6474609375,-39490.81640625,-8903.19140625,19648.994140625,-4432.10498046875
3770.845020416,14332.5869140625,21202.283203125,-41479.49609375,-10022.1201171875,-39541.2421875,-8968.97265625,19584.12890625,-4479.1552734375
3770.845295379,14274.29296875,21162.38671875,-41177.63671875,-9984.501953125,-39542.89453125,-8866.154296875,19606.681640625,-4513.5771484375
3770.845591857,14302.1884765625,21210.888671875,-41075.62109375,-9924.0400390625,-39500.40625,-8784.01171875,19669.646484375,-4470.72900390625
3770.845787686,14353.1728515625,21258.140625,-41194.53515625,-9923.951171875,-39489.3203125,-8810.8115234375,19684.599609375,-4444.2197265625
3770.845982422,14398.94921875,21264.421875,-41451.2421875,-9968.7666015625,-39501.45703125,-8912.2890625,19638.734375,-4440.2412109375
3770.846184085,14339.158203125,21201.658203125,-41468.609375,-10011.9052734375,-39533.484375,-8971.0068359375,19578.5859375,-4475.958984375
3770.84637955,14276.193359375,21159.97265625,-41170.3046875,-9981.931640625,-39536.546875,-8871.384765625,19604.267578125,-4511.185546875
3770.846575014,14304.4677734375,21191.0859375,-41080.2265625,-9946.8837890625,-39516.25390625,-8803.5029296875,19652.458984375,-4494.1982421875
3770.846770479,14343.78515625,21222.623046875,-41203.36328125,-9951.1982421875,-39510.375,-8830.9951171875,19656.482421875,-4468.67236328125
3770.846965943,14385.3818359375,21241.376953125,-41460.05078125,-9985.216796875,-39516.0078125,-8925.2529296875,19618.931640625,-4447.2373046875
3770.847226319,14328.6083984375,21184.8046875,-41486.984375,-10036.2236328125,-39558.54296875,-8987.837890625,19562.76171875,-4487.984375
3770.847539573,14271.8798828125,21164.240234375,-41174.4609375,-9983.4287109375,-39544.01171875,-8877.7548828125,19593.60546875,-4519.388671875
3770.847735402,14302.6357421875,21200.25,-41078.640625,-9937.2724609375,-39512.765625,-8801.6923828125,19647.80859375,-4499.45068359375
3770.847931231,14351.451171875,21230.8046875,-41201.4609375,-9942.0107421875,-39506.5078125,-8827.5087890625,19658.404296875,-4470.37109375
3770.848132166,14397.6083984375,21258.3203125,-41449.72265625,-9964.0947265625,-39497.96875,-8905.44921875,19643.94140625,-4431.412109375
3770.84832763,14331.357421875,21201.880859375,-41491.25390625,-10026.8583984375,-39550.44921875,-8981.6240234375,19589.404296875,-4483.9833984375
3770.848523094,14274.5615234375,21169.6953125,-41184.51953125,-9991.3193359375,-39549.78125,-8879.7666015625,19609.87890625,-4512.88427734375
3770.848718559,14311.62109375,21213.90625,-41076.76171875,-9930.90234375,-39510.484375,-8799.7919921875,19658.783203125,-4473.65673828125
3770.848913294,14358.73828125,21238.6953125,-41195.7421875,-9937.048828125,-39501.859375,-8826.837890625,19649.93359375,-4459.7763671875
3770.849129909,14401.3408203125,21259.28125,-41444.87109375,-9962.708984375,-39502.4609375,-8919.5751953125,19612.13671875,-4449.427734375
3770.849442434,14339.7841796875,21202.775390625,-41479.0703125,-10013.4697265625,-39543.1875,-8982.2724609375,19567.990234375,-4479.22265625
3770.849680565,14274.2265625,21161.603515625,-41185.63671875,-9990.8720703125,-39550.5859375,-8882.896484375,19604.89453125,-4502.69189453125
3770.849876394,14313.8779296875,21202.171875,-41080.29296875,-9941.408203125,-39516.18359375,-8800.2841796875,19660.6171875,-4462.65966796875
3770.850077693,14361.8896484375,21243.857421875,-41188.0078125,-9929.4267578125,-39490.703125,-8807.2802734375,19664.796875,-4450.50048828125
3770.850274251,14393.2490234375,21254.810546875,-41451.0625,-9978.109375,-39507.69140625,-8919.7763671875,19626.8203125,-4438.408203125
3770.850469716,14332.1171875,21184.22265625,-41496.1484375,-10050.3505859375,-39557.73828125,-8990.0283203125,19574.71875,-4477.2333984375
3770.850665545,14275.03125,21165.380859375,-41183.46875,-9993.8447265625,-39544.03515625,-8881.9345703125,19608.0234375,-4517.44384765625
3770.850861009,14309.654296875,21213.83984375,-41071.48828125,-9928.890625,-39504.5625,-8801.2001953125,19661.33203125,-4489.4375
3770.85106012,14357.375,21246.517578125,-41185.48046875,-9930.74609375,-39493.4765625,-8824.625,19671.078125,-4445.71728515625
3770.851359881,14390.5224609375,21271.373046875,-41435.796875,-9961.658203125,-39495.15234375,-8911.4619140625,19636.41015625,-4425.13134765625
3770.851598377,14335.8720703125,21224.388671875,-41468.65625,-10011.2119140625,-39531.875,-8969.46484375,19582.83203125,-4460.87158203125
3770.851793841,14273.130859375,21175.3046875,-41177.94921875,-9996.638671875,-39547.25390625,-8878.73828125,19600.3125,-4511.7890625
3770.851989671,14307.4189453125,21209.212890625,-41067.80078125,-9935.171875,-39508.62890625,-8798.5185546875,19653.509765625,-4490.84521484375
3770.85221832,14355.5869140625,21251.7265625,-41174.39453125,-9917.7373046875,-39485.3828125,-8808.0625,19666.919921875,-4453.3837890625
3770.852413055,14390.0087890625,21253.849609375,-41440.40234375,-9969.4140625,-39502.10546875,-8909.4501953125,19635.337890625,-4434.8095703125
3770.852608884,14340.0966796875,21190.90625,-41487.83203125,-10036.0224609375,-39550.16015625,-8980.6845703125,19580.0390625,-4473.9921875
3770.852804349,14278.9423828125,21161.1796875,-41181.546875,-9989.0615234375,-39541.95703125,-8874.044921875,19616.271484375,-4495.62890625
3770.852999448,14308.4248046875,21203.982421875,-41066.5703125,-9923.1240234375,-39499.375,-8790.650390625,19674.966796875,-4458.10009765625
3770.853221169,14363.1416015625,21247.748046875,-41173.45703125,-9912.73046875,-39477.47265625,-8805.603515625,19683.080078125,-4426.181640625
3770.853436691,14398.189453125,21269.8984375,-41431.7734375,-9956.6513671875,-39492.11328125,-8906.521484375,19637.9296875,-4423.09716796875
3770.853632884,14339.248046875,21215.11328125,-41480.63671875,-10018.587890625,-39538.4921875,-8976.4609375,19576.060546875,-4478.7978515625
3770.853828714,14281.37890625,21167.75,-41176.13671875,-9981.6181640625,-39532.5234375,-8872.94921875,19604.15625,-4508.5927734375
3770.854024543,14303.5966796875,21191.599609375,-41071.375,-9931.953125,-39504.1171875,-8798.4736328125,19654.357421875,-4488.72216796875
3770.854225113,14353.060546875,21232.390625,-41181.2578125,-9927.3486328125,-39489.36328125,-8811.2587890625,19659.052734375,-4459.68701171875
3770.854421671,14391.6845703125,21255.01171875,-41438.2109375,-9967.9619140625,-39498.59375,-8901.73828125,19622.439453125,-4434.09423828125
3770.854617135,14335.1123046875,21195.578125,-41493.46484375,-10033.2734375,-39546.046875,-8978.673828125,19577.9375,-4476.49560546875
3770.8548126,14274.5390625,21159.681640625,-41192.65625,-9993.6884765625,-39542.984375,-8880.99609375,19605.69921875,-4500.5458984375
3770.855008064,14304.69140625,21197.857421875,-41074.81640625,-9929.8076171875,-39503.625,-8796.998046875,19663.8125,-4475.73583984375
3770.855260418,14351.8095703125,21234.42578125,-41186.28515625,-9929.8291015625,-39491.12890625,-8813.60546875,19666.830078125,-4463.822265625
3770.855479586,14396.6240234375,21266.5234375,-41436.9609375,-9965.5029296875,-39493.90234375,-8905.4716796875,19639.271484375,-4441.15771484375
3770.855676873,14339.716796875,21211.224609375,-41489.375,-10027.8642578125,-39534.89453125,-8968.056640625,19597.09375,-4462.92822265625
3770.855873797,14275.5,21170.767578125,-41186.57421875,-9996.19140625,-39536.68359375,-8871.6533203125,19622.685546875,-4486.576171875
3770.856080201,14315.2861328125,21222.9375,-41055.88671875,-9914.8095703125,-39491.10546875,-8782.4248046875,19674.810546875,-4459.30712890625
3770.856278583,14357.6650390625,21245.2890625,-41170.88671875,-9923.34765625,-39483.86328125,-8800.5302734375,19686.3203125,-4421.845703125
3770.856476235,14392.2880859375,21265.875,-41424.98046875,-9955.51171875,-39481.31640625,-8889.154296875,19658.984375,-4399.806640625
3770.856673523,14353.26171875,21224.634765625,-41470.890625,-9993.46484375,-39512.5859375,-8956.8134765625,19610.81640625,-4439.5927734375
3770.856870082,14280.73046875,21173.091796875,-41180.31640625,-9979.1826171875,-39529.4609375,-8873.6201171875,19621.12109375,-4494.1982421875
3771.310018244,14300.4892578125,21193.275390625,-41074.4609375,-9944.939453125,-39510.46484375,-8804.8662109375,19659.3203125,-4486.06201171875
3771.310293572,14343.6064453125,21232.34765625,-41180.1171875,-9934.3896484375,-39496.62890625,-8823.6865234375,19668.41796875,-4450.94775390625
3771.310489036,14391.595703125,21258.20703125,-41428.53515625,-9961.6357421875,-39494.3046875,-8909.31640625,19639.494140625,-4426.2490234375
3771.310681219,14345.7744140625,21208.296875,-41487.4296875,-10020.0859375,-39532.7265625,-8975.41015625,19578.943359375,-4461.54248046875
3771.310873766,14267.69921875,21164.59765625,-41190.8671875,-9982.892578125,-39532.6796875,-8881.8232421875,19594.947265625,-4507.4306640625
3771.311064854,14291.34765625,21191.509765625,-41077.43359375,-9936.490234375,-39506.796875,-8800.9990234375,19651.98828125,-4481.72607421875
3771.311362791,14338.46484375,21232.837890625,-41183.515625,-9928.533203125,-39487.640625,-8806.900390625,19666.0703125,-4455.216796875
3771.31173111,14391.86328125,21258.095703125,-41436.82421875,-9959.9150390625,-39488.84765625,-8901.939453125,19642.109375,-4427.07568359375
3771.312227065,14343.29296875,21206.44140625,-41502.67578125,-10023.2822265625,-39534.828125,-8980.1708984375,19573.2890625,-4471.376953125
3771.3124889,14266.8056640625,21154.607421875,-41216.37109375,-10009.916015625,-39551.63671875,-8894.2509765625,19592.556640625,-4502.22265625
3771.312767145,14299.953125,21192.494140625,-41093.61328125,-9955.400390625,-39517.99609375,-8800.7314453125,19666.0703125,-4480.4296875
3771.312960057,14358.044921875,21229.171875,-41195.515625,-9947.263671875,-39503.71484375,-8816.9140625,19675.458984375,-4449.27099609375
3771.314436615,14400.40234375,21261.8515625,-41437.02734375,-9960.5634765625,-39494.50390625,-8905.1806640625,19638.33203125,-4431.0546875
3771.314768102,14343.740234375,21207.291015625,-41498.828125,-10009.87109375,-39529.75390625,-8978.5166015625,19577.982421875,-4468.91845703125
3771.314961014,14269.0185546875,21152.439453125,-41210.515625,-9999.74609375,-39547.3203125,-8893.8935546875,19597.986328125,-4503.5634765625
3771.315157573,14296.376953125,21183.732421875,-41089.34765625,-9949.0078125,-39516.2734375,-8811.080078125,19647.16015625,-4487.626953125
3771.315348661,14346.6015625,21224.970703125,-41189.5703125,-9938.3681640625,-39498.99609375,-8821.49609375,19654.357421875,-4460.759765625
3771.315540843,14396.78125,21257.759765625,-41433.18359375,-9965.16796875,-39495.578125,-8908.265625,19632.05078125,-4431.255859375
3771.315731932,14339.3818359375,21206.3515625,-41497.421875,-10021.337890625,-39534.625,-8984.865234375,19590.72265625,-4455.9990234375
3771.31592302,14269.4658203125,21153.982421875,-41207.16015625,-10000.21484375,-39544.28125,-8893.8935546875,19603.486328125,-4505.48583984375
3771.316120308,14294.208984375,21187.95703125,-41084.60546875,-9946.615234375,-39513.99609375,-8812.6669921875,19643.5625,-4498.86962890625
3771.316572137,14333.123046875,21220.142578125,-41191.0,-9945.7890625,-39506.70703125,-8829.3193359375,19645.328125,-4468.650390625
#3785.243106323,14042.1484375,20871.5,-41844.12109375,-10249.4150390625,-39540.99609375,-9266.318359375,19300.126953125,-4603.7216796875
3785.243298505,13966.912109375,20824.31640625,-41557.234375,-10232.6064453125,-39555.12109375,-9192.9599609375,19314.208984375,-4646.1455078125
3785.243533719,13984.369140625,20845.662109375,-41400.8828125,-10187.0537109375,-39529.41796875,-9100.982421875,19372.615234375,-4616.5068359375
3785.24372189,14029.9892578125,20887.212890625,-41482.9609375,-10171.2958984375,-39505.14453125,-9097.875,19388.3046875,-4584.9462890625
3785.243909332,14076.8603515625,20926.6640625,-41718.0546875,-10185.1083984375,-39490.1015625,-9164.21484375,19368.92578125,-4566.81884765625
3785.244096409,14047.2666015625,20891.37109375,-41826.1484375,-10233.0751953125,-39517.48046875,-9247.0732421875,19316.802734375,-4585.1474609375
3785.24428385,13968.9462890625,20831.826171875,-41550.37109375,-10225.185546875,-39541.48828125,-9182.2978515625,19324.22265625,-4639.7080078125
3785.24461315,13988.8173828125,20845.03515625,-41396.21484375,-10174.8271484375,-39514.3515625,-9084.330078125,19380.125,-4633.00244140625
3785.244983657,14035.017578125,20876.41796875,-41486.87109375,-10166.4677734375,-39500.76171875,-9093.583984375,19390.384765625,-4601.86669921875
3785.245428557,14069.796875,20893.046875,-41740.5625,-10207.7734375,-39513.1015625,-9183.236328125,19351.89453125,-4576.3857421875
3785.245665959,14030.5029296875,20850.333984375,-41855.4296875,-10259.65234375,-39544.1015625,-9272.0849609375,19287.1640625,-4610.9189453125
3785.245857047,13963.3359375,20809.720703125,-41562.8671875,-10227.9345703125,-39544.66015625,-9193.451171875,19308.8671875,-4651.44287109375
3785.2460485,13977.484375,20838.822265625,-41406.6953125,-10178.224609375,-39520.20703125,-9102.0107421875,19361.037109375,-4648.04541015625
3785.246239953,14031.2177734375,20878.607421875,-41489.5078125,-10168.099609375,-39501.14453125,-9102.7255859375,19372.927734375,-4611.947265625
3785.246479908,14069.7080078125,20890.140625,-41746.59765625,-10212.8251953125,-39511.58203125,-9193.3173828125,19337.478515625,-4593.171875
3785.246670631,14028.513671875,20842.689453125,-41871.12109375,-10277.9130859375,-39553.9609375,-9281.7626953125,19282.828125,-4620.46337890625
3785.24686099,13960.0498046875,20804.4453125,-41576.1015625,-10238.931640625,-39552.39453125,-9194.658203125,19309.091796875,-4652.60498046875
3785.247050255,13978.580078125,20822.728515625,-41419.28125,-10195.681640625,-39529.26171875,-9101.25,19365.08203125,-4644.8935546875
3785.24724025,14028.6923828125,20862.08984375,-41502.33984375,-10183.65625,-39514.28515625,-9107.419921875,19370.826171875,-4610.5166015625
3785.247487862,14080.548828125,20915.734375,-41731.421875,-10186.94140625,-39502.171875,-9187.013671875,19354.77734375,-4585.5947265625
3785.247859463,14050.7314453125,20879.189453125,-41848.65625,-10238.5068359375,-39533.5078125,-9268.53125,19299.3671875,-4618.138671875
3785.248246016,13969.638671875,20811.59765625,-41574.109375,-10241.94921875,-39557.84765625,-9200.6259765625,19305.828125,-4657.1201171875
3785.248649344,13984.3916015625,20835.24609375,-41410.96484375,-10189.19921875,-39527.5390625,-9101.8984375,19359.6953125,-4643.10546875
3785.248853925,14030.6142578125,20882.98828125,-41487.72265625,-10171.4521484375,-39501.87890625,-9098.92578125,19385.421875,-4599.63134765625
3785.249043555,14078.1572265625,20917.0078125,-41722.078125,-10183.4990234375,-39490.14453125,-9170.40625,19373.240234375,-4567.84716796875
3785.249232091,14042.6171875,20878.541015625,-41838.5546875,-10233.544921875,-39523.11328125,-9252.482421875,19314.388671875,-4595.87646484375
3785.249423544,13970.5107421875,20826.86328125,-41556.80859375,-10225.185546875,-39540.16796875,-9179.7724609375,19327.666015625,-4635.26025390625
3785.249612444,13991.3203125,20846.82421875,-41390.73828125,-10171.2509765625,-39509.76953125,-9082.765625,19384.998046875,-4612.08154296875
3785.249800615,14042.6845703125,20889.58203125,-41471.0234375,-10156.07421875,-39489.5859375,-9084.12890625,19398.095703125,-4587.27099609375
3785.24998915,14082.0009765625,20918.841796875,-41717.7890625,-10183.65625,-39489.9453125,-9164.103515625,19375.251953125,-4571.46826171875
3785.250177321,14032.4921875,20870.875,-41849.83984375,-10249.9736328125,-39533.015625,-9259.5234375,19313.2265625,-4608.884765625
3785.250388467,13954.619140625,20811.552734375,-41569.953125,-10238.931640625,-39548.28125,-9188.3330078125,19324.826171875,-4646.65966796875
3785.250695521,13976.2998046875,20835.669921875,-41403.9921875,-10187.4560546875,-39521.640625,-9095.0810546875,19373.732421875,-4624.66552734375
3785.251099578,14020.109375,20870.560546875,-41490.8046875,-10179.7216796875,-39512.05078125,-9102.9716796875,19376.123046875,-4600.25732421875
3785.251389857,14072.2109375,20904.89453125,-41729.1640625,-10198.4755859375,-39503.9375,-9177.4697265625,19354.330078125,-4577.9052734375
3785.251735202,14048.80859375,20876.9765625,-41845.796875,-10237.6357421875,-39525.52734375,-9258.2490234375,19302.609375,-4603.27490234375
3785.251937231,13969.68359375,20818.50390625,-41574.265625,-10236.8974609375,-39548.1484375,-9192.9150390625,19306.85546875,-4652.8955078125
3785.252126131,13977.931640625,20834.486328125,-41410.5625,-10187.6123046875,-39521.1015625,-9099.7529296875,19361.70703125,-4642.25634765625
3785.252332171,14020.3330078125,20872.70703125,-41491.25390625,-10173.1279296875,-39500.3828125,-9103.9326171875,19377.53125,-4609.04150390625
3785.252564103,14073.5302734375,20907.173828125,-41730.83984375,-10195.6591796875,-39499.15234375,-9182.6103515625,19354.53125,-4580.00634765625
3785.252753003,14048.943359375,20865.755859375,-41851.31640625,-10251.6279296875,-39529.37109375,-9258.181640625,19315.662109375,-4586.39892578125
3785.252940809,13968.7900390625,20810.009765625,-41573.12890625,-10238.2392578125,-39545.4453125,-9187.6396484375,19324.044921875,-4638.03173828125
3785.253129709,13982.46875,20827.310546875,-41407.25390625,-10191.255859375,-39523.2265625,-9098.568359375,19370.1328125,-4645.5419921875
3785.253322986,14034.056640625,20876.595703125,-41478.37890625,-10166.6015625,-39499.3984375,-9098.7021484375,19384.662109375,-4613.7353515625
3785.253651191,14082.8056640625,20923.646484375,-41708.06640625,-10172.0556640625,-39488.984375,-9172.2392578125,19365.751953125,-4583.29248046875
3785.25403592,14050.3740234375,20893.3828125,-41831.37890625,-10222.5478515625,-39519.0703125,-9257.2880859375,19314.27734375,-4610.20361328125
3785.254386735,13967.2919921875,20837.7265625,-41557.546875,-10218.435546875,-39535.7890625,-9186.09765625,19328.40234375,-4646.63720703125
3785.254697436,13991.208984375,20859.02734375,-41384.56640625,-10165.484375,-39504.33984375,-9086.4091796875,19388.3046875,-4631.7509765625
3785.254885607,14034.90625,20885.783203125,-41468.3203125,-10161.416015625,-39491.53125,-9091.1025390625,19394.697265625,-4603.7666015625
3785.255073049,14087.4326171875,20927.291015625,-41703.34765625,-10180.0126953125,-39485.609375,-9164.3720703125,19369.306640625,-4573.7705078125
3785.25526122,14052.51953125,20884.62109375,-41835.9609375,-10238.216796875,-39522.7578125,-9253.353515625,19307.861328125,-4593.88720703125
3785.255451579,13969.03515625,20822.68359375,-41565.66015625,-10233.947265625,-39544.83984375,-9191.796875,19315.908203125,-4637.115234375
3785.255640114,13987.7890625,20846.51171875,-41393.171875,-10174.89453125,-39508.71875,-9091.728515625,19376.861328125,-4627.41455078125
3785.255829379,14032.1123046875,20880.91015625,-41478.2421875,-10172.189453125,-39500.046875,-9100.8701171875,19390.5859375,-4610.58349609375
3785.256018644,14085.5771484375,20920.40625,-41710.43359375,-10185.7568359375,-39489.65234375,-9174.67578125,19362.958984375,-4585.169921875
3785.256208639,14051.2451171875,20887.212890625,-41838.6875,-10235.6240234375,-39518.80078125,-9262.2275390625,19305.3359375,-4609.287109375
3785.256465733,13978.4013671875,20835.111328125,-41567.29296875,-10227.6220703125,-39537.41796875,-9191.57421875,19310.431640625,-4644.3349609375
3785.256838428,14001.53515625,20845.03515625,-41398.359375,-10174.15625,-39510.5546875,-9102.4794921875,19356.4765625,-4637.5625
3785.25724212,14041.3212890625,20872.439453125,-41482.51171875,-10170.3564453125,-39502.73046875,-9108.939453125,19365.685546875,-4623.5029296875
3785.257590747,14087.7900390625,20904.423828125,-41725.72265625,-10200.978515625,-39505.34375,-9188.0419921875,19349.8828125,-4597.708984375
3785.257781106,14043.4443359375,20863.029296875,-41862.9609375,-10262.0439453125,-39541.77734375,-9278.25390625,19288.03515625,-4621.9384765625
3785.257969642,13957.390625,20806.658203125,-41585.15234375,-10242.10546875,-39549.53515625,-9205.3203125,19293.154296875,-4657.74609375
3785.258158178,13980.546875,20835.55859375,-41404.03515625,-10178.134765625,-39517.3046875,-9102.748046875,19356.498046875,-4636.154296875
3785.258349266,14036.0458984375,20891.59375,-41473.37109375,-10153.3466796875,-39489.72265625,-9091.9072265625,19386.5625,-4585.125
3785.258555306,14078.6484375,20923.646484375,-41710.94921875,-10173.75390625,-39485.0703125,-9169.6015625,19361.259765625,-4573.07763671875
3785.258750041,14040.6953125,20873.01953125,-41851.51953125,-10240.2724609375,-39527.921875,-9268.798828125,19297.84765625,-4620.41845703125
3785.258944047,13965.90625,20810.681640625,-41581.734375,-10240.3623046875,-39551.5,-9208.5166015625,19300.060546875,-4664.294921875
3785.259138417,13976.2109375,20826.974609375,-41414.0703125,-10201.5595703125,-39532.90625,-9114.9970703125,19358.265625,-4647.41943359375
3785.259338622,14031.1513671875,20884.263671875,-41480.078125,-10166.6689453125,-39498.484375,-9104.2236328125,19382.78515625,-4616.19384765625
3785.259562166,14077.5537109375,20924.96484375,-41710.27734375,-10180.392578125,-39485.40625,-9172.9990234375,19364.90234375,-4584.365234375
3785.259757631,14045.8359375,20881.625,-41849.171875,-10247.5146484375,-39526.1328125,-9269.4248046875,19300.44140625,-4613.64599609375
3785.259953095,13975.830078125,20828.62890625,-41570.421875,-10227.7109375,-39539.453125,-9201.0732421875,19303.748046875,-4662.37255859375
3785.260203261,13994.0693359375,20853.193359375,-41391.9453125,-10172.703125,-39506.91015625,-9095.8193359375,19367.5859375,-4636.06494140625
3785.260473848,14040.1591796875,20898.814453125,-41462.375,-10148.7646484375,-39479.03515625,-9088.46484375,19381.33203125,-4595.67529296875
3785.260673323,14087.3212890625,20930.732421875,-41695.14453125,-10168.5908203125,-39472.77734375,-9161.9580078125,19363.94140625,-4578.21826171875
3785.260872799,14058.9345703125,20890.4765625,-41832.7890625,-10232.4052734375,-39510.30859375,-9254.2255859375,19303.94921875,-4604.7275390625
3785.26107191,13987.05078125,20828.427734375,-41563.3359375,-10226.302734375,-39529.0390625,-9189.5625,19315.841796875,-4644.84912109375
3785.261271751,13982.5361328125,20849.88671875,-41388.74609375,-10165.7294921875,-39498.4609375,-9089.26953125,19378.73828125,-4632.84619140625
3785.261475603,14030.97265625,20891.794921875,-41471.91796875,-10159.560546875,-39489.2734375,-9098.7021484375,19387.74609375,-4618.07177734375
3785.261674714,14077.6875,20910.90625,-41720.26953125,-10200.666015625,-39503.4453125,-9185.9189453125,19352.765625,-4599.00537109375
3785.261873096,14041.388671875,20873.35546875,-41861.10546875,-10260.6796875,-39539.56640625,-9276.1083984375,19298.00390625,-4600.88330078125
3785.262071842,13975.517578125,20823.51171875,-41582.22265625,-10238.5966796875,-39541.0625,-9202.5263671875,19308.3984375,-4648.3134765625
3785.262270224,13989.4423828125,20832.5859375,-41409.33203125,-10189.4453125,-39519.046875,-9110.146484375,19352.095703125,-4649.22998046875
3785.262613016,14030.9052734375,20864.771484375,-41488.078125,-10184.7060546875,-39511.671875,-9114.4375,19366.46875,-4613.3779296875
3785.262840207,14084.68359375,20902.345703125,-41716.53515625,-10196.2626953125,-39496.44921875,-9178.8779296875,19351.513671875,-4588.7236328125
3785.714034454,14051.267578125,20862.873046875,-41859.20703125,-10254.287109375,-39530.109375,-9268.5751953125,19294.875,-4612.03662109375
3785.714264563,13969.3037109375,20815.486328125,-41589.3984375,-10244.51953125,-39550.875,-9210.05859375,19300.708984375,-4648.939453125
3785.714474614,13984.435546875,20853.640625,-41400.640625,-10178.8505859375,-39518.1953125,-9107.4638671875,19362.154296875,-4642.43505859375
3785.714666796,14032.783203125,20886.341796875,-41473.50390625,-10164.90234375,-39500.94140625,-9105.564453125,19374.783203125,-4617.3564453125
3785.714857885,14080.5712890625,20916.404296875,-41707.484375,-10183.3203125,-39490.4140625,-9174.7431640625,19353.615234375,-4590.64599609375
3785.715049703,14049.501953125,20883.546875,-41845.640625,-10231.98046875,-39514.015625,-9258.9423828125,19301.201171875,-4609.9130859375
3785.715281999,13969.1474609375,20819.77734375,-41580.4140625,-10235.7802734375,-39540.7265625,-9205.4990234375,19304.330078125,-4658.97509765625
3785.715710489,13980.94921875,20832.630859375,-41402.40625,-10192.8203125,-39518.80078125,-9105.7880859375,19362.310546875,-4647.06201171875
3785.716105065,14034.75,20872.1484375,-41473.57421875,-10175.1396484375,-39498.484375,-9106.525390625,19372.279296875,-4620.6865234375
3785.716435093,14084.7509765625,20915.64453125,-41702.20703125,-10182.2705078125,-39488.9609375,-9182.8115234375,19343.087890625,-4594.46826171875
3785.716625817,14052.921875,20889.068359375,-41844.7890625,-10232.2705078125,-39519.5625,-9273.068359375,19287.25390625,-4611.03076171875
3785.716815811,13975.9423828125,20825.96875,-41579.87890625,-10229.521484375,-39542.78515625,-9212.0703125,19297.669921875,-4645.40771484375
3785.717005805,13983.228515625,20842.0859375,-41401.375,-10181.4658203125,-39518.84375,-9112.158203125,19360.142578125,-4628.4873046875
3785.7171958,14028.0888671875,20886.20703125,-41478.890625,-10173.6201171875,-39505.859375,-9108.0224609375,19372.14453125,-4618.22802734375
3785.717614444,14074.513671875,20909.38671875,-41718.50390625,-10201.2470703125,-39505.6796875,-9191.685546875,19339.244140625,-4601.1064453125
3785.718005373,14049.255859375,20865.15234375,-41864.86328125,-10259.65234375,-39540.28125,-9284.3115234375,19284.056640625,-4613.5791015625
3785.718341965,13968.7451171875,20816.873046875,-41597.06640625,-10246.732421875,-39556.10546875,-9221.4580078125,19291.478515625,-4651.755859375
3785.718546546,13980.4130859375,20833.568359375,-41411.703125,-10192.1044921875,-39526.55859375,-9122.0595703125,19353.7265625,-4638.322265625
3785.718737635,14028.8037109375,20858.6484375,-41487.49609375,-10187.8583984375,-39510.5546875,-9121.3671875,19370.267578125,-4610.1591796875
3785.718928723,14086.1591796875,20895.796875,-41714.859375,-10198.6767578125,-39497.90234375,-9188.109375,19355.873046875,-4572.5634765625
3785.719118718,14056.498046875,20863.9453125,-41861.0859375,-10252.9013671875,-39527.98828125,-9272.2861328125,19300.41796875,-4595.04931640625
3785.719457863,13968.208984375,20802.6796875,-41605.8515625,-10257.3046875,-39557.91796875,-9224.4755859375,19290.404296875,-4658.03662109375
3785.719907869,13980.4130859375,20828.048828125,-41417.08984375,-10194.2060546875,-39528.25390625,-9126.9775390625,19340.427734375,-4647.06201171875
3785.720301715,14029.876953125,20865.2421875,-41484.76953125,-10179.2080078125,-39508.1171875,-9117.1201171875,19360.544921875,-4614.67431640625
3785.720493168,14074.55859375,20906.123046875,-41715.57421875,-10192.0830078125,-39497.56640625,-9182.275390625,19339.712890625,-4596.1220703125
3785.720683892,14033.341796875,20859.36328125,-41875.859375,-10262.625,-39544.03515625,-9282.2099609375,19273.931640625,-4633.740234375
3785.720874251,13950.751953125,20797.224609375,-41611.1015625,-10253.37109375,-39560.33203125,-9222.0390625,19284.056640625,-4676.56591796875
3785.72106461,13983.2734375,20845.3046875,-41406.02734375,-10176.2578125,-39512.54296875,-9107.53125,19360.1875,-4649.9228515625
3785.721355618,14039.8681640625,20880.1953125,-41478.109375,-10165.037109375,-39493.0078125,-9102.5693359375,19379.498046875,-4620.2841796875
3785.721769886,14086.337890625,20911.263671875,-41715.91015625,-10195.078125,-39497.296875,-9178.296875,19355.0234375,-4597.59716796875
3785.722089704,14043.7802734375,20864.125,-41873.9609375,-10265.798828125,-39541.82421875,-9282.5009765625,19284.056640625,-4620.59716796875
3785.722297202,13958.7314453125,20796.533203125,-41611.3046875,-10261.2607421875,-39563.79296875,-9232.365234375,19281.083984375,-4659.62353515625
3785.722487561,13975.5849609375,20827.869140625,-41414.00390625,-10188.88671875,-39525.99609375,-9126.75390625,19337.58984375,-4658.59521484375
3785.72267792,14027.59765625,20877.71484375,-41474.7578125,-10158.80078125,-39497.58984375,-9115.7568359375,19356.6328125,-4630.119140625
3785.72286755,14072.9716796875,20904.08984375,-41710.34375,-10188.283203125,-39497.34375,-9191.328125,19334.83984375,-4601.08447265625
3785.723058274,14044.673828125,20867.990234375,-41864.50390625,-10252.25390625,-39528.09765625,-9281.115234375,19281.150390625,-4623.7265625
3785.723323391,13965.1240234375,20808.333984375,-41601.4453125,-10248.296875,-39545.82421875,-9217.9931640625,19286.671875,-4670.44189453125
3785.723709943,13971.78515625,20824.740234375,-41410.5625,-10194.138671875,-39518.0625,-9113.6328125,19352.005859375,-4651.3310546875
3785.723973602,14011.0341796875,20854.3125,-41483.02734375,-10190.0263671875,-39506.39453125,-9113.4541015625,19361.482421875,-4618.138671875
3785.72419277,14059.560546875,20892.51171875,-41710.8828125,-10207.013671875,-39501.1875,-9188.1982421875,19346.6875,-4587.583984375
3785.724411209,14042.8408203125,20868.4375,-41855.18359375,-10249.19140625,-39522.15234375,-9271.615234375,19301.603515625,-4605.44287109375
3785.724600838,13967.962890625,20804.869140625,-41596.171875,-10245.6376953125,-39542.671875,-9212.583984375,19300.642578125,-4654.080078125
3785.724790833,13982.71484375,20834.462890625,-41405.0625,-10186.2265625,-39512.4296875,-9112.6943359375,19356.119140625,-4638.00927734375
3785.724980827,14029.1396484375,20874.673828125,-41468.921875,-10163.7177734375,-39488.3125,-9106.97265625,19373.552734375,-4615.83642578125
3785.725201454,14079.54296875,20903.41796875,-41699.7265625,-10187.1875,-39486.859375,-9178.4755859375,19345.63671875,-4593.23876953125
3785.725607699,14041.7236328125,20860.8828125,-41860.4375,-10253.9072265625,-39529.41796875,-9278.90234375,19286.224609375,-4603.7666015625
3785.72592861,13957.2783203125,20799.103515625,-41605.625,-10259.25,-39559.546875,-9231.0244140625,19286.537109375,-4653.45458984375
3785.72611824,13970.421875,20831.3125,-41408.59765625,-10195.994140625,-39524.6796875,-9122.8193359375,19350.240234375,-4647.9111328125
3785.726345431,14027.462890625,20875.8359375,-41468.2734375,-10168.0771484375,-39492.60546875,-9106.1455078125,19365.216796875,-4619.07763671875
3785.726535425,14076.16796875,20904.447265625,-41700.5546875,-10193.021484375,-39490.8828125,-9179.34765625,19342.841796875,-4593.7529296875
3785.726725784,14045.92578125,20867.208984375,-41858.359375,-10257.349609375,-39527.046875,-9275.125,19293.01953125,-4606.158203125
3785.726916143,13963.2685546875,20808.333984375,-41592.9296875,-10247.5595703125,-39537.64453125,-9211.51171875,19302.609375,-4647.7548828125
3785.727106138,13975.3388671875,20837.033203125,-41397.59765625,-10185.8916015625,-39506.70703125,-9106.123046875,19361.3046875,-4642.36767578125
3785.72744346,14019.2822265625,20885.447265625,-41462.640625,-10159.896484375,-39485.1171875,-9096.19921875,19378.806640625,-4605.6884765625
3785.727723164,14068.6572265625,20916.583984375,-41692.1953125,-10183.25390625,-39481.60546875,-9166.6513671875,19357.4609375,-4578.03955078125
3785.727913158,14042.416015625,20874.025390625,-41852.58984375,-10248.029296875,-39519.13671875,-9268.798828125,19293.17578125,-4610.13671875
3785.728103152,13967.8955078125,20814.189453125,-41593.53515625,-10243.044921875,-39541.0390625,-9215.802734375,19287.701171875,-4661.45654296875
3785.7283504,13976.166015625,20823.265625,-41406.6953125,-10200.62109375,-39524.23046875,-9119.6455078125,19341.880859375,-4653.00732421875
3785.728557534,14021.1376953125,20863.923828125,-41466.15234375,-10170.177734375,-39496.3359375,-9109.095703125,19360.43359375,-4621.5361328125
3785.728753363,14078.9619140625,20912.716796875,-41682.13671875,-10166.1318359375,-39475.6171875,-9167.8134765625,19354.5546875,-4587.04736328125
3785.728948828,14047.580078125,20881.603515625,-41849.10546875,-10236.65234375,-39518.375,-9266.072265625,19292.841796875,-4613.958984375
3785.729143563,13962.419921875,20804.802734375,-41601.4921875,-10254.578125,-39555.0546875,-9222.8662109375,19288.392578125,-4658.43896484375
3785.729442229,13972.388671875,20813.85546875,-41408.73046875,-10206.119140625,-39530.98046875,-9123.6689453125,19347.625,-4646.123046875
3785.72970917,14027.5078125,20877.958984375,-41455.625,-10155.0458984375,-39489.85546875,-9104.916015625,19368.099609375,-4613.22119140625
3785.729904999,14076.3017578125,20910.638671875,-41681.2890625,-10171.5185546875,-39480.15625,-9173.0439453125,19348.005859375,-4575.82666015625
3785.730100098,14044.8525390625,20875.92578125,-41851.046875,-10241.546875,-39519.58203125,-9269.73828125,19298.67578125,-4603.095703125
3785.730367768,13962.53125,20815.7109375,-41600.328125,-10244.85546875,-39544.3046875,-9215.3115234375,19304.53125,-4654.1474609375
3785.730715665,13967.0458984375,20825.478515625,-41405.69140625,-10188.6630859375,-39517.19140625,-9116.6953125,19349.189453125,-4654.99658203125
3785.730912589,14008.1962890625,20848.322265625,-41474.265625,-10178.8505859375,-39502.9765625,-9113.431640625,19359.78515625,-4624.173828125
3785.731128839,14068.076171875,20891.3046875,-41697.8515625,-10192.462890625,-39495.12890625,-9182.9013671875,19343.400390625,-4584.43212890625
3785.73133415,14044.8525390625,20872.259765625,-41857.6875,-10245.5478515625,-39521.05859375,-9273.5380859375,19290.271484375,-4603.095703125
3785.731550401,13954.1044921875,20809.564453125,-41605.671875,-10243.916015625,-39538.76171875,-9211.1982421875,19296.283203125,-4651.4873046875
3785.731748053,13967.11328125,20830.8203125,-41407.0078125,-10185.220703125,-39507.625,-9107.7998046875,19358.7109375,-4647.3525390625
3785.731944976,14013.4482421875,20858.939453125,-41475.359375,-10178.939453125,-39494.1015625,-9106.3916015625,19364.166015625,-4622.7431640625
3785.732145181,14069.484375,20889.3359375,-41701.0,-10203.5263671875,-39492.625,-9178.05078125,19343.154296875,-4589.3271484375
3785.73234174,14042.1259765625,20869.064453125,-41859.5859375,-10249.951171875,-39521.73046875,-9271.0791015625,19291.27734375,-4609.44384765625
3785.732538298,13961.0341796875,20813.474609375,-41601.2890625,-10240.9208984375,-39538.828125,-9212.025390625,19292.7734375,-4654.61669921875
3785.732734492,13970.287109375,20833.189453125,-41400.1484375,-10184.728515625,-39513.125,-9110.4814453125,19349.837890625,-4636.62353515625
3785.732929227,14007.4580078125,20869.310546875,-41469.34765625,-10177.1064453125,-39506.1484375,-9118.751953125,19358.734375,-4618.697265625
3785.733142196,14067.1826171875,20908.91796875,-41688.6875,-10194.384765625,-39497.609375,-9180.912109375,19349.837890625,-4583.9853515625
3785.733408407,14055.0224609375,20878.5625,-41849.328125,-10249.2587890625,-39526.19921875,-9272.1962890625,19298.16015625,-4600.7265625
3785.733624657,13976.0986328125,20822.349609375,-41591.72265625,-10237.7470703125,-39537.80078125,-9208.404296875,19306.38671875,-4640.98193359375
3785.73382231,13980.255859375,20847.875,-41385.9765625,-10168.2998046875,-39502.05859375,-9100.4453125,19366.35546875,-4626.60986328125
3785.734018868,14034.548828125,20891.4609375,-41444.40234375,-10149.8603515625,-39485.65234375,-9098.0986328125,19380.482421875,-4596.1669921875
3785.734247153,14088.1484375,20917.119140625,-41673.0625,-10176.5029296875,-39484.87109375,-9171.9267578125,19353.34765625,-4580.7890625
3785.734502059,14060.431640625,20885.3359375,-41844.453125,-10239.0654296875,-39520.34375,-9274.431640625,19294.451171875,-4603.47607421875
3785.734698253,13969.9072265625,20817.140625,-41600.39453125,-10244.6318359375,-39545.15234375,-9223.693359375,19287.833984375,-4654.37060546875
3785.734893718,13976.009765625,20833.591796875,-41394.4921875,-10175.7431640625,-39508.5625,-9114.5498046875,19347.111328125,-4650.1240234375
3785.735091005,14022.6123046875,20863.341796875,-41459.35546875,-10165.685546875,-39494.6171875,-9106.927734375,19365.865234375,-4614.42822265625
3785.735496521,14073.5966796875,20901.138671875,-41689.2890625,-10191.6806640625,-39494.99609375,-9178.8330078125,19347.580078125,-4586.44384765625
3785.735752886,14045.478515625,20873.935546875,-41863.96875,-10249.6162109375,-39528.41015625,-9280.01953125,19285.419921875,-4607.40966796875
3785.736008521,13959.06640625,20805.697265625,-41621.69921875,-10253.52734375,-39556.23828125,-9236.8359375,19272.1875,-4667.22314453125
3785.73627692,13964.900390625,20818.884765625,-41423.4375,-10200.822265625,-39527.49609375,-9128.51953125,19330.369140625,-4661.79150390625
3785.736473114,14023.439453125,20861.509765625,-41479.33984375,-10183.3203125,-39503.51171875,-9112.4482421875,19358.935546875,-4622.07275390625
3785.736670037,14078.3134765625,20890.587890625,-41707.125,-10209.8076171875,-39502.05859375,-9179.1240234375,19348.318359375,-4580.43115234375
3785.736865866,14047.8701171875,20861.798828125,-41873.40234375,-10255.78515625,-39524.7890625,-9267.123046875,19294.697265625,-4597.955078125
3785.73706206,13956.2724609375,20800.109375,-41626.75,-10258.109375,-39545.3984375,-9220.720703125,19285.77734375,-4667.17822265625
3785.737287792,13964.498046875,20818.705078125,-41419.8828125,-10201.2021484375,-39514.84375,-9118.7744140625,19342.126953125,-4653.9462890625
3785.737483986,14019.9306640625,20866.8515625,-41475.76171875,-10185.5556640625,-39498.640625,-9111.7783203125,19364.34375,-4608.3486328125
3785.73768018,14068.478515625,20903.552734375,-41699.83984375,-10200.7998046875,-39496.94140625,-9183.2138671875,19349.056640625,-4584.9912109375
3785.737876738,14044.3388671875,20874.025390625,-41869.95703125,-10255.4501953125,-39524.72265625,-9277.3818359375,19293.421875,-4609.9580078125
3785.738072567,13962.330078125,20816.783203125,-41616.625,-10246.9111328125,-39537.26171875,-9221.525390625,19291.41015625,-4649.1181640625
3785.738375975,13969.728515625,20838.77734375,-41406.359375,-10183.4990234375,-39505.8359375,-9113.029296875,19356.87890625,-4630.9013671875
3785.738676465,14009.6044921875,20876.55078125,-41465.32421875,-10168.5234375,-39491.95703125,-9108.08984375,19369.685546875,-4611.7685546875
3785.738992636,14061.236328125,20901.361328125,-41691.5234375,-10192.4853515625,-39491.53125,-9174.474609375,19350.240234375,-4591.2939453125
3785.73936059,14050.5966796875,20883.994140625,-41854.109375,-10240.697265625,-39516.140625,-9266.072265625,19304.28515625,-4600.7490234375
3785.739693901,13966.1748046875,20821.275390625,-41608.0390625,-10237.92578125,-39536.3671875,-9212.763671875,19296.216796875,-4651.15234375
3785.740054197,13974.9140625,20825.076171875,-41408.70703125,-10199.615234375,-39517.6171875,-9114.2587890625,19346.73046875,-4647.21826171875
3785.74025185,14010.587890625,20866.626953125,-41464.3203125,-10179.1630859375,-39496.24609375,-9107.978515625,19366.78125,-4613.82470703125
3785.740448043,14058.30859375,20913.25390625,-41676.21484375,-10170.736328125,-39478.61328125,-9169.0205078125,19354.21875,-4585.46044921875
3785.740643872,14045.0986328125,20885.716796875,-41850.22265625,-10229.4326171875,-39506.73046875,-9260.3056640625,19301.982421875,-4603.3642578125
3785.740840066,13968.119140625,20816.40234375,-41610.25390625,-10239.826171875,-39534.24609375,-9214.23828125,19301.826171875,-4642.94921875
3785.741036989,13972.8349609375,20825.92578125,-41407.92578125,-10192.126953125,-39512.1640625,-9113.208984375,19354.666015625,-4635.61767578125
3785.741341126,14014.833984375,20862.380859375,-41466.91015625,-10172.30078125,-39494.55078125,-9110.2802734375,19371.98828125,-4619.01025390625
3785.74170434,14065.4384765625,20910.68359375,-41686.359375,-10188.39453125,-39486.16796875,-9174.3857421875,19361.818359375,-4582.9794921875
3785.742051143,14040.4267578125,20876.775390625,-41864.81640625,-10249.03515625,-39517.01171875,-9267.9716796875,19309.650390625,-4603.20751953125
3785.742291827,13961.0341796875,20810.32421875,-41622.92578125,-10252.0078125,-39539.5,-9220.072265625,19299.345703125,-4657.701171875
3785.74248948,13972.74609375,20826.39453125,-41411.7265625,-10194.4296875,-39507.17578125,-9109.1181640625,19351.984375,-4641.83154296875
3785.742685309,14011.2578125,20856.814453125,-41472.4765625,-10184.4384765625,-39496.6953125,-9108.5146484375,19370.24609375,-4616.5068359375
3785.742882596,14059.2021484375,20893.76171875,-41688.73046875,-10194.228515625,-39486.1015625,-9170.6298828125,19358.421875,-4577.41357421875
3786.194134462,14044.0029296875,20878.474609375,-41858.15625,-10242.75390625,-39507.40234375,-9257.623046875,19316.220703125,-4578.9560546875
3786.194408331,13957.4130859375,20820.94140625,-41620.35546875,-10247.6708984375,-39532.390625,-9210.86328125,19307.16796875,-4639.66357421875
3786.194592491,13973.0810546875,20839.068359375,-41406.49609375,-10189.4228515625,-39509.16796875,-9111.1298828125,19357.662109375,-4643.19482421875
3786.194775192,14016.130859375,20871.5234375,-41457.390625,-10171.2509765625,-39489.140625,-9100.8701171875,19377.3984375,-4615.21044921875
3786.194955705,14067.875,20914.52734375,-41669.10546875,-10179.677734375,-39474.3671875,-9159.23046875,19368.076171875,-4580.07373046875
3786.195136217,14042.818359375,20882.876953125,-41850.98046875,-10244.8330078125,-39511.04296875,-9262.0712890625,19309.470703125,-4596.501953125
3786.195453118,13959.8046875,20803.283203125,-41616.625,-10259.47265625,-39546.58203125,-9223.044921875,19297.802734375,-4650.59326171875
3786.195825448,13967.068359375,20821.56640625,-41401.98046875,-10198.9892578125,-39517.21484375,-9115.6669921875,19353.392578125,-4645.1171875
3786.196196685,14014.7900390625,20871.791015625,-41447.0625,-10168.2333984375,-39486.45703125,-9095.86328125,19382.470703125,-4613.66845703125
3786.196442474,14064.1865234375,20915.0859375,-41665.015625,-10174.759765625,-39473.40234375,-9159.3203125,19365.55078125,-4592.00927734375
3786.196623352,14053.189453125,20881.447265625,-41845.86328125,-10235.400390625,-39506.1484375,-9257.466796875,19311.05859375,-4596.3232421875
3786.1968035,13968.0517578125,20806.6796875,-41612.9375,-10250.263671875,-39536.4140625,-9210.7734375,19306.4765625,-4631.21435546875
3786.196984377,13983.162109375,20829.814453125,-41398.0234375,-10191.5458984375,-39506.796875,-9108.3359375,19361.169921875,-4626.69921875
3786.197165255,14030.1904296875,20885.759765625,-41443.64453125,-10149.345703125,-39479.21484375,-9104.6923828125,19372.771484375,-4617.42333984375
3786.197433654,14067.4501953125,20910.99609375,-41672.3671875,-10174.4921875,-39483.21484375,-9174.6533203125,19348.1171875,-4600.5703125
3786.197839169,14043.6455078125,20874.71875,-41862.73828125,-10245.16796875,-39521.34765625,-9277.7841796875,19288.818359375,-4613.86962890625
3786.198225358,13962.486328125,20816.873046875,-41623.26171875,-10243.8046875,-39540.953125,-9229.4599609375,19284.548828125,-4661.45654296875
3786.198575078,13966.8232421875,20833.412109375,-41409.4453125,-10189.646484375,-39514.28515625,-9122.439453125,19340.986328125,-4655.42138671875
3786.198765073,14003.45703125,20863.4765625,-41467.3828125,-10178.626953125,-39498.125,-9109.3193359375,19362.689453125,-4632.60009765625
3786.198955067,14050.4404296875,20892.287109375,-41690.71875,-10199.6826171875,-39494.4609375,-9174.8544921875,19348.765625,-4592.970703125
3786.199145426,14039.0634765625,20862.42578125,-41880.95703125,-10268.5478515625,-39538.60546875,-9284.802734375,19292.349609375,-4615.76953125
3786.199439717,13958.3740234375,20800.556640625,-41643.40234375,-10269.21875,-39558.2734375,-9231.9853515625,19285.64453125,-4659.109375
3786.199843409,13963.828125,20827.064453125,-41424.30859375,-10199.32421875,-39515.9609375,-9117.9697265625,19341.478515625,-4643.91015625
3786.200118737,14011.548828125,20864.146484375,-41478.53515625,-10181.6220703125,-39501.61328125,-9113.9912109375,19361.70703125,-4618.5185546875
3786.20031019,14063.7841796875,20889.404296875,-41695.703125,-10199.1455078125,-39494.1484375,-9176.330078125,19349.345703125,-4590.310546875
3786.200501278,14046.685546875,20863.162109375,-41877.01953125,-10255.5615234375,-39522.48828125,-9273.068359375,19302.720703125,-4616.64111328125
3786.200690543,13966.5771484375,20796.15234375,-41640.4296875,-10262.9599609375,-39548.21484375,-9226.0849609375,19289.66796875,-4666.01611328125
3786.200880538,13968.0517578125,20806.92578125,-41425.94140625,-10209.2490234375,-39526.734375,-9125.703125,19337.142578125,-4651.15234375
3786.201070167,14016.2646484375,20859.296875,-41466.10546875,-10170.22265625,-39495.84375,-9108.693359375,19358.466796875,-4620.5302734375
3786.201302464,14069.1044921875,20895.125,-41681.3984375,-10187.3662109375,-39490.83984375,-9173.5361328125,19345.5234375,-4597.3291015625
3786.201698498,14050.462890625,20871.791015625,-41863.453125,-10244.3857421875,-39519.91796875,-9269.6259765625,19295.791015625,-4606.0908203125
3786.202072287,13963.3359375,20808.759765625,-41630.546875,-10253.884765625,-39548.70703125,-9226.6884765625,19290.248046875,-4659.4892578125
3786.202389552,13963.2021484375,20825.56640625,-41411.9921875,-10195.4580078125,-39520.20703125,-9119.51171875,19347.736328125,-4656.00244140625
3786.202581734,14017.7626953125,20864.771484375,-41462.84375,-10180.392578125,-39503.9375,-9112.203125,19356.990234375,-4630.677734375
3786.202772093,14077.5537109375,20898.1875,-41679.7890625,-10201.42578125,-39500.0703125,-9175.7041015625,19344.33984375,-4592.7470703125
3786.202961723,14058.9345703125,20878.384765625,-41863.07421875,-10249.50390625,-39525.125,-9271.4140625,19289.80078125,-4593.931640625
3786.203150988,13966.4873046875,20812.9609375,-41628.9609375,-10250.755859375,-39550.00390625,-9236.6123046875,19278.291015625,-4648.134765625
3786.203415376,13965.19140625,20820.828125,-41411.92578125,-10202.69921875,-39526.625,-9130.4189453125,19339.66796875,-4649.45361328125
3786.203815786,14013.626953125,20852.568359375,-41465.390625,-10191.5458984375,-39511.19921875,-9122.3955078125,19358.48828125,-4626.05126953125
3786.204118464,14062.5107421875,20886.833984375,-41685.17578125,-10206.0078125,-39506.75390625,-9190.27734375,19337.34375,-4599.162109375
3786.204364983,14036.158203125,20861.75390625,-41876.05859375,-10262.333984375,-39539.4765625,-9292.4697265625,19281.150390625,-4617.57958984375
3786.204554977,13942.9736328125,20802.455078125,-41646.91015625,-10271.7890625,-39567.39453125,-9247.966796875,19277.57421875,-4653.16357421875
3786.204745336,13951.466796875,20829.724609375,-41419.14453125,-10198.1396484375,-39523.62890625,-9126.5078125,19336.515625,-4645.78759765625
3786.20493606,14010.296875,20863.453125,-41460.7890625,-10177.7548828125,-39498.08203125,-9106.97265625,19361.908203125,-4622.765625
3786.205125325,14067.0029296875,20887.66015625,-41676.94921875,-10196.9775390625,-39494.234375,-9173.2451171875,19348.1171875,-4598.15625
