#3767.976092804,14446.9609375,21285.208984375,-41364.2265625,-9955.958984375,-39527.875,-8905.1357421875,19654.134765625,-4420.77294921875
3767.9763313,14369.109375,21234.42578125,-41071.93359375,-9931.1484375,-39539.38671875,-8817.2490234375,19670.943359375,-4460.67041015625
3767.976528952,14396.177734375,21260.443359375,-40976.828125,-9893.5078125,-39518.44140625,-8739.46484375,19724.587890625,-4445.5830078125
3767.976724782,14454.7841796875,21303.4921875,-41085.32421875,-9881.3935546875,-39495.15234375,-8749.9482421875,19733.013671875,-4413.28466796875
3767.976920611,14493.2958984375,21331.767578125,-41332.7578125,-9901.0400390625,-39485.5859375,-8840.427734375,19708.158203125,-4387.71435546875
3767.977116075,14432.3203125,21275.955078125,-41381.6171875,-9962.59765625,-39529.5078125,-8909.0029296875,19654.0234375,-4426.830078125
3768.429206687,14362.7392578125,21234.873046875,-41087.24609375,-9938.61328125,-39538.13671875,-8811.728515625,19668.73046875,-4474.08154296875
3768.429401058,14391.103515625,21266.12109375,-40980.15625,-9883.9638671875,-39507.2890625,-8737.251953125,19713.009765625,-4456.28955078125
3768.429585947,14448.1455078125,21316.166015625,-41085.92578125,-9876.7890625,-39493.9453125,-8758.6650390625,19723.71484375,-4420.92919921875
3768.429864192,14501.1640625,21346.453125,-41332.21875,-9900.951171875,-39488.6484375,-8840.583984375,19700.11328125,-4384.2275390625
3768.430051269,14439.5849609375,21297.255859375,-41374.91015625,-9949.0078125,-39522.578125,-8901.0458984375,19653.30859375,-4416.66015625
3768.430233605,14368.349609375,21246.517578125,-41078.59375,-9930.1650390625,-39535.7890625,-8814.5,19668.462890625,-4463.77734375
3768.430415941,14397.3623046875,21268.82421875,-40971.6640625,-9885.4169921875,-39509.6796875,-8739.3310546875,19711.7578125,-4444.48779296875
3768.430597913,14461.8916015625,21322.9609375,-41066.99609375,-9861.8798828125,-39482.03125,-8742.6611328125,19731.427734375,-4400.90185546875
3768.430977901,14503.80078125,21354.25390625,-41312.90625,-9886.869140625,-39480.9140625,-8831.666015625,19708.181640625,-4378.013671875
3768.431713081,14449.1953125,21302.12890625,-41360.91796875,-9943.9560546875,-39521.16796875,-8900.46484375,19659.431640625,-4421.15283203125
3768.43207046,14388.220703125,21248.41796875,-41066.34765625,-9923.7275390625,-39528.58984375,-8805.4921875,19687.103515625,-4457.7646484375
3768.432344694,14395.5517578125,21266.41015625,-40968.51171875,-9888.9482421875,-39507.109375,-8725.673828125,19744.123046875,-4435.7705078125
3768.43252703,14445.4853515625,21303.828125,-41081.1640625,-9885.595703125,-39491.48828125,-8742.9296875,19748.32421875,-4400.52197265625
3768.432741822,14490.501953125,21323.83203125,-41333.89453125,-9914.65234375,-39491.44140625,-8847.06640625,19699.77734375,-4382.2607421875
3768.433082791,14424.4296875,21268.19921875,-41389.59765625,-9971.716796875,-39530.82421875,-8915.775390625,19641.23828125,-4430.607421875
3768.433263668,14358.7158203125,21242.44921875,-41087.71484375,-9934.880859375,-39533.5078125,-8821.0263671875,19668.126953125,-4465.38671875
3768.433445275,14390.90234375,21276.021484375,-40973.69921875,-9881.3935546875,-39501.4765625,-8737.69921875,19723.4921875,-4442.6103515625
3768.433626517,14439.9873046875,21297.14453125,-41084.00390625,-9884.232421875,-39488.37890625,-8747.2880859375,19739.474609375,-4415.2744140625
3768.433879235,14492.22265625,21344.396484375,-41323.703125,-9897.2626953125,-39480.15625,-8834.884765625,19702.7265625,-4390.15087890625
3768.434058289,14438.6904296875,21290.73046875,-41379.00390625,-9957.0986328125,-39523.8515625,-8909.71875,19647.876953125,-4424.48291015625
3768.434238802,14377.7373046875,21235.07421875,-41086.44140625,-9939.0380859375,-39531.51953125,-8816.98046875,19678.85546875,-4466.28076171875
3768.43441968,14407.3984375,21267.88671875,-40969.00390625,-9884.9248046875,-39503.109375,-8740.0234375,19722.77734375,-4447.75146484375
3768.434599463,14445.462890625,21308.9453125,-41073.2734375,-9876.6767578125,-39490.59375,-8758.4638671875,19728.3203125,-4420.97412109375
3768.43489813,14491.1943359375,21337.533203125,-41316.73046875,-9898.0673828125,-39479.19140625,-8831.77734375,19718.552734375,-4387.8486328125
3768.435301458,14434.3544921875,21291.802734375,-41378.98046875,-9956.830078125,-39519.94140625,-8902.2978515625,19667.58984375,-4419.275390625
3768.435649355,14362.6943359375,21251.45703125,-41086.88671875,-9935.88671875,-39530.84765625,-8817.830078125,19674.36328125,-4461.453125
3768.436020956,14387.0576171875,21272.669921875,-40969.4296875,-9887.31640625,-39506.375,-8738.6376953125,19714.998046875,-4448.0419921875
3768.436215327,14437.70703125,21306.755859375,-41072.91796875,-9879.76171875,-39493.34375,-8754.306640625,19722.642578125,-4422.49365234375
3768.43639584,14496.134765625,21345.08984375,-41315.703125,-9900.0791015625,-39487.5546875,-8839.66796875,19704.873046875,-4382.75244140625
3768.436575988,14446.669921875,21299.22265625,-41376.921875,-9956.0703125,-39528.27734375,-8910.1650390625,19656.66015625,-4415.20703125
3768.4368907,14376.5078125,21258.521484375,-41075.734375,-9917.1787109375,-39522.734375,-8811.7060546875,19678.20703125,-4458.30126953125
3768.437286735,14409.923828125,21293.12109375,-40947.859375,-9854.5712890625,-39482.14453125,-8722.0751953125,19737.216796875,-4435.234375
3768.437617857,14454.6044921875,21324.302734375,-41054.65625,-9854.236328125,-39469.55859375,-8736.3134765625,19746.1796875,-4397.52685546875
3768.437827544,14492.87109375,21345.3125,-41307.5,-9889.171875,-39472.421875,-8823.1279296875,19721.927734375,-4359.685546875
3768.438019361,14431.4033203125,21299.9375,-41377.81640625,-9949.0078125,-39514.64453125,-8898.4755859375,19658.158203125,-4412.34619140625
3768.438211544,14378.9892578125,21269.875,-41082.9296875,-9914.8759765625,-39521.52734375,-8811.52734375,19677.3359375,-4465.94580078125
3768.438404456,14418.57421875,21291.087890625,-40963.015625,-9866.9091796875,-39491.890625,-8727.283203125,19741.798828125,-4420.54931640625
3768.438596273,14449.3525390625,21321.26171875,-41072.76171875,-9870.798828125,-39481.16015625,-8743.2646484375,19751.208984375,-4399.53857421875
3768.438902963,14489.3623046875,21341.625,-41322.80859375,-9902.91796875,-39481.78515625,-8830.3916015625,19708.583984375,-4383.10986328125
3768.439290245,14435.8515625,21283.599609375,-41393.8203125,-9965.3466796875,-39526.78125,-8910.9921875,19650.0,-4420.83984375
3768.43963559,14358.3359375,21228.45703125,-41107.80859375,-9949.029296875,-39542.55859375,-8827.8212890625,19662.046875,-4465.07373046875
3768.439869345,14387.7734375,21261.58203125,-40983.578125,-9896.0341796875,-39512.5859375,-8744.2255859375,19716.4296875,-4446.67822265625
3768.440059704,14445.7978515625,21308.744140625,-41076.0703125,-9877.146484375,-39484.40234375,-8746.349609375,19732.634765625,-4411.876953125
3768.440250792,14492.22265625,21343.166015625,-41321.3125,-9899.0068359375,-39478.4765625,-8828.9609375,19705.09765625,-4382.52880859375
3768.440441516,14438.421875,21295.513671875,-41390.15625,-9950.8623046875,-39519.13671875,-8904.0185546875,19649.28515625,-4414.51416015625
3768.440634063,14357.77734375,21237.197265625,-41100.296875,-9939.306640625,-39534.40234375,-8816.3330078125,19668.6640625,-4461.0283203125
3768.440986701,14384.8232421875,21270.74609375,-40970.8359375,-9880.3876953125,-39494.50390625,-8721.4267578125,19725.146484375,-4446.47705078125
3768.441289379,14439.115234375,21311.337890625,-41065.96484375,-9864.96484375,-39475.21484375,-8736.939453125,19737.953125,-4406.4228515625
3768.441502712,14492.06640625,21349.3359375,-41303.25390625,-9883.3154296875,-39468.17578125,-8823.26171875,19711.490234375,-4390.798828125
3768.441745949,14446.46875,21307.134765625,-41375.24609375,-9937.09375,-39507.51171875,-8900.1513671875,19655.72265625,-4430.048828125
3768.44194506,14384.1748046875,21261.001953125,-41082.9765625,-9915.859375,-39515.73828125,-8810.029296875,19678.7890625,-4467.33154296875
3768.442142348,14402.7939453125,21281.990234375,-40958.54296875,-9870.060546875,-39491.0390625,-8723.3046875,19731.29296875,-4450.54541015625
3768.442339271,14449.0390625,21325.375,-41055.484375,-9862.5283203125,-39477.18359375,-8730.8818359375,19742.357421875,-4417.68798828125
3768.4425351,14485.0029296875,21349.55859375,-41306.828125,-9894.0224609375,-39481.62890625,-8825.2060546875,19718.015625,-4385.8369140625
3768.442776513,14441.8642578125,21307.3359375,-41382.78125,-9948.26953125,-39516.6328125,-8900.21875,19669.111328125,-4417.08447265625
3768.443113835,14369.7353515625,21244.908203125,-41096.9453125,-9935.1044921875,-39532.078125,-8819.0146484375,19676.21875,-4460.11181640625
3768.443316228,14394.3447265625,21265.181640625,-40972.2890625,-9893.8876953125,-39510.30859375,-8739.95703125,19725.884765625,-4432.10498046875
3768.443518622,14449.84375,21308.54296875,-41068.55859375,-9879.404296875,-39491.6640625,-8749.0537109375,19739.33984375,-4405.57373046875
3768.443722474,14484.9140625,21330.73828125,-41317.40234375,-9906.025390625,-39484.0,-8827.798828125,19721.79296875,-4379.10888671875
3768.443924502,14432.029296875,21302.083984375,-41391.47265625,-9942.1455078125,-39508.1171875,-8898.9892578125,19668.796875,-4405.14892578125
3768.444126531,14360.50390625,21243.634765625,-41109.57421875,-9932.958984375,-39529.4609375,-8819.796875,19678.498046875,-4457.2060546875
3768.444340229,14383.2138671875,21262.521484375,-40982.125,-9886.310546875,-39502.83984375,-8734.123046875,19730.98046875,-4431.50146484375
3768.444536422,14436.544921875,21299.9375,-41079.46484375,-9883.7626953125,-39491.578125,-8751.9150390625,19738.400390625,-4405.39453125
3768.444794611,14481.5615234375,21326.26953125,-41329.62890625,-9917.2451171875,-39496.47265625,-8839.4892578125,19705.431640625,-4392.72119140625
3768.445043317,14435.1142578125,21285.990234375,-41410.3828125,-9962.26171875,-39527.5390625,-8911.5732421875,19656.59375,-4432.55224609375
3768.445255192,14363.56640625,21250.18359375,-41111.875,-9926.2529296875,-39521.21484375,-8813.248046875,19686.25390625,-4464.6044921875
3768.445451021,14392.6015625,21271.6640625,-40973.921875,-9881.28125,-39491.8203125,-8720.3994140625,19738.646484375,-4438.9892578125
3768.445646485,14442.4453125,21304.095703125,-41072.0,-9882.845703125,-39480.87109375,-8737.5654296875,19741.57421875,-4414.3798828125
3768.445878417,14481.4267578125,21336.439453125,-41312.6640625,-9896.615234375,-39473.3359375,-8820.53515625,19713.634765625,-4393.8837890625
3768.446074975,14425.5029296875,21299.8046875,-41393.375,-9942.6142578125,-39503.22265625,-8889.04296875,19675.2578125,-4415.11767578125
3768.446271899,14369.7802734375,21269.048828125,-41098.17578125,-9921.8271484375,-39514.30859375,-8800.9326171875,19701.87890625,-4448.220703125
3768.446467728,14386.833984375,21287.3984375,-40967.52734375,-9876.900390625,-39494.37109375,-8725.607421875,19729.99609375,-4442.2080078125
3768.446684343,14432.677734375,21328.01171875,-41055.28125,-9856.76171875,-39473.94140625,-8742.8623046875,19733.751953125,-4411.92138671875
3768.446888924,14488.69140625,21360.892578125,-41294.04296875,-9876.3193359375,-39469.0234375,-8823.865234375,19707.5546875,-4395.0009765625
3768.447101893,14445.150390625,21310.890625,-41383.0703125,-9934.5009765625,-39506.9765625,-8903.080078125,19654.11328125,-4423.7900390625
3768.447298816,14367.791015625,21256.30859375,-41098.64453125,-9919.3916015625,-39521.1015625,-8823.462890625,19666.31640625,-4467.53271484375
3768.447496469,14392.6904296875,21289.25390625,-40955.52734375,-9863.2216796875,-39487.23828125,-8727.640625,19727.046875,-4444.6220703125
3768.447714907,14440.232421875,21325.509765625,-41047.83984375,-9853.8115234375,-39468.6640625,-8730.14453125,19745.666015625,-4415.05078125
3768.447926782,14488.1767578125,21352.2421875,-41294.71484375,-9886.7578125,-39470.36328125,-8813.4716796875,19722.822265625,-4392.49755859375
3768.448122611,14438.35546875,21294.91015625,-41393.84375,-9954.8857421875,-39512.05078125,-8893.4013671875,19668.283203125,-4408.30029296875
3768.448318076,14363.3203125,21230.08984375,-41112.58984375,-9946.50390625,-39526.9609375,-8809.671875,19687.818359375,-4445.8291015625
3768.448513905,14392.0205078125,21272.669921875,-40960.2421875,-9868.384765625,-39484.4453125,-8711.435546875,19739.048828125,-4439.14599609375
3768.448731614,14445.5966796875,21319.630859375,-41051.19140625,-9859.98046875,-39468.2421875,-8723.70703125,19758.31640625,-4398.80078125
3768.448935466,14485.0703125,21342.048828125,-41299.7421875,-9892.033203125,-39471.37109375,-8815.953125,19735.919921875,-4378.4384765625
3768.449148435,14430.2412109375,21292.0703125,-41397.6875,-9943.5087890625,-39508.765625,-8898.966796875,19671.166015625,-4402.93603515625
3768.449344993,14359.7216796875,21235.587890625,-41116.52734375,-9940.0439453125,-39529.70703125,-8822.568359375,19673.982421875,-4446.92431640625
3768.449541916,14382.38671875,21266.365234375,-40970.81640625,-9880.275390625,-39492.55859375,-8731.015625,19719.0,-4452.75830078125
3768.449773483,14431.515625,21308.365234375,-41057.00390625,-9863.6240234375,-39472.8671875,-8733.921875,19733.86328125,-4417.3974609375
3768.449970406,14477.3369140625,21337.734375,-41301.26171875,-9894.3798828125,-39476.01953125,-8817.517578125,19711.98046875,-4384.33935546875
3768.4501666,14438.5341796875,21313.796875,-41386.55859375,-9924.0400390625,-39495.265625,-8892.5966796875,19657.2421875,-4417.12939453125
3768.450362429,14365.779296875,21262.34375,-41097.83984375,-9902.203125,-39503.71484375,-8809.3369140625,19674.654296875,-4455.9765625
3768.450557529,14385.828125,21282.212890625,-40957.0234375,-9863.8251953125,-39486.34765625,-8726.0986328125,19723.89453125,-4447.32666015625
3768.45081827,14431.4482421875,21311.806640625,-41046.98828125,-9863.35546875,-39477.44921875,-8737.4755859375,19738.625,-4420.10205078125
3768.451038167,14478.767578125,21341.736328125,-41284.58984375,-9886.7802734375,-39468.80078125,-8811.2138671875,19719.357421875,-4390.798828125
3768.451235455,14435.7626953125,21298.26171875,-41383.00390625,-9937.787109375,-39500.42578125,-8891.1884765625,19662.13671875,-4417.1962890625
3768.451433107,14365.48828125,21251.546875,-41094.91015625,-9916.3740234375,-39509.90625,-8803.7705078125,19682.857421875,-4446.11962890625
3768.451629301,14382.654296875,21270.0546875,-40955.52734375,-9871.0,-39485.609375,-8717.671875,19739.451171875,-4442.14111328125
3768.451859774,14429.7275390625,21311.60546875,-41044.75390625,-9854.6162109375,-39465.71484375,-8726.076171875,19755.1875,-4422.51611328125
3768.452055603,14478.8115234375,21339.388671875,-41287.671875,-9884.7685546875,-39467.75,-8814.2314453125,19722.978515625,-4391.76025390625
3768.452251068,14440.6572265625,21299.177734375,-41392.14453125,-9941.83203125,-39501.25390625,-8894.67578125,19664.23828125,-4410.93798828125
3768.452447261,14368.8857421875,21240.70703125,-41114.4453125,-9927.728515625,-39516.18359375,-8818.634765625,19667.0546875,-4459.10595703125
3768.452644914,14379.837890625,21262.23046875,-40968.6484375,-9876.6767578125,-39492.6484375,-8732.5361328125,19715.4453125,-4444.0185546875
3768.452867364,14429.794921875,21301.97265625,-41053.046875,-9867.4462890625,-39473.875,-8732.759765625,19735.986328125,-4414.044921875
3768.453082521,14478.96875,21333.509765625,-41296.546875,-9895.810546875,-39472.7578125,-8812.7783203125,19716.517578125,-4391.044921875
3768.453279444,14443.98828125,21293.27734375,-41404.52734375,-9950.5947265625,-39511.3125,-8895.8603515625,19665.376953125,-4406.37841796875
3768.453476367,14361.5546875,21246.16015625,-41126.78515625,-9937.0048828125,-39529.6640625,-8823.462890625,19671.123046875,-4454.88134765625
3768.453694441,14382.8115234375,21277.98828125,-40970.390625,-9876.9453125,-39496.89453125,-8736.939453125,19734.220703125,-4421.53271484375
3768.453904857,14426.3525390625,21309.6171875,-41057.94140625,-9871.1787109375,-39482.43359375,-8743.041015625,19738.4453125,-4420.236328125
3768.454101051,14469.15625,21330.494140625,-41296.8828125,-9894.3349609375,-39478.58984375,-8828.8046875,19711.556640625,-4400.8798828125
3768.45429688,14429.7275390625,21287.66796875,-41405.01953125,-9946.4814453125,-39508.54296875,-8907.70703125,19669.177734375,-4421.64453125
3768.454493074,14357.93359375,21239.07421875,-41125.734375,-9937.7197265625,-39525.328125,-8829.5869140625,19675.4140625,-4463.2412109375
3768.454712242,14382.744140625,21263.884765625,-40969.5390625,-9887.1376953125,-39496.91796875,-8735.3525390625,19724.833984375,-4448.3994140625
3768.454915729,14435.5166015625,21308.275390625,-41051.01171875,-9871.15625,-39478.14453125,-8737.7666015625,19738.22265625,-4425.31005859375
3768.455130157,14489.541015625,21353.248046875,-41281.83984375,-9883.62890625,-39471.7734375,-8817.31640625,19716.607421875,-4387.53564453125
3768.455327809,14436.9248046875,21306.107421875,-41400.05859375,-9943.240234375,-39507.578125,-8899.97265625,19662.8515625,-4409.3955078125
3768.455524732,14373.22265625,21262.587890625,-41112.58984375,-9917.8935546875,-39513.28125,-8821.697265625,19680.5546875,-4438.31884765625
3768.455757393,14390.0087890625,21278.615234375,-40964.0625,-9870.7763671875,-39492.3359375,-8735.642578125,19730.443359375,-4438.09521484375
3768.455953587,14426.12890625,21308.23046875,-41055.55078125,-9868.65234375,-39482.859375,-8737.7890625,19735.607421875,-4427.67919921875
3768.45615051,14466.25,21343.5234375,-41288.03125,-9889.73046875,-39477.359375,-8816.2880859375,19724.921875,-4391.0673828125
3768.456346704,14431.4931640625,21310.265625,-41398.26953125,-9935.5517578125,-39506.171875,-8902.6328125,19671.2109375,-4409.37353515625
3768.909738467,14367.5224609375,21252.5078125,-41117.375,-9919.63671875,-39516.69921875,-8825.921875,19681.896484375,-4443.0576171875
3768.909939037,14384.8671875,21267.751953125,-40958.765625,-9866.7080078125,-39485.47265625,-8723.3271484375,19748.01171875,-4424.662109375
3768.910122467,14428.744140625,21303.984375,-41045.08984375,-9863.9140625,-39475.23828125,-8729.697265625,19749.46484375,-4401.1923828125
3768.910566638,14480.376953125,21341.423828125,-41280.51953125,-9880.72265625,-39468.59765625,-8814.6787109375,19724.720703125,-4371.822265625
3768.91076575,14440.4111328125,21300.98828125,-41400.28125,-9935.2158203125,-39500.47265625,-8902.5654296875,19671.234375,-4406.4677734375
3768.910947356,14346.7578125,21237.197265625,-41138.8984375,-9940.9833984375,-39527.96484375,-8833.3427734375,19670.607421875,-4456.982421875
3768.911147926,14364.9521484375,21259.01171875,-40983.2421875,-9888.6357421875,-39500.26953125,-8738.8388671875,19719.423828125,-4451.50634765625
3768.911378764,14423.8935546875,21302.912109375,-41061.25,-9861.2763671875,-39477.0703125,-8740.91796875,19735.65234375,-4421.2197265625
3768.911559641,14472.1064453125,21337.400390625,-41302.9609375,-9890.8037109375,-39478.7890625,-8819.283203125,19705.3203125,-4390.77685546875
3768.911740519,14430.0400390625,21279.107421875,-41438.859375,-9971.314453125,-39526.78125,-8916.87109375,19650.40234375,-4413.4189453125
3768.911920667,14353.708984375,21215.203125,-41165.85546875,-9960.4287109375,-39542.89453125,-8845.904296875,19660.662109375,-4454.568359375
3768.912099721,14369.556640625,21250.607421875,-40994.05859375,-9893.9775390625,-39505.703125,-8745.9248046875,19714.328125,-4445.11376953125
3768.912395471,14414.86328125,21290.439453125,-41073.58984375,-9882.845703125,-39489.83203125,-8751.2890625,19721.302734375,-4418.89501953125
3768.912801716,14466.1162109375,21318.490234375,-41308.75,-9909.1767578125,-39484.421875,-8824.37890625,19703.8671875,-4390.240234375
3768.913154354,14425.9052734375,21276.669921875,-41434.8359375,-9966.0390625,-39516.69921875,-8914.1435546875,19652.837890625,-4427.388671875
3768.913536895,14350.5576171875,21231.474609375,-41155.12890625,-9947.7333984375,-39527.7421875,-8840.8974609375,19662.560546875,-4479.91552734375
3768.913878593,14377.15625,21261.91796875,-40982.48046875,-9887.115234375,-39493.87890625,-8735.8212890625,19732.3203125,-4448.13134765625
3768.914071505,14413.298828125,21290.70703125,-41065.38671875,-9881.0576171875,-39481.83203125,-8741.4091796875,19745.732421875,-4414.55908203125
3768.914445659,14461.556640625,21317.775390625,-41303.1640625,-9905.7568359375,-39481.44921875,-8823.3291015625,19708.740234375,-4393.16845703125
3768.9146393,14435.091796875,21286.146484375,-41421.2265625,-9949.56640625,-39507.3125,-8908.7568359375,19652.994140625,-4425.55615234375
3768.914830753,14353.306640625,21237.5546875,-41150.5,-9945.9677734375,-39528.41015625,-8835.3759765625,19661.220703125,-4467.5771484375
3768.915021112,14363.1865234375,21251.748046875,-40989.03125,-9902.314453125,-39508.25,-8742.83984375,19717.546875,-4458.74853515625
3768.915250126,14418.4619140625,21296.02734375,-41057.13671875,-9873.6376953125,-39481.83203125,-8743.689453125,19732.74609375,-4426.31591796875
3768.915430639,14467.14453125,21329.12890625,-41289.4375,-9894.4462890625,-39474.5,-8817.31640625,19714.6640625,-4389.2568359375
3768.915611152,14435.494140625,21295.3125,-41422.51953125,-9952.5166015625,-39507.625,-8901.4482421875,19657.287109375,-4411.474609375
3768.9157913,14353.75390625,21237.48828125,-41156.22265625,-9945.1181640625,-39527.25,-8834.68359375,19664.818359375,-4454.47900390625
3768.915970719,14364.326171875,21255.748046875,-40995.6015625,-9901.755859375,-39510.3515625,-8749.0986328125,19721.033203125,-4450.92529296875
3768.916196816,14419.982421875,21304.4765625,-41068.203125,-9877.2802734375,-39482.8828125,-8742.1025390625,19742.4921875,-4428.0146484375
3768.916561489,14474.296875,21336.88671875,-41297.375,-9896.279296875,-39474.34375,-8814.2763671875,19723.044921875,-4392.4755859375
3768.916938195,14431.2919921875,21292.65234375,-41433.25,-9961.3681640625,-39517.48046875,-8911.283203125,19659.09765625,-4414.49169921875
3768.917262389,14359.7890625,21235.251953125,-41160.71484375,-9950.03515625,-39534.0234375,-8845.6806640625,19662.271484375,-4455.08251953125
3768.917479734,14377.5361328125,21257.759765625,-40991.84765625,-9903.6328125,-39508.5859375,-8745.455078125,19716.451171875,-4447.48291015625
3768.917669363,14418.3955078125,21298.486328125,-41066.2578125,-9884.65625,-39488.0234375,-8746.8408203125,19728.87890625,-4419.4091796875
3768.917858993,14475.302734375,21350.9453125,-41283.0703125,-9878.46484375,-39466.296875,-8810.07421875,19716.384765625,-4387.13330078125
3768.918048987,14433.37109375,21303.068359375,-41429.71875,-9953.6787109375,-39514.41796875,-8910.34375,19653.978515625,-4419.029296875
3768.918381933,14348.2333984375,21230.423828125,-41169.9921875,-9959.3564453125,-39543.23046875,-8853.5703125,19659.052734375,-4464.0458984375
3768.918750252,14363.5888671875,21245.556640625,-40995.53515625,-9904.416015625,-39513.2109375,-8749.2998046875,19709.34375,-4450.8134765625
3768.918968691,14414.505859375,21298.10546875,-41060.35546875,-9879.4267578125,-39485.36328125,-8744.203125,19727.158203125,-4423.7900390625
3768.919214845,14471.7265625,21346.787109375,-41278.5546875,-9887.115234375,-39468.46484375,-8810.8564453125,19721.525390625,-4390.2626953125
3768.91940484,14432.365234375,21293.568359375,-41422.65625,-9951.3544921875,-39507.69140625,-8905.9189453125,19658.494140625,-4409.060546875
3768.919595199,14347.9873046875,21223.78515625,-41163.80078125,-9955.265625,-39535.16015625,-8850.486328125,19649.59765625,-4470.30419921875
3768.919785558,14360.03515625,21245.578125,-40987.80078125,-9899.029296875,-39509.66015625,-8753.703125,19706.34765625,-4453.49560546875
3768.919975187,14404.1123046875,21274.009765625,-41063.86328125,-9895.2734375,-39497.76953125,-8754.10546875,19722.978515625,-4417.978515625
3768.920237022,14460.70703125,21313.013671875,-41288.69921875,-9906.5615234375,-39486.34765625,-8822.5908203125,19705.521484375,-4386.5966796875
3768.920608259,14434.3994140625,21288.6953125,-41422.1171875,-9944.7158203125,-39508.25,-8915.7529296875,19647.361328125,-4418.13525390625
3768.920995905,14354.3798828125,21236.9296875,-41159.1953125,-9942.4130859375,-39531.33984375,-8854.8447265625,19644.34375,-4476.40625
3768.92123586,14361.9345703125,21256.46484375,-40989.5,-9896.2568359375,-39511.11328125,-8759.201171875,19694.79296875,-4467.28662109375
3768.921427313,14406.7724609375,21289.56640625,-41062.7265625,-9881.8623046875,-39490.5703125,-8753.189453125,19714.931640625,-4434.0048828125
3768.921618766,14460.8408203125,21316.076171875,-41293.41796875,-9906.3828125,-39485.78515625,-8824.021484375,19700.291015625,-4401.4609375
3768.92180949,14417.3447265625,21256.6875,-41455.1328125,-9986.021484375,-39533.62109375,-8924.626953125,19629.2578125,-4436.28466796875
3768.922000578,14346.265625,21212.1640625,-41184.1171875,-9966.44140625,-39543.23046875,-8854.77734375,19640.65625,-4470.9970703125
3768.922277729,14359.453125,21242.740234375,-40998.3515625,-9899.498046875,-39512.00390625,-8756.02734375,19709.052734375,-4463.53173828125
3768.92259937,14402.01171875,21277.98828125,-41071.75390625,-9886.3779296875,-39494.234375,-8756.3857421875,19716.65234375,-4443.12451171875
3768.922834584,14456.6162109375,21313.86328125,-41298.46875,-9902.7392578125,-39483.6640625,-8829.1845703125,19689.00390625,-4418.6494140625
3768.923023849,14424.720703125,21286.884765625,-41446.4140625,-9961.8818359375,-39517.63671875,-8924.783203125,19630.888671875,-4441.76123046875
3768.923271826,14345.4169921875,21219.986328125,-41188.1640625,-9964.876953125,-39543.1640625,-8869.9326171875,19629.32421875,-4478.52978515625
3768.923463279,14353.150390625,21226.802734375,-41013.41796875,-9922.2080078125,-39525.015625,-8775.697265625,19681.716796875,-4467.3759765625
3768.923653273,14391.8193359375,21259.771484375,-41086.171875,-9915.2783203125,-39510.46484375,-8773.23828125,19700.55859375,-4440.0400390625
3768.923843632,14463.2099609375,21319.49609375,-41296.09765625,-9903.5888671875,-39485.78515625,-8833.587890625,19687.86328125,-4407.0712890625
3768.924032897,14432.9912109375,21288.6953125,-41442.50390625,-9951.533203125,-39514.84375,-8922.3466796875,19633.482421875,-4430.048828125
3768.92434688,14348.9482421875,21214.353515625,-41188.02734375,-9964.67578125,-39545.2421875,-8859.5830078125,19634.197265625,-4487.380859375
3768.924627678,14362.2470703125,21239.947265625,-40996.09375,-9900.705078125,-39512.6328125,-8762.7998046875,19687.484375,-4473.45556640625
3768.924818402,14405.4091796875,21285.052734375,-41058.0546875,-9880.2978515625,-39491.48828125,-8761.34765625,19706.7734375,-4439.74951171875
3768.925009125,14455.9013671875,21312.1640625,-41282.80078125,-9904.21484375,-39486.5234375,-8829.296875,19698.48046875,-4406.6240234375
3768.925257467,14431.1357421875,21280.40234375,-41429.5625,-9956.0478515625,-39509.48046875,-8913.8310546875,19652.189453125,-4417.017578125
3768.925447462,14344.634765625,21214.041015625,-41175.69140625,-9961.3681640625,-39538.60546875,-8862.6005859375,19645.41796875,-4460.87158203125
3768.925638185,14352.703125,21231.341796875,-40989.45703125,-9899.7890625,-39504.5859375,-8759.201171875,19692.423828125,-4461.92236328125
3768.92582818,14400.3125,21270.791015625,-41057.49609375,-9882.9580078125,-39486.81640625,-8756.765625,19706.259765625,-4443.54931640625
3768.926018539,14450.6708984375,21309.19140625,-41284.05078125,-9903.0517578125,-39482.48046875,-8827.732421875,19689.96484375,-4413.30712890625
3768.926303713,14430.46484375,21284.470703125,-41436.6484375,-9955.1767578125,-39510.73046875,-8917.6083984375,19646.087890625,-4427.4560546875
3768.926613684,14341.6171875,21211.873046875,-41192.05078125,-9961.0322265625,-39537.59765625,-8863.6962890625,19631.984375,-4479.53564453125
3768.926804043,14350.826171875,21231.072265625,-41005.1484375,-9905.9130859375,-39511.04296875,-8762.7783203125,19694.76953125,-4463.576171875
3768.926994402,14404.6044921875,21284.470703125,-41059.4609375,-9878.95703125,-39482.97265625,-8747.8916015625,19722.53125,-4430.2275390625
3768.92724165,14452.75,21314.490234375,-41288.859375,-9911.009765625,-39485.00390625,-8821.96484375,19694.14453125,-4413.37451171875
3768.927432009,14431.11328125,21282.638671875,-41445.87890625,-9968.69921875,-39513.76953125,-8912.4677734375,19641.328125,-4420.88427734375
3768.927622003,14351.697265625,21235.6328125,-41186.0390625,-9953.298828125,-39526.9375,-8855.7392578125,19644.3671875,-4476.29443359375
3768.927812362,14358.8056640625,21252.26171875,-40993.14453125,-9894.201171875,-39497.20703125,-8750.685546875,19707.7109375,-4474.55078125
3768.928002357,14403.5986328125,21287.041015625,-41058.23046875,-9879.2470703125,-39480.421875,-8747.556640625,19721.14453125,-4443.0576171875
3768.928296283,14456.236328125,21311.359375,-41283.671875,-9903.4541015625,-39482.5234375,-8827.84375,19697.498046875,-4409.35107421875
3768.928607713,14428.251953125,21277.2734375,-41442.83984375,-9960.9208984375,-39512.33984375,-8922.90625,19639.896484375,-4426.986328125
3768.928803177,14343.248046875,21216.365234375,-41190.64453125,-9959.8701171875,-39534.1328125,-8866.892578125,19636.56640625,-4477.50146484375
3768.928998642,14351.6083984375,21230.37890625,-41001.0546875,-9910.9873046875,-39512.921875,-8766.041015625,19691.595703125,-4472.85205078125
3768.92924042,14402.1904296875,21269.71875,-41064.87109375,-9896.369140625,-39498.37109375,-8762.912109375,19706.3046875,-4449.31591796875
3768.929478915,14454.0009765625,21312.880859375,-41277.66015625,-9898.4921875,-39477.62890625,-8824.580078125,19690.814453125,-4414.40234375
3768.929674015,14425.078125,21289.388671875,-41436.0234375,-9952.8740234375,-39503.06640625,-8917.7197265625,19636.052734375,-4436.7763671875
3768.929869844,14348.5458984375,21231.095703125,-41181.3671875,-9952.7177734375,-39528.48046875,-8862.623046875,19637.7734375,-4487.87255859375
3768.930066038,14359.23046875,21247.546875,-40981.36328125,-9896.97265625,-39498.484375,-8752.65234375,19699.77734375,-4473.1875
3768.930295052,14403.53125,21286.99609375,-41040.328125,-9877.7275390625,-39471.9296875,-8737.810546875,19727.560546875,-4426.51708984375
3768.930491246,14449.642578125,21322.580078125,-41263.53125,-9893.306640625,-39464.77734375,-8808.0625,19707.287109375,-4399.18115234375
3768.93068744,14424.564453125,21286.638671875,-41433.8515625,-9956.0703125,-39501.5,-8912.35546875,19652.90625,-4426.3828125
3768.93088254,14343.13671875,21225.060546875,-41189.234375,-9960.9658203125,-39525.3046875,-8855.984375,19661.33203125,-4470.3935546875
3768.931077275,14350.3115234375,21254.630859375,-40985.3671875,-9893.5078125,-39487.88671875,-8740.42578125,19727.11328125,-4463.10693359375
3768.931363907,14399.1728515625,21279.44140625,-41049.73828125,-9881.52734375,-39476.1328125,-8739.6884765625,19739.02734375,-4437.13427734375
3768.931663668,14457.689453125,21306.77734375,-41275.42578125,-9906.9189453125,-39479.015625,-8817.71875,19709.1640625,-4402.01953125
3768.931902164,14438.064453125,21284.404296875,-41444.13671875,-9962.59765625,-39510.9765625,-8918.1005859375,19649.373046875,-4413.70947265625
3768.932099452,14354.3349609375,21226.71484375,-41197.7734375,-9960.8984375,-39535.16015625,-8866.1103515625,19646.244140625,-4463.06201171875
3768.932295281,14352.994140625,21240.505859375,-41001.14453125,-9909.1767578125,-39512.05078125,-8765.9072265625,19696.267578125,-4474.751953125
3768.932491474,14409.6328125,21293.009765625,-41049.8515625,-9884.34375,-39483.23828125,-8748.7861328125,19729.638671875,-4429.7802734375
3768.932686574,14465.0205078125,21332.9296875,-41268.00390625,-9902.6279296875,-39476.01953125,-8815.2822265625,19719.849609375,-4393.3916015625
3768.932881674,14436.791015625,21301.033203125,-41439.375,-9958.3955078125,-39508.20703125,-8915.306640625,19661.109375,-4403.51708984375
3768.933076774,14354.267578125,21233.6875,-41196.96875,-9963.71484375,-39532.2109375,-8860.4326171875,19660.4609375,-4456.53564453125
3768.933326574,14356.212890625,21240.70703125,-40999.625,-9909.7802734375,-39505.90234375,-8755.111328125,19711.35546875,-4458.70361328125
3768.933594244,14394.12109375,21280.9609375,-41060.8046875,-9893.7763671875,-39489.51953125,-8751.7587890625,19724.296875,-4444.28662109375
3768.933789708,14449.0390625,21318.826171875,-41274.1953125,-9907.544921875,-39480.9375,-8818.478515625,19714.73046875,-4414.93896484375
3768.933984443,14437.4609375,21292.0703125,-41440.84765625,-9954.193359375,-39503.51171875,-8915.7529296875,19666.3828125,-4420.88427734375
3768.93418246,14357.93359375,21229.330078125,-41203.47265625,-9962.3291015625,-39532.27734375,-8868.970703125,19657.33203125,-4470.88525390625
3768.93437829,14360.75,21248.015625,-40996.4296875,-9897.21875,-39496.3359375,-8758.28515625,19712.830078125,-4458.90478515625
3768.934574119,14396.04296875,21285.8125,-41056.15234375,-9880.119140625,-39480.17578125,-8749.6796875,19729.974609375,-4440.10693359375
3768.934769218,14450.291015625,21322.693359375,-41272.2265625,-9900.0126953125,-39474.69921875,-8812.0859375,19726.732421875,-4393.81640625
3768.934963953,14432.5888671875,21289.9921875,-41449.90234375,-9960.853515625,-39504.40625,-8908.1982421875,19666.31640625,-4407.2275390625
3768.935235999,14346.19921875,21217.125,-41219.2109375,-9980.6123046875,-39539.5859375,-8869.6640625,19642.66796875,-4471.6005859375
3768.935547429,14349.1494140625,21239.25390625,-41004.51953125,-9914.18359375,-39507.3125,-8762.2412109375,19695.126953125,-4474.70751953125
3768.93578556,14401.5869140625,21282.99609375,-41040.88671875,-9874.6650390625,-39470.8125,-8739.8671875,19730.3984375,-4427.03125
3768.935980296,14458.986328125,21316.76953125,-41254.97265625,-9893.9326171875,-39463.3671875,-8804.396484375,19725.771484375,-4383.6689453125
3768.936246871,14434.9580078125,21292.2265625,-41434.01171875,-9951.0859375,-39489.98828125,-8897.08984375,19671.970703125,-4395.0009765625
3768.936446712,14344.03125,21229.75390625,-41202.46875,-9958.373046875,-39518.64453125,-8854.5537109375,19660.9296875,-4456.06591796875
3768.936643635,14351.25,21240.818359375,-40999.84765625,-9907.947265625,-39497.4765625,-8754.216796875,19720.787109375,-4455.8427734375
3768.936841652,14397.7197265625,21275.3515625,-41054.96875,-9887.3837890625,-39473.828125,-8742.68359375,19739.16015625,-4431.3896484375
3768.93703821,14451.1630859375,21310.689453125,-41270.4609375,-9901.0625,-39467.390625,-8812.533203125,19713.501953125,-4403.69580078125
3768.937343806,14432.677734375,21295.53515625,-41446.70703125,-9946.99609375,-39494.5703125,-8911.0146484375,19654.515625,-4414.8271484375
3768.937613299,14346.466796875,21223.78515625,-41220.86328125,-9966.0166015625,-39531.71875,-8869.9990234375,19647.474609375,-4469.32080078125
3769.389563877,14347.2275390625,21230.537109375,-41019.453125,-9920.8212890625,-39515.828125,-8770.7578125,19700.6484375,-4467.91259765625
3769.389768093,14398.345703125,21281.20703125,-41064.24609375,-9889.3955078125,-39489.8984375,-8756.2509765625,19726.64453125,-4427.76904296875
3769.389962828,14452.861328125,21323.98828125,-41271.06640625,-9899.744140625,-39477.62890625,-8815.8408203125,19715.4453125,-4387.46875
#3782.35448713,14049.390625,20902.591796875,-41573.3046875,-10186.673828125,-39550.44921875,-9143.025390625,19384.4609375,-4592.88134765625
3782.354667278,14035.3310546875,20905.251953125,-41343.375,-10134.884765625,-39533.23828125,-9037.97265625,19435.19921875,-4592.88134765625
3782.354846332,14085.9794921875,20956.03515625,-41365.45703125,-10092.908203125,-39498.03515625,-9001.986328125,19478.986328125,-4560.02392578125
3782.355025751,14145.279296875,20986.9921875,-41571.49609375,-10106.453125,-39489.1640625,-9066.3818359375,19452.677734375,-4541.85205078125
3782.35553301,14131.6220703125,20962.78515625,-41783.27734375,-10172.748046875,-39526.7578125,-9182.4765625,19385.734375,-4544.82470703125
3782.355939255,14041.4326171875,20888.419921875,-41580.1015625,-10190.205078125,-39556.375,-9146.1328125,19379.744140625,-4589.39404296875
3782.3562846,14035.2412109375,20901.33984375,-41346.16796875,-10137.65625,-39533.328125,-9033.099609375,19426.52734375,-4601.732421875
3782.356690116,14079.2294921875,20945.171875,-41381.55078125,-10118.232421875,-39518.6875,-9031.4677734375,19439.87109375,-4573.703125
3782.356884122,14130.7724609375,20965.9140625,-41592.34765625,-10141.27734375,-39521.1015625,-9102.345703125,19420.111328125,-4546.2109375
3782.357109489,14120.8486328125,20951.921875,-41800.46484375,-10198.0947265625,-39546.5625,-9204.6494140625,19364.724609375,-4570.1943359375
3782.357474162,14037.923828125,20888.017578125,-41592.953125,-10207.2373046875,-39573.0703125,-9174.318359375,19349.8828125,-4621.80419921875
3782.35765358,14035.2861328125,20897.25,-41347.3984375,-10145.0546875,-39544.953125,-9059.6982421875,19411.685546875,-4611.88037109375
3782.357832999,14078.3583984375,20942.98046875,-41374.26171875,-10114.5439453125,-39517.70703125,-9033.4794921875,19438.57421875,-4587.740234375
3782.358012783,14134.818359375,20975.033203125,-41577.84375,-10134.99609375,-39514.890625,-9093.6064453125,19424.76171875,-4551.70947265625
3782.35824982,14127.173828125,20955.720703125,-41790.140625,-10200.3525390625,-39547.703125,-9203.30859375,19372.546875,-4553.02783203125
3782.358443826,14045.0087890625,20906.32421875,-41573.70703125,-10189.35546875,-39555.0546875,-9161.33203125,19361.6171875,-4597.5751953125
3782.358634549,14037.3876953125,20901.98828125,-41339.0390625,-10142.595703125,-39538.984375,-9051.763671875,19415.0390625,-4602.62646484375
3782.358835119,14084.236328125,20953.75390625,-41363.109375,-10106.05078125,-39510.21875,-9024.2490234375,19444.072265625,-4575.42431640625
3782.359079085,14133.41015625,20990.74609375,-41559.58203125,-10106.69921875,-39494.7265625,-9076.439453125,19431.623046875,-4557.1630859375
3782.359467096,14123.53125,20975.66015625,-41768.63671875,-10163.9189453125,-39521.34765625,-9181.4482421875,19386.091796875,-4570.61865234375
3782.359901421,14044.5849609375,20914.326171875,-41566.0859375,-10179.8564453125,-39551.2109375,-9150.6923828125,19377.041015625,-4610.9189453125
3782.360251142,14042.21484375,20909.85546875,-41331.37109375,-10135.64453125,-39536.83984375,-9046.779296875,19418.0546875,-4614.60693359375
3782.360479427,14079.408203125,20936.09765625,-41370.15234375,-10123.91015625,-39520.92578125,-9029.6357421875,19436.361328125,-4585.88525390625
3782.360770071,14134.9970703125,20978.966796875,-41562.59765625,-10122.2333984375,-39503.71484375,-9080.306640625,19433.412109375,-4546.9931640625
3782.360984863,14136.0478515625,20975.748046875,-41765.7109375,-10161.662109375,-39521.6171875,-9178.453125,19384.55078125,-4554.25732421875
3782.361411894,14062.17578125,20915.533203125,-41561.4140625,-10167.451171875,-39547.14453125,-9146.04296875,19372.66015625,-4597.06103515625
3782.361609182,14047.646484375,20909.6328125,-41327.19140625,-10123.9990234375,-39528.25390625,-9034.3291015625,19423.845703125,-4598.7822265625
3782.361874299,14081.8896484375,20945.57421875,-41362.10546875,-10107.0791015625,-39509.03125,-9014.66015625,19450.7109375,-4570.9765625
3782.362133946,14130.9736328125,20983.1015625,-41563.9609375,-10119.349609375,-39498.01171875,-9074.47265625,19437.748046875,-4545.361328125
3782.362476009,14124.15625,20970.25,-41776.50390625,-10171.4072265625,-39519.4921875,-9175.994140625,19385.421875,-4555.375
3782.362670379,14031.0615234375,20897.427734375,-41584.70703125,-10191.970703125,-39554.5625,-9148.7705078125,19368.92578125,-4609.9130859375
3782.362923097,14029.2958984375,20907.263671875,-41339.125,-10133.431640625,-39530.37890625,-9033.7255859375,19422.48046875,-4594.1552734375
3782.363254584,14075.474609375,20946.6015625,-41369.2109375,-10110.0966796875,-39512.1171875,-9018.548828125,19449.572265625,-4557.67724609375
3782.363566015,14131.3095703125,20982.275390625,-41567.44921875,-10121.9208984375,-39502.953125,-9076.9541015625,19438.552734375,-4538.72265625
3782.363762573,14123.5537109375,20970.048828125,-41776.328125,-10171.3173828125,-39520.8359375,-9175.8603515625,19387.3671875,-4546.3896484375
3782.36395512,14040.29296875,20908.849609375,-41578.73828125,-10180.68359375,-39548.08203125,-9149.75390625,19369.44140625,-4597.23974609375
3782.364216225,14040.6728515625,20907.732421875,-41332.2421875,-10130.2353515625,-39525.484375,-9033.0771484375,19431.466796875,-4586.33203125
3782.364526562,14082.0458984375,20944.45703125,-41360.94140625,-10109.5595703125,-39506.4609375,-9012.15625,19456.9921875,-4550.63623046875
3782.364748283,14133.298828125,20997.18359375,-41550.10546875,-10104.1728515625,-39491.41796875,-9067.677734375,19445.951171875,-4539.7734375
3782.364939371,14131.3759765625,20984.2421875,-41768.01171875,-10166.8251953125,-39517.4140625,-9171.4345703125,19392.171875,-4563.26513671875
3782.365190266,14048.7197265625,20923.06640625,-41570.6015625,-10179.69921875,-39540.390625,-9137.8623046875,19374.671875,-4610.58349609375
3782.365583018,14033.7216796875,20924.83203125,-41326.02734375,-10122.3447265625,-39522.01953125,-9031.423828125,19424.91796875,-4602.693359375
3782.365942949,14085.689453125,20953.330078125,-41352.5390625,-10108.93359375,-39507.0,-9012.3125,19457.484375,-4557.38671875
3782.366213172,14151.6943359375,20996.044921875,-41539.84375,-10111.1689453125,-39486.45703125,-9063.3193359375,19454.443359375,-4529.5810546875
3782.366402437,14146.732421875,20990.43359375,-41754.109375,-10159.248046875,-39508.5859375,-9171.8369140625,19408.802734375,-4530.72119140625
3782.366592066,14061.7060546875,20919.802734375,-41569.640625,-10183.65625,-39545.98046875,-9149.619140625,19384.439453125,-4581.302734375
3782.366782061,14048.294921875,20921.255859375,-41327.75,-10133.431640625,-39527.36328125,-9041.2578125,19431.0859375,-4590.62353515625
3782.366972055,14094.5185546875,20961.265625,-41356.6953125,-10106.005859375,-39512.38671875,-9027.646484375,19443.357421875,-4570.5966796875
3782.367346938,14144.384765625,20979.638671875,-41562.12890625,-10127.6201171875,-39512.7421875,-9090.7900390625,19418.615234375,-4536.21923828125
3782.367748807,14143.3125,20960.974609375,-41778.62890625,-10183.9013671875,-39527.13671875,-9184.80078125,19375.36328125,-4545.69677734375
3782.368011007,14064.1865234375,20912.896484375,-41582.11328125,-10186.740234375,-39548.39453125,-9154.3134765625,19361.841796875,-4595.87646484375
3782.368243668,14049.591796875,20928.630859375,-41334.25390625,-10127.7314453125,-39530.24609375,-9045.28125,19415.171875,-4601.39697265625
3782.368447155,14081.8447265625,20955.7890625,-41367.06640625,-10109.26953125,-39513.546875,-9020.359375,19439.4453125,-4579.783203125
3782.368642255,14136.427734375,20979.8828125,-41568.03125,-10128.4697265625,-39510.1953125,-9079.7705078125,19430.6171875,-4548.28955078125
3782.368837719,14134.416015625,20970.384765625,-41783.97265625,-10181.0634765625,-39532.2578125,-9187.5732421875,19384.572265625,-4544.19921875
3782.36904777,14045.4560546875,20901.630859375,-41600.8671875,-10200.7548828125,-39564.7109375,-9167.8134765625,19364.947265625,-4599.162109375
3782.369299759,14038.482421875,20904.37890625,-41350.6171875,-10141.5224609375,-39538.91796875,-9049.908203125,19417.810546875,-4604.07958984375
3782.369562688,14086.650390625,20943.271484375,-41369.97265625,-10113.0693359375,-39510.10546875,-9021.857421875,19441.97265625,-4579.89501953125
3782.369842756,14130.5048828125,20977.26953125,-41566.62109375,-10127.44140625,-39504.203125,-9080.0166015625,19425.87890625,-4556.380859375
3782.370068124,14124.4921875,20960.638671875,-41785.66796875,-10183.7001953125,-39529.59765625,-9185.1591796875,19376.525390625,-4550.70361328125
3782.370263588,14040.7626953125,20898.166015625,-41600.484375,-10202.23046875,-39562.09765625,-9161.779296875,19363.740234375,-4599.8994140625
3782.370459782,14028.2451171875,20903.44140625,-41353.43359375,-10149.0556640625,-39539.765625,-9045.9970703125,19417.541015625,-4611.41064453125
3782.370654882,14072.6357421875,20957.689453125,-41366.1953125,-10102.8994140625,-39505.27734375,-9013.20703125,19451.337890625,-4577.97265625
3782.370849982,14131.734375,20995.73046875,-41560.02734375,-10118.232421875,-39500.7421875,-9067.6552734375,19435.826171875,-4547.66357421875
3782.371097594,14134.3271484375,20968.908203125,-41786.7890625,-10186.78515625,-39538.87109375,-9192.9599609375,19375.498046875,-4551.1953125
3782.371377298,14058.3974609375,20912.26953125,-41592.171875,-10185.935546875,-39551.2109375,-9159.3203125,19369.216796875,-4599.40771484375
3782.371672318,14044.7412109375,20913.65625,-41339.41796875,-10127.7099609375,-39524.5234375,-9043.7841796875,19424.470703125,-4603.83349609375
3782.371873252,14092.7080078125,20958.203125,-41358.9296875,-10103.5693359375,-39505.27734375,-9019.7783203125,19447.4921875,-4577.97265625
3782.372075646,14142.7314453125,20997.1171875,-41550.93359375,-10114.4326171875,-39495.578125,-9072.953125,19437.009765625,-4545.07080078125
3782.37227658,14131.041015625,20971.0546875,-41778.6953125,-10179.5205078125,-39524.4765625,-9175.189453125,19396.93359375,-4544.7353515625
3782.372478244,14040.1142578125,20895.70703125,-41606.65625,-10207.28125,-39559.94921875,-9159.029296875,19364.43359375,-4606.9404296875
3782.372679543,14030.32421875,20898.388671875,-41357.859375,-10152.005859375,-39545.2890625,-9064.2138671875,19407.080078125,-4613.6904296875
3782.372880842,14077.3525390625,20926.931640625,-41381.2578125,-10131.6435546875,-39527.40625,-9043.1806640625,19425.87890625,-4583.91796875
3782.373112774,14130.83984375,20961.82421875,-41574.22265625,-10147.22265625,-39518.30859375,-9093.9638671875,19416.087890625,-4556.5595703125
3782.373392478,14130.392578125,20971.546875,-41785.109375,-10179.341796875,-39524.43359375,-9184.9130859375,19371.67578125,-4563.89111328125
3782.373674734,14045.12109375,20898.412109375,-41610.54296875,-10203.4599609375,-39561.44921875,-9168.39453125,19362.890625,-4613.3779296875
3782.373876033,14027.0830078125,20886.521484375,-41366.62109375,-10161.4609375,-39553.265625,-9063.9453125,19416.267578125,-4621.759765625
3782.374090461,14067.71875,20920.94140625,-41387.5859375,-10136.7392578125,-39529.9765625,-9037.1005859375,19440.02734375,-4584.00732421875
3782.37428629,14135.109375,20985.962890625,-41564.27734375,-10119.9755859375,-39503.3984375,-9080.7763671875,19433.701171875,-4544.82470703125
3782.37448139,14137.5673828125,20977.849609375,-41787.234375,-10178.671875,-39529.53125,-9190.8583984375,19384.1484375,-4542.29931640625
3782.374676125,14038.974609375,20908.9609375,-41610.6328125,-10195.681640625,-39557.22265625,-9171.658203125,19362.533203125,-4612.3046875
3782.374872319,14027.3740234375,20911.599609375,-41356.80859375,-10145.0546875,-39539.8125,-9059.005859375,19416.982421875,-4612.8857421875
3782.375147282,14076.8603515625,20949.8203125,-41372.36328125,-10118.880859375,-39517.83984375,-9027.7353515625,19442.955078125,-4570.7978515625
3782.375350039,14135.82421875,20976.375,-41564.05078125,-10134.1025390625,-39510.26171875,-9080.7314453125,19429.43359375,-4544.06494140625
3782.375558632,14127.15234375,20957.46484375,-41792.33203125,-10190.31640625,-39535.23046875,-9191.0146484375,19380.392578125,-4559.95703125
3782.375754097,14060.8115234375,20920.09375,-41596.21484375,-10179.23046875,-39540.19140625,-9151.51953125,19372.458984375,-4590.5341796875
3782.375948832,14044.8525390625,20925.994140625,-41337.13671875,-10118.544921875,-39516.34375,-9033.5693359375,19424.806640625,-4595.83154296875
3782.376158518,14075.2958984375,20948.76953125,-41362.39453125,-10108.1513671875,-39508.67578125,-9022.9970703125,19447.91796875,-4581.43701171875
3782.376354347,14123.4638671875,20977.55859375,-41557.1015625,-10130.8388671875,-39506.3046875,-9078.5859375,19437.2109375,-4542.90283203125
3782.376549812,14121.8544921875,20979.212890625,-41776.50390625,-10174.3349609375,-39519.08984375,-9174.36328125,19398.005859375,-4541.7626953125
3782.376745276,14047.6015625,20918.572265625,-41594.5859375,-10179.9453125,-39536.0546875,-9149.3291015625,19381.17578125,-4591.3388671875
3782.376941105,14039.64453125,20914.37109375,-41336.625,-10123.41796875,-39515.8515625,-9036.4970703125,19434.439453125,-4596.3681640625
3782.377156991,14089.556640625,20948.8828125,-41355.64453125,-10102.5859375,-39496.44921875,-9009.1162109375,19458.244140625,-4581.9736328125
3782.377372148,14138.0146484375,20983.05859375,-41547.4453125,-10113.76171875,-39486.9921875,-9061.1064453125,19446.822265625,-4550.27880859375
3782.377567248,14134.9306640625,20965.623046875,-41779.5234375,-10182.76171875,-39522.77734375,-9178.5654296875,19393.423828125,-4535.75
3782.377762348,14040.8291015625,20884.888671875,-41623.77734375,-10223.0400390625,-39573.13671875,-9180.7333984375,19361.908203125,-4599.564453125
3782.377957447,14022.8134765625,20877.06640625,-41371.11328125,-10165.8193359375,-39546.96484375,-9065.599609375,19411.171875,-4620.0830078125
3782.378256479,14081.3310546875,20930.46484375,-41374.46484375,-10117.5615234375,-39510.21875,-9027.9140625,19447.76171875,-4574.01611328125
3782.378463613,14128.2470703125,20967.6796875,-41566.35546875,-10131.0849609375,-39503.53515625,-9082.4970703125,19431.802734375,-4542.47802734375
3782.378676217,14130.8623046875,20975.681640625,-41787.79296875,-10173.75390625,-39519.0234375,-9187.505859375,19380.1015625,-4553.45263671875
3782.378873504,14055.7607421875,20906.369140625,-41617.40625,-10194.384765625,-39548.8203125,-9168.775390625,19366.1328125,-4595.3173828125
3782.379207909,14041.5224609375,20902.63671875,-41359.33203125,-10143.8701171875,-39530.0,-9050.310546875,19427.421875,-4598.22314453125
3782.379483601,14085.8681640625,20941.169921875,-41376.34375,-10123.6640625,-39512.8984375,-9026.23828125,19449.125,-4577.27978515625
3782.379681619,14142.26171875,20990.947265625,-41558.57421875,-10123.462890625,-39497.74609375,-9076.685546875,19430.05859375,-4553.005859375
3782.379879636,14137.2548828125,20988.265625,-41784.53125,-10169.3505859375,-39518.59765625,-9181.4482421875,19370.46875,-4567.400390625
3782.380078747,14046.3056640625,20909.564453125,-41623.6875,-10201.291015625,-39557.69140625,-9173.87109375,19346.9765625,-4619.39013671875
3782.380275305,14026.5244140625,20898.232421875,-41369.76953125,-10160.56640625,-39544.01171875,-9063.38671875,19408.66796875,-4615.1435546875
3782.380470405,14066.6904296875,20939.962890625,-41378.04296875,-10120.69140625,-39514.77734375,-9033.2783203125,19440.09375,-4587.60595703125
3782.380666599,14126.66015625,20980.3984375,-41558.80078125,-10118.2099609375,-39499.6015625,-9083.5029296875,19427.01953125,-4559.5546875
3782.380861699,14140.5185546875,20976.91015625,-41781.7578125,-10170.4013671875,-39512.83203125,-9178.4306640625,19389.892578125,-4556.3134765625
3782.381076855,14054.12890625,20913.6328125,-41618.65625,-10193.177734375,-39547.94921875,-9168.6630859375,19360.611328125,-4603.07373046875
3782.381279249,14033.6767578125,20911.46484375,-41358.34765625,-10135.3310546875,-39527.5390625,-9051.5849609375,19421.296875,-4610.06982421875
3782.381490029,14087.7685546875,20948.76953125,-41373.83984375,-10111.68359375,-39507.87109375,-9022.1474609375,19447.203125,-4588.388671875
3782.833850864,14138.685546875,20972.150390625,-41566.69140625,-10137.3876953125,-39511.53515625,-9078.09375,19434.193359375,-4543.349609375
3782.834079513,14133.4775390625,20967.43359375,-41799.19140625,-10190.96484375,-39534.87109375,-9184.8681640625,19379.275390625,-4540.84619140625
3782.834264402,14049.7255859375,20909.51953125,-41632.0,-10193.5126953125,-39552.328125,-9173.46875,19359.11328125,-4602.42529296875
3782.834446009,14032.783203125,20900.958984375,-41378.21875,-10147.7138671875,-39537.93359375,-9065.6884765625,19411.640625,-4614.98681640625
3782.834626887,14075.4072265625,20943.451171875,-41387.6953125,-10123.015625,-39517.1484375,-9034.6201171875,19447.224609375,-4575.26806640625
3782.83480667,14129.7890625,20970.072265625,-41574.0,-10140.427734375,-39512.96875,-9086.341796875,19437.76953125,-4545.49560546875
3782.835189941,14133.5224609375,20959.3203125,-41802.65625,-10193.087890625,-39533.28515625,-9188.01953125,19390.49609375,-4542.5673828125
3782.835620619,14060.23046875,20909.744140625,-41627.890625,-10200.978515625,-39556.44140625,-9170.6748046875,19366.2890625,-4587.896484375
3782.83599222,14040.4267578125,20918.7734375,-41355.62109375,-10133.1181640625,-39530.3125,-9057.0830078125,19414.435546875,-4600.525390625
3782.836279947,14094.3623046875,20970.384765625,-41353.56640625,-10092.86328125,-39498.484375,-9021.1865234375,19438.484375,-4582.5771484375
3782.836460824,14140.0712890625,21004.560546875,-41538.19140625,-10103.9052734375,-39489.8984375,-9075.322265625,19424.58203125,-4563.64501953125
3782.836641337,14138.0146484375,20998.189453125,-41769.01953125,-10153.50390625,-39511.3125,-9187.0810546875,19371.765625,-4566.26025390625
3782.836821121,14054.5087890625,20935.828125,-41609.13671875,-10173.6650390625,-39543.27734375,-9176.1513671875,19356.296875,-4609.22021484375
3782.837156619,14036.0908203125,20928.7421875,-41350.83984375,-10132.7607421875,-39528.76953125,-9060.927734375,19410.34375,-4608.3486328125
3782.837585839,14083.8564453125,20961.48828125,-41360.18359375,-10106.251953125,-39504.40625,-9026.4609375,19444.921875,-4563.779296875
3782.837782762,14135.5556640625,20993.49609375,-41547.734375,-10113.8291015625,-39496.58203125,-9075.1884765625,19434.4609375,-4535.30322265625
3782.838034021,14142.1279296875,20980.576171875,-41783.09765625,-10171.2734375,-39518.265625,-9177.8720703125,19392.462890625,-4545.31640625
3782.838214534,14052.67578125,20908.068359375,-41630.5703125,-10200.0625,-39551.27734375,-9167.92578125,19371.609375,-4590.24365234375
3782.838408905,14025.09375,20898.61328125,-41371.76171875,-10154.330078125,-39537.91015625,-9061.3525390625,19418.591796875,-4598.8935546875
3782.838599264,14070.9375,20946.802734375,-41374.7109375,-10112.5771484375,-39513.125,-9031.2001953125,19443.55859375,-4574.3515625
3782.838789258,14133.365234375,20987.349609375,-41548.13671875,-10114.5,-39494.6171875,-9068.974609375,19442.798828125,-4536.66650390625
3782.839024107,14135.623046875,20981.359375,-41782.921875,-10169.3955078125,-39515.55859375,-9172.0830078125,19397.201171875,-4544.7802734375
3782.839323503,14046.373046875,20923.53515625,-41636.80859375,-10204.4208984375,-39556.015625,-9172.060546875,19371.98828125,-4595.943359375
3782.839684893,14027.1279296875,20907.330078125,-41374.5546875,-10156.990234375,-39545.375,-9068.9072265625,19412.736328125,-4607.923828125
3782.839985383,14074.0888671875,20950.46875,-41372.54296875,-10116.7568359375,-39518.95703125,-9040.990234375,19449.28125,-4576.29638671875
3782.840175742,14130.3486328125,20985.337890625,-41551.1328125,-10124.6474609375,-39505.41015625,-9083.6591796875,19443.58203125,-4546.166015625
3782.840366466,14136.4951171875,20973.9375,-41790.18359375,-10186.0478515625,-39530.51171875,-9188.7802734375,19393.2890625,-4535.3251953125
3782.84055719,14053.9052734375,20898.388671875,-41644.33984375,-10217.8759765625,-39565.984375,-9180.509765625,19364.0546875,-4584.87939453125
3782.840747184,14027.462890625,20897.47265625,-41378.30859375,-10157.4599609375,-39544.19140625,-9068.9296875,19409.271484375,-4603.25244140625
3782.840967446,14067.0029296875,20941.55078125,-41381.03515625,-10122.724609375,-39516.296875,-9033.703125,19443.73828125,-4573.21142578125
3782.841347435,14122.3017578125,20979.482421875,-41555.9609375,-10124.111328125,-39498.99609375,-9073.0419921875,19438.240234375,-4549.384765625
3782.841656313,14134.5947265625,20976.75390625,-41785.40234375,-10171.943359375,-39516.85546875,-9175.32421875,19391.234375,-4544.19921875
3782.841846672,14050.955078125,20917.521484375,-41631.109375,-10193.5576171875,-39548.28125,-9169.892578125,19362.19921875,-4602.87255859375
3782.842066204,14039.578125,20919.265625,-41358.1484375,-10137.3876953125,-39525.3515625,-9050.35546875,19413.65234375,-4616.99853515625
3782.842255834,14071.607421875,20944.61328125,-41365.81640625,-10119.1484375,-39515.22265625,-9032.49609375,19437.724609375,-4600.3466796875
3782.842446193,14113.47265625,20979.123046875,-41546.3046875,-10133.744140625,-39511.37890625,-9085.0673828125,19432.205078125,-4569.43408203125
3782.842635823,14129.3203125,20978.095703125,-41771.56640625,-10173.2626953125,-39520.9453125,-9182.6552734375,19393.177734375,-4551.1279296875
3782.842827276,14056.85546875,20916.806640625,-41616.84765625,-10188.796875,-39545.7578125,-9173.15625,19371.318359375,-4587.181640625
3782.84310625,14031.0390625,20905.900390625,-41354.32421875,-10142.39453125,-39531.78515625,-9062.4921875,19413.7421875,-4600.9501953125
3782.843478216,14067.583984375,20930.240234375,-41366.953125,-10125.0947265625,-39515.76171875,-9033.501953125,19443.8046875,-4580.38671875
3782.843857475,14121.4296875,20968.462890625,-41547.265625,-10130.123046875,-39503.2890625,-9075.724609375,19440.765625,-4540.08642578125
3782.844108005,14132.44921875,20973.15625,-41782.13671875,-10176.32421875,-39518.15234375,-9178.3193359375,19389.826171875,-4540.48876953125
3782.844298,14051.267578125,20911.0859375,-41640.96484375,-10206.9462890625,-39551.03125,-9164.3935546875,19363.048828125,-4595.943359375
3782.844488359,14019.6396484375,20888.64453125,-41382.15234375,-10166.7578125,-39546.984375,-9072.1708984375,19404.15234375,-4607.365234375
3782.844679082,14062.287109375,20923.04296875,-41375.44921875,-10129.6767578125,-39515.6953125,-9032.8759765625,19448.365234375,-4569.166015625
3782.844869441,14128.2470703125,20979.302734375,-41541.27734375,-10118.3662109375,-39497.3671875,-9074.40625,19447.134765625,-4547.48486328125
3782.845218433,14136.4951171875,20969.423828125,-41785.3125,-10179.7890625,-39526.9140625,-9183.4150390625,19393.625,-4544.31103515625
3782.845625772,14045.634765625,20898.970703125,-41645.8828125,-10211.998046875,-39561.6953125,-9180.2412109375,19368.79296875,-4584.365234375
3782.845997373,14025.8984375,20902.8828125,-41374.75390625,-10155.8955078125,-39547.5234375,-9074.517578125,19415.484375,-4595.1162109375
3782.846188097,14069.5068359375,20942.490234375,-41371.4921875,-10118.03125,-39519.08984375,-9031.1552734375,19463.474609375,-4561.9462890625
3782.846379185,14123.4638671875,20978.900390625,-41546.8203125,-10125.7646484375,-39507.265625,-9079.8154296875,19446.375,-4549.22802734375
3782.846568815,14121.8095703125,20967.970703125,-41790.4765625,-10184.4833984375,-39537.2421875,-9199.0166015625,19384.908203125,-4563.5107421875
3782.846759539,14048.18359375,20898.6796875,-41644.51953125,-10206.3427734375,-39567.86328125,-9195.552734375,19346.5078125,-4600.61474609375
3782.847034502,14022.5009765625,20883.16796875,-41378.51171875,-10160.8125,-39554.1171875,-9081.0,19396.865234375,-4613.4892578125
3782.847450957,14060.923828125,20935.26953125,-41372.36328125,-10117.2265625,-39516.140625,-9037.2353515625,19425.767578125,-4593.03759765625
3782.84771571,14129.521484375,20981.08984375,-41536.89453125,-10115.0810546875,-39494.99609375,-9072.5732421875,19425.9453125,-4549.49658203125
3782.847933419,14137.880859375,20976.978515625,-41772.37109375,-10160.119140625,-39511.8046875,-9176.798828125,19381.845703125,-4537.91845703125
3782.848123049,14050.5751953125,20913.365234375,-41631.265625,-10184.818359375,-39543.296875,-9171.94921875,19361.39453125,-4577.07861328125
3782.848311949,14025.65234375,20895.103515625,-41361.03125,-10137.3427734375,-39527.5390625,-9054.5126953125,19403.75,-4606.7841796875
3782.848516895,14068.58984375,20932.140625,-41358.90625,-10107.2578125,-39502.68359375,-9024.2490234375,19430.013671875,-4587.27099609375
3782.848711995,14126.3251953125,20967.970703125,-41536.78125,-10119.6630859375,-39496.26953125,-9077.3564453125,19424.89453125,-4557.22998046875
3782.848906365,14133.857421875,20964.416015625,-41782.5390625,-10175.2294921875,-39518.12890625,-9179.75,19386.025390625,-4551.68701171875
3782.849157989,14046.595703125,20890.8125,-41650.26171875,-10206.1416015625,-39553.40234375,-9173.357421875,19367.451171875,-4589.43896484375
3782.849450092,14021.427734375,20882.408203125,-41378.7578125,-10156.9228515625,-39537.3984375,-9061.888671875,19416.9375,-4608.08056640625
3782.849717032,14065.0810546875,20928.85546875,-41371.3125,-10122.7470703125,-39508.8984375,-9022.3935546875,19454.35546875,-4578.28564453125
3782.849940941,14118.2109375,20964.662109375,-41547.109375,-10128.7158203125,-39501.07421875,-9074.4501953125,19439.1328125,-4544.9814453125
3782.85013677,14129.6103515625,20973.55859375,-41789.76171875,-10177.7099609375,-39522.3984375,-9184.98046875,19383.03125,-4541.11474609375
3782.850332964,14056.0283203125,20912.671875,-41656.65625,-10209.4052734375,-39559.4140625,-9187.259765625,19355.42578125,-4601.82177734375
3782.850528793,14031.3974609375,20899.41796875,-41377.1015625,-10156.833984375,-39542.8046875,-9074.8974609375,19397.42578125,-4607.7451171875
3782.850724622,14070.4453125,20928.69921875,-41372.38671875,-10129.564453125,-39522.48828125,-9040.2529296875,19424.314453125,-4587.337890625
3782.850962024,14126.9951171875,20965.890625,-41545.4765625,-10134.5048828125,-39510.77734375,-9084.0390625,19418.0546875,-4555.03955078125
3782.851260326,14138.3720703125,20963.90234375,-41785.73828125,-10181.64453125,-39525.73046875,-9186.3212890625,19371.1171875,-4552.7822265625
3782.851456155,14057.4140625,20899.23828125,-41653.4609375,-10212.310546875,-39560.10546875,-9190.43359375,19350.75390625,-4595.98828125
3782.85165089,14031.2626953125,20892.265625,-41377.39453125,-10161.416015625,-39543.7890625,-9073.2216796875,19408.84765625,-4596.5244140625
3782.851845625,14071.5185546875,20928.296875,-41367.35546875,-10125.943359375,-39516.09765625,-9032.9208984375,19443.783203125,-4579.69384765625
3782.852041454,14121.02734375,20965.890625,-41538.01171875,-10129.05078125,-39501.8125,-9076.015625,19432.607421875,-4544.86962890625
3782.852236189,14131.599609375,20965.4453125,-41780.21484375,-10177.1962890625,-39517.68359375,-9182.6328125,19383.052734375,-4539.9296875
3782.852430924,14045.478515625,20898.0546875,-41653.6171875,-10209.583984375,-39554.67578125,-9190.478515625,19342.283203125,-4604.83935546875
3782.852625659,14017.9189453125,20878.787109375,-41382.890625,-10163.9189453125,-39544.73046875,-9081.603515625,19391.189453125,-4616.9541015625
3782.85282003,14059.716796875,20920.607421875,-41376.51953125,-10131.30859375,-39520.23046875,-9041.7724609375,19432.47265625,-4589.7294921875
3782.853156622,14117.4736328125,20975.123046875,-41543.9375,-10135.48828125,-39504.6953125,-9079.2119140625,19431.064453125,-4548.46826171875
3782.853440702,14137.6572265625,20970.876953125,-41784.73046875,-10182.4267578125,-39520.765625,-9179.615234375,19376.81640625,-4536.62158203125
3782.853636531,14054.173828125,20890.275390625,-41661.015625,-10216.177734375,-39562.6328125,-9195.26171875,19341.34375,-4598.06689453125
3782.853831996,14027.8427734375,20873.556640625,-41384.79296875,-10168.568359375,-39551.63671875,-9084.375,19391.748046875,-4613.5341796875
3782.854029283,14069.796875,20917.41015625,-41376.72265625,-10138.7958984375,-39527.18359375,-9045.6396484375,19422.16796875,-4585.5947265625
3782.854224383,14118.76953125,20961.17578125,-41544.94140625,-10139.01953125,-39512.02734375,-9086.9228515625,19419.21875,-4559.46533203125
3782.854420212,14132.29296875,20972.619140625,-41781.19921875,-10179.275390625,-39524.23046875,-9186.25390625,19380.705078125,-4552.9833984375
3782.854614218,14043.9365234375,20897.3828125,-41661.03515625,-10222.212890625,-39569.78515625,-9196.2001953125,19349.123046875,-4604.9736328125
3782.854808953,14006.810546875,20875.1875,-41387.40625,-10183.5888671875,-39558.83203125,-9084.173828125,19390.47265625,-4617.04345703125
3782.855126218,14057.5263671875,20922.73046875,-41363.9609375,-10126.5693359375,-39517.3046875,-9036.85546875,19429.58984375,-4573.30126953125
3782.855412486,14120.7373046875,20969.6015625,-41527.44140625,-10122.6357421875,-39498.83984375,-9075.9482421875,19429.677734375,-4537.3369140625
3782.855609044,14134.5283203125,20974.318359375,-41776.4375,-10175.564453125,-39515.44921875,-9174.2734375,19378.248046875,-4541.3603515625
3782.855804873,14050.060546875,20899.484375,-41665.9765625,-10221.6982421875,-39561.73828125,-9189.830078125,19342.3046875,-4603.54296875
3782.856068167,14018.6337890625,20880.732421875,-41390.08984375,-10178.0009765625,-39552.08203125,-9085.4033203125,19397.357421875,-4610.87451171875
3782.856263996,14068.58984375,20922.55078125,-41372.9453125,-10136.494140625,-39518.421875,-9038.28515625,19440.2734375,-4580.22998046875
3782.856459096,14123.3740234375,20964.751953125,-41536.3359375,-10132.0908203125,-39496.0234375,-9072.103515625,19435.265625,-4556.7607421875
3782.85665456,14128.515625,20961.95703125,-41786.51953125,-10184.1474609375,-39518.59765625,-9181.2919921875,19386.62890625,-4554.61474609375
3782.85684966,14046.193359375,20891.416015625,-41671.38671875,-10227.80078125,-39564.93359375,-9195.9990234375,19351.58203125,-4597.28466796875
3782.857147962,14021.830078125,20882.98828125,-41392.48046875,-10182.9404296875,-39556.375,-9089.470703125,19387.5,-4605.21923828125
3782.857443347,14066.3779296875,20916.3828125,-41378.28515625,-10150.1953125,-39530.71484375,-9048.03125,19422.5703125,-4574.1728515625
3782.857639176,14125.498046875,20956.7265625,-41535.3515625,-10136.3154296875,-39503.48828125,-9080.306640625,19425.341796875,-4542.0087890625
3782.857834276,14133.9248046875,20962.62890625,-41774.71875,-10177.330078125,-39512.7890625,-9175.48046875,19387.478515625,-4533.87255859375
3782.858058184,14053.7265625,20908.0234375,-41650.59765625,-10205.8955078125,-39547.65625,-9182.587890625,19350.375,-4583.27001953125
3782.85825292,14026.189453125,20899.865234375,-41370.7109375,-10150.1728515625,-39533.21875,-9073.6015625,19386.205078125,-4616.9541015625
3782.85844729,14063.0244140625,20931.0,-41357.38671875,-10116.8916015625,-39506.0390625,-9032.49609375,19424.359375,-4588.85791015625
3782.85864239,14112.310546875,20964.9296875,-41528.109375,-10128.5146484375,-39499.69140625,-9075.9033203125,19426.37109375,-4558.45947265625
3782.858837854,14132.404296875,20972.26171875,-41776.05859375,-10176.5029296875,-39516.74609375,-9182.23046875,19387.9921875,-4552.9384765625
3782.859114276,14044.4501953125,20893.3828125,-41668.8828125,-10223.7099609375,-39563.390625,-9200.3359375,19364.076171875,-4597.66455078125
3782.859385957,14017.2705078125,20873.04296875,-41388.27734375,-10176.0341796875,-39548.484375,-9085.044921875,19405.046875,-4600.369140625
3782.859581421,14064.8798828125,20914.662109375,-41369.48046875,-10138.4384765625,-39518.5546875,-9038.822265625,19429.58984375,-4577.05615234375
3782.85977725,14107.03515625,20944.634765625,-41545.5234375,-10153.861328125,-39515.22265625,-9090.2978515625,19413.09375,-4566.505859375
3782.860006629,14118.8818359375,20946.9140625,-41793.60546875,-10197.3349609375,-39528.8828125,-9190.4111328125,19376.97265625,-4554.7265625
3782.860202094,14045.6796875,20891.794921875,-41674.203125,-10220.4248046875,-39558.49609375,-9192.244140625,19348.921875,-4594.892578125
3782.860397558,14027.2392578125,20874.2265625,-41394.40234375,-10176.3916015625,-39551.41015625,-9084.576171875,19388.328125,-4609.578125
3782.860593023,14068.5458984375,20913.3203125,-41380.61328125,-10140.4951171875,-39527.7421875,-9042.509765625,19420.380859375,-4600.5029296875
3782.860787393,14116.1103515625,20948.12109375,-41549.65625,-10150.3291015625,-39514.62109375,-9076.3955078125,19412.869140625,-4576.60888671875
3782.861060533,14123.5087890625,20944.76953125,-41800.7578125,-10203.9287109375,-39536.125,-9193.25,19375.23046875,-4548.580078125
3782.861385456,14055.6259765625,20895.662109375,-41676.66015625,-10218.8818359375,-39562.41015625,-9199.6201171875,19349.66015625,-4598.71484375
3782.861581285,14032.0673828125,20893.650390625,-41379.58203125,-10149.3681640625,-39531.71875,-9078.49609375,19395.501953125,-4633.29296875
3782.861776749,14062.0185546875,20923.46875,-41367.69140625,-10129.05078125,-39514.21875,-9038.3076171875,19430.908203125,-4588.63427734375
3782.861973308,14110.56640625,20959.767578125,-41539.9140625,-10145.099609375,-39511.71484375,-9085.9169921875,19423.083984375,-4551.84326171875
3783.313295555,14126.951171875,20966.025390625,-41786.296875,-10188.6181640625,-39524.1640625,-9190.3447265625,19373.375,-4550.83740234375
3783.313510712,14052.6982421875,20898.92578125,-41670.69140625,-10218.30078125,-39554.1171875,-9196.6474609375,19342.865234375,-4598.5810546875
3783.313704353,14024.1552734375,20887.52734375,-41379.65234375,-10167.9423828125,-39537.59765625,-9077.2001953125,19400.53125,-4610.02490234375
3783.313895806,14062.578125,20930.93359375,-41352.78515625,-10125.7646484375,-39505.9921875,-9025.8359375,19443.916015625,-4593.26123046875
3783.314224741,14121.5419921875,20986.1640625,-41505.6484375,-10115.505859375,-39481.94140625,-9058.357421875,19447.671875,-4542.47802734375
3783.31460947,14138.0595703125,20997.51953125,-41748.8359375,-10156.3193359375,-39495.95703125,-9166.5625,19397.537109375,-4541.740234375
3783.314802017,14051.759765625,20926.84375,-41640.60546875,-10192.8427734375,-39535.7421875,-9183.3486328125,19362.35546875,-4595.65283203125
3783.31504343,14024.37890625,20912.26953125,-41351.75390625,-10144.71875,-39520.38671875,-9062.224609375,19415.306640625,-4603.7216796875
3783.315233789,14061.638671875,20949.931640625,-41332.7578125,-10109.626953125,-39493.765625,-9018.236328125,19451.494140625,-4576.162109375
3783.315423419,14115.595703125,20970.80859375,-41504.8203125,-10123.2392578125,-39487.328125,-9061.5986328125,19447.044921875,-4536.15234375
3783.315613049,14132.13671875,20959.65625,-41763.2734375,-10182.4931640625,-39506.39453125,-9165.958984375,19396.708984375,-4535.146484375
3783.315802313,14047.37890625,20888.107421875,-41665.484375,-10226.1240234375,-39548.03515625,-9185.1591796875,19345.63671875,-4608.01318359375
3783.316065607,14018.9248046875,20876.595703125,-41382.0625,-10176.6826171875,-39537.75390625,-9079.859375,19386.13671875,-4627.01220703125
3783.316530929,14059.7841796875,20931.4921875,-41351.5546875,-10122.255859375,-39495.98046875,-9024.7626953125,19438.619140625,-4585.9521484375
3783.316944103,14109.6728515625,20959.6328125,-41520.64453125,-10134.99609375,-39486.32421875,-9060.927734375,19441.771484375,-4545.96484375
3783.31724824,14118.8369140625,20946.46875,-41783.94921875,-10200.7099609375,-39516.453125,-9171.3896484375,19392.6640625,-4548.62451171875
