#3764.126222245,14439.0927734375,21349.9609375,-40817.5703125,-9814.337890625,-39505.90234375,-8648.26953125,19826.310546875,-4396.6103515625
3764.126412968,14481.650390625,21385.12109375,-40847.23046875,-9793.953125,-39484.69140625,-8628.6455078125,19849.712890625,-4359.52880859375
3764.126603692,14547.7001953125,21432.908203125,-41041.19921875,-9791.5390625,-39466.23046875,-8687.609375,19841.509765625,-4336.7080078125
3764.126858963,14544.7490234375,21427.58984375,-41239.640625,-9840.064453125,-39487.41796875,-8789.599609375,19782.09765625,-4353.60595703125
3764.127049686,14446.669921875,21345.267578125,-41011.96484375,-9863.646484375,-39528.3671875,-8759.0,19759.8359375,-4412.033203125
3764.12724041,14450.134765625,21355.705078125,-40726.6875,-9788.4326171875,-39495.1953125,-8631.4833984375,19814.462890625,-4402.37744140625
3764.127430405,14494.7490234375,21406.578125,-40746.55859375,-9749.80859375,-39465.37890625,-8604.728515625,19845.95703125,-4373.18603515625
3764.127620399,14548.482421875,21442.720703125,-40962.96875,-9765.1640625,-39459.25390625,-8666.4638671875,19830.490234375,-4352.97998046875
3764.12793037,14544.7490234375,21422.08984375,-41192.6796875,-9835.572265625,-39491.64453125,-8775.205078125,19769.58203125,-4366.52490234375
3764.128236695,14452.2578125,21345.9375,-40989.87890625,-9857.7001953125,-39524.5,-8751.8701171875,19749.353515625,-4423.208984375
3764.128441276,14443.607421875,21356.509765625,-40726.734375,-9783.4482421875,-39495.17578125,-8635.529296875,19808.630859375,-4417.91162109375
3764.128636741,14488.9375,21399.224609375,-40765.671875,-9763.041015625,-39474.34375,-8609.9140625,19840.03515625,-4380.56201171875
3764.128920091,14540.837890625,21439.078125,-40987.64453125,-9780.654296875,-39465.71484375,-8675.1142578125,19826.646484375,-4342.72021484375
3764.12911665,14542.357421875,21422.671875,-41215.5,-9836.3095703125,-39489.4765625,-8784.1689453125,19773.984375,-4348.017578125
3764.129312114,14462.0927734375,21360.33203125,-41012.4765625,-9849.2294921875,-39517.234375,-8754.5966796875,19754.60546875,-4411.49658203125
3764.129508673,14451.810546875,21364.892578125,-40758.67578125,-9792.09765625,-39494.125,-8639.9326171875,19805.76953125,-4419.29736328125
3764.12970596,14504.3603515625,21403.560546875,-40791.5078125,-9766.0810546875,-39468.0390625,-8612.73046875,19844.861328125,-4375.0634765625
3764.129901425,14559.703125,21449.671875,-41005.59375,-9772.31640625,-39450.3359375,-8669.1015625,19842.1796875,-4341.4912109375
3764.130097619,14544.5703125,21427.4765625,-41239.23828125,-9829.8720703125,-39478.65625,-8784.34765625,19786.61328125,-4349.8505859375
3764.130294177,14458.29296875,21351.369140625,-41043.01171875,-9850.5029296875,-39514.015625,-8756.228515625,19758.96484375,-4401.6396484375
3764.130490006,14444.6357421875,21360.19921875,-40787.6640625,-9796.7470703125,-39495.53125,-8644.7607421875,19804.451171875,-4424.6396484375
3764.130702246,14496.4697265625,21409.126953125,-40819.3828125,-9765.3203125,-39468.98046875,-8622.0068359375,19834.84765625,-4378.90771484375
3764.131018781,14552.6171875,21443.59375,-41036.1484375,-9780.8779296875,-39459.1875,-8680.880859375,19830.6015625,-4332.6396484375
3764.131323283,14554.0029296875,21418.71484375,-41271.37890625,-9845.0048828125,-39494.03515625,-8800.8203125,19778.388671875,-4347.2802734375
3764.131631431,14470.7431640625,21354.38671875,-41078.66015625,-9867.423828125,-39530.3125,-8777.3515625,19764.150390625,-4400.70068359375
3764.131922804,14453.4423828125,21355.4375,-40815.625,-9806.291015625,-39495.0390625,-8645.9677734375,19821.9296875,-4417.017578125
3764.132118633,14497.296875,21399.626953125,-40841.7109375,-9770.5283203125,-39466.2734375,-8630.791015625,19833.126953125,-4370.92822265625
3764.132315556,14554.5400390625,21437.826171875,-41054.43359375,-9781.369140625,-39458.6953125,-8694.1357421875,19813.771484375,-4345.6484375
3764.13251175,14547.677734375,21420.59375,-41288.7890625,-9844.7587890625,-39488.11328125,-8809.8505859375,19757.689453125,-4364.51318359375
3764.132755716,14447.072265625,21339.0546875,-41109.171875,-9880.7001953125,-39533.171875,-8794.4052734375,19732.25390625,-4422.4267578125
3764.133064594,14431.5830078125,21341.22265625,-40847.5234375,-9825.0224609375,-39510.12890625,-8670.1298828125,19789.318359375,-4429.55712890625
3764.133277927,14486.58984375,21392.20703125,-40862.69921875,-9774.57421875,-39473.1796875,-8638.435546875,19818.7109375,-4399.8291015625
3764.133473756,14545.0400390625,21433.826171875,-41065.7421875,-9777.189453125,-39459.92578125,-8701.35546875,19809.412109375,-4365.8994140625
3764.133700947,14543.5869140625,21418.201171875,-41299.5859375,-9842.2998046875,-39487.46484375,-8809.783203125,19762.607421875,-4364.13330078125
3764.133927773,14461.220703125,21349.984375,-41111.16015625,-9860.1142578125,-39520.03125,-8786.11328125,19749.21875,-4405.0146484375
3764.134123967,14441.1494140625,21346.654296875,-40859.3671875,-9826.51953125,-39517.63671875,-8682.9599609375,19790.078125,-4419.7890625
3764.134321255,14480.3544921875,21390.396484375,-40887.8671875,-9806.2021484375,-39497.90234375,-8656.2490234375,19824.41015625,-4385.0546875
3764.134518178,14553.0869140625,21442.498046875,-41078.21484375,-9791.47265625,-39464.75390625,-8699.8349609375,19826.265625,-4340.99951171875
3764.134824503,14555.03125,21424.4375,-41307.0078125,-9841.40625,-39484.35546875,-8807.6376953125,19769.42578125,-4347.1015625
3764.135096548,14464.57421875,21352.93359375,-41124.55078125,-9863.9814453125,-39518.7578125,-8786.2919921875,19735.5390625,-4416.14599609375
3764.135294201,14462.8525390625,21356.95703125,-40855.79296875,-9804.9501953125,-39495.62109375,-8669.75,19790.30078125,-4416.2578125
3764.135491853,14510.23828125,21396.07421875,-40880.7578125,-9776.67578125,-39473.42578125,-8648.9853515625,19814.84375,-4386.77587890625
3764.135689506,14556.8642578125,21427.58984375,-41092.25,-9793.953125,-39467.52734375,-8713.4697265625,19805.58984375,-4358.076171875
3764.135885699,14556.751953125,21424.951171875,-41331.50390625,-9848.55859375,-39488.42578125,-8815.505859375,19775.4375,-4360.84765625
3764.587544175,14466.18359375,21347.97265625,-41159.41796875,-9876.900390625,-39529.73046875,-8803.5029296875,19743.697265625,-4421.6669921875
3764.587764437,14450.044921875,21339.1875,-40895.4453125,-9832.912109375,-39520.27734375,-8691.296875,19781.205078125,-4418.53759765625
3764.587978135,14489.65234375,21372.470703125,-40918.15234375,-9812.7958984375,-39501.1640625,-8667.984375,19809.45703125,-4386.90966796875
3764.588175058,14544.9287109375,21427.4765625,-41112.3671875,-9799.7197265625,-39477.91796875,-8721.0693359375,19804.2265625,-4353.8740234375
3764.588371252,14549.6669921875,21432.060546875,-41338.14453125,-9841.3837890625,-39489.38671875,-8823.3291015625,19755.455078125,-4354.74560546875
3764.588575833,14459.208984375,21361.361328125,-41159.640625,-9871.87109375,-39527.0703125,-8808.8671875,19730.66796875,-4413.0615234375
3764.588925919,14439.0703125,21348.8671875,-40895.3984375,-9829.2021484375,-39520.27734375,-8700.103515625,19770.85546875,-4433.51318359375
3764.589357691,14481.5166015625,21382.55078125,-40910.578125,-9802.9384765625,-39496.4921875,-8664.6982421875,19793.36328125,-4406.28857421875
3764.589768312,14547.72265625,21422.716796875,-41101.70703125,-9799.9208984375,-39478.6796875,-8722.611328125,19797.96875,-4373.2080078125
3764.589958307,14559.0322265625,21418.55859375,-41329.91796875,-9845.2724609375,-39491.5546875,-8823.75390625,19766.02734375,-4356.13134765625
3764.590147207,14468.462890625,21344.150390625,-41157.40625,-9880.1865234375,-39531.765625,-8809.314453125,19738.78125,-4416.30224609375
3764.590336107,14446.4462890625,21339.388671875,-40882.83984375,-9828.0400390625,-39516.41015625,-8691.2744140625,19792.447265625,-4414.24609375
3764.590525737,14494.5029296875,21380.583984375,-40889.87890625,-9793.841796875,-39485.453125,-8649.275390625,19817.056640625,-4383.13232421875
3764.590808723,14548.146484375,21422.26953125,-41084.046875,-9799.2734375,-39469.11328125,-8702.71875,19806.751953125,-4349.671875
3764.591001999,14550.7841796875,21411.384765625,-41322.49609375,-9858.21484375,-39495.28515625,-8821.09375,19755.232421875,-4357.15966796875
3764.591191629,14461.712890625,21347.078125,-41145.13671875,-9877.99609375,-39527.875,-8801.513671875,19735.0703125,-4410.267578125
3764.591381623,14440.2998046875,21345.46875,-40870.54296875,-9827.1005859375,-39514.6640625,-8681.126953125,19789.408203125,-4409.060546875
3764.591571253,14494.591796875,21400.365234375,-40872.265625,-9778.083984375,-39476.7578125,-8640.40234375,19820.498046875,-4385.45703125
3764.591964005,14546.1572265625,21445.537109375,-41069.4296875,-9778.642578125,-39459.5234375,-8692.1689453125,19814.732421875,-4371.97900390625
3764.592369521,14559.904296875,21448.263671875,-41302.0,-9823.345703125,-39472.53125,-8791.947265625,19792.24609375,-4344.77685546875
3764.592795093,14471.6142578125,21374.392578125,-41133.84765625,-9849.564453125,-39510.08203125,-8782.3359375,19760.865234375,-4406.10986328125
3764.59319368,14458.8740234375,21370.14453125,-40853.04296875,-9794.6904296875,-39489.85546875,-8665.97265625,19819.984375,-4410.2451171875
3764.593525168,14501.23046875,21413.171875,-40858.67578125,-9758.9052734375,-39456.39453125,-8623.4599609375,19851.90234375,-4362.72509765625
3764.593742877,14561.513671875,21457.4296875,-41048.2421875,-9762.4599609375,-39438.55859375,-8671.6494140625,19845.287109375,-4318.13330078125
3764.593944906,14558.205078125,21449.3828125,-41291.60546875,-9821.1103515625,-39465.359375,-8786.984375,19788.357421875,-4329.55517578125
3764.594146569,14469.9384765625,21373.587890625,-41128.26171875,-9856.44921875,-39508.8984375,-8780.5703125,19760.349609375,-4388.36279296875
3764.594347869,14446.2001953125,21361.09375,-40855.2578125,-9810.158203125,-39495.80078125,-8659.7138671875,19810.88671875,-4390.4638671875
3764.594548803,14488.736328125,21414.22265625,-40856.10546875,-9767.9130859375,-39469.8046875,-8627.3037109375,19841.083984375,-4366.52490234375
3764.59475849,14543.1845703125,21454.2109375,-41046.67578125,-9773.4794921875,-39454.046875,-8676.0087890625,19836.01171875,-4334.0927734375
3764.594960154,14556.6630859375,21444.8671875,-41286.35546875,-9827.48046875,-39471.01171875,-8780.123046875,19791.642578125,-4322.00048828125
3764.595160723,14465.9150390625,21369.630859375,-41125.53515625,-9854.861328125,-39514.91015625,-8787.56640625,19753.041015625,-4397.4150390625
3764.595362023,14435.740234375,21361.025390625,-40846.00390625,-9802.9384765625,-39498.4140625,-8670.197265625,19795.77734375,-4424.28173828125
3764.595562592,14493.921875,21403.94140625,-40847.61328125,-9777.5244140625,-39474.92578125,-8636.982421875,19834.24609375,-4383.35595703125
3764.595770091,14552.416015625,21450.365234375,-41033.734375,-9776.630859375,-39458.046875,-8683.0048828125,19830.9375,-4352.19775390625
3764.595971755,14548.59375,21438.318359375,-41279.91796875,-9827.369140625,-39478.703125,-8797.3779296875,19768.75390625,-4331.58935546875
3764.596173054,14469.423828125,21371.0390625,-41117.28515625,-9850.4140625,-39510.84375,-8790.6279296875,19740.12109375,-4390.0390625
3764.596374353,14450.1796875,21362.1875,-40842.47265625,-9804.279296875,-39497.20703125,-8674.1982421875,19783.193359375,-4407.7861328125
3764.596576017,14484.51171875,21395.71484375,-40854.16015625,-9780.7880859375,-39474.74609375,-8637.294921875,19812.453125,-4391.17919921875
3764.59678461,14533.4619140625,21432.1484375,-41049.40234375,-9789.9970703125,-39460.4609375,-8686.7373046875,19816.810546875,-4348.263671875
3764.596987732,14546.984375,21426.62890625,-41290.4453125,-9837.2705078125,-39472.109375,-8794.5400390625,19781.896484375,-4341.58056640625
3764.597189761,14469.513671875,21350.095703125,-41136.3515625,-9866.7080078125,-39507.01953125,-8783.54296875,19758.048828125,-4404.0537109375
3764.597391425,14448.5029296875,21339.388671875,-40856.44140625,-9817.04296875,-39495.0859375,-8667.044921875,19805.6796875,-4410.96044921875
3764.597599288,14494.0556640625,21382.3046875,-40852.28515625,-9785.19140625,-39467.5703125,-8620.7548828125,19848.1484375,-4370.212890625
3764.597801316,14550.3818359375,21425.912109375,-41036.03515625,-9787.2919921875,-39454.046875,-8665.4580078125,19857.333984375,-4339.34521484375
3764.598003345,14557.1328125,21428.349609375,-41278.59765625,-9833.359375,-39471.52734375,-8782.0224609375,19795.107421875,-4324.39208984375
3764.598204644,14476.62109375,21377.677734375,-41118.46875,-9852.5595703125,-39503.890625,-8775.1611328125,19758.361328125,-4377.052734375
3764.598405214,14450.7607421875,21378.34765625,-40829.796875,-9793.55078125,-39486.30078125,-8665.81640625,19807.580078125,-4390.2177734375
3764.598613077,14492.8037109375,21409.171875,-40826.71484375,-9765.09765625,-39462.20703125,-8627.1474609375,19839.38671875,-4350.23046875
3764.598824223,14544.4365234375,21441.3125,-41008.9921875,-9768.0703125,-39445.77734375,-8666.9111328125,19846.671875,-4337.73583984375
3764.599028439,14557.958984375,21439.525390625,-41252.515625,-9818.00390625,-39463.03125,-8772.166015625,19806.193359375,-4325.912109375
3764.599231562,14467.2333984375,21364.802734375,-41106.19921875,-9850.212890625,-39507.04296875,-8776.6806640625,19778.25390625,-4387.96044921875
3764.599437237,14437.3720703125,21352.46484375,-40819.26953125,-9800.994140625,-39493.05078125,-8663.3349609375,19809.703125,-4397.6611328125
3764.599659323,14481.091796875,21398.845703125,-40808.8984375,-9764.359375,-39465.06640625,-8619.369140625,19838.603515625,-4369.609375
3764.599864998,14550.7841796875,21448.912109375,-40986.90625,-9763.443359375,-39448.99609375,-8662.3291015625,19824.3203125,-4330.33740234375
3764.600070308,14561.423828125,21444.599609375,-41227.8828125,-9811.41015625,-39467.01171875,-8774.9599609375,19774.54296875,-4325.263671875
3764.600274525,14470.67578125,21367.328125,-41086.375,-9845.541015625,-39507.578125,-8778.916015625,19746.111328125,-4390.6650390625
3764.600478377,14444.546875,21359.23828125,-40803.9140625,-9793.6845703125,-39492.8515625,-8664.4970703125,19782.947265625,-4418.470703125
3764.600689157,14489.1611328125,21399.1796875,-40801.3671875,-9762.7724609375,-39468.0625,-8628.48828125,19818.77734375,-4376.13623046875
3764.600893009,14543.2744140625,21436.84375,-40994.9765625,-9776.072265625,-39464.46484375,-8686.4912109375,19810.26171875,-4364.75927734375
3764.601093944,14550.1806640625,21427.4765625,-41256.3125,-9836.3095703125,-39487.640625,-8796.4619140625,19761.712890625,-4366.0556640625
3764.601295608,14466.8759765625,21352.0859375,-41134.96484375,-9876.85546875,-39529.1484375,-8799.0771484375,19734.84765625,-4413.30712890625
3764.601496178,14444.5693359375,21349.89453125,-40846.0234375,-9809.7109375,-39501.859375,-8666.5986328125,19793.966796875,-4428.37255859375
3764.601708782,14488.802734375,21388.876953125,-40833.62109375,-9772.3837890625,-39469.94140625,-8622.0732421875,19825.86328125,-4391.11181640625
3764.601910081,14541.330078125,21430.115234375,-41016.7265625,-9782.375,-39461.3125,-8675.8515625,19822.30859375,-4335.5009765625
3764.602111745,14552.0810546875,21429.556640625,-41272.85546875,-9832.107421875,-39476.890625,-8784.0341796875,19781.048828125,-4324.8837890625
3764.602312314,14467.658203125,21356.064453125,-41140.7109375,-9856.8291015625,-39509.859375,-8784.705078125,19747.275390625,-4397.4375
3764.602512884,14446.916015625,21348.552734375,-40852.8203125,-9805.3076171875,-39490.4140625,-8657.970703125,19804.5390625,-4399.650390625
3764.602721477,14479.52734375,21387.556640625,-40849.734375,-9770.4619140625,-39460.3046875,-8618.2294921875,19835.5859375,-4371.8447265625
3764.602924235,14539.5419921875,21424.572265625,-41037.734375,-9779.849609375,-39452.9765625,-8678.9140625,19826.66796875,-4347.66015625
3764.603124075,14552.7958984375,21421.888671875,-41299.7890625,-9837.2705078125,-39472.64453125,-8788.9521484375,19782.970703125,-4335.18798828125
3764.603336315,14457.8681640625,21356.265625,-41173.92578125,-9861.544921875,-39505.5703125,-8790.740234375,19753.533203125,-4378.416015625
3764.60353105,14439.2265625,21354.9453125,-40889.1875,-9803.162109375,-39486.8359375,-8669.8837890625,19806.4609375,-4395.35888671875
3764.603769181,14492.15625,21405.7734375,-40880.828125,-9762.28125,-39452.70703125,-8623.83984375,19848.640625,-4377.25390625
3764.603964645,14538.37890625,21438.408203125,-41070.34765625,-9777.9716796875,-39450.3359375,-8686.15625,19825.572265625,-4353.494140625
3764.60415938,14552.8857421875,21447.4375,-41321.15625,-9820.5517578125,-39465.26953125,-8798.3837890625,19777.13671875,-4339.39013671875
3764.604354845,14462.8974609375,21373.140625,-41195.09375,-9856.1806640625,-39508.0703125,-8807.0791015625,19743.765625,-4391.58154296875
3764.604549944,14433.236328125,21359.52734375,-40901.6796875,-9798.9150390625,-39490.7734375,-8685.6416015625,19796.42578125,-4402.93603515625
3764.604887266,14483.013671875,21398.666015625,-40891.109375,-9772.5625,-39468.46484375,-8645.453125,19831.228515625,-4379.8017578125
3764.605238081,14527.3154296875,21421.7109375,-41077.05078125,-9789.0361328125,-39462.05078125,-8696.6171875,19818.93359375,-4349.73876953125
3764.605510492,14545.1962890625,21418.513671875,-41322.23046875,-9841.7412109375,-39475.28125,-8803.8828125,19774.341796875,-4344.39697265625
3764.605729295,14461.7353515625,21353.8515625,-41180.36328125,-9867.37890625,-39508.4296875,-8806.4755859375,19736.880859375,-4400.6337890625
3764.605929865,14430.6435546875,21352.978515625,-40871.86328125,-9800.703125,-39485.71875,-8681.5966796875,19788.53515625,-4414.2236328125
3764.606130435,14487.439453125,21402.0859375,-40842.94140625,-9753.541015625,-39454.16015625,-8629.4501953125,19839.564453125,-4385.8369140625
3764.60633064,14537.9765625,21425.95703125,-41024.66015625,-9776.09375,-39452.37109375,-8678.109375,19835.1171875,-4338.65234375
3764.60653121,14555.8583984375,21424.05859375,-41277.34765625,-9827.81640625,-39471.50390625,-8787.4765625,19781.2265625,-4325.15185546875
3764.606840087,14473.9619140625,21359.505859375,-41150.65625,-9856.26953125,-39513.28125,-8800.9765625,19747.677734375,-4391.8271484375
3764.607055609,14440.03125,21344.0390625,-40849.48828125,-9808.6162109375,-39500.96484375,-8680.322265625,19791.75390625,-4412.94970703125
3764.607256179,14481.2255859375,21388.474609375,-40812.83203125,-9764.1806640625,-39469.671875,-8627.974609375,19832.234375,-4388.78759765625
3764.607457478,14533.529296875,21434.787109375,-40962.9453125,-9766.728515625,-39459.32421875,-8667.7158203125,19827.181640625,-4354.8349609375
3764.607665706,14555.0986328125,21447.056640625,-41180.49609375,-9809.107421875,-39470.69921875,-8765.392578125,19785.384765625,-4341.423828125
3764.607867005,14468.3955078125,21372.24609375,-41014.35546875,-9838.8798828125,-39504.60546875,-8759.0224609375,19758.47265625,-4389.0107421875
3764.60806721,14431.91796875,21349.40234375,-40669.87109375,-9790.689453125,-39496.875,-8628.48828125,19805.859375,-4392.11767578125
3764.608269239,14487.373046875,21390.84375,-40606.16796875,-9747.7294921875,-39466.72265625,-8572.765625,19839.990234375,-4371.8671875
3764.608469444,14547.3642578125,21433.556640625,-40759.1875,-9746.2099609375,-39450.1796875,-8608.7294921875,19836.435546875,-4347.50390625
3764.608676942,14556.3056640625,21431.43359375,-41021.328125,-9797.1943359375,-39468.30859375,-8717.4931640625,19789.85546875,-4337.3115234375
3764.608878971,14462.8525390625,21352.48828125,-40945.734375,-9850.525390625,-39520.12109375,-8748.5625,19750.91796875,-4390.37451171875
3764.609078811,14436.5673828125,21343.92578125,-40690.09765625,-9799.49609375,-39503.109375,-8637.0048828125,19798.638671875,-4407.2275390625
3764.609279746,14491.5966796875,21392.05078125,-40705.5234375,-9754.8828125,-39467.7734375,-8596.5478515625,19832.994140625,-4372.78369140625
3764.609479951,14538.78125,21420.66015625,-40924.09765625,-9773.2998046875,-39462.40625,-8663.1337890625,19823.6953125,-4339.255859375
3764.609686356,14552.7509765625,21417.84375,-41219.90234375,-9834.72265625,-39483.0390625,-8785.7998046875,19771.03515625,-4345.76025390625
3764.609886926,14461.712890625,21336.662109375,-41148.66796875,-9885.2822265625,-39530.66796875,-8812.9794921875,19722.75390625,-4407.451171875
3764.610086401,14423.15625,21321.015625,-40880.84765625,-9842.322265625,-39522.77734375,-8702.875,19767.078125,-4422.2255859375
3764.610287336,14463.388671875,21370.078125,-40876.7578125,-9805.77734375,-39494.125,-8659.580078125,19806.908203125,-4397.95166015625
3764.610486812,14516.67578125,21407.740234375,-41058.1640625,-9800.8818359375,-39471.4375,-8702.9873046875,19797.7890625,-4369.78857421875
3764.610721296,14538.6474609375,21411.607421875,-41322.25,-9842.009765625,-39475.83984375,-8807.97265625,19762.67578125,-4355.57275390625
3764.610926971,14461.8017578125,21335.56640625,-41228.44140625,-9889.57421875,-39522.9375,-8823.9990234375,19732.74609375,-4402.53369140625
3764.611130094,14431.7392578125,21307.873046875,-40942.60546875,-9849.564453125,-39518.8671875,-8708.462890625,19773.248046875,-4434.74267578125
3764.611330299,14484.712890625,21359.640625,-40917.57421875,-9803.005859375,-39490.8828125,-8662.8427734375,19806.259765625,-4394.62109375
3764.611531234,14539.474609375,21416.771484375,-41079.2890625,-9797.57421875,-39473.671875,-8706.09375,19808.943359375,-4357.31591796875
3764.611737273,14556.4169921875,21428.818359375,-41329.55859375,-9835.1923828125,-39481.875,-8813.5166015625,19764.3515625,-4354.25390625
3764.611938208,14462.71875,21361.740234375,-41237.91796875,-9883.8076171875,-39531.9453125,-8838.908203125,19715.958984375,-4419.11865234375
3764.612139507,14431.6943359375,21343.322265625,-40940.3046875,-9835.7509765625,-39518.59765625,-8715.34765625,19766.85546875,-4428.52880859375
3764.612340077,14485.8076171875,21380.875,-40910.77734375,-9791.2265625,-39484.4453125,-8660.228515625,19817.50390625,-4386.8876953125
3764.612542105,14535.5849609375,21417.798828125,-41082.37109375,-9792.9697265625,-39470.8125,-8701.9140625,19813.8828125,-4346.98974609375
3764.612751063,14546.1572265625,21416.369140625,-41346.16796875,-9843.283203125,-39488.359375,-8815.013671875,19763.279296875,-4343.7041015625
3764.612952727,14462.2041015625,21344.240234375,-41251.57421875,-9884.6787109375,-39531.00390625,-8834.1474609375,19724.900390625,-4401.818359375
3764.613153296,14424.6533203125,21323.228515625,-40957.15625,-9844.8486328125,-39527.2265625,-8716.197265625,19774.119140625,-4428.7744140625
3764.613353137,14468.91015625,21374.951171875,-40923.453125,-9800.099609375,-39489.25,-8658.3056640625,19812.697265625,-4399.203125
3764.613557718,14535.451171875,21426.5390625,-41076.71875,-9787.8291015625,-39463.2109375,-8694.0908203125,19812.162109375,-4355.70703125
3764.613759747,14552.0810546875,21417.732421875,-41339.484375,-9846.837890625,-39489.3203125,-8813.404296875,19763.724609375,-4344.7099609375
3765.068473083,14466.9658203125,21346.318359375,-41242.2109375,-9884.0751953125,-39526.2890625,-8830.951171875,19725.212890625,-4391.24609375
3765.068688969,14434.5107421875,21336.70703125,-40931.18359375,-9820.9541015625,-39505.234375,-8705.1328125,19774.857421875,-4396.14111328125
3765.068949345,14471.033203125,21362.568359375,-40906.44140625,-9798.7138671875,-39487.93359375,-8658.931640625,19816.23046875,-4376.2705078125
3765.069402269,14520.7880859375,21406.33203125,-41068.625,-9790.3994140625,-39465.9609375,-8689.5537109375,19828.5,-4358.94775390625
3765.06959518,14540.8154296875,21421.666015625,-41323.8828125,-9826.3857421875,-39471.3046875,-8789.443359375,19775.125,-4353.11376953125
3765.069774599,14457.17578125,21340.8203125,-41239.4609375,-9889.3955078125,-39524.5,-8825.02734375,19720.966796875,-4396.94580078125
3765.069982462,14416.4501953125,21317.037109375,-40933.5078125,-9837.8076171875,-39513.68359375,-8714.1181640625,19763.033203125,-4426.33837890625
3765.070170998,14457.935546875,21364.78125,-40891.12890625,-9788.2763671875,-39483.44140625,-8662.1728515625,19798.6171875,-4406.400390625
3765.070366462,14515.3125,21410.4453125,-41048.3515625,-9789.05859375,-39471.1015625,-8700.6845703125,19801.07421875,-4370.4814453125
3765.070544058,14535.96484375,21417.3515625,-41305.21875,-9835.7958984375,-39481.67578125,-8801.6923828125,19766.564453125,-4367.0615234375
3765.070723112,14456.83984375,21342.25,-41213.80078125,-9873.7265625,-39519.8515625,-8818.232421875,19730.533203125,-4414.08935546875
3765.070985676,14424.67578125,21324.81640625,-40910.12890625,-9827.3017578125,-39506.12890625,-8694.1357421875,19775.4375,-4427.52294921875
3765.071318622,14463.1435546875,21355.662109375,-40877.78515625,-9795.0927734375,-39485.16015625,-8652.3828125,19808.919921875,-4396.6103515625
3765.07174383,14516.51953125,21390.306640625,-41042.51953125,-9801.9775390625,-39474.7890625,-8692.34765625,19802.662109375,-4367.59814453125
3765.072191648,14544.1240234375,21405.3046875,-41297.62109375,-9833.3369140625,-39480.48828125,-8796.39453125,19764.0390625,-4351.0576171875
3765.07247354,14462.0478515625,21339.076171875,-41214.58203125,-9875.7158203125,-39526.9609375,-8822.8818359375,19725.01171875,-4397.77294921875
3765.072652229,14421.3681640625,21312.923828125,-40919.98828125,-9840.66796875,-39526.421875,-8709.7822265625,19766.67578125,-4416.14599609375
3765.072872491,14467.8818359375,21356.3984375,-40879.3046875,-9796.12109375,-39493.02734375,-8652.0693359375,19806.908203125,-4395.873046875
3765.073100776,14514.708984375,21396.587890625,-41036.7734375,-9794.6689453125,-39474.9453125,-8685.1728515625,19807.244140625,-4368.33544921875
3765.073279101,14534.0654296875,21404.275390625,-41296.14453125,-9839.640625,-39484.71484375,-8787.38671875,19763.189453125,-4357.0703125
3765.073457426,14451.1630859375,21337.400390625,-41216.484375,-9882.9130859375,-39526.109375,-8812.64453125,19731.427734375,-4403.6513671875
3765.073636115,14414.013671875,21305.97265625,-40915.96484375,-9844.9150390625,-39522.04296875,-8697.4658203125,19778.8125,-4416.1904296875
3765.073839238,14460.349609375,21358.74609375,-40860.73046875,-9782.0849609375,-39475.1015625,-8632.8251953125,19825.416015625,-4382.2158203125
3765.074229073,14518.3076171875,21399.515625,-41014.71484375,-9787.6728515625,-39462.80859375,-8669.3701171875,19829.595703125,-4341.96044921875
3765.074578429,14530.064453125,21408.791015625,-41272.05078125,-9844.7587890625,-39483.57421875,-8777.6865234375,19789.943359375,-4339.255859375
3765.074931797,14446.8935546875,21352.263671875,-41173.6328125,-9869.79296875,-39513.28125,-8793.154296875,19753.041015625,-4403.78515625
3765.07512325,14411.1982421875,21324.994140625,-40858.25,-9822.9658203125,-39510.3515625,-8683.98828125,19784.087890625,-4434.8095703125
3765.075300845,14454.1357421875,21359.86328125,-40813.2578125,-9788.7451171875,-39490.81640625,-8637.83203125,19809.703125,-4409.1943359375
3765.075478076,14507.8017578125,21396.85546875,-40968.4453125,-9789.5947265625,-39475.68359375,-8671.7392578125,19813.501953125,-4364.35693359375
3765.075655671,14541.6650390625,21415.162109375,-41224.52734375,-9824.240234375,-39478.3203125,-8765.5498046875,19773.470703125,-4356.0419921875
3765.075851501,14461.82421875,21355.482421875,-41152.0859375,-9866.5966796875,-39520.8125,-8796.7080078125,19734.064453125,-4409.68603515625
3765.076043318,14416.115234375,21320.0546875,-40854.49609375,-9831.34765625,-39520.3671875,-8690.4033203125,19778.677734375,-4423.54443359375
3765.076221643,14464.4169921875,21346.453125,-40817.6171875,-9797.26171875,-39497.43359375,-8645.3642578125,19811.669921875,-4392.69873046875
3765.076399603,14519.40234375,21399.134765625,-40969.2265625,-9780.8330078125,-39471.8828125,-8675.6064453125,19813.033203125,-4366.279296875
3765.076577199,14544.146484375,21403.62890625,-41241.0703125,-9831.9736328125,-39487.0390625,-8784.1689453125,19765.490234375,-4361.40625
3765.076754794,14459.544921875,21334.11328125,-41183.1328125,-9874.53125,-39528.92578125,-8815.7294921875,19716.98828125,-4414.35791015625
3765.077050908,14413.701171875,21315.65234375,-40884.6953125,-9827.2353515625,-39518.84375,-8698.986328125,19759.5234375,-4434.8544921875
3765.077558167,14465.982421875,21355.146484375,-40839.8125,-9791.740234375,-39490.859375,-8642.48046875,19808.5859375,-4399.8291015625
3765.077993222,14514.2392578125,21390.775390625,-40999.71484375,-9801.3291015625,-39481.13671875,-8678.6015625,19811.982421875,-4357.2939453125
3765.078252868,14541.9111328125,21409.1484375,-41261.6328125,-9835.1474609375,-39483.91015625,-8784.951171875,19774.4765625,-4340.2841796875
3765.078449427,14473.291015625,21351.68359375,-41195.7421875,-9865.7919921875,-39518.375,-8810.0517578125,19734.154296875,-4396.275390625
3765.078640151,14426.6201171875,21324.681640625,-40898.88671875,-9828.77734375,-39516.34375,-8693.6220703125,19768.91015625,-4414.76025390625
3765.078833062,14459.3662109375,21361.5390625,-40857.671875,-9792.7685546875,-39492.671875,-8647.4208984375,19811.447265625,-4390.37451171875
3765.079023786,14513.0771484375,21397.90625,-41013.015625,-9796.970703125,-39480.06640625,-8686.0,19810.306640625,-4365.8544921875
3765.079212686,14543.140625,21414.513671875,-41269.546875,-9831.4599609375,-39482.43359375,-8786.873046875,19770.6328125,-4346.453125
3765.079401951,14464.775390625,21348.017578125,-41206.06640625,-9874.375,-39521.3046875,-8817.763671875,19730.197265625,-4390.15087890625
3765.079591946,14419.8251953125,21327.587890625,-40898.015625,-9830.2080078125,-39515.15625,-8700.1708984375,19775.392578125,-4412.34619140625
3765.079783034,14452.6376953125,21370.189453125,-40845.48828125,-9786.1748046875,-39485.47265625,-8641.765625,19830.064453125,-4383.2216796875
3765.080199855,14505.7900390625,21409.484375,-40995.55859375,-9780.4970703125,-39463.390625,-8668.587890625,19828.724609375,-4355.2822265625
3765.080602088,14535.00390625,21416.97265625,-41262.3046875,-9825.357421875,-39477.3828125,-8783.095703125,19776.17578125,-4345.15673828125
3765.081049906,14457.80078125,21337.33203125,-41217.265625,-9884.90234375,-39531.296875,-8824.669921875,19723.783203125,-4400.1865234375
3765.081368265,14410.9072265625,21309.326171875,-40917.484375,-9843.126953125,-39522.66796875,-8708.75390625,19760.3046875,-4429.6240234375
3765.081562635,14458.583984375,21353.203125,-40863.81640625,-9797.6416015625,-39489.6328125,-8648.158203125,19800.986328125,-4404.791015625
3765.081757006,14517.9501953125,21397.236328125,-41006.95703125,-9788.0302734375,-39472.93359375,-8680.880859375,19807.958984375,-4370.12353515625
3765.081959034,14544.4814453125,21414.111328125,-41267.3984375,-9828.7099609375,-39476.51171875,-8779.4521484375,19781.091796875,-4345.8271484375
3765.082153769,14466.6748046875,21351.705078125,-41211.87890625,-9867.69140625,-39515.22265625,-8816.7353515625,19730.197265625,-4397.0126953125
3765.082349963,14409.4541015625,21322.1328125,-40910.15234375,-9831.19140625,-39514.21875,-8710.228515625,19761.958984375,-4436.44140625
3765.08254324,14447.318359375,21353.58203125,-40858.33984375,-9794.109375,-39486.79296875,-8648.60546875,19809.435546875,-4409.08251953125
3765.082737975,14515.7373046875,21397.5703125,-41002.75390625,-9787.4931640625,-39466.1640625,-8675.0029296875,19806.259765625,-4370.10107421875
3765.083008562,14542.73828125,21409.998046875,-41268.29296875,-9830.1181640625,-39481.13671875,-8784.9287109375,19760.9765625,-4361.2724609375
3765.083409337,14467.1884765625,21345.71484375,-41219.703125,-9881.52734375,-39526.71484375,-8816.17578125,19729.05859375,-4404.16552734375
3765.083752858,14426.53125,21323.296875,-40906.77734375,-9832.1298828125,-39512.56640625,-8690.3134765625,19775.392578125,-4405.4619140625
3765.083991354,14460.6171875,21361.025390625,-40852.75390625,-9789.4384765625,-39491.0390625,-8649.9462890625,19814.576171875,-4368.35791015625
3765.084179889,14506.8857421875,21392.966796875,-41006.265625,-9793.505859375,-39481.203125,-8687.4296875,19813.45703125,-4367.888671875
3765.084368425,14541.12890625,21414.177734375,-41264.60546875,-9829.380859375,-39483.73046875,-8784.0341796875,19771.99609375,-4349.6494140625
3765.084557325,14468.5966796875,21353.42578125,-41215.07421875,-9869.658203125,-39522.01953125,-8817.8525390625,19727.494140625,-4387.46875
3765.08474659,14413.7236328125,21317.439453125,-40914.17578125,-9838.5224609375,-39526.66796875,-8710.720703125,19758.47265625,-4432.5966796875
3765.085089018,14459.208984375,21361.875,-40846.16015625,-9781.5927734375,-39482.7265625,-8641.7880859375,19817.2578125,-4387.58056640625
3765.085435821,14518.7099609375,21409.3046875,-40988.02734375,-9781.0341796875,-39465.9375,-8670.912109375,19826.6015625,-4350.78955078125
3765.085629827,14541.732421875,21420.236328125,-41252.73828125,-9830.0068359375,-39476.53515625,-8772.634765625,19789.09375,-4328.57177734375
3765.085856653,14459.6787109375,21352.017578125,-41214.2265625,-9884.1875,-39523.13671875,-8816.6904296875,19733.05859375,-4386.619140625
3765.086051024,14418.1943359375,21330.001953125,-40904.96484375,-9841.0263671875,-39519.11328125,-8704.015625,19763.12109375,-4423.11962890625
3765.086246123,14463.9921875,21372.24609375,-40836.01171875,-9785.302734375,-39480.37890625,-8635.1943359375,19816.765625,-4401.14794921875
3765.086440859,14519.759765625,21411.47265625,-40974.19140625,-9775.9150390625,-39454.65234375,-8658.1943359375,19835.228515625,-4360.17724609375
3765.086635958,14549.130859375,21422.89453125,-41242.140625,-9817.6240234375,-39461.265625,-8761.615234375,19785.5625,-4344.59814453125
3765.086863149,14474.498046875,21357.560546875,-41207.67578125,-9867.7587890625,-39509.12109375,-8809.359375,19733.908203125,-4395.76123046875
3765.087256995,14425.9052734375,21336.283203125,-40898.70703125,-9821.78125,-39507.08984375,-8700.7294921875,19771.123046875,-4422.2705078125
3765.087551651,14455.3876953125,21358.25390625,-40849.17578125,-9796.3447265625,-39493.4296875,-8650.6611328125,19800.203125,-4405.595703125
3765.087740551,14509.1435546875,21398.912109375,-40996.4296875,-9799.2060546875,-39481.1171875,-8678.712890625,19806.171875,-4367.77685546875
3765.087960449,14543.140625,21425.0859375,-41254.76953125,-9826.2958984375,-39478.6796875,-8770.310546875,19773.158203125,-4345.20166015625
3765.088149349,14462.8525390625,21340.41796875,-41232.3984375,-9893.150390625,-39535.921875,-8829.20703125,19720.251953125,-4403.94189453125
3765.08833752,14416.427734375,21306.287109375,-40925.9765625,-9855.30859375,-39534.78125,-8720.689453125,19756.841796875,-4437.201171875
3765.088544289,14460.3046875,21350.654296875,-40854.3828125,-9800.6806640625,-39498.9765625,-8653.43359375,19805.27734375,-4405.57373046875
3765.088738295,14503.80078125,21390.1953125,-40995.9375,-9793.998046875,-39476.95703125,-8675.2041015625,19802.037109375,-4368.2685546875
3765.089036962,14528.09765625,21404.3203125,-41262.37109375,-9836.287109375,-39484.9375,-8783.9892578125,19762.943359375,-4354.0302734375
3765.089373554,14459.6337890625,21340.349609375,-41235.078125,-9888.478515625,-39530.8046875,-8826.123046875,19716.4296875,-4414.93896484375
#3797.245707896,13732.263671875,20599.0546875,-41673.7109375,-10381.1337890625,-39504.046875,-9345.755859375,19146.326171875,-4729.4951171875
3797.245904455,13788.2548828125,20637.3203125,-41859.36328125,-10385.40234375,-39488.69140625,-9391.95703125,19139.75390625,-4689.060546875
3797.246100648,13786.2880859375,20622.033203125,-42087.3515625,-10438.845703125,-39511.89453125,-9495.2666015625,19094.06640625,-4688.16650390625
3797.246296477,13703.6982421875,20559.8046875,-41914.9296875,-10458.984375,-39543.36328125,-9477.0498046875,19078.755859375,-4734.30078125
3797.246491942,13685.615234375,20554.619140625,-41655.6484375,-10406.123046875,-39519.046875,-9359.14453125,19139.552734375,-4731.97607421875
3797.246726062,13729.8046875,20578.826171875,-41674.046875,-10384.3076171875,-39498.9296875,-9329.349609375,19171.962890625,-4707.14306640625
3797.247073959,13782.2197265625,20620.021484375,-41863.609375,-10390.521484375,-39490.32421875,-9385.5419921875,19150.818359375,-4690.98291015625
3797.247478381,13789.640625,20619.015625,-42088.55859375,-10444.27734375,-39516.69921875,-9491.0419921875,19104.884765625,-4686.736328125
3797.247845971,13707.498046875,20562.5546875,-41907.44140625,-10449.150390625,-39536.5703125,-9469.0263671875,19084.544921875,-4735.35107421875
3797.248037059,13690.64453125,20566.48828125,-41639.6015625,-10378.384765625,-39499.7578125,-9350.2265625,19134.904296875,-4740.58154296875
3797.248227783,13735.236328125,20600.6640625,-41655.47265625,-10358.6923828125,-39483.77734375,-9327.94140625,19162.576171875,-4700.23681640625
3797.248417777,13784.6337890625,20630.458984375,-41853.015625,-10378.5634765625,-39484.3125,-9386.66015625,19148.583984375,-4671.7158203125
3797.248611783,13787.986328125,20628.224609375,-42079.953125,-10426.57421875,-39501.87890625,-9482.705078125,19096.525390625,-4679.337890625
3797.248802871,13704.123046875,20560.296875,-41905.3203125,-10441.37109375,-39528.5234375,-9466.544921875,19079.068359375,-4728.15380859375
3797.248993595,13687.4482421875,20555.71484375,-41647.73828125,-10390.521484375,-39510.26171875,-9357.22265625,19130.298828125,-4739.37451171875
3797.249183954,13732.1298828125,20594.31640625,-41666.66796875,-10365.3984375,-39492.671875,-9332.92578125,19157.814453125,-4715.97216796875
3797.249374313,13783.0693359375,20637.701171875,-41859.140625,-10374.71875,-39485.62890625,-9383.8212890625,19148.60546875,-4684.076171875
3797.249564672,13783.8291015625,20635.287109375,-42086.34375,-10420.0703125,-39498.3046875,-9482.8388671875,19103.72265625,-4681.7294921875
3797.249907099,13699.96484375,20559.24609375,-41920.62890625,-10450.3125,-39530.98046875,-9467.640625,19081.9296875,-4742.705078125
3797.250292558,13697.8193359375,20557.8828125,-41658.04296875,-10398.232421875,-39510.73046875,-9353.5791015625,19137.921875,-4746.99658203125
3797.250725789,13734.8115234375,20595.658203125,-41673.9765625,-10367.72265625,-39490.14453125,-9331.8759765625,19154.88671875,-4731.55126953125
3797.251092649,13782.1083984375,20624.37890625,-41868.9296875,-10383.837890625,-39485.2734375,-9386.7041015625,19143.6875,-4704.61767578125
3797.251283373,13776.05078125,20605.759765625,-42108.31640625,-10446.244140625,-39516.34375,-9495.22265625,19094.111328125,-4696.36962890625
3797.251473732,13692.544921875,20546.595703125,-41935.359375,-10466.1376953125,-39547.03125,-9481.8115234375,19072.02734375,-4738.16748046875
3797.251696911,13685.3251953125,20561.4140625,-41659.8984375,-10397.763671875,-39517.4609375,-9363.32421875,19122.4765625,-4740.15673828125
3797.251887635,13733.7607421875,20599.79296875,-41667.16015625,-10365.9345703125,-39492.11328125,-9335.138671875,19147.779296875,-4712.91015625
3797.252077994,13786.9140625,20639.19921875,-41851.8515625,-10376.5068359375,-39481.4296875,-9386.4140625,19137.787109375,-4690.20068359375
3797.252267989,13787.025390625,20628.693359375,-42079.03515625,-10430.6875,-39499.734375,-9483.5546875,19096.123046875,-4683.02587890625
3797.252456889,13691.4267578125,20554.619140625,-41919.17578125,-10466.3388671875,-39541.62109375,-9479.173828125,19077.572265625,-4734.16650390625
3797.252747168,13680.4296875,20563.0234375,-41650.8203125,-10408.0673828125,-39518.21875,-9365.8056640625,19136.15625,-4739.39697265625
3797.253170188,13737.7841796875,20607.59375,-41652.96875,-10365.197265625,-39487.41796875,-9335.3623046875,19163.3359375,-4715.7041015625
3797.25360743,13796.9267578125,20648.36328125,-41834.08203125,-10362.2236328125,-39472.2421875,-9383.6865234375,19158.931640625,-4683.0703125
3797.253821128,13805.5322265625,20643.53515625,-42064.1953125,-10409.9892578125,-39491.1953125,-9484.0458984375,19109.04296875,-4674.55419921875
3797.254016957,13707.765625,20563.1796875,-41908.60546875,-10447.00390625,-39531.9453125,-9480.447265625,19073.75,-4734.2333984375
3797.254212057,13683.134765625,20559.939453125,-41642.6875,-10392.5107421875,-39511.11328125,-9367.83984375,19121.158203125,-4750.0810546875
3797.254407522,13730.9228515625,20600.171875,-41650.7109375,-10363.654296875,-39489.6328125,-9340.8837890625,19147.376953125,-4724.48828125
3797.254604445,13786.1533203125,20638.884765625,-41830.86328125,-10362.73828125,-39470.69921875,-9385.0283203125,19140.1796875,-4693.03955078125
3797.254799545,13789.9306640625,20628.89453125,-42065.84765625,-10417.7685546875,-39491.44140625,-9489.4111328125,19090.9609375,-4695.83349609375
3797.254995738,13702.4912109375,20555.22265625,-41906.97265625,-10447.80859375,-39526.9140625,-9478.48046875,19070.419921875,-4745.87890625
3797.255191567,13679.8486328125,20550.41796875,-41645.30078125,-10399.0146484375,-39511.0234375,-9367.1240234375,19120.755859375,-4752.673828125
3797.255387032,13722.8759765625,20582.08984375,-41660.140625,-10377.2216796875,-39494.79296875,-9339.2744140625,19144.693359375,-4729.58447265625
3797.255602189,13779.73828125,20620.400390625,-41850.64453125,-10385.73828125,-39482.9921875,-9388.3134765625,19137.318359375,-4699.74462890625
3797.255989471,13778.0625,20625.49609375,-42088.42578125,-10438.64453125,-39505.79296875,-9499.8271484375,19091.943359375,-4699.07421875
3797.256392069,13693.7958984375,20558.486328125,-41928.25,-10460.03515625,-39541.93359375,-9490.6181640625,19073.548828125,-4736.53564453125
3797.256775704,13677.1669921875,20548.31640625,-41665.86328125,-10410.50390625,-39521.484375,-9375.484375,19126.142578125,-4733.98779296875
3797.256979921,13721.3779296875,20576.5234375,-41679.34375,-10387.392578125,-39501.1640625,-9350.0478515625,19147.890625,-4717.6484375
3797.257169915,13778.0400390625,20611.50390625,-41865.109375,-10399.0595703125,-39493.83203125,-9399.3779296875,19136.759765625,-4699.2529296875
3797.257359545,13782.689453125,20611.99609375,-42094.68359375,-10441.37109375,-39508.96484375,-9502.6875,19085.171875,-4708.88671875
3797.257549539,13699.8984375,20551.087890625,-41932.69921875,-10459.4990234375,-39538.26953125,-9491.154296875,19062.439453125,-4762.083984375
3797.25777199,13675.5126953125,20545.72265625,-41667.5390625,-10409.54296875,-39521.1484375,-9377.6748046875,19117.08984375,-4760.83203125
3797.257961984,13715.0302734375,20586.650390625,-41671.96484375,-10377.69140625,-39495.46484375,-9344.548828125,19149.87890625,-4728.37744140625
3797.258151249,13773.0107421875,20636.650390625,-41847.5390625,-10380.6640625,-39481.33984375,-9388.671875,19149.298828125,-4687.00439453125
3797.258340879,13784.1416015625,20637.56640625,-42074.74609375,-10426.3291015625,-39494.48046875,-9482.3701171875,19114.384765625,-4681.3271484375
3797.258547283,13700.1884765625,20562.017578125,-41919.734375,-10456.90625,-39534.22265625,-9475.8427734375,19092.48046875,-4715.39111328125
3797.258872206,13682.083984375,20559.224609375,-41650.44140625,-10399.73046875,-39516.67578125,-9363.771484375,19136.802734375,-4714.63134765625
3797.25916905,13726.4970703125,20605.0234375,-41651.828125,-10357.4853515625,-39484.4453125,-9332.9482421875,19163.3359375,-4705.75732421875
3797.259491785,13779.224609375,20639.220703125,-41839.3359375,-10365.755859375,-39476.30859375,-9384.4697265625,19152.44921875,-4690.267578125
3797.259779147,13784.767578125,20618.58984375,-42084.89453125,-10432.5869140625,-39507.71484375,-9497.748046875,19098.693359375,-4692.078125
3797.259974976,13690.3544921875,20527.57421875,-41944.12109375,-10480.3310546875,-39557.04296875,-9500.5419921875,19062.328125,-4746.28125
3797.260171899,13667.287109375,20525.361328125,-41681.48828125,-10428.7431640625,-39540.70703125,-9393.9912109375,19104.953125,-4766.2412109375
3797.260368093,13719.5458984375,20578.8046875,-41681.890625,-10380.6416015625,-39507.82421875,-9362.2294921875,19132.78125,-4732.55712890625
3797.26056538,13772.2509765625,20614.701171875,-41868.21484375,-10391.68359375,-39500.3828125,-9414.845703125,19121.89453125,-4703.20947265625
3797.260760845,13779.0458984375,20611.572265625,-42104.98828125,-10444.9033203125,-39519.91796875,-9517.7978515625,19071.40234375,-4704.37158203125
3797.260956309,13695.6513671875,20543.66796875,-41951.23046875,-10466.9423828125,-39547.23046875,-9504.05078125,19044.603515625,-4760.38525390625
3797.261151044,13672.96484375,20532.22265625,-41686.203125,-10423.087890625,-39535.609375,-9392.1806640625,19093.216796875,-4771.15869140625
3797.261345779,13713.8232421875,20570.869140625,-41691.09765625,-10392.0859375,-39512.67578125,-9360.552734375,19124.890625,-4742.0341796875
3797.26154015,13762.1474609375,20611.4375,-41874.2265625,-10398.4560546875,-39500.046875,-9404.3173828125,19120.0390625,-4708.61865234375
3797.261860332,13775.8046875,20617.091796875,-42104.44921875,-10440.41015625,-39509.12109375,-9499.7373046875,19080.9921875,-4692.6591796875
3797.262152435,13686.263671875,20546.3046875,-41958.78515625,-10474.6982421875,-39551.48046875,-9500.876953125,19062.328125,-4737.6982421875
3797.262434327,13666.4599609375,20527.908203125,-41695.1015625,-10435.4931640625,-39538.08984375,-9388.693359375,19115.546875,-4754.12646484375
3797.262649848,13720.796875,20580.01171875,-41688.3046875,-10383.994140625,-39503.15625,-9348.3486328125,19148.76171875,-4728.53369140625
3797.262844583,13778.2412109375,20631.173828125,-41863.1875,-10385.08984375,-39490.63671875,-9391.4873046875,19156.361328125,-4679.94140625
3797.263040047,13788.8134765625,20626.369140625,-42099.04296875,-10433.7275390625,-39508.875,-9492.80859375,19108.4609375,-4677.61669921875
3797.263234783,13705.8212890625,20556.20703125,-41944.79296875,-10456.056640625,-39538.87109375,-9487.287109375,19087.919921875,-4726.99169921875
3797.263430612,13678.955078125,20556.4296875,-41671.54296875,-10405.2734375,-39524.7890625,-9376.3330078125,19140.4921875,-4749.16455078125
3797.263650144,13718.31640625,20597.244140625,-41672.68359375,-10375.5458984375,-39504.00390625,-9348.52734375,19157.2109375,-4726.7236328125
3797.263985278,13770.1943359375,20633.521484375,-41846.82421875,-10380.1728515625,-39485.1171875,-9389.0517578125,19151.98046875,-4684.83642578125
3797.264184025,13771.982421875,20612.890625,-42091.0625,-10447.5185546875,-39515.0234375,-9501.078125,19094.24609375,-4685.5068359375
3797.264380219,13691.8740234375,20540.44921875,-41943.1171875,-10484.6669921875,-39554.25,-9493.8359375,19065.8359375,-4733.56298828125
3797.264596105,13672.181640625,20550.953125,-41661.796875,-10412.6494140625,-39524.859375,-9375.8193359375,19119.4140625,-4737.51953125
3797.264806885,13717.7353515625,20585.7109375,-41658.265625,-10373.7578125,-39492.5390625,-9340.1904296875,19153.611328125,-4714.921875
3797.265003079,13767.19921875,20609.984375,-41847.5390625,-10390.833984375,-39487.30859375,-9393.7900390625,19136.177734375,-4694.9169921875
3797.265198908,13773.234375,20600.060546875,-42095.66796875,-10448.30078125,-39513.99609375,-9506.7783203125,19080.87890625,-4691.83251953125
3797.265394737,13696.0986328125,20529.96484375,-41950.9609375,-10474.6982421875,-39550.80859375,-9503.7607421875,19050.75,-4742.8837890625
3797.26562521,13672.6513671875,20524.17578125,-41687.8125,-10432.453125,-39539.56640625,-9396.427734375,19095.83203125,-4756.0263671875
3797.265935182,13713.0634765625,20566.466796875,-41688.328125,-10396.712890625,-39508.2265625,-9358.6982421875,19130.03125,-4724.15283203125
3797.266230567,13761.9248046875,20608.53125,-41872.640625,-10406.123046875,-39500.203125,-9409.3466796875,19119.48046875,-4702.82958984375
3797.266523763,13773.94921875,20613.986328125,-42108.65234375,-10445.8193359375,-39515.89453125,-9512.09765625,19070.44140625,-4709.02099609375
3797.266741837,13695.427734375,20548.5390625,-41956.16796875,-10466.62890625,-39543.69921875,-9500.9892578125,19049.876953125,-4749.00830078125
3797.266943501,13668.001953125,20539.53125,-41688.91015625,-10426.6640625,-39532.2578125,-9388.08984375,19101.935546875,-4758.216796875
3797.267144436,13711.5439453125,20574.19921875,-41691.703125,-10399.08203125,-39512.07421875,-9355.0322265625,19133.607421875,-4732.0654296875
3797.717470763,13770.6865234375,20620.556640625,-41864.50390625,-10395.1708984375,-39498.125,-9399.4453125,19135.39453125,-4690.20068359375
3797.717681543,13777.7939453125,20613.962890625,-42101.8125,-10445.9541015625,-39516.36328125,-9500.072265625,19097.62109375,-4682.80224609375
3797.717877008,13695.427734375,20540.6953125,-41959.03125,-10476.642578125,-39549.98046875,-9492.115234375,19074.84375,-4737.8544921875
3797.71806919,13670.9755859375,20540.60546875,-41685.66796875,-10423.646484375,-39528.8828125,-9376.712890625,19113.06640625,-4755.60205078125
3797.718261008,13711.185546875,20581.10546875,-41685.82421875,-10390.0517578125,-39508.7421875,-9348.5498046875,19135.529296875,-4734.2333984375
3797.718452461,13764.9638671875,20620.580078125,-41862.5390625,-10391.4599609375,-39497.4765625,-9394.326171875,19142.458984375,-4686.78076171875
3797.718650113,13780.2080078125,20620.400390625,-42100.3828125,-10442.1982421875,-39515.0,-9495.1552734375,19100.83984375,-4683.3388671875
3797.71897686,13705.1728515625,20556.09375,-41951.4296875,-10463.3212890625,-39543.6328125,-9490.5732421875,19079.091796875,-4734.92626953125
3797.719408997,13680.83203125,20548.71875,-41673.41796875,-10410.7939453125,-39523.6953125,-9372.2880859375,19134.8359375,-4735.75341796875
3797.719824723,13713.0859375,20578.40234375,-41676.078125,-10391.0126953125,-39510.0390625,-9345.599609375,19156.62890625,-4712.95458984375
3797.720123025,13765.8583984375,20613.5390625,-41853.77734375,-10401.0263671875,-39495.421875,-9389.54296875,19147.578125,-4680.83544921875
3797.720313749,13775.357421875,20612.7109375,-42093.65625,-10445.23828125,-39512.05078125,-9496.697265625,19093.28515625,-4687.09375
3797.720504837,13695.919921875,20553.0546875,-41943.96484375,-10458.9404296875,-39538.26953125,-9489.455078125,19070.083984375,-4739.15087890625
3797.720732393,13673.4560546875,20542.59375,-41670.2890625,-10410.4140625,-39521.3046875,-9373.025390625,19126.677734375,-4747.2197265625
3797.720953749,13716.572265625,20580.79296875,-41666.71484375,-10373.3779296875,-39493.09765625,-9335.8095703125,19159.04296875,-4708.126953125
3797.721145567,13765.232421875,20616.6015625,-41848.4765625,-10382.4970703125,-39488.46875,-9388.984375,19140.423828125,-4685.3056640625
3797.721336655,13767.5126953125,20609.44921875,-42095.75390625,-10436.9462890625,-39512.3203125,-9497.9267578125,19088.748046875,-4693.55322265625
3797.721527379,13688.9462890625,20543.220703125,-41956.1015625,-10468.6630859375,-39546.8984375,-9494.439453125,19063.087890625,-4746.482421875
3797.721808541,13660.134765625,20522.34375,-41692.53125,-10438.1748046875,-39546.2265625,-9392.650390625,19108.640625,-4756.40673828125
3797.722218069,13696.2099609375,20554.75390625,-41693.7578125,-10411.3759765625,-39524.56640625,-9360.9326171875,19128.466796875,-4732.22216796875
3797.722666616,13756.224609375,20605.849609375,-41858.40234375,-10390.4541015625,-39495.375,-9400.80859375,19133.49609375,-4687.697265625
3797.723039675,13765.12109375,20600.73046875,-42105.8359375,-10446.1103515625,-39521.37109375,-9511.494140625,19086.35546875,-4687.541015625
3797.723230764,13686.7109375,20537.87890625,-41967.8125,-10476.84375,-39557.42578125,-9510.3544921875,19050.525390625,-4741.78857421875
3797.723422582,13658.0107421875,20522.232421875,-41699.5703125,-10436.677734375,-39549.22265625,-9404.541015625,19093.12890625,-4756.76416015625
3797.723612576,13696.0537109375,20553.009765625,-41700.1953125,-10414.8173828125,-39529.4609375,-9369.4267578125,19123.34765625,-4730.16552734375
3797.723889727,13759.9130859375,20606.720703125,-41863.72265625,-10406.0107421875,-39500.60546875,-9397.791015625,19133.607421875,-4692.79345703125
3797.724080086,13777.615234375,20631.62109375,-42089.71875,-10426.060546875,-39501.546875,-9491.0419921875,19094.939453125,-4689.3291015625
3797.724271174,13701.2392578125,20559.357421875,-41948.4140625,-10453.888671875,-39533.7109375,-9484.806640625,19072.140625,-4731.7080078125
3797.724461533,13666.19140625,20539.107421875,-41677.0625,-10410.5712890625,-39520.92578125,-9372.130859375,19122.677734375,-4742.8388671875
3797.724679607,13708.97265625,20580.771484375,-41669.8203125,-10379.7255859375,-39496.5625,-9336.63671875,19155.177734375,-4715.7041015625
3797.725069078,13762.1259765625,20614.72265625,-41847.78515625,-10394.611328125,-39492.71484375,-9389.341796875,19140.08984375,-4693.77685546875
3797.725455266,13774.84375,20604.642578125,-42093.69921875,-10449.3291015625,-39516.7890625,-9498.5751953125,19089.08203125,-4698.60498046875
3797.725826867,13694.4443359375,20542.50390625,-41952.76953125,-10469.333984375,-39545.4453125,-9494.73046875,19064.697265625,-4747.6220703125
3797.726017226,13673.478515625,20542.4375,-41665.640625,-10405.2060546875,-39516.09765625,-9367.3701171875,19123.169921875,-4744.2919921875
3797.726208314,13709.6435546875,20578.15625,-41659.78515625,-10372.595703125,-39490.546875,-9333.6865234375,19151.3984375,-4717.3134765625
3797.726399038,13755.2412109375,20607.951171875,-41841.86328125,-10391.19140625,-39488.87109375,-9386.369140625,19139.8203125,-4684.21044921875
3797.726588303,13762.9521484375,20596.55078125,-42093.90234375,-10452.1005859375,-39518.2421875,-9499.55859375,19084.701171875,-4688.5244140625
3797.726822058,13685.9287109375,20540.203125,-41953.8671875,-10467.6796875,-39545.578125,-9496.6748046875,19066.640625,-4723.39306640625
3797.727012782,13666.884765625,20542.125,-41674.46875,-10414.0126953125,-39520.8125,-9376.6904296875,19125.404296875,-4727.99755859375
3797.727202776,13719.1435546875,20576.658203125,-41673.9765625,-10391.125,-39500.5390625,-9340.927734375,19154.73046875,-4712.2841796875
3797.727393135,13762.0810546875,20618.388671875,-41850.22265625,-10390.119140625,-39490.390625,-9388.4033203125,19141.564453125,-4693.17333984375
3797.727582765,13762.2373046875,20608.21875,-42097.54296875,-10439.44921875,-39511.46875,-9493.5458984375,19090.826171875,-4687.0712890625
3797.727904406,13683.8271484375,20538.548828125,-41967.9921875,-10472.619140625,-39548.59375,-9494.8203125,19064.62890625,-4732.7138671875
3797.728290959,13667.2197265625,20531.775390625,-41688.0390625,-10420.427734375,-39531.3828125,-9382.9716796875,19113.37890625,-4743.912109375
3797.728683711,13709.509765625,20569.818359375,-41681.734375,-10390.6328125,-39508.51953125,-9349.17578125,19135.552734375,-4722.38720703125
3797.72902942,13762.3486328125,20612.33203125,-41853.75390625,-10393.8291015625,-39498.37109375,-9397.43359375,19128.220703125,-4700.7060546875
3797.729219415,13770.2392578125,20607.32421875,-42102.90625,-10448.904296875,-39520.12109375,-9501.212890625,19084.455078125,-4700.7060546875
3797.729409409,13689.080078125,20545.455078125,-41969.40234375,-10473.021484375,-39550.203125,-9504.05078125,19054.4375,-4746.59423828125
3797.729599768,13666.3486328125,20543.935546875,-41682.96484375,-10413.5439453125,-39527.36328125,-9391.2646484375,19106.830078125,-4750.72900390625
3797.729825135,13702.826171875,20577.775390625,-41671.921875,-10385.40234375,-39502.4375,-9348.52734375,19143.46484375,-4724.39892578125
3797.730015494,13751.150390625,20602.474609375,-41849.328125,-10404.4912109375,-39499.82421875,-9394.482421875,19134.478515625,-4691.76513671875
3797.730205853,13770.306640625,20601.423828125,-42092.671875,-10448.8369140625,-39516.87890625,-9499.87109375,19086.35546875,-4686.8701171875
3797.730395848,13688.9462890625,20547.421875,-41956.97265625,-10460.7509765625,-39540.8828125,-9497.2333984375,19062.1484375,-4739.84375
3797.730585842,13662.9287109375,20539.5546875,-41674.46875,-10412.560546875,-39522.265625,-9378.1435546875,19113.9375,-4751.4892578125
3797.730903836,13712.5048828125,20575.49609375,-41662.80078125,-10383.4130859375,-39498.88671875,-9336.6142578125,19153.322265625,-4708.328125
3797.731198492,13764.181640625,20615.751953125,-41834.30859375,-10382.5869140625,-39485.2265625,-9379.4853515625,19146.99609375,-4681.43896484375
3797.731388486,13774.2177734375,20612.3984375,-42082.61328125,-10433.90625,-39504.83203125,-9484.2919921875,19098.0234375,-4679.740234375
3797.731578116,13690.8681640625,20537.341796875,-41960.7734375,-10473.78125,-39546.96484375,-9490.5732421875,19068.720703125,-4724.55517578125
3797.731826093,13662.861328125,20524.154296875,-41679.9453125,-10417.41015625,-39526.87109375,-9375.7294921875,19109.712890625,-4747.6669921875
3797.732017546,13705.9111328125,20561.90625,-41670.0,-10383.123046875,-39499.2890625,-9335.02734375,19143.107421875,-4720.57666015625
3797.73220754,13758.03515625,20596.70703125,-41846.53515625,-10398.0087890625,-39489.4765625,-9377.919921875,19140.603515625,-4686.17724609375
3797.732398264,13774.7314453125,20596.529296875,-42097.1875,-10448.3671875,-39507.2890625,-9484.158203125,19093.26171875,-4690.75927734375
3797.732588258,13700.2783203125,20535.955078125,-41972.28515625,-10474.83203125,-39540.48046875,-9490.1259765625,19059.9140625,-4753.27734375
3797.732862127,13668.8740234375,20521.2265625,-41696.7109375,-10435.1357421875,-39535.296875,-9386.9951171875,19102.337890625,-4760.51904296875
3797.733160429,13694.8916015625,20551.06640625,-41689.66796875,-10410.34765625,-39515.55859375,-9347.9912109375,19136.021484375,-4714.51953125
3797.733353341,13733.8505859375,20581.46484375,-41868.99609375,-10421.3447265625,-39510.73046875,-9400.451171875,19120.017578125,-4701.0634765625
3797.733546618,13759.533203125,20593.533203125,-42106.8203125,-10455.4306640625,-39521.97265625,-9502.3974609375,19071.826171875,-4696.63818359375
3797.733806629,13685.2802734375,20536.224609375,-41975.03515625,-10475.32421875,-39550.67578125,-9503.291015625,19039.796875,-4749.56689453125
3797.733999176,13661.85546875,20524.66796875,-41691.2578125,-10430.240234375,-39538.60546875,-9389.9453125,19094.3359375,-4759.55810546875
3797.734192452,13708.0791015625,20565.86328125,-41674.78125,-10392.3095703125,-39508.49609375,-9343.0966796875,19136.669921875,-4719.1015625
3797.734384635,13765.5234375,20612.064453125,-41840.4296875,-10386.2294921875,-39487.91015625,-9381.697265625,19134.12109375,-4683.20458984375
3797.734577911,13783.158203125,20611.19140625,-42091.7109375,-10445.998046875,-39511.78125,-9487.7119140625,19089.552734375,-4676.9013671875
3797.734926538,13698.84765625,20536.24609375,-41971.8828125,-10480.6884765625,-39551.8359375,-9497.30078125,19055.95703125,-4730.56787109375
3797.735212077,13664.6943359375,20525.181640625,-41685.2421875,-10421.7470703125,-39529.484375,-9380.826171875,19105.578125,-4747.33154296875
3797.73540353,13707.8330078125,20570.265625,-41668.14453125,-10383.7490234375,-39497.12109375,-9334.625,19150.83984375,-4716.12890625
3797.73561504,13757.72265625,20609.693359375,-41839.1796875,-10394.5673828125,-39489.6328125,-9373.7177734375,19158.529296875,-4672.38623046875
3797.7358539,13772.318359375,20618.8359375,-42079.19140625,-10431.6259765625,-39496.5625,-9469.115234375,19121.873046875,-4663.82568359375
3797.736046082,13693.9306640625,20561.369140625,-41952.30078125,-10455.9453125,-39526.98046875,-9478.81640625,19088.412109375,-4706.56201171875
3797.736237535,13663.2861328125,20542.794921875,-41674.44921875,-10418.0361328125,-39522.15234375,-9375.1484375,19121.76171875,-4734.0322265625
3797.736428624,13709.017578125,20576.234375,-41659.8984375,-10387.0341796875,-39499.84765625,-9336.345703125,19153.43359375,-4708.17138671875
3797.73669994,13769.5244140625,20622.724609375,-41824.3828125,-10376.283203125,-39484.55859375,-9377.25,19149.923828125,-4675.62744140625
3797.737528476,13775.7158203125,20613.158203125,-42087.26171875,-10440.3876953125,-39511.3125,-9487.5107421875,19099.1640625,-4678.75634765625
3797.737774265,13694.6904296875,20543.30859375,-41974.609375,-10476.6201171875,-39549.71484375,-9495.78125,19064.18359375,-4733.20556640625
3797.737968635,13669.2314453125,20538.19140625,-41685.80078125,-10413.365234375,-39523.49609375,-9375.103515625,19118.2734375,-4738.92724609375
3797.738161183,13714.3154296875,20573.171875,-41670.04296875,-10378.6748046875,-39496.40234375,-9334.6923828125,19152.919921875,-4709.19970703125
3797.738353,13762.662109375,20604.083984375,-41844.296875,-10395.8408203125,-39492.203125,-9382.8603515625,19143.732421875,-4684.478515625
3797.738561593,13769.6357421875,20609.828125,-42094.34765625,-10441.6845703125,-39505.90234375,-9489.43359375,19087.31640625,-4692.83837890625
3797.738763986,13683.7607421875,20543.130859375,-41981.08984375,-10478.498046875,-39546.203125,-9504.9453125,19047.955078125,-4744.8505859375
3797.73896018,13658.435546875,20526.166015625,-41695.99609375,-10430.888671875,-39535.67578125,-9392.8291015625,19094.89453125,-4761.078125
3797.739157832,13696.322265625,20559.783203125,-41683.23046875,-10401.7861328125,-39515.55859375,-9356.41796875,19130.142578125,-4753.2548828125
3797.739354755,13750.6591796875,20599.546875,-41850.0859375,-10404.759765625,-39504.71875,-9401.009765625,19124.0859375,-4717.38037109375
3797.739552043,13774.083984375,20603.904296875,-42092.58203125,-10443.71875,-39512.4765625,-9497.189453125,19082.869140625,-4694.044921875
3797.73978361,13691.9638671875,20538.794921875,-41976.734375,-10472.41796875,-39545.98046875,-9502.5087890625,19052.89453125,-4730.6572265625
3797.740066596,13657.384765625,20519.59375,-41696.62109375,-10430.798828125,-39540.4140625,-9396.6953125,19094.849609375,-4750.6396484375
3797.740349582,13695.0029296875,20554.865234375,-41682.47265625,-10406.2119140625,-39523.1796875,-9358.384765625,19128.7578125,-4724.53271484375
3797.74063038,13756.626953125,20603.591796875,-41840.1640625,-10397.9423828125,-39498.55078125,-9388.26953125,19137.318359375,-4684.94775390625
3797.740900237,13774.3076171875,20603.97265625,-42093.7890625,-10450.8486328125,-39515.6953125,-9493.166015625,19090.333984375,-4685.43994140625
3797.741155143,13690.599609375,20529.541015625,-41986.7890625,-10491.998046875,-39560.5078125,-9511.2041015625,19052.716796875,-4740.00048828125
3797.741352066,13657.6533203125,20530.501953125,-41690.0703125,-10426.7978515625,-39531.62890625,-9387.173828125,19110.25,-4745.99072265625
3797.741548625,13699.294921875,20578.46875,-41657.2578125,-10369.779296875,-39484.84765625,-9330.646484375,19151.64453125,-4706.83056640625
3797.741750289,13753.564453125,20615.259765625,-41826.08203125,-10378.5634765625,-39476.890625,-9374.701171875,19141.54296875,-4685.8642578125
3797.741947212,13769.4794921875,20616.935546875,-42079.953125,-10429.63671875,-39498.21484375,-9483.0400390625,19092.369140625,-4684.27734375
3797.742143405,13690.845703125,20550.439453125,-41968.796875,-10459.38671875,-39532.8359375,-9488.583984375,19062.55078125,-4728.869140625
3797.742340329,13661.453125,20535.5078125,-41686.359375,-10416.0244140625,-39522.5546875,-9377.3388671875,19107.5234375,-4746.14697265625
3797.742537616,13705.9775390625,20568.947265625,-41671.09375,-10390.275390625,-39504.7421875,-9343.9013671875,19141.966796875,-4719.57080078125
3797.742797992,13758.080078125,20607.548828125,-41840.38671875,-10396.8466796875,-39496.60546875,-9387.822265625,19134.232421875,-4686.04345703125
3797.743051805,13760.8740234375,20596.216796875,-42101.12109375,-10456.5927734375,-39522.33203125,-9500.8544921875,19077.794921875,-4684.9033203125
3797.74330744,13673.880859375,20523.595703125,-41991.93359375,-10487.5498046875,-39553.9140625,-9507.91796875,19042.3671875,-4736.6923828125
3797.743597719,13648.1982421875,20519.818359375,-41698.23046875,-10420.875,-39530.0,-9390.705078125,19086.220703125,-4766.8671875
3797.743839497,13695.875,20550.439453125,-41680.3046875,-10395.818359375,-39507.84765625,-9346.314453125,19130.724609375,-4735.708984375
3797.744036785,13747.8876953125,20591.388671875,-41841.16796875,-10392.7568359375,-39487.1953125,-9378.6806640625,19138.412109375,-4697.17431640625
3797.744234802,13762.3271484375,20598.16015625,-42091.375,-10434.21875,-39498.4609375,-9480.73828125,19087.451171875,-4688.3232421875
3797.744433548,13687.4033203125,20534.66015625,-41981.8515625,-10471.4794921875,-39539.5859375,-9495.333984375,19055.376953125,-4734.859375
3797.744666574,13655.0830078125,20526.099609375,-41690.5625,-10422.328125,-39526.2890625,-9379.3505859375,19103.923828125,-4746.83984375
3797.744967793,13690.8681640625,20558.150390625,-41674.91796875,-10394.388671875,-39510.0390625,-9344.5048828125,19133.384765625,-4716.19580078125
3797.745222699,13745.7412109375,20593.689453125,-41841.4609375,-10401.18359375,-39498.99609375,-9386.81640625,19129.806640625,-4683.22705078125
3797.745419623,13762.505859375,20590.875,-42098.70703125,-10453.5087890625,-39514.734375,-9490.7744140625,19081.236328125,-4687.048828125
3797.74565046,13679.759765625,20524.578125,-41990.6796875,-10487.6171875,-39552.28515625,-9501.9052734375,19048.4921875,-4738.39111328125
3797.745905002,13652.177734375,20521.494140625,-41692.640625,-10429.48046875,-39533.39453125,-9381.5634765625,19107.634765625,-4738.97216796875
3797.746101925,13696.7470703125,20568.791015625,-41664.92578125,-10382.9443359375,-39501.07421875,-9337.75390625,19141.498046875,-4709.7138671875
3798.197542326,13747.3291015625,20606.38671875,-41831.8046875,-10387.951171875,-39491.59765625,-9386.4365234375,19132.712890625,-4685.3056640625
3798.197746178,13758.9072265625,20602.228515625,-42088.8046875,-10440.6787109375,-39513.28125,-9496.7646484375,19085.662109375,-4681.99755859375
3798.198065266,13679.759765625,20531.44140625,-41984.46484375,-10478.9453125,-39550.49609375,-9510.130859375,19052.73828125,-4737.54150390625
3798.198326737,13655.7763671875,20518.3203125,-41692.640625,-10431.693359375,-39534.46875,-9393.7900390625,19096.81640625,-4752.80810546875
3798.19851819,13696.232421875,20560.095703125,-41669.30859375,-10392.0859375,-39507.84765625,-9349.82421875,19131.05859375,-4723.77294921875
3798.198711101,13739.572265625,20593.421875,-41842.6015625,-10405.474609375,-39502.83984375,-9394.728515625,19120.21875,-4707.076171875
3798.199084161,13753.251953125,20592.28125,-42098.81640625,-10451.4970703125,-39522.35546875,-9501.435546875,19073.2578125,-4693.35205078125
3798.199494782,13673.43359375,20514.36328125,-42001.51953125,-10490.724609375,-39562.140625,-9516.27734375,19044.333984375,-4729.76318359375
3798.199907592,13648.3994140625,20514.9453125,-41705.671875,-10434.62109375,-39537.80078125,-9395.533203125,19096.97265625,-4750.103515625
3798.200127124,13691.8291015625,20555.625,-41681.109375,-10396.220703125,-39511.1328125,-9351.2099609375,19137.048828125,-4721.8505859375
3798.200319307,13742.5009765625,20590.13671875,-41845.75,-10401.138671875,-39498.796875,-9389.38671875,19129.47265625,-4696.79443359375
3798.200510395,13761.611328125,20592.640625,-42096.76171875,-10445.1708984375,-39508.85546875,-9486.7509765625,19087.048828125,-4689.26171875
3798.200702213,13679.3349609375,20514.87890625,-42004.515625,-10490.947265625,-39555.859375,-9509.125,19044.111328125,-4742.4814453125
3798.200899865,13646.857421875,20496.884765625,-41719.6640625,-10455.85546875,-39550.78515625,-9405.4130859375,19092.927734375,-4755.75830078125
3798.201091318,13688.7001953125,20553.166015625,-41683.1640625,-10398.568359375,-39514.8203125,-9357.2451171875,19131.3046875,-4724.15283203125
3798.201283501,13750.1005859375,20605.89453125,-41831.87109375,-10383.033203125,-39493.54296875,-9390.8837890625,19128.66796875,-4691.76513671875
3798.201474954,13762.0361328125,20597.9140625,-42088.1328125,-10442.1318359375,-39514.21875,-9495.892578125,19081.638671875,-4698.11328125
3798.201667136,13687.962890625,20538.705078125,-41983.75,-10474.8994140625,-39548.8203125,-9508.365234375,19050.81640625,-4743.75537109375
3798.202021233,13663.1962890625,20537.453125,-41683.56640625,-10413.6103515625,-39522.734375,-9388.984375,19109.466796875,-4732.84765625
3798.202424925,13703.6982421875,20564.69921875,-41660.0546875,-10382.4072265625,-39497.90234375,-9341.0400390625,19143.888671875,-4706.0927734375
3798.202837734,13750.8154296875,20592.416015625,-41825.65625,-10387.6826171875,-39486.34765625,-9381.072265625,19134.30078125,-4690.02197265625
3798.203192561,13764.62890625,20595.74609375,-42085.921875,-10437.125,-39505.27734375,-9488.62890625,19086.892578125,-4695.0732421875
3798.203533165,13672.6962890625,20522.365234375,-42000.29296875,-10488.1982421875,-39555.234375,-9513.103515625,19047.060546875,-4752.71826171875
3798.203723888,13647.1708984375,20511.615234375,-41705.25,-10436.07421875,-39540.19140625,-9399.6689453125,19096.078125,-4762.91064453125
3798.203984994,13702.06640625,20553.94921875,-41673.7109375,-10396.154296875,-39512.49609375,-9352.5732421875,19132.310546875,-4723.8623046875
3798.204176082,13752.6259765625,20590.29296875,-41837.0546875,-10399.6181640625,-39500.359375,-9389.8564453125,19126.677734375,-4691.8994140625
3798.204366441,13764.4501953125,20595.814453125,-42091.73046875,-10438.443359375,-39509.32421875,-9490.0361328125,19075.291015625,-4693.03955078125
3798.2045568,13684.0283203125,20530.009765625,-41997.1171875,-10478.3857421875,-39549.578125,-9510.0859375,19046.234375,-4741.16259765625
3798.204752265,13652.2890625,20511.32421875,-41706.12109375,-10435.224609375,-39539.72265625,-9397.5224609375,19097.486328125,-4747.7119140625
3798.205149758,13690.197265625,20545.791015625,-41678.29296875,-10404.111328125,-39515.89453125,-9349.376953125,19137.607421875,-4717.76025390625
3798.205564026,13741.025390625,20594.31640625,-41834.9765625,-10398.791015625,-39498.55078125,-9386.81640625,19128.17578125,-4693.24072265625
3798.205879467,13764.2939453125,20604.1953125,-42086.8359375,-10436.5439453125,-39507.71484375,-9492.361328125,19081.1484375,-4686.19970703125
3798.20607639,13691.7626953125,20528.087890625,-41997.7890625,-10483.236328125,-39553.8046875,-9516.92578125,19042.189453125,-4742.056640625
3798.206273678,13655.5751953125,20513.26953125,-41707.3046875,-10437.1689453125,-39539.65625,-9401.2998046875,19099.408203125,-4742.57080078125
3798.206470601,13688.5439453125,20563.58203125,-41674.53515625,-10394.4775390625,-39507.35546875,-9350.4501953125,19138.369140625,-4703.65625
3798.206667524,13737.29296875,20596.529296875,-41836.4765625,-10401.853515625,-39501.8125,-9394.9970703125,19131.818359375,-4690.20068359375
3798.206869553,13761.8125,20605.0234375,-42087.796875,-10440.65625,-39513.90625,-9495.4013671875,19089.552734375,-4688.45703125
3798.207066476,13683.537109375,20536.068359375,-41998.83984375,-10484.130859375,-39556.0390625,-9509.572265625,19046.435546875,-4740.58154296875
3798.207262305,13642.3203125,20508.328125,-41714.74609375,-10449.4853515625,-39554.18359375,-9410.330078125,19084.27734375,-4762.2626953125
