#3757.387825483,14676.826171875,21505.26171875,-40943.9921875,-9743.662109375,-39515.359375,-8728.37890625,19855.234375,-4389.30126953125
3757.388156241,14593.587890625,21429.712890625,-40756.9296875,-9767.4443359375,-39549.53515625,-8703.724609375,19836.81640625,-4449.2490234375
3757.388604788,14583.1943359375,21442.85546875,-40533.234375,-9704.904296875,-39516.7890625,-8589.462890625,19899.51171875,-4453.8310546875
3757.388950498,14629.306640625,21486.44140625,-40556.66015625,-9674.5283203125,-39494.28125,-8565.658203125,19914.533203125,-4420.54931640625
3757.389141221,14685.095703125,21521.935546875,-40739.49609375,-9689.2353515625,-39489.4296875,-8617.759765625,19901.501953125,-4384.6748046875
3757.389331945,14674.5458984375,21505.841796875,-40927.453125,-9742.2314453125,-39516.67578125,-8725.5625,19851.947265625,-4399.806640625
3757.389522669,14589.1181640625,21428.416015625,-40753.2890625,-9774.6865234375,-39554.20703125,-8704.3505859375,19839.921875,-4453.94287109375
3757.389712298,14579.9091796875,21436.73046875,-40543.29296875,-9723.0986328125,-39531.5625,-8603.65625,19896.71875,-4456.8037109375
3757.389952618,14628.099609375,21488.966796875,-40564.5703125,-9675.0869140625,-39495.62109375,-8577.794921875,19928.16796875,-4427.0537109375
3757.390327866,14684.291015625,21516.7734375,-40752.4140625,-9691.0908203125,-39488.76171875,-8628.130859375,19917.86328125,-4395.29150390625
3757.390741404,14674.2109375,21492.341796875,-40957.62890625,-9753.9208984375,-39521.4140625,-8732.357421875,19857.201171875,-4403.71826171875
3757.390962031,14595.0185546875,21440.822265625,-40782.234375,-9765.767578125,-39546.6953125,-8706.6083984375,19839.564453125,-4445.5830078125
3757.391153849,14589.810546875,21468.08984375,-40568.37109375,-9705.73046875,-39519.96484375,-8601.4658203125,19890.728515625,-4441.380859375
3757.391344572,14643.611328125,21477.076171875,-40609.23046875,-9696.56640625,-39508.65234375,-8587.115234375,19913.28125,-4416.34716796875
3757.391536025,14702.642578125,21505.126953125,-40801.25390625,-9716.482421875,-39504.62890625,-8638.3232421875,19909.32421875,-4396.16357421875
3757.391726384,14688.0908203125,21489.90625,-41006.28515625,-9765.7451171875,-39523.7421875,-8734.5478515625,19849.17578125,-4410.53564453125
3757.391959775,14601.1875,21437.78125,-40832.16796875,-9767.33203125,-39542.11328125,-8715.99609375,19831.115234375,-4462.52587890625
3757.392372949,14584.53515625,21442.654296875,-40621.81640625,-9714.6943359375,-39521.39453125,-8613.982421875,19879.88671875,-4468.359375
3757.392740538,14625.1484375,21477.412109375,-40658.00390625,-9696.1640625,-39504.1171875,-8593.9775390625,19903.513671875,-4440.35302734375
3757.39307239,14683.7548828125,21510.603515625,-40847.7890625,-9706.71484375,-39495.53125,-8644.3583984375,19897.76953125,-4399.31494140625
3757.393262749,14684.470703125,21509.26171875,-41051.6171875,-9756.759765625,-39515.55859375,-8734.771484375,19867.1015625,-4382.55126953125
3757.393454202,14596.7841796875,21435.79296875,-40892.3828125,-9777.3232421875,-39544.9296875,-8717.9404296875,19857.603515625,-4442.11865234375
3757.393645291,14592.2021484375,21433.736328125,-40685.26953125,-9731.6591796875,-39529.84375,-8623.794921875,19893.74609375,-4455.52978515625
3757.39383565,14626.7353515625,21475.623046875,-40720.4296875,-9702.6240234375,-39507.82421875,-8606.2490234375,19904.33984375,-4425.95849609375
3757.394199228,14677.072265625,21504.076171875,-40911.8046875,-9719.41015625,-39501.6796875,-8655.802734375,19892.583984375,-4393.1904296875
3757.394586875,14676.267578125,21486.419921875,-41126.91796875,-9780.4970703125,-39528.7265625,-8757.0556640625,19846.873046875,-4395.0458984375
3757.394849439,14600.94140625,21431.814453125,-40969.5390625,-9790.6455078125,-39553.7578125,-8736.1796875,19845.755859375,-4445.5830078125
3757.395039798,14591.9560546875,21436.1953125,-40759.79296875,-9740.890625,-39531.31640625,-8625.11328125,19894.86328125,-4440.75537109375
3757.395230157,14635.900390625,21481.435546875,-40789.72265625,-9700.4111328125,-39493.5,-8593.6865234375,19918.623046875,-4405.10400390625
3757.395420516,14686.0791015625,21528.283203125,-40986.59375,-9708.0107421875,-39484.6015625,-8651.5556640625,19909.4140625,-4385.2109375
3757.39561051,14686.4150390625,21525.7578125,-41209.8203125,-9760.3359375,-39508.18359375,-8755.3349609375,19860.978515625,-4389.2119140625
3757.39580014,14610.0390625,21453.986328125,-41066.61328125,-9792.1201171875,-39543.765625,-8739.666015625,19843.431640625,-4433.37890625
3757.396145485,14585.6982421875,21437.87109375,-40866.7890625,-9753.0498046875,-39529.8203125,-8641.1845703125,19895.041015625,-4440.86669921875
3757.396536778,14634.4921875,21490.0390625,-40891.2421875,-9707.4521484375,-39489.05078125,-8598.8720703125,19933.798828125,-4415.9892578125
3757.396916767,14685.833984375,21528.015625,-41086.953125,-9722.0927734375,-39481.36328125,-8655.2880859375,19932.123046875,-4381.8359375
3757.397107491,14680.849609375,21502.802734375,-41307.7890625,-9779.4912109375,-39510.26171875,-8763.5830078125,19869.3828125,-4383.0654296875
3757.39729785,14591.912109375,21434.853515625,-41154.6796875,-9799.787109375,-39544.52734375,-8751.3115234375,19841.732421875,-4443.5712890625
3757.397580106,14584.4912109375,21431.544921875,-40932.9296875,-9754.9267578125,-39528.390625,-8644.9619140625,19905.525390625,-4440.55419921875
3757.397774112,14622.6455078125,21471.15234375,-40958.38671875,-9733.15625,-39509.5234375,-8623.34765625,19931.744140625,-4409.50732421875
3757.398029747,14677.474609375,21506.9609375,-41140.890625,-9746.3662109375,-39508.31640625,-8685.3740234375,19906.8203125,-4381.12060546875
3757.398415206,14681.1171875,21504.189453125,-41347.1953125,-9798.2001953125,-39530.55859375,-8782.5810546875,19856.171875,-4379.6005859375
3757.398604836,14606.73046875,21448.33203125,-41177.5,-9798.22265625,-39544.640625,-8755.6474609375,19840.16796875,-4426.11474609375
3757.398795559,14591.263671875,21446.744140625,-40947.90234375,-9751.373046875,-39529.328125,-8654.640625,19875.373046875,-4444.5771484375
3757.399041349,14627.5625,21469.498046875,-40968.1328125,-9735.9951171875,-39516.453125,-8638.6142578125,19898.88671875,-4428.2607421875
3757.399231343,14682.771484375,21514.6484375,-41136.6640625,-9736.107421875,-39498.01171875,-8680.4560546875,19892.716796875,-4397.4375
3757.399420243,14688.3818359375,21512.279296875,-41335.57421875,-9769.076171875,-39503.890625,-8767.9638671875,19861.224609375,-4384.00390625
3757.399609508,14600.2939453125,21428.4609375,-41194.17578125,-9814.427734375,-39554.00390625,-8765.1474609375,19836.859375,-4439.771484375
3757.399798773,14580.84765625,21434.787109375,-40959.125,-9759.2412109375,-39535.05078125,-8664.072265625,19881.408203125,-4454.8369140625
3757.400163446,14628.2333984375,21479.087890625,-40964.109375,-9717.0634765625,-39500.0234375,-8628.734375,19918.82421875,-4417.8671875
3757.400534318,14676.1103515625,21515.275390625,-41138.87890625,-9721.935546875,-39485.96484375,-8671.8505859375,19921.013671875,-4386.32861328125
3757.400943115,14677.228515625,21503.115234375,-41353.85546875,-9777.4130859375,-39509.2109375,-8770.7353515625,19850.31640625,-4397.57177734375
3757.401218443,14593.521484375,21434.205078125,-41197.9296875,-9804.4365234375,-39546.80859375,-8764.6103515625,19819.359375,-4444.08544921875
3757.401411355,14571.728515625,21429.802734375,-40958.5,-9764.2705078125,-39537.80078125,-8664.8994140625,19873.40625,-4449.49462890625
3757.401602808,14617.03515625,21477.09765625,-40958.87890625,-9726.5849609375,-39505.12109375,-8628.689453125,19908.2734375,-4429.69091796875
3757.401794261,14675.775390625,21515.095703125,-41120.48046875,-9728.126953125,-39492.29296875,-8674.01953125,19901.345703125,-4394.8447265625
3757.402174614,14680.4248046875,21501.23828125,-41327.14453125,-9780.6982421875,-39518.93359375,-8777.552734375,19850.986328125,-4387.6474609375
3757.402503913,14592.0234375,21441.6484375,-41167.15234375,-9803.7880859375,-39554.5859375,-8768.388671875,19822.509765625,-4442.09619140625
3757.402693908,14566.3193359375,21437.3125,-40916.25390625,-9751.865234375,-39538.3359375,-8664.318359375,19869.515625,-4467.53271484375
3757.402940062,14619.0693359375,21466.794921875,-40918.265625,-9738.1630859375,-39522.48828125,-8636.4013671875,19903.06640625,-4437.87158203125
3757.403130421,14682.681640625,21512.32421875,-41081.1875,-9741.60546875,-39503.37890625,-8673.728515625,19906.8203125,-4379.265625
3757.403319686,14688.203125,21525.736328125,-41281.48046875,-9771.1767578125,-39509.2578125,-8765.728515625,19865.42578125,-4371.0400390625
3757.403509315,14596.76171875,21443.19140625,-41125.5546875,-9793.841796875,-39543.92578125,-8756.0048828125,19840.146484375,-4440.12939453125
3757.403698945,14576.4892578125,21426.068359375,-40882.1015625,-9756.447265625,-39534.24609375,-8649.3876953125,19877.048828125,-4453.3837890625
3757.403934159,14618.8232421875,21467.822265625,-40887.01953125,-9724.0595703125,-39513.4375,-8630.5,19895.82421875,-4419.09619140625
3757.404247777,14666.5888671875,21518.26953125,-41043.0546875,-9710.8720703125,-39489.296875,-8668.9228515625,19900.40625,-4385.2783203125
3757.404501224,14684.939453125,21521.734375,-41245.31640625,-9751.7978515625,-39499.0859375,-8754.9775390625,19865.58203125,-4378.8857421875
3757.404721851,14607.267578125,21454.009765625,-41093.79296875,-9780.609375,-39536.125,-8746.2373046875,19836.927734375,-4437.0224609375
3757.404987697,14578.4560546875,21441.916015625,-40846.26953125,-9736.419921875,-39522.578125,-8638.7705078125,19881.541015625,-4452.33349609375
3757.405220723,14617.4150390625,21473.611328125,-40853.66796875,-9720.572265625,-39509.81640625,-8614.49609375,19910.21875,-4432.70849609375
3757.405409623,14675.5517578125,21508.32421875,-41020.234375,-9728.73046875,-39498.57421875,-8659.982421875,19911.11328125,-4396.7890625
3757.405599253,14684.3134765625,21518.404296875,-41221.82421875,-9749.2275390625,-39500.671875,-8749.12109375,19873.673828125,-4389.4130859375
3757.405788518,14604.8310546875,21451.9296875,-41064.19921875,-9767.4443359375,-39530.04296875,-8732.4462890625,19852.05859375,-4429.4453125
3757.406142615,14576.935546875,21447.4375,-40801.41015625,-9726.7412109375,-39519.5625,-8631.3271484375,19893.34375,-4437.0224609375
3757.406527709,14611.9609375,21481.234375,-40790.76953125,-9698.064453125,-39497.0078125,-8602.4267578125,19913.638671875,-4421.15283203125
3757.406886547,14673.607421875,21512.97265625,-40942.96484375,-9694.599609375,-39477.0234375,-8639.75390625,19910.84375,-4391.0673828125
3757.407104985,14683.1064453125,21508.0546875,-41159.26171875,-9751.775390625,-39500.1796875,-8737.296875,19875.73046875,-4382.19384765625
3757.407294615,14604.25,21446.6328125,-41009.68359375,-9780.51953125,-39540.37109375,-8731.3291015625,19843.521484375,-4434.83203125
3757.407484974,14580.958984375,21441.24609375,-40747.02734375,-9731.8154296875,-39527.2265625,-8625.11328125,19882.501953125,-4450.72412109375
3757.407673874,14628.4345703125,21481.435546875,-40735.31640625,-9694.64453125,-39499.5546875,-8593.642578125,19921.439453125,-4417.17431640625
3757.407911276,14678.5244140625,21520.013671875,-40900.2734375,-9699.4052734375,-39493.41015625,-8641.0283203125,19908.4296875,-4382.19384765625
3757.40832445,14678.63671875,21515.9453125,-41122.60546875,-9751.7529296875,-39519.44921875,-8747.3779296875,19855.033203125,-4374.97412109375
3757.408608895,14599.779296875,21446.1640625,-40973.85546875,-9776.138671875,-39550.046875,-8735.083984375,19825.1484375,-4451.8193359375
3757.408804724,14574.8125,21433.802734375,-40715.625,-9734.453125,-39536.79296875,-8627.9296875,19863.861328125,-4474.26025390625
3757.409032279,14613.302734375,21459.10546875,-40713.63671875,-9714.984375,-39523.96484375,-8606.986328125,19893.947265625,-4444.599609375
3757.409227379,14664.64453125,21497.974609375,-40873.94140625,-9712.0791015625,-39505.6796875,-8648.0244140625,19893.25390625,-4408.30029296875
3757.409421749,14680.4248046875,21506.04296875,-41088.51953125,-9746.2548828125,-39512.4296875,-8736.3134765625,19869.2265625,-4387.11083984375
3757.40961612,14602.3271484375,21435.412109375,-40951.8828125,-9788.208984375,-39554.71875,-8735.3076171875,19840.75,-4447.72900390625
3757.409827265,14570.4541015625,21433.982421875,-40685.828125,-9741.8291015625,-39543.296875,-8626.767578125,19876.892578125,-4458.72607421875
3757.410036952,14608.384765625,21473.74609375,-40667.27734375,-9692.6552734375,-39503.22265625,-8585.796875,19904.720703125,-4427.2548828125
3757.410232781,14673.9423828125,21509.375,-40833.0390625,-9707.8544921875,-39496.984375,-8632.400390625,19897.2109375,-4391.2685546875
3757.41042861,14689.6337890625,21521.33203125,-41054.453125,-9742.2314453125,-39507.78125,-8726.724609375,19851.455078125,-4401.05859375
3757.410624804,14599.935546875,21453.607421875,-40918.30859375,-9764.7841796875,-39542.31640625,-8728.78125,19822.46484375,-4443.2138671875
3757.410840325,14579.751953125,21436.283203125,-40652.859375,-9723.27734375,-39532.5703125,-8623.66015625,19862.2734375,-4464.58203125
3757.411147379,14617.548828125,21467.64453125,-40645.88671875,-9694.130859375,-39510.59765625,-8592.8154296875,19891.935546875,-4445.5830078125
3757.411413955,14669.091796875,21504.27734375,-40810.1953125,-9701.7294921875,-39498.28125,-8632.4892578125,19898.171875,-4404.6123046875
3757.411713716,14678.8603515625,21500.052734375,-41043.12109375,-9754.63671875,-39517.81640625,-8729.541015625,19862.83203125,-4393.74951171875
3757.411956223,14590.5478515625,21424.4375,-40919.4296875,-9795.71875,-39560.77734375,-8733.876953125,19837.083984375,-4435.68115234375
3757.412152052,14557.3779296875,21403.404296875,-40659.09765625,-9755.10546875,-39553.40234375,-8628.8017578125,19885.990234375,-4454.6357421875
3757.412347516,14613.7939453125,21467.2421875,-40627.0,-9689.212890625,-39500.76171875,-8572.0732421875,19927.162109375,-4425.89111328125
3757.41254371,14668.466796875,21505.23828125,-40795.48828125,-9699.7626953125,-39494.6171875,-8624.7783203125,19906.0390625,-4391.93896484375
3757.41273808,14681.3857421875,21499.830078125,-41031.8359375,-9754.8828125,-39519.73828125,-8733.3857421875,19848.05859375,-4395.8505859375
3757.413049146,14596.158203125,21433.736328125,-40903.24609375,-9784.744140625,-39555.97265625,-8734.4130859375,19812.83203125,-4453.16015625
3757.413293477,14568.2861328125,21424.7734375,-40628.140625,-9729.1328125,-39539.609375,-8625.8291015625,19863.548828125,-4465.31982421875
3757.413491858,14611.08984375,21456.021484375,-40619.46875,-9707.4970703125,-39522.95703125,-8593.0390625,19892.650390625,-4440.017578125
3757.413691334,14668.130859375,21504.904296875,-40772.66796875,-9694.890625,-39498.37109375,-8624.4873046875,19894.416015625,-4402.421875
3757.414005682,14682.48046875,21510.939453125,-41005.99609375,-9739.68359375,-39513.0546875,-8725.3837890625,19852.505859375,-4396.8115234375
3757.414296326,14601.58984375,21430.607421875,-40884.9375,-9780.0283203125,-39555.34765625,-8732.357421875,19819.873046875,-4449.71826171875
3757.414510024,14570.677734375,21414.3125,-40610.34765625,-9734.2744140625,-39545.7109375,-8623.7724609375,19864.84375,-4462.4140625
3757.414707676,14603.7578125,21463.3515625,-40596.01953125,-9702.7138671875,-39523.5625,-8588.859375,19893.8125,-4445.29248046875
3757.414935232,14661.4033203125,21493.52734375,-40760.9765625,-9709.5087890625,-39511.0,-8627.013671875,19892.3828125,-4422.2255859375
3757.41513252,14682.5478515625,21510.0,-40992.20703125,-9748.400390625,-39517.68359375,-8720.3544921875,19870.1875,-4401.70654296875
3757.86634026,14596.5830078125,21454.27734375,-40864.2421875,-9766.3486328125,-39541.28515625,-8714.6318359375,19842.962890625,-4438.1845703125
3757.866544841,14568.46484375,21431.3671875,-40587.52734375,-9727.6357421875,-39534.91796875,-8611.92578125,19871.52734375,-4457.228515625
3757.866739212,14614.0625,21462.681640625,-40569.9375,-9697.908203125,-39514.2421875,-8577.794921875,19902.23828125,-4432.28369140625
3757.866999223,14674.0986328125,21502.22265625,-40728.58984375,-9698.33203125,-39496.13671875,-8612.1943359375,19911.404296875,-4389.6142578125
3757.867189947,14690.080078125,21495.314453125,-40970.7265625,-9746.2099609375,-39510.328125,-8711.4580078125,19863.927734375,-4378.10302734375
3757.867380306,14600.47265625,21424.50390625,-40860.12890625,-9786.5771484375,-39555.2109375,-8729.2275390625,19821.236328125,-4434.6083984375
3757.867571029,14565.5810546875,21405.193359375,-40585.26953125,-9746.0537109375,-39546.5390625,-8620.1064453125,19864.95703125,-4456.73681640625
3757.867761024,14615.873046875,21459.08203125,-40554.19921875,-9687.40234375,-39508.00390625,-8569.9267578125,19909.01171875,-4431.814453125
3757.868025411,14668.265625,21501.349609375,-40715.1796875,-9686.955078125,-39490.2109375,-8605.9130859375,19908.900390625,-4402.75732421875
3757.868471406,14670.3662109375,21494.3984375,-40967.57421875,-9742.767578125,-39510.12890625,-8710.005859375,19864.95703125,-4398.68896484375
3757.868827326,14588.9384765625,21440.978515625,-40854.453125,-9767.6455078125,-39542.78515625,-8713.3583984375,19845.197265625,-4442.0068359375
3757.869260922,14558.3837890625,21435.0546875,-40577.8046875,-9724.6181640625,-39532.5234375,-8603.5439453125,19886.63671875,-4455.57421875
3757.869588762,14604.1376953125,21462.390625,-40561.80078125,-9702.5341796875,-39511.91796875,-8570.306640625,19916.23046875,-4434.54150390625
3757.869779121,14668.66796875,21500.880859375,-40711.78125,-9683.6025390625,-39482.0546875,-8601.3759765625,19916.87890625,-4395.09033203125
3757.870124101,14688.8740234375,21509.708984375,-40948.640625,-9725.19921875,-39491.6875,-8696.21484375,19875.41796875,-4377.857421875
3757.870382289,14598.6396484375,21438.966796875,-40839.921875,-9764.046875,-39532.12109375,-8710.005859375,19838.0,-4431.2333984375
3757.870572284,14570.54296875,21426.359375,-40554.7578125,-9717.9130859375,-39519.875,-8596.1455078125,19880.04296875,-4448.98046875
3757.870761184,14613.302734375,21470.236328125,-40529.76953125,-9675.9365234375,-39493.25390625,-8552.873046875,19916.56640625,-4415.453125
3757.870952272,14668.1533203125,21526.271484375,-40691.93359375,-9671.533203125,-39475.171875,-8590.1552734375,19917.03515625,-4391.98388671875
3757.871143361,14683.1064453125,21516.59375,-40958.34375,-9733.0224609375,-39502.59375,-8699.58984375,19876.625,-4385.54638671875
3757.87133299,14596.9189453125,21439.32421875,-40868.15234375,-9777.5244140625,-39543.9453125,-8710.0498046875,19849.287109375,-4426.09228515625
3757.871522255,14569.4033203125,21437.55859375,-40580.10546875,-9710.1787109375,-39513.0546875,-8587.0263671875,19911.470703125,-4431.32275390625
3757.87171152,14615.1572265625,21480.541015625,-40564.70703125,-9674.1474609375,-39485.9453125,-8542.9931640625,19949.6015625,-4397.57177734375
3757.871939441,14676.69140625,21525.265625,-40735.13671875,-9676.7412109375,-39470.23046875,-8581.5947265625,19946.71875,-4365.4970703125
3757.872307395,14690.5947265625,21519.3203125,-40994.953125,-9731.1220703125,-39492.203125,-8697.779296875,19893.611328125,-4359.12646484375
3757.87268082,14601.8134765625,21438.765625,-40903.73828125,-9779.8271484375,-39541.3984375,-8719.0576171875,19849.779296875,-4428.998046875
3757.872974746,14561.8486328125,21434.33984375,-40615.9140625,-9729.8037109375,-39528.74609375,-8602.8515625,19893.275390625,-4446.29833984375
3757.873164375,14599.310546875,21479.4453125,-40589.26953125,-9694.197265625,-39503.04296875,-8566.216796875,19923.205078125,-4418.0009765625
3757.873353276,14670.9921875,21506.736328125,-40751.765625,-9707.6533203125,-39497.09765625,-8612.5517578125,19911.73828125,-4384.2724609375
3757.873542541,14692.2265625,21515.251953125,-40992.71875,-9738.1630859375,-39502.59375,-8710.228515625,19867.974609375,-4372.96240234375
3757.873732535,14608.33984375,21443.638671875,-40891.7578125,-9769.634765625,-39541.6875,-8726.9033203125,19831.115234375,-4427.1875
3757.874013697,14569.873046875,21423.25390625,-40600.2890625,-9731.435546875,-39538.046875,-8619.5478515625,19872.51171875,-4442.94580078125
3757.874407179,14609.1005859375,21462.45703125,-40563.58984375,-9691.9619140625,-39505.32421875,-8563.8701171875,19909.01171875,-4415.0732421875
3757.874720797,14658.318359375,21496.521484375,-40723.89453125,-9695.8291015625,-39493.96875,-8607.4560546875,19908.67578125,-4394.2861328125
3757.874939236,14683.62109375,21509.955078125,-40971.10546875,-9734.6767578125,-39500.16015625,-8701.109375,19878.994140625,-4394.5986328125
3757.875128136,14601.58984375,21443.01171875,-40878.63671875,-9774.57421875,-39537.375,-8714.54296875,19846.248046875,-4449.6064453125
3757.875317401,14563.0107421875,21424.99609375,-40579.75,-9724.5068359375,-39528.58984375,-8614.3623046875,19882.525390625,-4443.638671875
3757.875507031,14596.2705078125,21451.953125,-40556.078125,-9701.4619140625,-39510.41796875,-8575.1796875,19908.38671875,-4431.54638671875
3757.875695567,14657.6708984375,21486.708984375,-40726.62109375,-9710.5810546875,-39497.3671875,-8610.271484375,19906.330078125,-4399.404296875
3757.875967612,14685.07421875,21500.90234375,-40986.1015625,-9740.755859375,-39499.9375,-8709.15625,19863.16796875,-4381.92529296875
3757.876351612,14604.607421875,21450.03125,-40905.4375,-9766.013671875,-39538.13671875,-8735.5986328125,19817.705078125,-4442.2529296875
3757.876750564,14567.2578125,21429.646484375,-40617.30078125,-9727.501953125,-39528.8125,-8619.369140625,19869.046875,-4456.37890625
3757.876985413,14616.1181640625,21470.66015625,-40578.38671875,-9680.6298828125,-39495.64453125,-8563.9365234375,19910.3984375,-4430.29443359375
3757.877174313,14667.416015625,21508.212890625,-40734.734375,-9683.8486328125,-39484.01953125,-8599.9228515625,19905.814453125,-4402.0419921875
3757.87736212,14688.7841796875,21519.1640625,-40981.41015625,-9720.2373046875,-39490.94921875,-8705.8251953125,19870.029296875,-4384.205078125
3757.877551749,14608.7421875,21451.728515625,-40890.9296875,-9755.2177734375,-39527.47265625,-8724.2431640625,19839.609375,-4431.88134765625
3757.877741014,14583.931640625,21431.6796875,-40594.72265625,-9717.3095703125,-39522.46484375,-8610.8310546875,19881.65234375,-4454.54638671875
3757.878038952,14628.703125,21465.251953125,-40556.90625,-9683.06640625,-39495.80078125,-8565.0771484375,19919.13671875,-4431.72509765625
3757.878455408,14669.025390625,21496.142578125,-40722.2421875,-9695.60546875,-39493.09765625,-8612.6640625,19911.560546875,-4401.0810546875
3757.878678587,14685.6552734375,21507.005859375,-40980.55859375,-9734.69921875,-39503.87109375,-8715.2353515625,19856.306640625,-4397.4150390625
3757.878884627,14604.1376953125,21441.044921875,-40901.48046875,-9771.7353515625,-39542.62890625,-8740.2919921875,19813.501953125,-4442.7666015625
3757.879079362,14565.0,21420.75,-40603.5546875,-9728.171875,-39532.27734375,-8623.6162109375,19863.951171875,-4460.3798828125
3757.879274097,14609.033203125,21463.375,-40562.42578125,-9687.0,-39502.73046875,-8572.4306640625,19900.787109375,-4441.0458984375
3757.879468832,14654.98828125,21501.841796875,-40722.5546875,-9693.482421875,-39494.16796875,-8617.513671875,19894.193359375,-4402.0419921875
3757.879662838,14685.23046875,21506.71484375,-40976.37890625,-9734.8779296875,-39499.0859375,-8709.06640625,19860.732421875,-4389.994140625
3757.879927955,14605.2109375,21439.81640625,-40902.0390625,-9778.3740234375,-39541.6875,-8738.1689453125,19818.666015625,-4443.2587890625
3757.880210211,14560.2392578125,21429.35546875,-40605.67578125,-9738.5654296875,-39538.0234375,-8632.712890625,19859.14453125,-4468.158203125
3757.880421357,14603.04296875,21462.546875,-40564.7734375,-9697.3486328125,-39508.69921875,-8578.443359375,19898.103515625,-4443.03515625
3757.880616821,14654.8984375,21490.77734375,-40722.5546875,-9699.6064453125,-39491.8203125,-8609.2666015625,19904.18359375,-4399.94091796875
3757.880811921,14676.46875,21499.94140625,-40986.9765625,-9741.248046875,-39502.03515625,-8714.85546875,19874.970703125,-4374.638671875
3757.881007385,14602.6181640625,21436.73046875,-40916.96875,-9777.4130859375,-39536.0546875,-8733.2734375,19839.185546875,-4429.4453125
3757.881201756,14562.98828125,21406.578125,-40626.15234375,-9747.3056640625,-39537.734375,-8627.68359375,19868.353515625,-4451.4169921875
3757.88139722,14597.7900390625,21439.94921875,-40584.44140625,-9703.697265625,-39512.56640625,-8581.5048828125,19896.919921875,-4426.427734375
3757.881591955,14647.076171875,21486.240234375,-40733.3046875,-9688.296875,-39490.8828125,-8612.3505859375,19897.3671875,-4406.10986328125
3757.881785596,14672.7802734375,21494.0859375,-40997.34765625,-9745.3154296875,-39510.39453125,-8718.5439453125,19857.513671875,-4398.89013671875
3757.882004035,14599.466796875,21425.287109375,-40929.64453125,-9791.3603515625,-39549.15234375,-8737.9453125,19826.623046875,-4428.50634765625
3757.882216639,14560.1943359375,21416.994140625,-40619.84765625,-9730.9658203125,-39530.08984375,-8621.42578125,19874.455078125,-4456.8037109375
3757.882411739,14603.1767578125,21463.12890625,-40575.03125,-9687.693359375,-39500.046875,-8566.4853515625,19908.498046875,-4436.4638671875
3757.882606474,14654.33984375,21491.828125,-40742.4453125,-9703.4736328125,-39496.671875,-8610.8310546875,19904.162109375,-4403.71826171875
3757.882823089,14678.591796875,21491.11328125,-41016.32421875,-9762.1015625,-39521.99609375,-8727.7529296875,19853.087890625,-4392.6767578125
3757.883035329,14592.26953125,21428.326171875,-40953.08984375,-9797.8203125,-39563.52734375,-8764.4541015625,19808.40625,-4446.87939453125
3757.883230064,14545.7998046875,21392.09375,-40653.84375,-9764.11328125,-39566.20703125,-8658.8203125,19843.341796875,-4479.08837890625
3757.883424799,14589.966796875,21431.27734375,-40597.33984375,-9717.7119140625,-39531.875,-8599.744140625,19885.83203125,-4461.7880859375
3757.883620263,14635.765625,21471.33203125,-40750.94140625,-9720.6396484375,-39521.83984375,-8634.2548828125,19880.71484375,-4423.27587890625
3757.883831044,14659.1005859375,21488.609375,-41010.35546875,-9762.884765625,-39531.921875,-8737.1630859375,19842.828125,-4396.52099609375
3757.884032343,14599.578125,21439.435546875,-40926.6484375,-9774.2392578125,-39543.296875,-8745.8798828125,19819.873046875,-4426.8076171875
3757.884244582,14559.3896484375,21409.193359375,-40618.125,-9729.580078125,-39535.96484375,-8633.31640625,19854.02734375,-4468.94091796875
3757.884438953,14602.439453125,21444.6875,-40561.46484375,-9688.1396484375,-39508.96484375,-8578.7783203125,19890.392578125,-4446.767578125
3757.884634417,14650.6962890625,21491.4921875,-40709.92578125,-9692.07421875,-39495.734375,-8611.12109375,19891.689453125,-4402.15380859375
3757.884830611,14672.310546875,21506.46875,-40968.48828125,-9729.9375,-39502.37109375,-8707.591796875,19855.12109375,-4387.11083984375
3757.885025346,14605.0546875,21444.3984375,-40907.828125,-9769.634765625,-39540.21484375,-8729.8310546875,19818.486328125,-4445.9853515625
3757.885220446,14560.2392578125,21411.943359375,-40602.75,-9733.6708984375,-39541.7109375,-8627.974609375,19857.177734375,-4476.74169921875
3757.885415181,14597.3427734375,21443.90625,-40548.43359375,-9695.9853515625,-39519.40234375,-8577.080078125,19896.44921875,-4445.13623046875
3757.885609916,14655.3681640625,21487.044921875,-40695.57421875,-9692.7001953125,-39504.36328125,-8608.7294921875,19896.80859375,-4404.0537109375
3757.885820332,14675.88671875,21506.1328125,-40956.10546875,-9729.2451171875,-39509.4140625,-8707.591796875,19861.3359375,-4389.56982421875
3757.886021996,14600.0703125,21444.755859375,-40904.140625,-9774.2841796875,-39547.5234375,-8737.0283203125,19825.349609375,-4448.17578125
3757.88623387,14548.19140625,21410.84765625,-40599.3515625,-9738.9677734375,-39546.62890625,-8630.6123046875,19860.642578125,-4461.05078125
3757.886428606,14590.615234375,21453.71875,-40533.32421875,-9688.453125,-39513.5703125,-8575.0458984375,19896.607421875,-4441.49267578125
3757.886622611,14652.26171875,21493.794921875,-40680.95703125,-9693.6162109375,-39504.0703125,-8610.048828125,19888.044921875,-4408.2109375
3757.886818076,14681.2744140625,21505.640625,-40938.96484375,-9729.111328125,-39508.18359375,-8706.5859375,19854.18359375,-4386.619140625
3757.887012081,14601.9697265625,21434.5859375,-40888.11328125,-9776.630859375,-39548.37109375,-8743.2197265625,19808.294921875,-4440.55419921875
3757.887207181,14559.501953125,21414.267578125,-40570.16015625,-9733.447265625,-39542.40234375,-8632.7802734375,19845.107421875,-4463.55419921875
3757.887401552,14596.76171875,21460.55859375,-40493.8046875,-9679.6240234375,-39510.640625,-8575.58203125,19887.419921875,-4450.2548828125
3757.887596287,14648.0595703125,21511.341796875,-40631.55859375,-9670.728515625,-39493.41015625,-8607.1201171875,19886.927734375,-4427.29931640625
3757.887805973,14690.6396484375,21518.091796875,-40902.953125,-9719.611328125,-39501.72265625,-8707.1220703125,19860.12890625,-4404.16552734375
3757.888007273,14604.25,21433.265625,-40879.08203125,-9780.6318359375,-39549.0859375,-8743.9130859375,19831.138671875,-4446.29833984375
3757.888220606,14554.025390625,21399.248046875,-40579.859375,-9747.953125,-39549.71484375,-8634.166015625,19862.296875,-4461.9892578125
3757.888415706,14596.0693359375,21444.12890625,-40514.078125,-9697.7294921875,-39520.609375,-8583.091796875,19900.80859375,-4436.91064453125
3757.888636697,14650.205078125,21493.75,-40648.81640625,-9678.193359375,-39487.3515625,-8601.0634765625,19911.068359375,-4405.68505859375
3757.888865347,14682.8388671875,21524.373046875,-40908.3203125,-9708.4580078125,-39488.22265625,-8696.68359375,19867.638671875,-4385.9931640625
3757.889059717,14607.736328125,21456.19921875,-40876.40234375,-9761.1630859375,-39534.26953125,-8741.5888671875,19814.955078125,-4428.8193359375
3757.889253723,14555.544921875,21408.74609375,-40577.51171875,-9729.71484375,-39534.58203125,-8632.6904296875,19848.3046875,-4463.71044921875
3757.889448823,14610.9326171875,21457.541015625,-40501.98828125,-9673.5,-39496.47265625,-8557.857421875,19898.373046875,-4433.0439453125
3757.889643193,14659.5927734375,21494.263671875,-40651.05078125,-9678.6181640625,-39489.8984375,-8596.5703125,19896.96484375,-4400.56689453125
3757.889860902,14679.798828125,21509.978515625,-40923.85546875,-9723.4560546875,-39503.734375,-8703.814453125,19862.990234375,-4376.6279296875
3757.890062931,14610.8662109375,21445.224609375,-40892.25,-9766.52734375,-39545.66796875,-8744.7626953125,19821.638671875,-4428.9755859375
3757.890274076,14559.1435546875,21408.92578125,-40585.5390625,-9733.6259765625,-39543.03125,-8633.451171875,19857.1328125,-4462.32470703125
3757.890469176,14593.07421875,21446.296875,-40514.59375,-9688.2294921875,-39512.09375,-8570.0166015625,19904.630859375,-4430.94287109375
3757.890664641,14647.9697265625,21500.12109375,-40653.6640625,-9687.0,-39499.2421875,-8600.59375,19902.73046875,-4411.02734375
3757.890881985,14678.345703125,21509.708984375,-40920.8359375,-9728.529296875,-39510.5546875,-8708.59765625,19866.587890625,-4392.4755859375
3757.891092766,14607.736328125,21451.998046875,-40892.73828125,-9771.712890625,-39544.73046875,-8751.244140625,19818.419921875,-4441.76123046875
3757.891287501,14558.7861328125,21424.951171875,-40584.6640625,-9734.3857421875,-39539.5,-8641.810546875,19840.927734375,-4474.9755859375
3757.891481507,14597.857421875,21455.685546875,-40510.6796875,-9692.521484375,-39509.79296875,-8576.4765625,19894.908203125,-4445.001953125
3757.891676971,14654.7646484375,21497.3046875,-40646.421875,-9687.4697265625,-39495.21875,-8602.44921875,19903.3125,-4416.92822265625
3757.891896139,14682.2353515625,21512.59375,-40910.28515625,-9730.5634765625,-39502.10546875,-8703.3671875,19857.892578125,-4376.8291015625
3757.892098168,14613.4365234375,21440.978515625,-40884.625,-9777.3681640625,-39540.953125,-8748.2490234375,19820.767578125,-4419.36474609375
3757.892307125,14570.677734375,21408.634765625,-40572.7734375,-9734.318359375,-39536.32421875,-8636.1552734375,19855.703125,-4458.68115234375
3757.892502225,14614.666015625,21456.826171875,-40488.48828125,-9678.23828125,-39500.65234375,-8567.9599609375,19899.333984375,-4422.11376953125
3757.892696595,14660.8447265625,21494.48828125,-40624.765625,-9679.2890625,-39484.6015625,-8595.20703125,19898.05859375,-4394.4873046875
3757.892892424,14684.828125,21510.603515625,-40891.0859375,-9719.1201171875,-39492.87109375,-8696.52734375,19858.564453125,-4388.09423828125
3758.345618661,14611.9609375,21449.3828125,-40873.5625,-9764.962890625,-39533.15234375,-8738.705078125,19816.966796875,-4447.7734375
3758.34584257,14563.9716796875,21423.0078125,-40566.11328125,-9731.189453125,-39534.3125,-8629.3154296875,19848.998046875,-4479.26708984375
3758.346160199,14598.5947265625,21456.087890625,-40487.66015625,-9688.20703125,-39507.7578125,-8567.087890625,19902.5078125,-4433.28955078125
3758.346350194,14637.6884765625,21495.068359375,-40632.25390625,-9695.8291015625,-39499.69140625,-8603.208984375,19898.328125,-4405.88623046875
3758.346538729,14683.732421875,21509.62109375,-40894.88671875,-9727.166015625,-39501.65625,-8701.2216796875,19863.01171875,-4383.51220703125
3758.346727265,14615.134765625,21445.8515625,-40880.24609375,-9770.998046875,-39538.76171875,-8740.26953125,19821.28125,-4423.90185546875
3758.347069692,14555.7021484375,21405.4609375,-40579.61328125,-9746.1875,-39546.359375,-8641.8330078125,19852.373046875,-4445.91845703125
3758.347511675,14589.8779296875,21433.736328125,-40507.57421875,-9710.447265625,-39524.12109375,-8578.0849609375,19892.94140625,-4422.31494140625
3758.347843892,14638.470703125,21458.568359375,-40652.32421875,-9730.630859375,-39525.26171875,-8615.8154296875,19890.056640625,-4406.13232421875
3758.348169544,14675.6640625,21486.462890625,-40911.046875,-9749.1826171875,-39522.578125,-8713.8720703125,19849.890625,-4399.18115234375
3758.348356986,14611.357421875,21448.30859375,-40886.4140625,-9770.2607421875,-39544.2578125,-8747.8466796875,19809.0546875,-4445.47119140625
3758.348544792,14552.7958984375,21407.5625,-40586.1171875,-9754.3017578125,-39560.0625,-8652.494140625,19832.099609375,-4477.412109375
3758.348736975,14592.4482421875,21447.19140625,-40498.296875,-9700.4111328125,-39525.015625,-8577.4375,19879.171875,-4446.70068359375
3758.349014855,14653.3564453125,21499.3828125,-40618.6640625,-9681.30078125,-39497.58984375,-8594.9384765625,19890.861328125,-4409.57470703125
3758.349453921,14689.9013671875,21514.89453125,-40880.73828125,-9719.1201171875,-39505.34375,-8696.2587890625,19867.861328125,-4385.36767578125
3758.34971685,14622.869140625,21458.501953125,-40872.69140625,-9767.623046875,-39542.3828125,-8741.6328125,19818.263671875,-4433.93798828125
3758.349946229,14561.0888671875,21416.771484375,-40565.7109375,-9739.4599609375,-39547.76953125,-8642.6376953125,19835.02734375,-4471.8017578125
3758.350134035,14592.0458984375,21452.265625,-40479.48046875,-9695.806640625,-39522.01953125,-8577.548828125,19880.490234375,-4453.96484375
3758.350321112,14637.173828125,21493.974609375,-40613.1640625,-9694.533203125,-39509.75,-8605.4443359375,19880.37890625,-4429.5791015625
#3795.319004867,13785.818359375,20661.326171875,-41667.18359375,-10330.126953125,-39481.2265625,-9301.56640625,19192.81640625,-4685.14892578125
3795.319191214,13834.03125,20684.1484375,-41919.35546875,-10368.4375,-39485.49609375,-9383.44140625,19171.740234375,-4654.16943359375
3795.319475659,13795.3623046875,20645.30078125,-42024.87890625,-10413.275390625,-39517.16796875,-9465.3154296875,19110.09375,-4690.78173828125
3795.319893938,13726.6083984375,20602.765625,-41736.94140625,-10389.158203125,-39526.53515625,-9386.9052734375,19123.125,-4728.4892578125
3795.32027028,13746.6806640625,20623.41796875,-41589.30859375,-10347.494140625,-39502.37109375,-9293.4306640625,19182.111328125,-4711.39013671875
3795.320632765,13795.98828125,20664.43359375,-41679.03125,-10333.8369140625,-39483.39453125,-9295.732421875,19199.96875,-4677.95166015625
3795.320823124,13838.61328125,20694.33984375,-41927.9375,-10360.5703125,-39482.03125,-9376.802734375,19179.205078125,-4642.25634765625
3795.321012753,13797.5087890625,20656.296875,-42035.33984375,-10411.5986328125,-39513.50390625,-9458.9453125,19133.763671875,-4665.30078125
3795.321203112,13728.28515625,20601.021484375,-41748.65625,-10395.4833984375,-39527.76171875,-9379.5966796875,19146.83984375,-4710.96533203125
3795.321508708,13754.212890625,20633.498046875,-41585.1953125,-10335.0439453125,-39489.87890625,-9280.6904296875,19201.623046875,-4688.59130859375
3795.321894166,13803.1181640625,20676.212890625,-41667.609375,-10314.234375,-39465.46875,-9280.779296875,19204.328125,-4676.40966796875
3795.322084525,13843.6650390625,20695.45703125,-41922.12890625,-10350.35546875,-39478.56640625,-9377.6748046875,19168.341796875,-4665.41259765625
3795.322275249,13798.693359375,20653.32421875,-42037.52734375,-10412.5380859375,-39521.1484375,-9468.4892578125,19114.2734375,-4694.02294921875
3795.322492594,13717.7353515625,20590.76171875,-41753.8203125,-10405.6083984375,-39533.640625,-9388.7607421875,19135.865234375,-4722.18603515625
3795.322681859,13737.0693359375,20606.9453125,-41601.7578125,-10362.3359375,-39509.50390625,-9296.470703125,19186.693359375,-4712.5078125
3795.322871124,13787.919921875,20656.095703125,-41679.7890625,-10333.4130859375,-39485.05078125,-9299.48828125,19198.5390625,-4683.8974609375
3795.323060389,13835.796875,20699.8828125,-41914.125,-10344.521484375,-39474.7890625,-9376.556640625,19174.64453125,-4653.87890625
3795.323248925,13794.9375,20655.873046875,-42029.125,-10410.5927734375,-39512.921875,-9459.638671875,19118.474609375,-4684.5458984375
3795.323648606,13725.0439453125,20608.93359375,-41737.76953125,-10383.994140625,-39517.03515625,-9376.310546875,19140.73828125,-4719.95068359375
3795.324038076,13737.560546875,20628.267578125,-41581.6875,-10328.763671875,-39492.44921875,-9290.6591796875,19181.439453125,-4717.42529296875
3795.324358987,13786.6455078125,20662.0859375,-41670.53515625,-10324.78515625,-39478.30078125,-9296.6494140625,19193.8671875,-4674.9345703125
3795.324547158,13842.591796875,20690.18359375,-41913.5234375,-10351.0927734375,-39471.4375,-9371.21484375,19174.130859375,-4647.6650390625
3795.324736059,13800.90625,20651.626953125,-42029.52734375,-10403.9990234375,-39507.87109375,-9456.9111328125,19112.396484375,-4695.96728515625
3795.32492423,13720.23828125,20592.169921875,-41752.6328125,-10399.1494140625,-39529.12890625,-9382.591796875,19123.01171875,-4740.89453125
3795.325113859,13744.333984375,20612.33203125,-41598.71875,-10357.015625,-39508.25,-9297.119140625,19176.724609375,-4718.251953125
3795.325319899,13798.759765625,20650.75390625,-41683.76953125,-10345.37109375,-39488.4453125,-9301.701171875,19193.64453125,-4680.18701171875
3795.32571958,13846.1455078125,20683.6328125,-41924.4296875,-10358.603515625,-39477.00390625,-9378.166015625,19173.794921875,-4647.28515625
3795.326066748,13814.115234375,20650.732421875,-42034.19921875,-10401.541015625,-39503.2421875,-9456.8447265625,19132.333984375,-4678.533203125
3795.326255649,13740.4443359375,20603.30078125,-41747.046875,-10383.435546875,-39513.4375,-9375.5732421875,19145.140625,-4723.638671875
3795.326472629,13745.8984375,20633.654296875,-41587.34375,-10328.2939453125,-39484.04296875,-9286.0771484375,19188.033203125,-4723.01318359375
3795.326661529,13787.8076171875,20664.5,-41679.05078125,-10328.3388671875,-39477.33984375,-9297.4765625,19196.1484375,-4696.8837890625
3795.326850794,13838.3671875,20695.81640625,-41921.63671875,-10354.0205078125,-39479.9296875,-9376.9814453125,19174.890625,-4668.474609375
3795.32703933,13815.814453125,20673.240234375,-42022.30859375,-10388.5771484375,-39489.8984375,-9441.7568359375,19138.30078125,-4677.43798828125
3795.327226771,13735.19140625,20614.365234375,-41742.26171875,-10380.8876953125,-39507.3359375,-9368.509765625,19144.515625,-4715.01123046875
3795.327621347,13743.1044921875,20630.5703125,-41587.765625,-10337.369140625,-39490.68359375,-9285.49609375,19189.46484375,-4700.59423828125
3795.328039991,13788.0986328125,20671.25,-41670.40234375,-10323.533203125,-39471.4375,-9287.6416015625,19203.45703125,-4664.98779296875
3795.32829125,13832.7568359375,20688.015625,-41915.734375,-10357.10546875,-39469.55859375,-9365.1796875,19181.23828125,-4640.46826171875
3795.32848088,13800.705078125,20651.3125,-42031.875,-10411.5322265625,-39506.015625,-9452.75390625,19122.87890625,-4676.4541015625
3795.328669051,13734.2080078125,20611.705078125,-41740.7890625,-10381.9833984375,-39513.16796875,-9372.734375,19135.150390625,-4726.00830078125
3795.328857587,13740.5556640625,20622.345703125,-41582.5390625,-10336.20703125,-39486.30078125,-9278.611328125,19182.55859375,-4718.0732421875
3795.329045758,13779.671875,20646.84375,-41674.53515625,-10344.275390625,-39481.36328125,-9290.7705078125,19200.4609375,-4681.64013671875
3795.329269666,13828.64453125,20685.890625,-41914.08203125,-10363.408203125,-39475.68359375,-9369.716796875,19180.2109375,-4664.7197265625
3795.329685028,13790.04296875,20653.19140625,-42027.58203125,-10401.9208984375,-39500.046875,-9450.630859375,19131.259765625,-4680.74609375
3795.329992447,13730.251953125,20607.056640625,-41737.7265625,-10381.4013671875,-39509.03125,-9372.466796875,19146.705078125,-4710.60791015625
3795.330194476,13745.6298828125,20625.20703125,-41580.61328125,-10335.5810546875,-39490.03515625,-9290.189453125,19187.02734375,-4711.9267578125
3795.330498977,13781.392578125,20651.24609375,-41671.5625,-10332.6748046875,-39478.5,-9297.2080078125,19194.158203125,-4688.099609375
3795.330687513,13827.638671875,20684.37109375,-41912.76171875,-10354.9375,-39469.73828125,-9368.9345703125,19176.634765625,-4649.22998046875
3795.330876048,13790.35546875,20648.162109375,-42036.61328125,-10413.767578125,-39503.06640625,-9451.9716796875,19125.8515625,-4666.39599609375
3795.331065678,13721.53515625,20600.75390625,-41750.04296875,-10390.1416015625,-39513.94921875,-9378.3671875,19137.18359375,-4716.7099609375
3795.33134137,13740.1982421875,20624.044921875,-41582.87109375,-10334.0380859375,-39486.75,-9286.2333984375,19191.38671875,-4702.80712890625
3795.331749804,13784.96875,20654.93359375,-41669.84375,-10335.46875,-39476.578125,-9288.826171875,19203.076171875,-4683.4951171875
3795.331953291,13838.814453125,20698.296875,-41906.234375,-10353.1494140625,-39469.9609375,-9366.69921875,19176.208984375,-4654.728515625
3795.332155684,13801.4423828125,20669.708984375,-42025.28125,-10395.70703125,-39498.03515625,-9454.966796875,19127.193359375,-4679.2705078125
3795.332358807,13718.4501953125,20605.3359375,-41750.01953125,-10394.25390625,-39516.51953125,-9380.669921875,19142.302734375,-4713.8486328125
3795.332559741,13728.9775390625,20621.787109375,-41589.3984375,-10350.802734375,-39496.58203125,-9289.474609375,19196.794921875,-4707.81396484375
3795.332760676,13788.8583984375,20674.89453125,-41657.99609375,-10321.1416015625,-39467.4140625,-9280.578125,19213.759765625,-4677.28125
3795.332974738,13840.22265625,20703.7734375,-41895.3515625,-10339.3134765625,-39459.65625,-9356.931640625,19189.62109375,-4644.78173828125
3795.333169473,13797.642578125,20655.873046875,-42025.83984375,-10403.4404296875,-39497.92578125,-9448.57421875,19132.66796875,-4673.79443359375
3795.333545451,13723.7255859375,20598.115234375,-41751.3359375,-10399.126953125,-39517.3046875,-9379.4404296875,19141.564453125,-4718.76611328125
3795.333978681,13733.6044921875,20622.79296875,-41582.37890625,-10340.9453125,-39488.6484375,-9282.8359375,19200.484375,-4694.02294921875
3795.33427516,13772.541015625,20644.49609375,-41671.00390625,-10342.0849609375,-39473.71875,-9284.9365234375,19211.75,-4672.20751953125
3795.334470625,13826.2978515625,20684.908203125,-41911.93359375,-10362.291015625,-39466.453125,-9360.6650390625,19190.380859375,-4652.64990234375
3795.334665724,13788.58984375,20653.705078125,-42034.37890625,-10401.7421875,-39498.1015625,-9447.568359375,19125.224609375,-4690.6923828125
3795.334861553,13701.2392578125,20593.869140625,-41757.05859375,-10394.611328125,-39522.04296875,-9389.7890625,19128.556640625,-4730.00927734375
3795.335056289,13726.83203125,20624.78125,-41583.3203125,-10339.849609375,-39491.95703125,-9293.9443359375,19191.251953125,-4695.43115234375
3795.335282385,13780.23046875,20666.466796875,-41660.8359375,-10321.521484375,-39468.91015625,-9289.7421875,19209.603515625,-4662.88671875
3795.33562773,13831.326171875,20694.765625,-41903.57421875,-10348.455078125,-39466.96875,-9369.716796875,19184.255859375,-4644.9384765625
3795.335854556,13791.8984375,20649.79296875,-42035.71875,-10412.158203125,-39506.23828125,-9459.1015625,19126.5,-4679.38232421875
3795.336055491,13710.0908203125,20589.064453125,-41763.36328125,-10407.0166015625,-39529.91015625,-9396.740234375,19123.548828125,-4730.99267578125
3795.336286693,13731.66015625,20614.25390625,-41590.76171875,-10347.13671875,-39499.1328125,-9301.365234375,19175.5390625,-4713.13330078125
3795.336481793,13783.8291015625,20657.705078125,-41670.35546875,-10334.2392578125,-39478.3671875,-9298.9736328125,19189.666015625,-4684.94775390625
3795.336676528,13829.9853515625,20684.326171875,-41918.5078125,-10365.2861328125,-39480.0859375,-9378.0546875,19160.853515625,-4667.58056640625
3795.336870534,13794.916015625,20644.5859375,-42052.52734375,-10425.61328125,-39515.78125,-9468.064453125,19106.5625,-4697.42041015625
3795.33706454,13719.12109375,20593.51171875,-41776.34765625,-10409.3642578125,-39531.62890625,-9402.4404296875,19111.748046875,-4752.0703125
3795.337303035,13734.4765625,20611.392578125,-41605.58203125,-10355.25,-39500.203125,-9303.623046875,19163.759765625,-4731.0595703125
3795.337603161,13782.2646484375,20645.033203125,-41681.95703125,-10343.068359375,-39479.68359375,-9300.7177734375,19186.37890625,-4692.8828125
3795.337805919,13828.3759765625,20675.7890625,-41922.640625,-10370.94140625,-39478.0078125,-9370.3427734375,19175.203125,-4663.37841796875
3795.337994454,13790.6015625,20642.685546875,-42051.72265625,-10426.91015625,-39511.4453125,-9458.5205078125,19124.734375,-4689.14990234375
3795.338184084,13712.0126953125,20593.01953125,-41768.078125,-10405.876953125,-39522.890625,-9390.50390625,19134.859375,-4732.84765625
3795.338374443,13729.9609375,20619.126953125,-41587.90234375,-10338.330078125,-39487.12890625,-9290.994140625,19187.5859375,-4717.00048828125
3795.338580483,13770.10546875,20654.93359375,-41672.75,-10333.255859375,-39474.92578125,-9299.6669921875,19200.328125,-4685.23876953125
3795.338774853,13816.1943359375,20679.96875,-41921.5234375,-10370.78515625,-39480.7578125,-9382.748046875,19167.939453125,-4660.98681640625
3795.338968859,13787.181640625,20638.4609375,-42058.65234375,-10433.66015625,-39521.5703125,-9476.7822265625,19101.890625,-4688.099609375
3795.339163594,13710.0908203125,20579.02734375,-41786.765625,-10423.892578125,-39538.94140625,-9408.1171875,19108.126953125,-4744.42578125
3795.339433087,13723.76953125,20605.40234375,-41613.0703125,-10365.8447265625,-39507.53515625,-9311.8935546875,19158.775390625,-4735.060546875
3795.339731754,13766.953125,20639.466796875,-41694.51953125,-10359.5869140625,-39498.66015625,-9319.0908203125,19172.96875,-4698.76123046875
3795.339926124,13812.751953125,20667.02734375,-41934.53125,-10378.853515625,-39493.9453125,-9393.7451171875,19152.919921875,-4667.20068359375
3795.340120495,13776.8330078125,20632.0234375,-42067.03515625,-10428.4072265625,-39522.0859375,-9479.9560546875,19094.4921875,-4696.97314453125
3795.340315959,13700.1220703125,20567.76171875,-41795.37109375,-10428.98828125,-39544.97265625,-9410.0625,19105.51171875,-4738.12255859375
3795.340510329,13716.953125,20602.36328125,-41614.65625,-10361.8662109375,-39510.8671875,-9307.19921875,19161.32421875,-4724.97998046875
3795.340703606,13768.1376953125,20651.0,-41686.046875,-10341.0126953125,-39488.22265625,-9309.322265625,19175.94140625,-4697.8896484375
3795.340897612,13820.28515625,20681.533203125,-41924.140625,-10361.642578125,-39482.79296875,-9387.1513671875,19154.73046875,-4676.1416015625
3795.341092347,13779.6494140625,20640.115234375,-42070.54296875,-10434.7333984375,-39530.15625,-9483.2412109375,19101.21875,-4698.4931640625
3795.341338865,13704.2119140625,20599.501953125,-41792.6640625,-10417.4326171875,-39542.47265625,-9410.0625,19113.37890625,-4739.240234375
3795.341650295,13724.060546875,20615.884765625,-41611.125,-10350.3330078125,-39502.5078125,-9305.7236328125,19167.537109375,-4727.14794921875
3795.34186217,13771.669921875,20641.142578125,-41689.37890625,-10340.9453125,-39483.21484375,-9305.4560546875,19176.8125,-4701.17529296875
3795.34205727,13817.580078125,20672.255859375,-41927.69140625,-10364.5263671875,-39480.71484375,-9383.2177734375,19151.01953125,-4677.97412109375
3795.342252734,13788.1875,20637.58984375,-42061.8046875,-10421.076171875,-39514.10546875,-9471.8427734375,19099.990234375,-4700.97412109375
3795.342447469,13716.37109375,20584.638671875,-41783.48046875,-10408.6259765625,-39527.51953125,-9403.2001953125,19115.345703125,-4741.74365234375
3795.342641475,13733.9404296875,20605.984375,-41604.44140625,-10353.9091796875,-39496.8046875,-9302.728515625,19181.439453125,-4724.01904296875
3795.342835845,13779.4482421875,20637.07421875,-41685.46875,-10351.427734375,-39483.171875,-9302.3486328125,19199.724609375,-4693.55322265625
3795.343030945,13818.9208984375,20670.357421875,-41925.90625,-10372.103515625,-39480.53515625,-9380.3115234375,19171.60546875,-4671.15673828125
3795.343249019,13791.96484375,20647.78125,-42054.515625,-10414.884765625,-39502.05859375,-9459.1689453125,19118.51953125,-4685.95361328125
3795.343553521,13706.7822265625,20589.509765625,-41784.44140625,-10411.6884765625,-39523.13671875,-9392.7392578125,19120.353515625,-4728.51171875
3795.343893031,13721.244140625,20608.822265625,-41608.6875,-10362.0009765625,-39499.7578125,-9302.3935546875,19178.154296875,-4706.31640625
3795.344174558,13780.6328125,20651.759765625,-41682.44921875,-10348.5673828125,-39483.484375,-9304.8974609375,19197.51171875,-4680.18701171875
3795.344406125,13828.509765625,20679.85546875,-41920.18359375,-10369.2197265625,-39477.515625,-9378.7021484375,19171.42578125,-4662.84228515625
3795.344601225,13789.037109375,20642.8203125,-42062.296875,-10423.84765625,-39511.1328125,-9471.775390625,19107.92578125,-4688.3232421875
3795.344796689,13702.78125,20581.21875,-41794.5,-10422.5517578125,-39535.5859375,-9407.7822265625,19113.6015625,-4727.86328125
3795.344991424,13717.3330078125,20609.08984375,-41609.2265625,-10367.3876953125,-39503.84765625,-9299.8681640625,19178.19921875,-4709.4677734375
3795.797024054,13765.03125,20650.576171875,-41678.11328125,-10343.962890625,-39480.9140625,-9295.330078125,19192.212890625,-4688.703125
3795.797227906,13810.0029296875,20673.0390625,-41916.16015625,-10372.013671875,-39482.09765625,-9372.8466796875,19168.69921875,-4657.36572265625
3795.797463849,13777.90625,20627.173828125,-42064.953125,-10444.0537109375,-39523.13671875,-9467.1708984375,19116.75390625,-4677.9072265625
3795.797743917,13705.9775390625,20582.291015625,-41786.9453125,-10419.712890625,-39533.44140625,-9398.9306640625,19122.6328125,-4725.29296875
3795.797941205,13723.9267578125,20623.708984375,-41589.578125,-10333.8154296875,-39485.921875,-9291.1064453125,19181.708984375,-4710.00439453125
3795.798146151,13761.3427734375,20647.2890625,-41674.359375,-10334.91015625,-39477.515625,-9298.52734375,19189.44140625,-4690.20068359375
3795.798518117,13813.35546875,20677.330078125,-41913.7890625,-10367.431640625,-39481.5390625,-9377.2939453125,19167.515625,-4668.1171875
3795.798890812,13791.1376953125,20650.060546875,-42049.15234375,-10413.3203125,-39502.88671875,-9457.4697265625,19117.9609375,-4687.9208984375
3795.79922631,13714.806640625,20587.140625,-41781.109375,-10412.1357421875,-39525.05859375,-9390.6826171875,19128.2421875,-4728.53369140625
3795.799423234,13733.0009765625,20608.599609375,-41598.765625,-10360.033203125,-39499.98046875,-9292.7158203125,19185.171875,-4713.75927734375
3795.799613228,13783.1357421875,20658.533203125,-41664.3671875,-10324.6953125,-39465.37890625,-9282.6796875,19199.455078125,-4693.01708984375
3795.799803587,13829.29296875,20692.775390625,-41902.12109375,-10346.779296875,-39464.484375,-9364.2412109375,19169.615234375,-4675.44873046875
3795.799995405,13792.2333984375,20657.21484375,-42052.99609375,-10414.236328125,-39504.83203125,-9463.974609375,19109.310546875,-4698.60498046875
3795.800185399,13707.408203125,20590.962890625,-41787.2578125,-10410.0341796875,-39524.9921875,-9401.1884765625,19117.58203125,-4736.6474609375
3795.800429365,13718.673828125,20606.654296875,-41609.0703125,-10360.6142578125,-39501.859375,-9306.2607421875,19172.455078125,-4730.880859375
3795.80092459,13774.2177734375,20650.28515625,-41679.25390625,-10344.9462890625,-39481.2265625,-9302.8857421875,19183.162109375,-4705.19873046875
3795.801341046,13823.4140625,20685.935546875,-41913.5234375,-10361.8662109375,-39475.88671875,-9374.142578125,19171.873046875,-4669.1455078125
3795.801634607,13790.19921875,20649.279296875,-42062.33984375,-10421.478515625,-39511.89453125,-9463.6396484375,19118.85546875,-4680.43310546875
3795.801824602,13715.6787109375,20593.48828125,-41790.18359375,-10412.8056640625,-39525.171875,-9392.7841796875,19134.189453125,-4714.40771484375
3795.802014596,13730.7216796875,20611.125,-41610.20703125,-10366.2021484375,-39500.7421875,-9297.07421875,19183.25,-4708.3056640625
3795.802202767,13789.7080078125,20646.88671875,-41679.74609375,-10346.4208984375,-39483.0390625,-9297.677734375,19203.703125,-4680.43310546875
3795.802456214,13837.71875,20678.42578125,-41913.58984375,-10366.0458984375,-39477.49609375,-9364.5537109375,19187.4296875,-4650.8837890625
3795.802646573,13795.2958984375,20650.083984375,-42060.08203125,-10415.3544921875,-39505.234375,-9460.0625,19127.818359375,-4669.03369140625
3795.802836932,13714.001953125,20604.77734375,-41791.99609375,-10406.033203125,-39521.68359375,-9396.427734375,19137.33984375,-4705.80224609375
3795.803025833,13719.724609375,20610.185546875,-41611.55078125,-10359.3857421875,-39501.6796875,-9304.4052734375,19182.46875,-4702.091796875
3795.803215098,13770.708984375,20643.7578125,-41676.078125,-10341.81640625,-39476.8671875,-9297.23046875,19199.0078125,-4674.95654296875
3795.803486049,13819.5029296875,20677.888671875,-41908.76171875,-10361.7099609375,-39471.390625,-9369.60546875,19178.6015625,-4651.5546875
3795.8038974,13792.76953125,20639.84765625,-42061.89453125,-10424.2275390625,-39509.5234375,-9459.638671875,19130.92578125,-4666.79833984375
3795.804312397,13712.4150390625,20566.197265625,-41804.40234375,-10433.146484375,-39533.91015625,-9400.1826171875,19131.908203125,-4714.43017578125
3795.804639873,13720.2607421875,20593.51171875,-41613.1796875,-10364.4140625,-39500.91796875,-9308.4736328125,19173.37109375,-4715.36865234375
3795.804833149,13772.18359375,20646.328125,-41676.37109375,-10339.2685546875,-39477.62890625,-9304.78515625,19186.916015625,-4683.115234375
3795.805024602,13819.390625,20668.92578125,-41913.56640625,-10369.935546875,-39476.421875,-9377.31640625,19163.8046875,-4658.23779296875
3795.805216055,13787.583984375,20631.375,-42066.7890625,-10426.2392578125,-39511.2890625,-9470.8583984375,19107.6796875,-4685.59619140625
3795.805412978,13708.34765625,20581.44140625,-41803.5078125,-10422.529296875,-39533.23828125,-9412.095703125,19110.427734375,-4735.37353515625
3795.805603702,13726.6982421875,20604.732421875,-41613.40625,-10362.9619140625,-39503.64453125,-9310.2841796875,19169.638671875,-4722.96826171875
3795.805794426,13775.447265625,20644.40625,-41678.984375,-10342.5546875,-39482.61328125,-9305.7236328125,19181.39453125,-4701.287109375
3795.805985149,13821.0673828125,20676.279296875,-41910.4375,-10370.9189453125,-39484.984375,-9386.97265625,19163.15625,-4673.458984375
3795.806175508,13793.619140625,20641.052734375,-42062.609375,-10428.474609375,-39517.2578125,-9476.6474609375,19113.580078125,-4682.66796875
3795.806441719,13715.052734375,20578.55859375,-41797.58203125,-10420.6513671875,-39534.9375,-9415.0908203125,19112.373046875,-4728.310546875
3795.806784511,13732.576171875,20602.943359375,-41601.24609375,-10355.3173828125,-39500.62890625,-9307.84765625,19174.3984375,-4710.697265625
3795.807140796,13776.3408203125,20638.640625,-41674.625,-10344.96875,-39486.6796875,-9306.2607421875,19191.341796875,-4683.6513671875
3795.8075485,13823.7939453125,20672.748046875,-41907.48828125,-10367.9912109375,-39481.40625,-9374.90234375,19176.701171875,-4659.9365234375
3795.807866494,13789.439453125,20635.48828125,-42062.78515625,-10426.7314453125,-39513.19140625,-9465.6728515625,19119.4140625,-4689.55224609375
3795.808057218,13711.4990234375,20581.486328125,-41794.7890625,-10412.470703125,-39524.72265625,-9400.451171875,19126.431640625,-4718.4755859375
3795.808247577,13727.234375,20602.564453125,-41601.08984375,-10353.9091796875,-39494.68359375,-9299.80078125,19185.708984375,-4696.861328125
3795.808480238,13768.8759765625,20639.01953125,-41673.77734375,-10344.96875,-39485.05078125,-9302.4609375,19196.86328125,-4682.265625
3795.808670597,13818.4296875,20671.162109375,-41906.4375,-10368.125,-39482.2109375,-9375.0146484375,19179.205078125,-4656.3154296875
3795.808860956,13792.8818359375,20639.7578125,-42059.09765625,-10421.8134765625,-39507.82421875,-9461.314453125,19126.857421875,-4673.3251953125
3795.809051315,13713.1533203125,20589.376953125,-41796.46484375,-10412.91796875,-39523.2265625,-9392.8740234375,19134.255859375,-4715.927734375
3795.809241674,13718.2490234375,20603.30078125,-41610.41015625,-10362.7158203125,-39501.0546875,-9300.4267578125,19177.259765625,-4720.0400390625
3795.809589207,13764.337890625,20629.744140625,-41683.23046875,-10356.501953125,-39490.59375,-9306.796875,19185.373046875,-4694.5146484375
3795.810010039,13823.5703125,20670.244140625,-41907.48828125,-10364.2578125,-39479.52734375,-9376.5341796875,19170.0625,-4661.5234375
3795.810391486,13800.1455078125,20639.82421875,-42061.46875,-10419.01953125,-39510.484375,-9468.3779296875,19116.486328125,-4685.39501953125
3795.81058221,13715.09765625,20584.525390625,-41796.8671875,-10412.6044921875,-39528.1875,-9405.3232421875,19125.470703125,-4723.34814453125
3795.810772204,13719.7021484375,20598.71875,-41607.68359375,-10359.9443359375,-39508.4296875,-9312.6533203125,19170.599609375,-4722.16357421875
3795.810961469,13770.060546875,20640.29296875,-41671.96484375,-10342.3984375,-39485.85546875,-9305.8359375,19187.05078125,-4691.02783203125
3795.811150734,13823.5029296875,20679.990234375,-41898.79296875,-10357.9775390625,-39473.6484375,-9372.1083984375,19170.576171875,-4659.4892578125
3795.811346199,13795.9658203125,20646.150390625,-42059.25390625,-10416.0693359375,-39506.6171875,-9467.1259765625,19110.919921875,-4685.1044921875
3795.811536558,13720.328125,20588.662109375,-41796.890625,-10415.0634765625,-39526.35546875,-9405.748046875,19115.099609375,-4730.34423828125
3795.811726917,13728.1064453125,20616.35546875,-41597.71484375,-10351.673828125,-39494.83984375,-9299.64453125,19176.41015625,-4714.96630859375
3795.811916182,13776.609375,20653.794921875,-41662.84765625,-10333.501953125,-39475.88671875,-9293.654296875,19192.50390625,-4685.126953125
3795.812104717,13820.4189453125,20673.59765625,-41901.921875,-10366.158203125,-39480.1328125,-9371.9970703125,19166.240234375,-4667.78173828125
3795.81232972,13789.1259765625,20638.908203125,-42063.078125,-10427.3349609375,-39512.7890625,-9467.2158203125,19117.044921875,-4679.62841796875
3795.812732683,13709.62109375,20576.658203125,-41803.10546875,-10424.943359375,-39528.5234375,-9402.5517578125,19124.62109375,-4718.69921875
3795.813150598,13723.166015625,20592.908203125,-41604.5546875,-10364.2578125,-39498.21484375,-9299.3095703125,19181.39453125,-4704.34912109375
3795.813536786,13769.703125,20643.265625,-41664.45703125,-10333.345703125,-39472.265625,-9292.6708984375,19196.9296875,-4677.97412109375
3795.813847487,13815.6357421875,20681.197265625,-41893.47265625,-10349.4833984375,-39464.5078125,-9363.6826171875,19171.314453125,-4658.81884765625
3795.81404988,13789.0595703125,20650.10546875,-42052.4140625,-10405.720703125,-39492.984375,-9452.26171875,19120.888671875,-4680.83544921875
3795.814257743,13705.396484375,20584.81640625,-41800.04296875,-10411.5986328125,-39520.54296875,-9397.2099609375,19124.5546875,-4728.75732421875
3795.814477276,13714.8740234375,20601.46875,-41613.3359375,-10371.90234375,-39508.54296875,-9303.9140625,19179.3828125,-4712.57470703125
3795.814667271,13772.1611328125,20649.837890625,-41670.06640625,-10343.515625,-39479.08203125,-9292.5810546875,19205.177734375,-4675.8505859375
3795.814857265,13816.2392578125,20679.0078125,-41897.6953125,-10354.37890625,-39463.81640625,-9361.357421875,19183.5859375,-4662.529296875
3795.815048353,13792.12109375,20645.255859375,-42057.625,-10410.5263671875,-39495.44140625,-9456.822265625,19121.603515625,-4684.99267578125
3795.815246006,13712.2138671875,20583.341796875,-41800.46484375,-10411.8896484375,-39519.4921875,-9401.2109375,19121.359375,-4724.62255859375
3795.815659544,13720.2607421875,20596.685546875,-41605.78125,-10359.1845703125,-39494.7734375,-9296.6943359375,19182.357421875,-4705.39990234375
3795.816038439,13765.74609375,20633.052734375,-41671.96484375,-10345.5947265625,-39477.6953125,-9286.3896484375,19199.09765625,-4676.58837890625
3795.816230257,13815.5234375,20657.326171875,-41907.15234375,-10380.619140625,-39482.25390625,-9362.9892578125,19184.94921875,-4648.3583984375
3795.816435932,13784.1640625,20626.546875,-42072.28515625,-10446.7802734375,-39516.74609375,-9461.068359375,19128.35546875,-4662.3505859375
3795.81662702,13705.0390625,20573.193359375,-41809.51953125,-10424.49609375,-39527.31640625,-9404.4072265625,19118.564453125,-4720.666015625
3795.816817744,13714.44921875,20595.43359375,-41605.58203125,-10354.53515625,-39494.68359375,-9304.2265625,19166.6875,-4719.8837890625
3795.817009197,13770.0380859375,20638.013671875,-41666.22265625,-10332.6748046875,-39472.109375,-9294.4140625,19187.98828125,-4684.27734375
3795.817199921,13818.2509765625,20672.14453125,-41900.109375,-10358.8486328125,-39472.7109375,-9368.197265625,19165.078125,-4665.41259765625
3795.817524844,13790.9150390625,20631.845703125,-42073.11328125,-10431.9833984375,-39511.984375,-9468.5791015625,19112.59765625,-4689.77587890625
3795.817923431,13714.8740234375,20582.0234375,-41812.0,-10414.728515625,-39523.16015625,-9405.6591796875,19120.53125,-4729.76318359375
3795.818276798,13726.6533203125,20601.22265625,-41609.875,-10353.841796875,-39492.8515625,-9301.4326171875,19171.60546875,-4710.42919921875
3795.818482109,13769.6806640625,20631.041015625,-41677.91015625,-10346.845703125,-39483.796875,-9305.8359375,19183.33984375,-4683.15966796875
3795.818677573,13815.3896484375,20660.90234375,-41906.703125,-10370.046875,-39481.65234375,-9376.646484375,19162.8203125,-4665.501953125
3795.818873767,13792.12109375,20631.017578125,-42069.53515625,-10423.8701171875,-39506.6640625,-9463.572265625,19114.072265625,-4683.40576171875
3795.819068502,13708.16796875,20570.82421875,-41814.7265625,-10424.4287109375,-39530.0,-9407.4248046875,19110.787109375,-4729.115234375
3795.819270531,13716.5947265625,20593.400390625,-41609.1796875,-10365.21875,-39500.984375,-9308.048828125,19166.375,-4719.0791015625
3795.819561539,13758.080078125,20630.01171875,-41673.15234375,-10354.0654296875,-39485.40625,-9305.947265625,19182.87109375,-4693.4638671875
3795.819841608,13800.3466796875,20657.728515625,-41911.21875,-10383.63671875,-39488.76171875,-9382.6142578125,19158.640625,-4673.63818359375
3795.820092867,13783.1142578125,20635.15234375,-42077.76171875,-10438.9130859375,-39513.234375,-9468.2216796875,19111.92578125,-4687.76416015625
3795.820293437,13706.8046875,20581.822265625,-41819.64453125,-10426.2841796875,-39523.13671875,-9403.982421875,19115.63671875,-4729.36083984375
3795.820489266,13713.890625,20598.8984375,-41614.7890625,-10357.015625,-39489.65234375,-9302.1259765625,19169.302734375,-4719.4365234375
3795.82068473,13769.009765625,20628.111328125,-41677.53125,-10348.1875,-39474.09765625,-9291.552734375,19201.69140625,-4672.43115234375
3795.820880559,13827.2138671875,20663.3828125,-41903.1953125,-10369.4208984375,-39468.46484375,-9357.625,19186.759765625,-4648.20166015625
3795.821076024,13789.037109375,20631.15234375,-42077.94140625,-10435.4482421875,-39509.63671875,-9462.365234375,19116.28515625,-4683.4951171875
3795.821276594,13705.3525390625,20576.45703125,-41822.39453125,-10426.306640625,-39530.3125,-9408.6982421875,19113.267578125,-4726.58935546875
3795.821557756,13719.478515625,20592.728515625,-41620.15625,-10368.7509765625,-39505.03125,-9307.7138671875,19167.8046875,-4717.93896484375
3795.821836366,13769.099609375,20639.466796875,-41676.66015625,-10344.6328125,-39477.5390625,-9295.30859375,19186.15625,-4696.14599609375
3795.822113517,13822.2294921875,20675.51953125,-41903.6640625,-10366.873046875,-39471.4609375,-9363.123046875,19167.134765625,-4669.2568359375
3795.822314087,13797.0615234375,20637.9921875,-42077.25,-10438.7568359375,-39512.38671875,-9465.046875,19105.578125,-4693.24072265625
3795.822509187,13717.869140625,20579.541015625,-41822.953125,-10430.3740234375,-39530.01953125,-9413.302734375,19105.9140625,-4743.35302734375
3795.822703557,13722.5849609375,20614.388671875,-41612.15234375,-10356.390625,-39494.81640625,-9308.3173828125,19168.005859375,-4731.21630859375
3795.822899021,13765.1875,20648.228515625,-41673.9765625,-10340.7890625,-39478.8359375,-9302.103515625,19187.654296875,-4694.78271484375
3795.823094121,13811.388671875,20673.462890625,-41904.69140625,-10366.91796875,-39479.08203125,-9375.39453125,19164.51953125,-4667.9384765625
3795.823311466,13790.3115234375,20638.818359375,-42080.04296875,-10434.3974609375,-39514.0625,-9473.4072265625,19113.357421875,-4682.9365234375
3795.823625449,13711.4765625,20584.302734375,-41826.6640625,-10424.49609375,-39528.6796875,-9416.0966796875,19113.71484375,-4728.22119140625
3795.823905517,13723.970703125,20606.185546875,-41618.30078125,-10362.537109375,-39500.16015625,-9312.1611328125,19162.888671875,-4716.57568359375
3795.824148389,13771.53515625,20641.076171875,-41679.9921875,-10351.361328125,-39485.78515625,-9307.7578125,19174.2421875,-4692.23486328125
3795.824358076,13810.5390625,20668.14453125,-41906.4140625,-10372.193359375,-39482.48046875,-9378.6806640625,19157.255859375,-4664.0712890625
3795.824560104,13784.1416015625,20635.82421875,-42078.61328125,-10429.0107421875,-39512.85546875,-9475.150390625,19104.572265625,-4688.859375
3795.824762862,13702.15625,20574.51171875,-41827.9609375,-10429.369140625,-39532.30078125,-9417.28125,19105.533203125,-4734.255859375
3795.824965255,13714.1142578125,20587.052734375,-41619.86328125,-10370.5166015625,-39502.5078125,-9310.306640625,19161.79296875,-4723.19189453125
3795.825167649,13757.521484375,20617.830078125,-41684.08203125,-10358.0439453125,-39488.08984375,-9307.9150390625,19181.6640625,-4696.1240234375
3795.825470691,13808.662109375,20651.40234375,-41909.5,-10375.3671875,-39481.80859375,-9375.908203125,19171.380859375,-4675.78369140625
3795.825698247,13784.5888671875,20623.08203125,-42084.4453125,-10431.08984375,-39510.7109375,-9471.9091796875,19111.076171875,-4692.79345703125
3795.825894076,13696.6123046875,20559.26953125,-41840.87890625,-10437.28125,-39539.34375,-9426.490234375,19092.63671875,-4742.54833984375
3795.826090634,13698.0205078125,20568.767578125,-41636.29296875,-10385.6708984375,-39516.96875,-9326.130859375,19147.2421875,-4743.37548828125
3796.276804608,13742.634765625,20604.576171875,-41696.64453125,-10375.8134765625,-39501.6328125,-9320.1630859375,19158.91015625,-4713.55810546875
3796.277011742,13790.19921875,20636.5390625,-41925.12109375,-10401.2275390625,-39500.65234375,-9395.869140625,19136.333984375,-4679.24853515625
3796.277204654,13769.9931640625,20612.666015625,-42096.76171875,-10452.7265625,-39524.03125,-9485.3203125,19092.279296875,-4685.35009765625
3796.277393554,13694.623046875,20552.072265625,-41844.5,-10445.2607421875,-39538.15625,-9427.4521484375,19098.068359375,-4728.73486328125
3796.277582455,13696.8359375,20568.478515625,-41638.9765625,-10390.8115234375,-39515.359375,-9324.1640625,19151.734375,-4727.61767578125
3796.277770626,13744.1103515625,20610.38671875,-41695.5234375,-10369.3544921875,-39496.359375,-9315.5810546875,19171.76171875,-4701.2646484375
3796.277958432,13797.798828125,20642.70703125,-41920.00390625,-10387.3251953125,-39487.9765625,-9380.826171875,19155.310546875,-4681.64013671875
3796.278327845,13770.529296875,20608.93359375,-42103.0859375,-10459.6328125,-39529.3515625,-9486.21484375,19090.9609375,-4707.14306640625
3796.278733361,13686.3974609375,20546.103515625,-41860.14453125,-10470.7197265625,-39559.1015625,-9442.6513671875,19080.544921875,-4751.869140625
3796.279043697,13694.4892578125,20575.18359375,-41644.1171875,-10395.751953125,-39523.828125,-9337.7763671875,19133.18359375,-4744.0234375
3796.279297509,13744.154296875,20622.478515625,-41695.2109375,-10365.419921875,-39499.5546875,-9330.7578125,19145.85546875,-4726.96923828125
3796.279484586,13794.736328125,20653.48046875,-41915.0859375,-10378.00390625,-39490.8828125,-9397.298828125,19131.86328125,-4694.3359375
3796.279672392,13777.5478515625,20624.357421875,-42089.20703125,-10435.068359375,-39519.046875,-9489.2099609375,19085.841796875,-4704.55029296875
3796.279859105,13700.970703125,20571.71875,-41840.765625,-10432.8779296875,-39537.59765625,-9430.1337890625,19082.958984375,-4752.2265625
3796.280122033,13709.017578125,20577.619140625,-41632.94140625,-10377.736328125,-39509.90625,-9326.51171875,19136.646484375,-4750.39404296875
3796.280561099,13750.2119140625,20603.615234375,-41698.3203125,-10374.8076171875,-39502.5078125,-9329.4619140625,19147.2421875,-4729.2490234375
3796.280913008,13785.52734375,20629.833984375,-41930.41796875,-10408.0,-39505.9921875,-9403.1103515625,19125.8515625,-4704.4609375
3796.281115037,13763.3544921875,20611.794921875,-42099.77734375,-10450.22265625,-39522.7109375,-9487.845703125,19087.361328125,-4711.16650390625
3796.281302843,13689.83984375,20561.7265625,-41845.1015625,-10439.1142578125,-39537.3515625,-9430.9384765625,19096.63671875,-4749.8798828125
3796.281489555,13699.33984375,20575.5859375,-41630.546875,-10381.06640625,-39508.51953125,-9321.3037109375,19148.76171875,-4733.80908203125
