#3778.053159758,14155.494140625,21023.984375,-41242.140625,-10045.0078125,-39512.69921875,-8931.5107421875,19516.693359375,-4567.89208984375
3778.053495622,14205.62890625,21071.302734375,-41291.25,-10020.7568359375,-39490.7265625,-8920.1123046875,19537.50390625,-4526.87646484375
3778.053691086,14258.1552734375,21117.212890625,-41500.19140625,-10027.2607421875,-39475.05859375,-8979.2099609375,19523.400390625,-4484.05029296875
3778.053921195,14234.7978515625,21087.88671875,-41676.03515625,-10083.966796875,-39507.53515625,-9079.9716796875,19465.173828125,-4508.25732421875
3778.054117024,14158.1318359375,21016.98828125,-41446.9296875,-10104.0390625,-39544.796875,-9038.888671875,19463.810546875,-4561.29833984375
3778.054312123,14170.759765625,21029.9296875,-41238.34375,-10044.6953125,-39510.8203125,-8925.8564453125,19526.86328125,-4551.9775390625
3778.054506858,14208.958984375,21073.984375,-41285.70703125,-10011.1455078125,-39479.953125,-8910.232421875,19546.890625,-4522.5625
3778.054719827,14255.1826171875,21110.283203125,-41503.2109375,-10028.9150390625,-39478.45703125,-8981.646484375,19524.71875,-4497.93115234375
3778.055044386,14231.109375,21084.712890625,-41682.00390625,-10090.60546875,-39512.23046875,-9080.306640625,19468.75,-4521.64599609375
3778.055316067,14146.3076171875,21018.328125,-41446.99609375,-10098.9873046875,-39538.046875,-9031.69140625,19466.08984375,-4562.728515625
3778.055517001,14154.755859375,21027.76171875,-41236.48828125,-10038.212890625,-39506.73046875,-8924.1572265625,19518.861328125,-4548.9150390625
3778.055723406,14202.365234375,21062.517578125,-41291.31640625,-10023.908203125,-39488.828125,-8918.390625,19538.28515625,-4519.9697265625
3778.055933457,14253.193359375,21099.17578125,-41508.41796875,-10050.1494140625,-39488.37890625,-8989.0,19523.9140625,-4499.5625
3778.056128921,14235.669921875,21071.8828125,-41685.19921875,-10105.4248046875,-39520.92578125,-9090.0517578125,19465.955078125,-4518.11474609375
3778.056324751,14152.923828125,21011.623046875,-41452.13671875,-10108.3525390625,-39549.53515625,-9050.51171875,19449.28125,-4562.68408203125
3778.05651985,14158.3994140625,21031.830078125,-41242.5234375,-10049.92578125,-39519.3828125,-8938.3955078125,19499.86328125,-4555.48681640625
3778.056778768,14198.6328125,21074.8125,-41293.08203125,-10027.037109375,-39497.25390625,-8927.890625,19522.9296875,-4528.3515625
3778.057108796,14246.0859375,21110.328125,-41505.04296875,-10037.609375,-39490.125,-8991.458984375,19514.97265625,-4505.84326171875
3778.057394335,14235.333984375,21070.318359375,-41688.1484375,-10106.095703125,-39521.83984375,-9089.068359375,19466.71484375,-4515.52197265625
3778.057590893,14151.626953125,21010.259765625,-41453.65625,-10110.521484375,-39543.03125,-9039.2685546875,19468.32421875,-4564.1591796875
3778.057793286,14147.8046875,21032.3203125,-41244.2421875,-10048.986328125,-39515.6484375,-8932.6962890625,19514.146484375,-4568.3388671875
3778.057988751,14195.1904296875,21047.765625,-41308.28125,-10056.2060546875,-39517.37109375,-8944.0283203125,19525.12109375,-4537.85107421875
3778.05818458,14246.599609375,21083.3046875,-41518.23046875,-10064.923828125,-39501.703125,-9005.5625,19506.43359375,-4505.396484375
3778.058380044,14228.62890625,21081.8515625,-41680.5703125,-10081.9111328125,-39501.546875,-9087.59375,19463.4296875,-4514.24755859375
3778.058576238,14140.6298828125,21016.517578125,-41453.390625,-10092.013671875,-39530.4921875,-9042.2421875,19462.244140625,-4558.83935546875
3778.058848648,14135.421875,21023.201171875,-41254.5234375,-10055.4013671875,-39518.93359375,-8942.4638671875,19515.263671875,-4551.1728515625
3778.059159349,14187.0546875,21065.37890625,-41302.3359375,-10032.6923828125,-39497.9921875,-8930.6171875,19530.216796875,-4529.7822265625
3778.059452546,14245.6162109375,21105.3671875,-41509.89453125,-10039.77734375,-39485.51953125,-8992.5087890625,19510.099609375,-4502.33447265625
3778.059649834,14222.3037109375,21084.021484375,-41696.328125,-10098.451171875,-39518.53125,-9095.8193359375,19452.0078125,-4514.64990234375
3778.059851862,14143.3125,21018.462890625,-41465.68359375,-10104.8662109375,-39545.1328125,-9048.8134765625,19451.404296875,-4562.1474609375
3778.060047327,14146.28515625,21020.787109375,-41248.6015625,-10044.962890625,-39517.37109375,-8937.1435546875,19511.10546875,-4550.748046875
3778.511838543,14187.5234375,21056.9296875,-41297.77734375,-10032.78125,-39501.58984375,-8925.7890625,19537.01171875,-4522.361328125
3778.512333039,14240.4306640625,21096.3359375,-41503.30078125,-10036.291015625,-39484.73828125,-8980.6181640625,19526.57421875,-4500.07666015625
3778.51262113,14221.8564453125,21073.828125,-41688.59765625,-10093.466796875,-39517.01171875,-9078.4296875,19474.0234375,-4516.63916015625
3778.512803102,14135.66796875,21008.091796875,-41464.4296875,-10103.4130859375,-39548.640625,-9049.1708984375,19463.541015625,-4561.365234375
3778.512984708,14143.71484375,21020.318359375,-41250.90625,-10054.9990234375,-39525.6171875,-8949.8623046875,19515.419921875,-4558.19140625
3778.513166315,14193.3349609375,21058.046875,-41296.32421875,-10035.396484375,-39504.67578125,-8934.4619140625,19532.697265625,-4535.90673828125
3778.513345005,14239.1337890625,21090.16796875,-41504.9765625,-10048.427734375,-39495.80078125,-8997.962890625,19508.646484375,-4497.26025390625
3778.513637837,14225.455078125,21068.865234375,-41688.57421875,-10100.216796875,-39520.20703125,-9096.9814453125,19450.130859375,-4508.10107421875
3778.513979535,14142.10546875,21011.556640625,-41465.19140625,-10108.330078125,-39545.69140625,-9050.3779296875,19449.236328125,-4550.546875
3778.51438031,14147.0,21033.6171875,-41241.44921875,-10039.173828125,-39509.703125,-8933.791015625,19514.771484375,-4535.9736328125
3778.514674965,14190.541015625,21060.751953125,-41290.0859375,-10025.8076171875,-39492.22265625,-8922.9501953125,19532.5859375,-4517.66748046875
3778.514923672,14231.646484375,21089.966796875,-41511.90625,-10053.568359375,-39497.6796875,-8992.4423828125,19505.2265625,-4511.87841796875
3778.515114031,14231.3330078125,21086.658203125,-41686.16015625,-10087.07421875,-39514.7109375,-9087.6376953125,19460.390625,-4517.66748046875
3778.515304025,14149.212890625,21019.580078125,-41461.45703125,-10096.4619140625,-39539.02734375,-9047.2705078125,19455.31640625,-4561.7900390625
3778.51554398,14141.412109375,21029.169921875,-41247.84375,-10044.404296875,-39514.64453125,-8939.7138671875,19504.19921875,-4564.42724609375
3778.515946943,14194.6767578125,21073.26953125,-41284.09765625,-10008.91015625,-39484.66796875,-8918.345703125,19533.546875,-4531.05615234375
3778.516212789,14251.2265625,21105.5234375,-41488.19140625,-10025.6064453125,-39474.140625,-8971.9228515625,19531.87109375,-4484.27392578125
3778.516401689,14227.421875,21087.841796875,-41684.015625,-10090.806640625,-39509.546875,-9077.333984375,19469.017578125,-4507.7880859375
3778.516619763,14141.3232421875,21015.7578125,-41464.5859375,-10100.171875,-39538.87109375,-9045.37109375,19452.388671875,-4565.61181640625
3778.516809028,14144.02734375,21023.669921875,-41245.71875,-10041.5654296875,-39511.828125,-8937.30078125,19506.322265625,-4560.42626953125
3778.516998293,14188.6640625,21055.365234375,-41296.79296875,-10030.8369140625,-39498.70703125,-8927.3759765625,19526.283203125,-4535.03466796875
3778.517187923,14240.5419921875,21088.69140625,-41507.94921875,-10049.3447265625,-39493.7890625,-8988.396484375,19511.53125,-4508.212890625
3778.517376459,14225.119140625,21072.083984375,-41698.1171875,-10095.544921875,-39518.734375,-9090.1865234375,19452.634765625,-4511.63232421875
3778.517699558,14139.2666015625,21012.181640625,-41484.8359375,-10113.1806640625,-39552.3515625,-9056.6806640625,19442.5078125,-4567.89208984375
3778.518025211,14137.7021484375,21021.8828125,-41265.3203125,-10059.3359375,-39531.36328125,-8958.6240234375,19496.7109375,-4573.9267578125
3778.518367638,14185.3330078125,21060.171875,-41300.79296875,-10034.9716796875,-39504.18359375,-8936.607421875,19519.376953125,-4535.7275390625
3778.518648801,14229.3662109375,21100.001953125,-41503.45703125,-10042.4375,-39493.65625,-8996.7783203125,19506.748046875,-4497.193359375
3778.51883843,14221.185546875,21071.837890625,-41697.8515625,-10102.4072265625,-39523.71875,-9095.751953125,19454.48828125,-4517.89111328125
3778.519027331,14144.2958984375,21008.986328125,-41480.09765625,-10110.9013671875,-39551.8828125,-9054.490234375,19443.42578125,-4571.9599609375
3778.519217325,14141.0771484375,21016.205078125,-41255.30859375,-10057.078125,-39527.67578125,-8946.4423828125,19506.076171875,-4555.3974609375
3778.519406955,14197.26953125,21065.69140625,-41284.921875,-10022.3662109375,-39488.76171875,-8918.1669921875,19546.041015625,-4512.0126953125
3778.519767251,14244.6552734375,21097.4765625,-41491.4765625,-10036.849609375,-39482.14453125,-8981.19921875,19527.064453125,-4492.9462890625
3778.520086339,14222.68359375,21074.07421875,-41690.78515625,-10099.7919921875,-39519.26953125,-9092.041015625,19459.853515625,-4514.51611328125
3778.520276334,14134.6171875,20999.84375,-41485.21875,-10127.8212890625,-39556.171875,-9055.048828125,19445.01171875,-4580.341796875
3778.520509359,14134.1484375,21023.291015625,-41255.6875,-10058.8212890625,-39518.9140625,-8942.0390625,19502.65625,-4569.00927734375
3778.520713211,14181.1982421875,21067.5703125,-41293.9296875,-10024.82421875,-39496.89453125,-8936.4287109375,19526.21484375,-4533.47021484375
3778.520902476,14235.982421875,21092.08984375,-41505.55859375,-10048.8974609375,-39496.828125,-8998.8349609375,19514.99609375,-4502.04345703125
3778.521092106,14220.068359375,21081.583984375,-41697.58203125,-10092.9306640625,-39513.45703125,-9094.1875,19460.8359375,-4511.27490234375
3778.521281371,14133.208984375,21013.92578125,-41485.26171875,-10109.0908203125,-39543.36328125,-9057.462890625,19442.396484375,-4564.3154296875
3778.521504915,14138.23828125,21015.1328125,-41255.59765625,-10058.1064453125,-39518.21875,-8942.0166015625,19505.5625,-4556.3359375
3778.521924653,14189.177734375,21063.27734375,-41288.90234375,-10030.970703125,-39490.14453125,-8918.8154296875,19533.94921875,-4534.11865234375
3778.522292972,14237.94921875,21097.4765625,-41495.41015625,-10043.890625,-39480.98046875,-8980.908203125,19520.42578125,-4499.49560546875
3778.522543867,14223.6220703125,21062.8984375,-41701.62890625,-10108.263671875,-39515.22265625,-9089.3818359375,19463.09375,-4510.0009765625
3778.522733861,14135.1318359375,20996.87109375,-41487.5859375,-10115.6845703125,-39540.1484375,-9054.826171875,19450.734375,-4559.44287109375
3778.522922762,14131.4658203125,21011.84765625,-41255.77734375,-10054.1943359375,-39513.390625,-8940.2958984375,19509.5859375,-4561.63330078125
3778.523112391,14178.962890625,21052.7734375,-41297.796875,-10036.08984375,-39494.953125,-8925.23046875,19535.1796875,-4528.150390625
3778.523302021,14224.44921875,21085.205078125,-41507.94921875,-10055.423828125,-39495.51171875,-8995.1689453125,19526.908203125,-4494.68994140625
3778.523523742,14215.4638671875,21066.83203125,-41704.98046875,-10111.34765625,-39519.3359375,-9093.427734375,19470.42578125,-4503.9658203125
3778.523819856,14126.146484375,20997.4296875,-41491.25390625,-10123.931640625,-39546.0234375,-9064.4150390625,19446.107421875,-4557.5654296875
3778.524022614,14115.39453125,20995.126953125,-41264.359375,-10081.8662109375,-39531.31640625,-8958.958984375,19493.73828125,-4558.43701171875
3778.524212243,14171.564453125,21047.921875,-41287.40625,-10036.6484375,-39496.78515625,-8931.130859375,19516.91796875,-4534.31982421875
3778.524401508,14243.134765625,21109.501953125,-41474.78125,-10027.9755859375,-39477.875,-8983.2109375,19510.32421875,-4498.154296875
3778.524684494,14234.6640625,21088.9375,-41676.05859375,-10089.3095703125,-39511.22265625,-9089.001953125,19451.671875,-4512.45947265625
3778.524875947,14138.931640625,21008.046875,-41473.4375,-10111.638671875,-39547.9921875,-9066.470703125,19437.14453125,-4566.03662109375
3778.525067035,14135.98046875,21011.17578125,-41243.1484375,-10059.693359375,-39529.3046875,-8957.2607421875,19488.3515625,-4575.3125
3778.525257394,14187.0771484375,21055.1875,-41276.609375,-10031.775390625,-39505.74609375,-8937.30078125,19512.291015625,-4547.21630859375
3778.525476927,14239.0224609375,21096.4921875,-41481.05859375,-10041.431640625,-39489.87890625,-8988.44140625,19501.763671875,-4508.92822265625
3778.525734021,14230.998046875,21087.328125,-41689.22265625,-10099.9482421875,-39517.79296875,-9092.6669921875,19454.66796875,-4509.48681640625
3778.526040346,14138.283203125,21018.73046875,-41483.02734375,-10115.4384765625,-39548.23828125,-9062.783203125,19444.20703125,-4567.154296875
3778.526228882,14118.2783203125,21013.568359375,-41253.7421875,-10069.8408203125,-39531.1171875,-8954.869140625,19496.689453125,-4567.28857421875
3778.526453155,14157.103515625,21046.626953125,-41294.625,-10055.021484375,-39515.9609375,-8938.26171875,19517.05078125,-4535.50439453125
3778.526658466,14217.51953125,21087.9765625,-41490.3828125,-10053.61328125,-39504.44921875,-8998.052734375,19504.53515625,-4496.09814453125
3778.52684846,14217.6318359375,21069.603515625,-41688.0390625,-10102.6083984375,-39523.11328125,-9090.96875,19457.373046875,-4504.546875
3778.527039184,14141.166015625,21003.0625,-41476.703125,-10115.7958984375,-39547.6796875,-9055.6748046875,19440.853515625,-4561.521484375
3778.527229178,14127.173828125,21006.75,-41235.390625,-10060.1181640625,-39520.38671875,-8940.474609375,19498.677734375,-4558.90673828125
3778.527419537,14167.4072265625,21045.150390625,-41268.2265625,-10037.744140625,-39498.9765625,-8918.6591796875,19529.412109375,-4526.2060546875
3778.527759047,14221.7666015625,21087.396484375,-41470.734375,-10045.90234375,-39490.97265625,-8976.52734375,19516.4921875,-4500.4345703125
3778.528009942,14212.22265625,21062.228515625,-41682.3359375,-10106.0283203125,-39522.2421875,-9086.7216796875,19457.505859375,-4503.85400390625
3778.528199207,14127.263671875,20994.501953125,-41474.30859375,-10120.1103515625,-39549.5546875,-9056.837890625,19443.6484375,-4549.5859375
3778.528388837,14125.20703125,21007.064453125,-41228.1484375,-10057.7041015625,-39520.65625,-8935.69140625,19504.220703125,-4558.146484375
3778.5286576,14163.048828125,21047.876953125,-41258.66015625,-10030.4345703125,-39495.375,-8914.322265625,19526.775390625,-4541.09228515625
3778.528852335,14209.40625,21084.021484375,-41459.06640625,-10045.1865234375,-39490.7265625,-8986.541015625,19512.15625,-4513.80078125
3778.529048529,14199.19140625,21063.92578125,-41669.953125,-10106.4755859375,-39524.6328125,-9092.17578125,19449.548828125,-4524.73046875
3778.529243993,14114.9921875,20989.31640625,-41470.375,-10130.7490234375,-39557.828125,-9064.1689453125,19428.181640625,-4562.1923828125
3778.529438364,14109.9189453125,20993.876953125,-41224.6875,-10068.4326171875,-39526.84765625,-8943.603515625,19495.013671875,-4566.66259765625
3778.529635287,14166.37890625,21048.794921875,-41245.98828125,-10023.4609375,-39492.9609375,-8916.2451171875,19524.13671875,-4543.48388671875
3778.529830022,14217.162109375,21083.685546875,-41446.97265625,-10031.619140625,-39482.7265625,-8978.271484375,19505.98828125,-4510.85009765625
3778.530024757,14203.8857421875,21063.14453125,-41663.40625,-10101.267578125,-39516.96875,-9089.26953125,19447.515625,-4519.947265625
3778.530220586,14129.587890625,21003.0625,-41453.8125,-10111.52734375,-39542.24609375,-9053.6630859375,19443.24609375,-4548.44580078125
3778.530416415,14121.9443359375,21010.39453125,-41207.80859375,-10052.294921875,-39518.93359375,-8940.5859375,19498.0078125,-4544.64599609375
3778.530744985,14164.255859375,21048.66015625,-41239.97265625,-10027.9541015625,-39498.171875,-8921.921875,19517.767578125,-4526.2060546875
3778.531041099,14211.2841796875,21080.109375,-41450.171875,-10048.9638671875,-39496.0,-8984.775390625,19505.0703125,-4502.736328125
3778.53124021,14207.55078125,21073.626953125,-41656.51953125,-10093.6455078125,-39508.98828125,-9074.673828125,19462.46875,-4512.72802734375
3778.531436769,14123.4189453125,21007.265625,-41458.44140625,-10106.8330078125,-39538.0,-9050.35546875,19438.841796875,-4570.61865234375
3778.53170845,14112.6005859375,21004.0234375,-41222.51953125,-10062.7998046875,-39525.8203125,-8951.806640625,19486.564453125,-4580.1181640625
3778.531904279,14157.6396484375,21045.486328125,-41252.24609375,-10039.666015625,-39503.04296875,-8926.9736328125,19520.806640625,-4542.25439453125
3778.532100473,14211.5517578125,21078.56640625,-41453.25390625,-10051.892578125,-39492.828125,-8982.3388671875,19513.095703125,-4505.12841796875
3778.532294843,14205.181640625,21061.4453125,-41668.63671875,-10109.58203125,-39517.52734375,-9087.861328125,19460.12109375,-4502.5576171875
3778.532490672,14118.7255859375,20991.484375,-41472.92578125,-10120.04296875,-39545.2890625,-9059.3857421875,19438.3515625,-4557.2080078125
3778.532685772,14119.1279296875,21011.734375,-41221.33203125,-10047.0419921875,-39514.0625,-8942.708984375,19494.767578125,-4557.22998046875
3778.532880872,14157.05859375,21048.212890625,-41254.01171875,-10024.154296875,-39494.37109375,-8918.435546875,19521.56640625,-4539.84033203125
3778.533075971,14203.662109375,21078.388671875,-41463.1796875,-10053.412109375,-39498.3046875,-8989.447265625,19513.36328125,-4530.85498046875
3778.533270706,14206.388671875,21067.16796875,-41674.515625,-10105.357421875,-39520.92578125,-9092.8017578125,19456.9921875,-4526.92138671875
3778.53346763,14123.93359375,21001.2734375,-41484.4140625,-10129.1845703125,-39557.22265625,-9068.169921875,19425.833984375,-4579.7607421875
3778.533690809,14115.595703125,21000.671875,-41240.98046875,-10075.697265625,-39536.32421875,-8959.0263671875,19478.607421875,-4569.07666015625
3778.533887368,14161.3056640625,21047.162109375,-41260.78515625,-10033.1171875,-39503.2890625,-8935.84765625,19505.517578125,-4546.05419921875
3778.534244746,14215.798828125,21090.615234375,-41459.37890625,-10041.7890625,-39491.46484375,-8991.9501953125,19491.1015625,-4521.46728515625
3778.534544507,14213.8994140625,21085.919921875,-41676.546875,-10088.9296875,-39511.71484375,-9095.86328125,19433.791015625,-4536.51025390625
3778.534739607,14131.755859375,21017.568359375,-41488.14453125,-10103.7041015625,-39543.56640625,-9076.1044921875,19413.98828125,-4590.82470703125
3778.534935436,14120.2900390625,21012.875,-41244.53515625,-10052.0263671875,-39522.9375,-8966.9609375,19465.375,-4598.8935546875
3778.5351309,14164.8369140625,21041.216796875,-41279.359375,-10033.564453125,-39503.69140625,-8945.66015625,19487.904296875,-4568.45068359375
3778.53532673,14215.6201171875,21069.828125,-41490.359375,-10057.0556640625,-39501.1640625,-9005.3837890625,19480.39453125,-4519.12060546875
3778.535552097,14205.0478515625,21045.6640625,-41721.51953125,-10120.5791015625,-39532.27734375,-9117.791015625,19428.671875,-4525.9599609375
3778.535748291,14123.330078125,20981.76171875,-41534.94921875,-10133.7216796875,-39558.5625,-9090.275390625,19418.994140625,-4572.541015625
3778.53594412,14113.8525390625,20994.5234375,-41286.7109375,-10067.6728515625,-39531.3828125,-8973.8232421875,19477.421875,-4581.50390625
3778.536139584,14157.1474609375,21034.35546875,-41312.19140625,-10041.923828125,-39504.67578125,-8941.63671875,19522.28125,-4551.68701171875
3778.536335049,14203.9296875,21065.37890625,-41516.59765625,-10058.642578125,-39499.53515625,-8999.818359375,19503.037109375,-4527.6142578125
3778.536641009,14207.0146484375,21059.25390625,-41734.5078125,-10111.19140625,-39524.27734375,-9106.1455078125,19444.7890625,-4521.86962890625
3778.536844132,14126.771484375,20997.564453125,-41548.31640625,-10132.626953125,-39559.1015625,-9087.4814453125,19427.33203125,-4558.23583984375
3778.537054912,14122.1455078125,21004.716796875,-41295.921875,-10067.9853515625,-39527.83203125,-8971.029296875,19485.53515625,-4562.1474609375
3778.537250012,14167.0498046875,21041.84375,-41316.37109375,-10030.8818359375,-39492.71484375,-8938.6416015625,19511.75390625,-4527.27880859375
3778.537446935,14206.947265625,21072.53125,-41519.1484375,-10049.1435546875,-39489.4296875,-8998.2978515625,19500.689453125,-4503.11669921875
3778.537642035,14198.8564453125,21048.75,-41751.828125,-10123.8203125,-39528.43359375,-9111.3984375,19448.275390625,-4515.63330078125
3778.537837864,14107.19140625,20978.54296875,-41567.62890625,-10140.1142578125,-39557.984375,-9091.7060546875,19420.1796875,-4582.3759765625
3778.538032964,14105.6943359375,21007.80078125,-41294.1328125,-10054.060546875,-39513.61328125,-8962.6923828125,19491.99609375,-4567.42236328125
3778.538228793,14158.66796875,21052.68359375,-41312.75,-10027.796875,-39488.91796875,-8936.115234375,19523.109375,-4542.34375
3778.538462548,14216.0673828125,21094.81640625,-41505.421875,-10040.2919921875,-39478.703125,-8988.2626953125,19510.748046875,-4520.68505859375
3778.538823938,14217.005859375,21081.361328125,-41725.20703125,-10091.5,-39499.265625,-9094.6787109375,19454.310546875,-4527.8154296875
3778.539132816,14119.060546875,20996.9609375,-41552.05078125,-10132.9169921875,-39549.46875,-9089.2470703125,19425.8125,-4581.68310546875
3778.539331198,14101.24609375,20990.255859375,-41297.796875,-10084.5927734375,-39528.03125,-8973.5546875,19480.505859375,-4573.61376953125
3778.992530779,14155.001953125,21039.205078125,-41305.0390625,-10039.7998046875,-39494.01171875,-8938.8876953125,19509.25,-4533.02294921875
3778.992744477,14222.392578125,21076.421875,-41494.5390625,-10047.376953125,-39486.97265625,-8995.4814453125,19510.0546875,-4500.12158203125
3778.992939577,14218.369140625,21061.982421875,-41719.0859375,-10100.3955078125,-39510.15234375,-9101.2060546875,19455.96484375,-4512.1689453125
3778.993187189,14114.1435546875,20982.7890625,-41546.171875,-10127.7099609375,-39550.67578125,-9092.98046875,19419.28515625,-4582.7109375
3778.993430426,14097.4462890625,20979.4375,-41295.5625,-10082.7822265625,-39534.24609375,-8976.662109375,19475.96875,-4583.24755859375
3778.993655064,14150.3974609375,21030.46484375,-41308.28125,-10037.810546875,-39498.68359375,-8939.1552734375,19514.771484375,-4547.529296875
3778.993845423,14202.8349609375,21067.615234375,-41501.22265625,-10042.52734375,-39485.7421875,-8997.0693359375,19506.232421875,-4509.28564453125
3778.994056568,14197.470703125,21052.080078125,-41732.62890625,-10115.4833984375,-39521.68359375,-9110.2802734375,19451.716796875,-4524.43994140625
3778.994391338,14115.4169921875,20984.466796875,-41554.75390625,-10136.5380859375,-39554.40625,-9089.5380859375,19426.03515625,-4589.43896484375
3778.99471152,14101.5810546875,20986.298828125,-41298.8046875,-10077.2392578125,-39531.4296875,-8978.4052734375,19474.986328125,-4588.90234375
3778.995003623,14145.591796875,21019.78125,-41316.484375,-10051.1767578125,-39507.265625,-8950.0185546875,19502.970703125,-4545.9423828125
3778.995218779,14202.6787109375,21061.869140625,-41504.9765625,-10060.296875,-39495.21875,-9000.3994140625,19495.81640625,-4511.52099609375
3778.995438312,14199.68359375,21049.041015625,-41732.359375,-10124.267578125,-39524.92578125,-9107.486328125,19447.89453125,-4517.89111328125
3778.995628306,14116.0654296875,20978.005859375,-41553.14453125,-10137.9912109375,-39551.0546875,-9088.0185546875,19421.162109375,-4568.65185546875
3778.995818301,14112.1982421875,21003.443359375,-41280.18359375,-10052.294921875,-39515.87109375,-8967.1396484375,19474.873046875,-4578.86669921875
3778.996008295,14158.7353515625,21052.37109375,-41293.328125,-10017.0009765625,-39490.99609375,-8936.8984375,19499.080078125,-4559.01806640625
3778.99622017,14217.251953125,21083.953125,-41488.390625,-10035.798828125,-39486.48046875,-8991.771484375,19492.44140625,-4523.83642578125
3778.996522848,14216.9833984375,21078.455078125,-41713.62890625,-10091.90234375,-39509.45703125,-9095.796875,19455.71875,-4516.50537109375
3778.996947691,14122.525390625,21001.654296875,-41543.4453125,-10114.90234375,-39545.19921875,-9077.53515625,19438.10546875,-4567.64599609375
3778.99726058,14104.0400390625,20991.73046875,-41293.75390625,-10072.5673828125,-39535.02734375,-8967.85546875,19484.75390625,-4586.60009765625
3778.997450575,14153.080078125,21034.310546875,-41309.84765625,-10048.31640625,-39515.3125,-8947.6943359375,19504.04296875,-4554.5478515625
3778.997640569,14213.7646484375,21080.66796875,-41489.91015625,-10040.8056640625,-39490.32421875,-8997.9404296875,19494.96875,-4516.08056640625
3778.997830199,14212.7587890625,21063.748046875,-41720.69140625,-10099.61328125,-39516.453125,-9109.1181640625,19436.271484375,-4524.529296875
3778.998018734,14135.66796875,21007.041015625,-41541.56640625,-10112.443359375,-39542.44921875,-9088.1298828125,19425.275390625,-4571.3564453125
3778.998244466,14121.5634765625,21003.46484375,-41287.49609375,-10067.6279296875,-39531.2734375,-8979.544921875,19478.673828125,-4586.5556640625
3778.998633207,14164.501953125,21040.859375,-41302.1328125,-10045.25390625,-39510.53125,-8949.236328125,19510.837890625,-4542.90283203125
3778.999024136,14218.056640625,21078.544921875,-41493.0390625,-10057.32421875,-39503.17578125,-9002.43359375,19496.017578125,-4510.224609375
3778.999328638,14217.0283203125,21075.75,-41712.6484375,-10091.857421875,-39512.5859375,-9099.685546875,19443.267578125,-4514.7841796875
3778.999518632,14138.998046875,21015.466796875,-41541.8125,-10098.7861328125,-39535.765625,-9079.6357421875,19415.26171875,-4579.7158203125
3778.999709356,14107.6162109375,21006.34765625,-41293.59765625,-10067.046875,-39533.21875,-8981.0654296875,19466.08984375,-4604.59326171875
3778.99989935,14151.9404296875,21032.275390625,-41313.421875,-10051.3779296875,-39518.12890625,-8953.3486328125,19498.1640625,-4564.80712890625
3779.000089709,14200.3984375,21065.06640625,-41503.546875,-10058.3076171875,-39506.953125,-9006.61328125,19486.609375,-4533.24658203125
3779.000460581,14208.69140625,21066.162109375,-41726.05859375,-10103.63671875,-39524.3203125,-9109.654296875,19441.94921875,-4525.9375
3779.000716946,14126.4814453125,20993.16015625,-41561.21484375,-10137.208984375,-39562.25390625,-9093.4052734375,19419.486328125,-4576.09521484375
3779.000922985,14109.6728515625,20999.150390625,-41295.2734375,-10072.6572265625,-39531.69921875,-8972.4599609375,19480.373046875,-4578.5087890625
3779.001115532,14146.7763671875,21046.71484375,-41304.4375,-10037.005859375,-39502.59375,-8940.7197265625,19509.697265625,-4548.89306640625
3779.001321937,14192.396484375,21073.24609375,-41497.21875,-10054.10546875,-39498.37109375,-9001.13671875,19482.5625,-4531.27978515625
3779.001512661,14201.5166015625,21061.423828125,-41721.7890625,-10100.2841796875,-39517.68359375,-9110.2578125,19437.033203125,-4529.0
3779.001704114,14127.30859375,20994.0546875,-41555.08984375,-10121.00390625,-39553.421875,-9098.7470703125,19417.33984375,-4582.5771484375
3779.001896296,14119.552734375,21001.810546875,-41288.8359375,-10069.3271484375,-39534.9609375,-8985.267578125,19466.89453125,-4579.87255859375
3779.002088114,14155.76171875,21032.96875,-41303.609375,-10050.2158203125,-39518.1953125,-8959.16015625,19492.7109375,-4560.04638671875
3779.002374382,14202.1416015625,21073.203125,-41490.3828125,-10055.8486328125,-39505.546875,-9005.8310546875,19490.85546875,-4524.619140625
3779.002736866,14213.4521484375,21064.75390625,-41722.59375,-10109.783203125,-39526.734375,-9105.2509765625,19440.4296875,-4524.3955078125
3779.00316645,14125.564453125,20984.2421875,-41573.3515625,-10150.396484375,-39577.16015625,-9108.2021484375,19396.53125,-4592.12109375
3779.003530393,14107.884765625,20977.849609375,-41308.88671875,-10095.478515625,-39558.765625,-9004.19921875,19441.45703125,-4596.501953125
3779.003725128,14154.0859375,21023.291015625,-41307.453125,-10054.7314453125,-39524.5,-8963.3173828125,19488.3515625,-4564.60595703125
3779.00391804,14200.599609375,21057.689453125,-41490.73828125,-10062.263671875,-39510.375,-9006.859375,19486.943359375,-4528.03857421875
3779.004110587,14209.7861328125,21058.896484375,-41717.140625,-10108.732421875,-39522.66796875,-9110.8837890625,19437.033203125,-4518.67333984375
3779.004381903,14126.2578125,20999.28515625,-41552.921875,-10130.4814453125,-39552.328125,-9098.412109375,19410.166015625,-4569.65771484375
3779.004662337,14110.1201171875,20994.994140625,-41286.0625,-10075.451171875,-39535.40625,-8986.4521484375,19458.154296875,-4586.1083984375
3779.005035761,14156.298828125,21030.46484375,-41293.26171875,-10050.2158203125,-39515.8515625,-8954.7568359375,19495.2578125,-4558.1240234375
3779.005292855,14203.728515625,21055.4765625,-41484.14453125,-10070.8466796875,-39512.38671875,-9005.7412109375,19494.251953125,-4514.2255859375
3779.005485038,14205.2265625,21046.24609375,-41713.25,-10112.9794921875,-39525.6640625,-9105.7431640625,19448.0078125,-4502.78125
3779.005675397,14107.482421875,20970.40625,-41565.4609375,-10152.1845703125,-39569.44921875,-9101.787109375,19415.6640625,-4570.68603515625
3779.00586612,14088.05859375,20967.814453125,-41298.73828125,-10094.5615234375,-39549.04296875,-8984.57421875,19463.294921875,-4587.40478515625
3779.00605575,14138.953125,21026.017578125,-41297.6875,-10045.298828125,-39512.7890625,-8952.25390625,19489.939453125,-4552.42431640625
3779.006288776,14201.046875,21072.46484375,-41474.01953125,-10049.7021484375,-39490.078125,-8991.9052734375,19495.19140625,-4520.4169921875
3779.006676422,14210.859375,21057.376953125,-41710.0546875,-10106.498046875,-39513.546875,-9096.51171875,19450.287109375,-4523.3896484375
3779.007022861,14126.458984375,20987.103515625,-41553.5703125,-10128.693359375,-39548.9765625,-9088.8447265625,19419.888671875,-4571.7138671875
3779.007243488,14106.1416015625,20985.830078125,-41282.5078125,-10068.611328125,-39527.4296875,-8972.6162109375,19466.71484375,-4583.62744140625
3779.007433482,14145.4130859375,21022.396484375,-41290.04296875,-10039.755859375,-39505.7265625,-8942.955078125,19494.208984375,-4563.533203125
3779.007624571,14191.4130859375,21059.6796875,-41473.75,-10048.3603515625,-39494.03515625,-8989.5810546875,19492.93359375,-4527.9716796875
3779.0078142,14199.6611328125,21045.0390625,-41714.8359375,-10112.2421875,-39521.7734375,-9096.869140625,19454.734375,-4517.33203125
3779.008004195,14116.9150390625,20979.705078125,-41562.8671875,-10140.986328125,-39558.54296875,-9091.9970703125,19429.09765625,-4567.89208984375
3779.008223727,14094.697265625,20982.275390625,-41291.4296875,-10079.2060546875,-39535.7421875,-8977.376953125,19472.68359375,-4580.45361328125
3779.008601893,14144.3623046875,21038.69140625,-41287.25,-10033.6533203125,-39501.30078125,-8936.9873046875,19500.578125,-4552.5361328125
3779.008869198,14207.349609375,21083.015625,-41461.234375,-10034.9501953125,-39484.984375,-8978.830078125,19494.275390625,-4519.07568359375
3779.009135773,14213.83203125,21069.89453125,-41697.76171875,-10089.935546875,-39508.00390625,-9088.0400390625,19450.2421875,-4523.2109375
3779.009331602,14127.0849609375,20994.904296875,-41553.50390625,-10127.396484375,-39550.2734375,-9089.76171875,19420.06640625,-4591.20458984375
3779.009527431,14113.115234375,20992.177734375,-41281.19140625,-10079.1171875,-39534.22265625,-8980.0595703125,19473.421875,-4580.900390625
3779.009723625,14150.5322265625,21026.46484375,-41286.93359375,-10049.5234375,-39510.59765625,-8946.3076171875,19500.287109375,-4552.40234375
3779.009919819,14202.25390625,21071.279296875,-41466.28515625,-10057.5029296875,-39498.50390625,-8993.26953125,19495.28125,-4516.70654296875
3779.010115283,14211.8203125,21068.240234375,-41702.23046875,-10107.90625,-39518.33203125,-9099.373046875,19447.470703125,-4512.28076171875
3779.010375295,14138.23828125,21012.427734375,-41543.265625,-10116.533203125,-39541.01953125,-9085.5146484375,19427.041015625,-4559.95703125
3779.010653905,14107.1025390625,21003.173828125,-41276.31640625,-10070.712890625,-39528.61328125,-8973.3310546875,19477.287109375,-4572.7197265625
3779.010932879,14152.4765625,21038.22265625,-41279.671875,-10043.4658203125,-39504.8515625,-8937.904296875,19512.916015625,-4541.337890625
3779.011187056,14203.4609375,21085.138671875,-41459.2890625,-10041.9677734375,-39486.1875,-8984.216796875,19504.37890625,-4503.27294921875
3779.011382885,14208.69140625,21080.623046875,-41696.28515625,-10092.2373046875,-39507.01953125,-9088.7109375,19453.68359375,-4504.70361328125
3779.011578349,14131.755859375,21007.3984375,-41549.76953125,-10122.1220703125,-39543.85546875,-9087.705078125,19424.08984375,-4557.0068359375
3779.011774543,14107.728515625,20990.2109375,-41280.67578125,-10076.30078125,-39528.546875,-8974.4716796875,19473.376953125,-4571.5576171875
3779.011970737,14153.2587890625,21021.7265625,-41279.73828125,-10047.8916015625,-39502.953125,-8938.4853515625,19505.138671875,-4538.65576171875
3779.01216766,14204.869140625,21060.751953125,-41457.1875,-10046.6845703125,-39488.1796875,-8986.630859375,19499.3046875,-4517.6005859375
3779.012461221,14209.1376953125,21060.953125,-41699.63671875,-10093.4892578125,-39509.92578125,-9095.796875,19445.97265625,-4525.46826171875
3779.0127577,14126.705078125,20991.1484375,-41563.046875,-10130.1904296875,-39548.41796875,-9088.5322265625,19419.77734375,-4583.5830078125
3779.012955717,14111.953125,20985.673828125,-41288.72265625,-10073.1708984375,-39524.61328125,-8969.46484375,19480.23828125,-4570.373046875
3779.013151911,14149.50390625,21027.962890625,-41293.1953125,-10041.7451171875,-39506.171875,-8942.84375,19514.056640625,-4551.30712890625
3779.013377278,14200.0185546875,21060.103515625,-41478.9140625,-10058.955078125,-39507.421875,-9000.3544921875,19490.720703125,-4540.91357421875
3779.013573837,14215.5302734375,21075.416015625,-41708.06640625,-10096.3056640625,-39521.640625,-9106.212890625,19439.736328125,-4517.421875
3779.013769666,14136.3388671875,21013.814453125,-41565.39453125,-10124.513671875,-39559.078125,-9101.5634765625,19409.31640625,-4567.400390625
3779.01396586,14109.7177734375,20997.51953125,-41294.9609375,-10080.0107421875,-39544.90625,-8989.447265625,19461.5078125,-4582.64404296875
3779.014163877,14153.3037109375,21037.529296875,-41283.13671875,-10038.369140625,-39511.19921875,-8951.896484375,19499.169921875,-4545.65185546875
3779.014474578,14215.3291015625,21075.21484375,-41455.421875,-10040.6943359375,-39498.19140625,-8995.8173828125,19490.810546875,-4515.07470703125
3779.014873894,14222.28125,21073.626953125,-41693.7578125,-10089.6669921875,-39517.234375,-9097.205078125,19445.302734375,-4524.5966796875
3779.015129529,14132.3818359375,21015.736328125,-41553.16796875,-10114.9912109375,-39550.13671875,-9088.1748046875,19424.359375,-4568.7412109375
3779.015361461,14110.7900390625,21006.013671875,-41279.24609375,-10063.4033203125,-39532.390625,-8972.59375,19475.58984375,-4571.3564453125
3779.015564219,14154.041015625,21045.53125,-41271.6484375,-10031.5966796875,-39505.90234375,-8932.8076171875,19511.306640625,-4538.119140625
3779.015766612,14197.6943359375,21071.302734375,-41452.5859375,-10045.142578125,-39497.72265625,-8980.349609375,19505.763671875,-4505.798828125
3779.015969005,14212.021484375,21068.375,-41688.26171875,-10091.90234375,-39513.01171875,-9084.28515625,19457.373046875,-4514.2255859375
3779.01617541,14128.470703125,21001.2734375,-41547.625,-10120.0205078125,-39546.203125,-9081.267578125,19429.947265625,-4562.728515625
#3788.129552433,14024.0205078125,20836.162109375,-41884.015625,-10265.5302734375,-39503.22265625,-9290.078125,19273.9765625,-4624.6875
3788.129765402,13950.4833984375,20771.587890625,-41821.27734375,-10305.0927734375,-39540.05859375,-9319.470703125,19233.966796875,-4661.2998046875
3788.129959772,13913.5810546875,20768.01171875,-41515.32421875,-10244.765625,-39524.30078125,-9206.0576171875,19278.693359375,-4674.1298828125
3788.130155602,13956.294921875,20816.716796875,-41460.296875,-10197.513671875,-39490.99609375,-9143.5625,19330.97265625,-4645.474609375
3788.130349972,14002.7197265625,20841.615234375,-41611.6171875,-10212.154296875,-39486.4140625,-9180.1962890625,19327.6875,-4611.67919921875
3788.130543613,14026.658203125,20835.3359375,-41875.234375,-10265.6201171875,-39503.2890625,-9289.02734375,19283.140625,-4607.83447265625
3788.130736889,13964.9453125,20778.3828125,-41815.1953125,-10298.0517578125,-39536.81640625,-9318.912109375,19236.671875,-4654.7060546875
3788.13093126,13923.2373046875,20759.25,-41519.953125,-10256.544921875,-39534.4921875,-9212.5400390625,19270.130859375,-4684.74658203125
3788.131126724,13964.9677734375,20802.947265625,-41462.23828125,-10207.0361328125,-39498.50390625,-9148.0546875,19315.685546875,-4655.62255859375
3788.131345528,14013.2470703125,20843.1796875,-41608.15234375,-10205.6728515625,-39488.71484375,-9187.6171875,19321.02734375,-4624.19580078125
3788.131557767,14034.5712890625,20844.65625,-41866.42578125,-10253.2373046875,-39502.6640625,-9288.4013671875,19285.443359375,-4608.39306640625
3788.131750679,13961.97265625,20785.423828125,-41801.94140625,-10287.8818359375,-39534.0234375,-9314.4638671875,19243.935546875,-4652.82861328125
3788.131945414,13914.8994140625,20773.5546875,-41498.515625,-10236.2275390625,-39523.29296875,-9206.9521484375,19272.880859375,-4677.01318359375
3788.132140878,13947.17578125,20804.736328125,-41450.21484375,-10200.7099609375,-39499.7578125,-9157.7109375,19301.267578125,-4666.7314453125
3788.132334155,14003.3232421875,20839.11328125,-41592.9296875,-10204.80078125,-39486.1875,-9189.2265625,19304.28515625,-4629.76171875
3788.132528525,14036.4931640625,20858.447265625,-41842.51171875,-10237.5009765625,-39486.4140625,-9280.3544921875,19273.8203125,-4608.68359375
3788.132721437,13965.2802734375,20799.505859375,-41785.15625,-10279.5224609375,-39519.08984375,-9304.8974609375,19238.81640625,-4649.40869140625
3788.132915443,13923.884765625,20765.955078125,-41490.11328125,-10241.703125,-39513.32421875,-9193.7646484375,19282.603515625,-4669.41357421875
3788.133109084,13957.0546875,20793.068359375,-41446.7734375,-10209.6513671875,-39490.59375,-9141.953125,19327.62109375,-4635.66259765625
3788.133325334,14004.5751953125,20834.44140625,-41595.90234375,-10209.025390625,-39478.45703125,-9176.4189453125,19323.888671875,-4617.78076171875
3788.133540491,14029.876953125,20845.103515625,-41860.59375,-10249.8837890625,-39490.94921875,-9279.908203125,19279.1171875,-4613.22119140625
3788.133734497,13963.783203125,20776.19140625,-41813.87890625,-10299.013671875,-39530.08984375,-9306.1044921875,19248.5625,-4641.697265625
3788.133929232,13920.80078125,20750.46484375,-41521.71875,-10259.6962890625,-39524.45703125,-9197.1171875,19291.298828125,-4666.97705078125
3788.134124696,13946.2373046875,20777.98046875,-41485.484375,-10229.1416015625,-39506.375,-9149.5751953125,19324.87109375,-4662.6630859375
3788.134318702,14000.931640625,20818.03515625,-41629.2734375,-10225.5205078125,-39494.55078125,-9186.9248046875,19319.328125,-4636.46728515625
3788.134512343,14037.8115234375,20835.693359375,-41885.828125,-10264.6142578125,-39505.078125,-9292.3134765625,19278.111328125,-4616.57421875
3788.134706714,13954.216796875,20765.41796875,-41844.85546875,-10318.34765625,-39555.34765625,-9337.798828125,19232.021484375,-4673.66015625
3788.134901813,13908.9765625,20749.884765625,-41544.33984375,-10279.232421875,-39549.7578125,-9225.6826171875,19273.216796875,-4684.97021484375
3788.13509509,13941.3642578125,20785.37890625,-41492.01171875,-10242.59765625,-39524.23046875,-9169.04296875,19311.482421875,-4647.5087890625
3788.13531754,13995.9921875,20830.955078125,-41625.69921875,-10228.359375,-39502.640625,-9196.916015625,19311.59375,-4625.4921875
3788.135533061,14031.6201171875,20856.837890625,-41874.0703125,-10261.775390625,-39504.94140625,-9293.0732421875,19276.591796875,-4614.42822265625
3788.135726702,13959.4248046875,20782.294921875,-41828.29296875,-10314.8828125,-39548.41796875,-9327.986328125,19229.072265625,-4664.04931640625
3788.135920343,13914.20703125,20757.818359375,-41525.33984375,-10267.51953125,-39539.05078125,-9218.060546875,19262.12890625,-4696.705078125
3788.136128936,13949.4111328125,20798.65625,-41467.0,-10221.2958984375,-39513.83984375,-9166.3388671875,19303.2578125,-4669.81591796875
3788.136324765,13998.271484375,20825.65625,-41613.73828125,-10229.8125,-39508.49609375,-9200.3359375,19307.056640625,-4628.3310546875
3788.136519136,14027.5751953125,20847.001953125,-41865.17578125,-10261.2607421875,-39509.48046875,-9301.25390625,19267.896484375,-4608.9521484375
3788.136712777,13962.2626953125,20794.140625,-41809.00390625,-10292.84375,-39533.796875,-9325.1923828125,19231.083984375,-4650.81689453125
3788.136906053,13924.2646484375,20768.16796875,-41506.765625,-10248.140625,-39524.96875,-9214.4619140625,19272.142578125,-4671.8720703125
3788.137099694,13959.759765625,20805.7421875,-41453.76953125,-10205.8515625,-39498.19140625,-9159.4765625,19305.3359375,-4658.70703125
3788.137334908,14011.0791015625,20842.509765625,-41597.84765625,-10210.0537109375,-39488.15625,-9191.9091796875,19304.240234375,-4630.43212890625
3788.1375497,14044.7412109375,20853.841796875,-41855.47265625,-10251.5380859375,-39496.0234375,-9287.2841796875,19277.6875,-4617.87060546875
3788.137743706,13964.654296875,20776.236328125,-41820.359375,-10307.775390625,-39542.58203125,-9327.47265625,19231.060546875,-4665.16650390625
3788.137938076,13910.8544921875,20738.328125,-41528.55859375,-10281.154296875,-39543.74609375,-9223.7822265625,19269.86328125,-4678.17529296875
3788.138133176,13950.5283203125,20790.9453125,-41461.01171875,-10215.015625,-39495.2421875,-9149.3515625,19329.900390625,-4632.42138671875
3788.138326817,13997.6015625,20826.103515625,-41607.7265625,-10214.9033203125,-39482.3671875,-9179.8388671875,19331.666015625,-4613.26611328125
3788.138520458,14026.0322265625,20832.048828125,-41872.23828125,-10263.630859375,-39499.578125,-9285.3388671875,19284.5703125,-4614.04833984375
3788.138714099,13949.9697265625,20761.619140625,-41836.140625,-10314.48046875,-39546.0234375,-9323.6728515625,19241.119140625,-4651.19677734375
3788.138908834,13901.1083984375,20732.3828125,-41543.9375,-10284.171875,-39547.6796875,-9215.5126953125,19279.251953125,-4666.5078125
3788.139104298,13945.96875,20786.921875,-41478.19921875,-10234.1259765625,-39510.57421875,-9152.234375,19321.541015625,-4647.84423828125
3788.139324561,14002.2275390625,20838.822265625,-41609.62890625,-10213.5400390625,-39488.3125,-9185.7177734375,19322.099609375,-4625.5595703125
3788.139537894,14034.951171875,20871.41015625,-41863.65625,-10248.6103515625,-39497.41015625,-9290.078125,19288.236328125,-4608.7509765625
3788.139730806,13963.7158203125,20808.87109375,-41822.68359375,-10292.84375,-39536.99609375,-9325.7509765625,19240.515625,-4660.115234375
3788.139923717,13920.4873046875,20769.59765625,-41522.3203125,-10256.5673828125,-39532.6796875,-9216.8310546875,19279.318359375,-4686.9150390625
3788.140138509,13952.2490234375,20799.6171875,-41465.66015625,-10219.3515625,-39508.36328125,-9159.2080078125,19323.931640625,-4656.58349609375
3788.140345643,14001.2001953125,20833.255859375,-41606.25390625,-10224.671875,-39495.62109375,-9189.830078125,19329.07421875,-4615.724609375
3788.14053892,14037.365234375,20847.673828125,-41860.1015625,-10261.5517578125,-39499.77734375,-9286.3447265625,19289.98046875,-4596.21142578125
3788.595075755,13970.533203125,20797.13671875,-41813.20703125,-10294.54296875,-39532.34765625,-9318.30859375,19250.865234375,-4630.3427734375
3788.595282159,13925.5166015625,20770.560546875,-41510.98828125,-10251.3369140625,-39521.08203125,-9205.3203125,19290.6953125,-4656.1142578125
3788.595510809,13949.03125,20796.755859375,-41457.8125,-10213.5400390625,-39493.83203125,-9150.1337890625,19328.939453125,-4638.43408203125
3788.595701897,13991.8564453125,20832.228515625,-41603.234375,-10218.6142578125,-39482.14453125,-9179.9951171875,19327.84375,-4619.6806640625
3788.595891162,14023.2158203125,20841.01171875,-41866.40625,-10270.1123046875,-39493.83203125,-9279.7509765625,19285.419921875,-4611.74609375
3788.596080792,13958.5302734375,20788.708984375,-41828.98828125,-10313.408203125,-39536.2578125,-9328.9697265625,19229.451171875,-4654.84033203125
3788.596270057,13913.044921875,20766.939453125,-41525.49609375,-10261.0595703125,-39531.296875,-9225.6826171875,19257.369140625,-4684.41162109375
3788.596756895,13944.4482421875,20793.11328125,-41466.6640625,-10219.4853515625,-39505.3671875,-9167.970703125,19294.763671875,-4664.8984375
3788.597186843,13998.763671875,20835.6484375,-41601.78125,-10213.8759765625,-39484.0,-9192.177734375,19300.931640625,-4628.01806640625
3788.597586889,14030.681640625,20852.92578125,-41857.8671875,-10247.984375,-39486.6796875,-9284.2890625,19273.193359375,-4609.80126953125
3788.597884097,13954.3955078125,20787.771484375,-41828.8984375,-10297.7841796875,-39530.35546875,-9326.82421875,19231.171875,-4665.859375
3788.598074456,13907.9931640625,20758.869140625,-41528.22265625,-10257.86328125,-39523.76171875,-9220.2734375,19269.037109375,-4680.79052734375
3788.598265544,13941.6328125,20782.0703125,-41474.734375,-10223.62109375,-39499.7578125,-9162.404296875,19316.69140625,-4654.3037109375
3788.598646263,13992.6171875,20820.94140625,-41612.35546875,-10219.4638671875,-39483.171875,-9186.8798828125,19320.46875,-4624.28515625
3788.598989784,14019.796875,20841.302734375,-41868.81640625,-10258.802734375,-39491.8203125,-9284.333984375,19283.05078125,-4611.18701171875
3788.599179414,13955.982421875,20780.818359375,-41834.62109375,-10305.517578125,-39532.76953125,-9323.158203125,19245.65625,-4645.65380859375
3788.599398217,13903.4560546875,20757.103515625,-41546.75390625,-10278.6064453125,-39542.2265625,-9226.30859375,19275.98828125,-4678.62255859375
3788.599588576,13940.4033203125,20793.962890625,-41485.30859375,-10236.40625,-39513.16796875,-9166.0478515625,19319.3046875,-4650.21337890625
3788.599778935,13994.3154296875,20826.931640625,-41619.08203125,-10224.1123046875,-39494.16796875,-9198.5478515625,19318.92578125,-4626.40869140625
3788.599968565,14020.4892578125,20840.341796875,-41880.75390625,-10262.892578125,-39505.25390625,-9301.052734375,19278.87109375,-4609.64501953125
3788.60015783,13955.580078125,20776.638671875,-41846.98046875,-10305.0478515625,-39538.42578125,-9332.4794921875,19234.345703125,-4642.4794921875
3788.600417112,13918.6552734375,20753.326171875,-41536.359375,-10256.701171875,-39520.87890625,-9212.763671875,19284.59375,-4677.125
3788.600798195,13950.86328125,20785.1328125,-41473.4609375,-10220.603515625,-39497.72265625,-9152.7939453125,19329.51953125,-4657.947265625
3788.601186206,13997.623046875,20820.515625,-41611.70703125,-10220.849609375,-39487.28515625,-9184.9130859375,19318.322265625,-4617.04345703125
3788.601540303,14038.0126953125,20852.791015625,-41854.58203125,-10241.9267578125,-39484.0,-9273.4931640625,19293.33203125,-4588.45556640625
3788.601769682,13973.9306640625,20799.794921875,-41815.75390625,-10279.298828125,-39515.625,-9304.673828125,19255.0,-4617.2890625
3788.601959312,13920.6220703125,20766.783203125,-41515.81640625,-10244.7431640625,-39515.9609375,-9203.017578125,19292.70703125,-4644.759765625
3788.602148212,13951.958984375,20807.193359375,-41450.9765625,-10202.4091796875,-39489.5859375,-9146.0654296875,19334.6171875,-4632.84619140625
3788.602367015,14004.955078125,20845.21484375,-41586.40234375,-10200.2412109375,-39478.03125,-9178.8779296875,19332.158203125,-4611.298828125
3788.602783471,14024.53515625,20848.56640625,-41853.953125,-10254.734375,-39495.6875,-9282.43359375,19284.482421875,-4601.86669921875
3788.603060987,13947.8017578125,20788.798828125,-41827.87109375,-10308.423828125,-39535.67578125,-9328.2548828125,19242.19140625,-4642.03271484375
3788.603251346,13912.306640625,20780.529296875,-41511.703125,-10241.7255859375,-39511.15625,-9212.583984375,19284.2578125,-4676.4541015625
3788.60348656,13956.451171875,20815.888671875,-41443.33203125,-10191.568359375,-39479.4609375,-9150.021484375,19325.296875,-4645.564453125
3788.60367546,14011.99609375,20839.044921875,-41580.90625,-10197.447265625,-39469.13671875,-9177.2685546875,19330.83984375,-4608.1474609375
3788.60386436,14033.900390625,20833.681640625,-41849.57421875,-10249.705078125,-39484.984375,-9276.197265625,19300.57421875,-4583.00146484375
3788.60405399,13962.642578125,20774.068359375,-41830.21875,-10300.220703125,-39525.6640625,-9311.3125,19251.087890625,-4632.1083984375
3788.604243255,13921.60546875,20759.271484375,-41528.6015625,-10258.154296875,-39521.99609375,-9214.9755859375,19279.228515625,-4668.81005859375
3788.604604645,13949.8134765625,20791.615234375,-41463.0,-10212.6904296875,-39493.4296875,-9158.962890625,19316.533203125,-4655.84619140625
3788.604982446,13990.60546875,20832.98828125,-41601.42578125,-10212.958984375,-39482.078125,-9187.70703125,19322.099609375,-4624.732421875
3788.605207449,14030.32421875,20852.501953125,-41859.3203125,-10252.0966796875,-39489.8984375,-9278.65625,19301.267578125,-4604.45947265625
3788.60543391,13961.81640625,20784.75390625,-41836.609375,-10294.4091796875,-39522.9140625,-9315.55859375,19256.921875,-4641.7646484375
3788.605629375,13915.1455078125,20752.833984375,-41539.84375,-10264.5693359375,-39522.82421875,-9213.232421875,19285.15234375,-4660.517578125
3788.60582411,13953.9482421875,20783.388671875,-41479.65234375,-10234.6845703125,-39507.4921875,-9164.9306640625,19317.49609375,-4650.81689453125
3788.606017751,14002.2060546875,20827.4453125,-41607.63671875,-10218.79296875,-39484.421875,-9186.052734375,19319.08203125,-4620.9326171875
3788.606212486,14028.22265625,20838.77734375,-41870.3828125,-10263.9658203125,-39498.125,-9289.8544921875,19272.568359375,-4604.25830078125
3788.606507141,13964.2080078125,20786.18359375,-41841.6171875,-10304.5791015625,-39535.5625,-9331.763671875,19232.939453125,-4639.3505859375
3788.60674819,13917.4033203125,20768.01171875,-41526.14453125,-10247.3134765625,-39517.7265625,-9215.892578125,19274.580078125,-4668.7431640625
3788.606942196,13952.31640625,20807.306640625,-41455.40234375,-10204.599609375,-39489.7421875,-9149.708984375,19316.4453125,-4654.41552734375
3788.607137295,14005.06640625,20839.716796875,-41591.09765625,-10211.8193359375,-39481.80859375,-9183.482421875,19314.56640625,-4625.06787109375
3788.60736084,14034.861328125,20856.2109375,-41849.23828125,-10248.9228515625,-39488.359375,-9283.6181640625,19275.541015625,-4610.98583984375
3788.60755521,13959.71484375,20791.79296875,-41834.46484375,-10303.5283203125,-39534.1328125,-9331.5625,19222.8125,-4661.03173828125
3788.60774958,13907.76953125,20746.666015625,-41536.0234375,-10272.3251953125,-39535.1171875,-9231.13671875,19262.263671875,-4690.82666015625
3788.60794468,13943.5546875,20787.369140625,-41464.23046875,-10220.9384765625,-39502.59375,-9164.21484375,19317.71875,-4664.16064453125
3788.60813978,13997.310546875,20824.0703125,-41601.4921875,-10222.5029296875,-39492.40234375,-9190.568359375,19322.279296875,-4630.923828125
3788.608379005,14039.890625,20841.392578125,-41858.40234375,-10257.0810546875,-39493.1640625,-9282.6572265625,19283.677734375,-4603.47607421875
3788.608606561,13967.068359375,20792.017578125,-41834.84375,-10289.111328125,-39524.07421875,-9325.1474609375,19233.251953125,-4649.9453125
3788.608817706,13908.3955078125,20749.90625,-41541.07421875,-10265.9775390625,-39525.75390625,-9221.2568359375,19266.755859375,-4679.3154296875
3788.609012076,13956.02734375,20790.787109375,-41465.59375,-10215.5966796875,-39491.21875,-9153.3076171875,19312.48828125,-4655.01904296875
3788.609205717,14010.990234375,20830.6640625,-41599.9921875,-10213.8310546875,-39479.59375,-9184.5107421875,19307.50390625,-4637.2939453125
3788.609428532,14035.7783203125,20849.013671875,-41855.80859375,-10247.2470703125,-39484.1328125,-9277.2255859375,19275.33984375,-4615.38916015625
3788.609623267,13969.7509765625,20794.72265625,-41836.02734375,-10290.0947265625,-39522.04296875,-9320.833984375,19240.001953125,-4653.45458984375
3788.609817273,13912.0166015625,20763.36328125,-41539.17578125,-10261.9990234375,-39529.44140625,-9229.52734375,19273.8203125,-4686.3115234375
3788.610011643,13949.9697265625,20798.431640625,-41466.62109375,-10219.4189453125,-39498.03515625,-9161.33203125,19318.6796875,-4648.693359375
3788.610205649,14006.4296875,20849.08203125,-41588.4609375,-10207.7060546875,-39471.59375,-9174.6533203125,19332.068359375,-4609.7119140625
3788.610420441,14038.6611328125,20856.927734375,-41845.57421875,-10246.3076171875,-39477.3828125,-9271.2578125,19299.92578125,-4603.3193359375
3788.610634504,13965.2353515625,20781.802734375,-41837.14453125,-10308.2001953125,-39525.6171875,-9319.73828125,19256.876953125,-4638.59033203125
3788.610829239,13919.392578125,20755.673828125,-41529.40625,-10263.6083984375,-39515.26953125,-9211.8017578125,19289.220703125,-4659.80224609375
3788.611023609,13965.3251953125,20811.57421875,-41444.671875,-10197.0673828125,-39477.5625,-9148.6357421875,19318.701171875,-4656.091796875
3788.611218709,14011.2802734375,20852.009765625,-41580.68359375,-10203.5263671875,-39472.46484375,-9181.4931640625,19312.15234375,-4623.7041015625
3788.611442253,14043.8466796875,20856.435546875,-41842.33203125,-10247.58203125,-39482.14453125,-9279.6396484375,19274.87109375,-4607.9013671875
3788.611635894,13971.3828125,20793.58203125,-41821.43359375,-10281.0205078125,-39510.9765625,-9320.0068359375,19230.970703125,-4651.04052734375
3788.611830265,13913.8046875,20759.98828125,-41520.30859375,-10252.1640625,-39511.828125,-9212.2490234375,19267.248046875,-4675.515625
3788.612024271,13946.9521484375,20785.423828125,-41454.52734375,-10222.48046875,-39491.30859375,-9152.5927734375,19308.732421875,-4657.85791015625
3788.612219006,14000.8642578125,20828.853515625,-41583.87890625,-10211.953125,-39473.78515625,-9180.263671875,19318.634765625,-4621.44677734375
3788.612433433,14038.7060546875,20858.22265625,-41835.11328125,-10230.4609375,-39466.72265625,-9268.552734375,19289.734375,-4598.5810546875
3788.61264786,13966.599609375,20788.26171875,-41831.828125,-10286.3623046875,-39512.05078125,-9323.962890625,19235.396484375,-4652.64990234375
3788.612842231,13910.7646484375,20745.123046875,-41542.1015625,-10272.66015625,-39523.875,-9229.3701171875,19263.29296875,-4689.99951171875
3788.613036237,13943.4873046875,20767.02734375,-41478.9375,-10246.6650390625,-39504.67578125,-9166.5849609375,19312.869140625,-4666.462890625
3788.613229878,13993.041015625,20807.775390625,-41609.671875,-10237.322265625,-39486.12109375,-9188.8916015625,19309.314453125,-4631.52734375
3788.613453057,14032.603515625,20848.232421875,-41854.19921875,-10247.5595703125,-39478.65625,-9277.650390625,19275.451171875,-4607.85693359375
3788.613646698,13970.3095703125,20792.107421875,-41840.20703125,-10290.318359375,-39513.4140625,-9322.755859375,19236.380859375,-4651.57666015625
3788.613841433,13914.8330078125,20755.29296875,-41540.47265625,-10255.4716796875,-39513.28125,-9217.2783203125,19273.9765625,-4687.18310546875
3788.614035439,13951.6455078125,20789.939453125,-41465.5703125,-10214.7021484375,-39490.59375,-9156.2802734375,19314.478515625,-4660.45068359375
3788.614229445,13998.0927734375,20832.541015625,-41597.2890625,-10219.59765625,-39482.61328125,-9186.09765625,19312.82421875,-4626.07373046875
3788.614544886,14030.525390625,20858.134765625,-41853.5078125,-10255.0478515625,-39486.859375,-9280.109375,19287.275390625,-4597.28466796875
3788.614888043,13971.1142578125,20802.611328125,-41838.0859375,-10290.7880859375,-39510.328125,-9309.3447265625,19256.810546875,-4629.20263671875
3788.615144408,13926.388671875,20763.384765625,-41533.609375,-10258.3779296875,-39511.671875,-9210.3046875,19289.287109375,-4665.748046875
3788.615371234,13960.1845703125,20797.091796875,-41454.125,-10213.763671875,-39484.82421875,-9147.8759765625,19328.9609375,-4641.98779296875
3788.615575086,14005.267578125,20834.6875,-41580.59375,-10207.0361328125,-39470.9453125,-9173.9609375,19330.927734375,-4609.287109375
3788.61577675,14040.3828125,20854.177734375,-41837.859375,-10238.8203125,-39471.52734375,-9265.9384765625,19293.04296875,-4597.552734375
3788.615978414,13973.8408203125,20798.767578125,-41831.87109375,-10287.2119140625,-39511.26953125,-9314.798828125,19243.9140625,-4637.5625
3788.616179713,13921.8291015625,20767.20703125,-41528.9140625,-10253.416015625,-39509.48046875,-9209.611328125,19283.029296875,-4659.19873046875
3788.616496613,13957.0107421875,20799.28125,-41447.9140625,-10205.046875,-39479.7734375,-9143.47265625,19326.390625,-4627.45947265625
3788.616738026,14003.8818359375,20837.16796875,-41576.30078125,-10200.3974609375,-39462.31640625,-9167.1435546875,19329.431640625,-4609.734375
3788.616932397,14036.76171875,20856.2109375,-41839.13671875,-10239.087890625,-39471.97265625,-9266.8095703125,19290.673828125,-4608.9072265625
3788.617126767,13968.8564453125,20786.09375,-41844.34375,-10302.791015625,-39522.890625,-9321.548828125,19239.62109375,-4646.97216796875
3788.61732369,13919.2802734375,20756.5234375,-41539.62109375,-10257.39453125,-39510.7109375,-9212.2490234375,19276.568359375,-4676.23095703125
3788.617518061,13948.3603515625,20802.41015625,-41458.91015625,-10208.623046875,-39476.62109375,-9139.5615234375,19325.005859375,-4646.23486328125
3788.617713525,14003.345703125,20828.78515625,-41596.08203125,-10219.8212890625,-39472.30859375,-9174.921875,19321.876953125,-4615.45654296875
3788.617907531,14043.5341796875,20846.376953125,-41854.8046875,-10251.671875,-39476.8671875,-9277.8515625,19291.3203125,-4596.45751953125
3788.618101901,13974.1318359375,20792.798828125,-41848.03125,-10290.921875,-39510.10546875,-9322.8232421875,19244.427734375,-4638.12109375
3788.61831487,13925.5615234375,20764.435546875,-41542.66015625,-10252.8125,-39505.63671875,-9217.009765625,19274.87109375,-4668.65380859375
3788.618628124,13953.0986328125,20803.953125,-41459.04296875,-10205.5830078125,-39473.984375,-9145.484375,19321.65234375,-4644.06640625
3788.618951223,14001.4228515625,20834.9765625,-41587.56640625,-10209.8076171875,-39466.921875,-9176.642578125,19320.580078125,-4613.3779296875
3788.619145229,14032.5146484375,20838.21875,-41851.83203125,-10261.283203125,-39483.015625,-9278.0302734375,19283.498046875,-4597.150390625
3788.619341058,13965.392578125,20782.853515625,-41848.5234375,-10306.724609375,-39520.65625,-9324.0078125,19239.173828125,-4637.0703125
3788.619535793,13915.48046875,20765.77734375,-41537.0078125,-10256.791015625,-39516.05078125,-9220.1171875,19267.404296875,-4673.951171875
3788.619730893,13948.5166015625,20797.650390625,-41451.7578125,-10203.50390625,-39481.83203125,-9151.162109375,19310.341796875,-4660.1376953125
3788.619925993,13997.9140625,20832.09375,-41581.75390625,-10208.220703125,-39472.0625,-9177.6484375,19309.470703125,-4625.62646484375
3788.620121093,14022.3896484375,20842.912109375,-41851.2734375,-10257.8193359375,-39488.1796875,-9275.236328125,19273.865234375,-4615.5009765625
3788.620360318,13964.498046875,20799.28125,-41841.99609375,-10292.888671875,-39515.37890625,-9313.5029296875,19231.57421875,-4650.6826171875
3788.620699463,13919.2138671875,20783.724609375,-41523.6640625,-10238.9091796875,-39502.9296875,-9210.3271484375,19270.4453125,-4678.15283203125
3788.620928113,13956.33984375,20810.390625,-41439.91015625,-10199.7041015625,-39479.52734375,-9146.84765625,19324.1328125,-4651.15234375
3788.621127953,14006.3408203125,20844.5,-41565.5703125,-10199.1455078125,-39463.50390625,-9168.931640625,19330.548828125,-4622.921875
3788.621329982,14036.6494140625,20865.77734375,-41826.125,-10235.5341796875,-39467.5703125,-9264.8427734375,19290.337890625,-4598.55859375
3788.621529822,13973.70703125,20801.60546875,-41829.30078125,-10284.73046875,-39508.47265625,-9319.0458984375,19236.759765625,-4640.37841796875
3788.621729663,13921.4267578125,20762.9375,-41529.25,-10255.5615234375,-39511.76171875,-9218.5078125,19259.984375,-4685.0595703125
3788.621934244,13947.3095703125,20792.12890625,-41451.51171875,-10215.7080078125,-39490.75,-9158.671875,19298.83203125,-4670.53125
3788.622134084,13997.35546875,20826.505859375,-41577.5078125,-10213.048828125,-39475.73046875,-9181.11328125,19308.822265625,-4626.27490234375
3788.622336478,14026.1669921875,20840.69921875,-41842.0625,-10250.2197265625,-39481.65234375,-9275.728515625,19273.126953125,-4601.3076171875
3789.074685643,13958.955078125,20785.826171875,-41850.0859375,-10302.8134765625,-39521.66015625,-9326.7568359375,19230.681640625,-4642.345703125
3789.075032811,13902.9189453125,20747.40234375,-41548.83203125,-10269.419921875,-39520.5,-9221.123046875,19264.65625,-4682.3330078125
3789.075330019,13939.5537109375,20777.376953125,-41463.8046875,-10224.0458984375,-39490.1015625,-9151.228515625,19310.9453125,-4668.1396484375
3789.075711831,13995.90234375,20815.755859375,-41592.10546875,-10228.0244140625,-39481.8984375,-9180.1748046875,19323.57421875,-4619.6806640625
3789.07612537,14028.3798828125,20834.91015625,-41855.49609375,-10266.1337890625,-39489.7421875,-9273.314453125,19285.77734375,-4599.87744140625
3789.076580481,13963.2021484375,20776.908203125,-41859.85546875,-10300.623046875,-39521.01171875,-9330.04296875,19231.240234375,-4654.3037109375
3789.07697615,13925.0029296875,20754.80078125,-41549.92578125,-10258.4892578125,-39514.0859375,-9225.369140625,19267.8515625,-4679.896484375
3789.077267524,13943.9345703125,20790.810546875,-41461.03125,-10215.9765625,-39487.12890625,-9157.0400390625,19316.712890625,-4657.09765625
3789.077485598,13997.1318359375,20833.345703125,-41574.82421875,-10204.0849609375,-39468.75390625,-9173.625,19321.763671875,-4632.130859375
3789.077676321,14039.197265625,20858.693359375,-41830.1484375,-10235.0654296875,-39473.5390625,-9270.4755859375,19278.9609375,-4617.3564453125
3789.07786668,13967.2470703125,20793.26953125,-41846.734375,-10297.1357421875,-39526.7578125,-9334.6025390625,19222.322265625,-4663.02099609375
3789.078057039,13911.30078125,20753.572265625,-41547.6015625,-10270.6708984375,-39529.10546875,-9232.544921875,19251.111328125,-4690.15576171875
3789.078398737,13941.185546875,20790.787109375,-41457.97265625,-10220.044921875,-39492.26953125,-9156.81640625,19299.748046875,-4671.3134765625
3789.078803159,13992.125,20829.2109375,-41586.71875,-10226.83984375,-39485.71875,-9183.83984375,19305.111328125,-4635.1259765625
3789.079027797,14029.0947265625,20844.521484375,-41845.6171875,-10259.31640625,-39485.80859375,-9274.677734375,19266.2421875,-4627.21337890625
3789.0792528,13966.3984375,20797.068359375,-41843.40625,-10281.958984375,-39506.39453125,-9322.443359375,19221.806640625,-4667.513671875
3789.079447535,13912.552734375,20751.515625,-41540.359375,-10257.796875,-39512.00390625,-9223.693359375,19256.1171875,-4691.56396484375
3789.079643364,13947.01953125,20777.80078125,-41455.33203125,-10221.765625,-39490.48046875,-9155.6767578125,19301.177734375,-4666.3515625
3789.079839194,13985.1962890625,20829.904296875,-41574.69140625,-10211.5283203125,-39473.0,-9177.4248046875,19306.990234375,-4627.1689453125
3789.080034293,14029.02734375,20863.966796875,-41824.83203125,-10230.52734375,-39467.234375,-9262.4287109375,19287.521484375,-4592.0986328125
3789.080346088,13973.953125,20800.154296875,-41836.2734375,-10282.2939453125,-39504.40625,-9311.423828125,19249.568359375,-4633.78466796875
3789.08071696,13916.8447265625,20759.294921875,-41535.80078125,-10254.1083984375,-39508.875,-9213.076171875,19276.12109375,-4668.96630859375
3789.080924459,13944.158203125,20787.255859375,-41451.890625,-10212.04296875,-39484.9140625,-9149.1728515625,19317.115234375,-4654.37060546875
3789.08113451,13992.080078125,20830.88671875,-41577.6875,-10212.6689453125,-39472.46484375,-9173.22265625,19320.490234375,-4625.06787109375
3789.081341279,14034.212890625,20853.41796875,-41837.390625,-10247.4033203125,-39479.125,-9269.8046875,19284.927734375,-4606.5830078125
3789.081547684,13968.521484375,20797.94140625,-41846.66796875,-10288.060546875,-39510.375,-9321.1025390625,19238.236328125,-4641.83154296875
3789.08175263,13909.9599609375,20764.16796875,-41541.85546875,-10252.9013671875,-39505.5234375,-9212.8076171875,19274.556640625,-4662.64111328125
3789.081956846,13945.1640625,20797.828125,-41449.2109375,-10206.5439453125,-39473.16015625,-9132.9228515625,19326.837890625,-4641.58544921875
3789.082189507,14004.3740234375,20837.75,-41567.8515625,-10199.212890625,-39458.51953125,-9155.900390625,19337.076171875,-4617.9599609375
3789.082475046,14036.76171875,20851.65234375,-41832.00390625,-10240.3173828125,-39471.90625,-9264.216796875,19292.259765625,-4603.3642578125
3789.082677074,13967.873046875,20789.9609375,-41848.76953125,-10296.15234375,-39517.19140625,-9326.5556640625,19239.978515625,-4637.58447265625
3789.082878738,13916.9560546875,20757.86328125,-41538.4140625,-10255.4052734375,-39511.359375,-9215.9814453125,19285.3984375,-4657.79052734375
3789.083080767,13952.5400390625,20797.494140625,-41439.484375,-10200.3525390625,-39478.09765625,-9139.60546875,19341.0546875,-4620.5751953125
3789.083284619,14001.3115234375,20837.2578125,-41563.2265625,-10205.404296875,-39465.42578125,-9159.0517578125,19345.12109375,-4595.04931640625
3789.083486283,14032.044921875,20844.857421875,-41828.1171875,-10250.46484375,-39475.125,-9256.572265625,19298.763671875,-4594.49072265625
3789.083687946,13976.12109375,20802.0078125,-41830.3515625,-10279.25390625,-39501.5,-9310.8427734375,19248.3828125,-4634.85791015625
3789.083889246,13919.59375,20763.18359375,-41527.21484375,-10249.9736328125,-39504.16015625,-9211.8017578125,19276.0546875,-4668.56396484375
3789.084090909,13939.93359375,20792.77734375,-41442.703125,-10209.5615234375,-39482.2109375,-9148.703125,19317.25,-4651.37548828125
3789.084322841,13995.5,20842.197265625,-41558.015625,-10193.1552734375,-39461.265625,-9165.01953125,19323.3515625,-4619.5244140625
3789.084525234,14037.7451171875,20860.861328125,-41816.0,-10233.2763671875,-39463.94921875,-9256.6171875,19292.751953125,-4603.20751953125
3789.084726898,13975.830078125,20821.0078125,-41823.4453125,-10264.994140625,-39488.40234375,-9304.94140625,19255.357421875,-4628.39794921875
3789.084928562,13927.8857421875,20783.478515625,-41522.14453125,-10237.2333984375,-39492.0234375,-9203.6884765625,19288.83984375,-4659.9365234375
3789.085132049,13951.9140625,20797.314453125,-41437.0703125,-10206.2314453125,-39474.85546875,-9143.2939453125,19327.75390625,-4654.884765625
3789.085332984,13999.1435546875,20828.25,-41562.0625,-10211.1484375,-39468.77734375,-9170.1162109375,19325.564453125,-4629.87353515625
3789.085534648,14035.6884765625,20843.76171875,-41826.1484375,-10252.4990234375,-39478.859375,-9267.3017578125,19288.28125,-4606.47119140625
3789.085737041,13969.4599609375,20780.662109375,-41852.078125,-10310.0107421875,-39518.578125,-9325.103515625,19239.017578125,-4637.40576171875
3789.085937975,13914.9443359375,20748.38671875,-41550.23828125,-10274.515625,-39518.421875,-9225.4140625,19271.5390625,-4667.20068359375
3789.086147662,13950.6396484375,20794.833984375,-41448.00390625,-10213.607421875,-39482.14453125,-9149.26171875,19321.02734375,-4643.91015625
3789.086352973,13993.1083984375,20829.6796875,-41565.4375,-10199.771484375,-39456.1484375,-9164.3935546875,19323.5078125,-4627.50390625
3789.086556095,14031.4189453125,20852.388671875,-41825.14453125,-10232.896484375,-39457.15625,-9252.4599609375,19293.087890625,-4602.04541015625
3789.086756665,13984.6591796875,20808.53515625,-41839.94140625,-10277.0419921875,-39491.734375,-9308.5849609375,19252.8984375,-4629.67236328125
3789.086957964,13918.431640625,20764.412109375,-41540.08984375,-10253.6171875,-39499.375,-9212.2939453125,19283.9453125,-4654.21435546875
3789.087169474,13944.9853515625,20792.732421875,-41449.9453125,-10217.9658203125,-39479.26171875,-9140.5673828125,19337.791015625,-4623.41357421875
3789.087371867,13980.2119140625,20838.330078125,-41568.61328125,-10210.232421875,-39462.40625,-9156.6826171875,19355.359375,-4595.7646484375
3789.087573896,14021.71875,20872.283203125,-41815.01953125,-10220.9609375,-39447.3203125,-9236.0087890625,19322.435546875,-4580.25244140625
3789.087775195,13975.31640625,20807.126953125,-41840.38671875,-10278.44921875,-39491.41796875,-9299.5546875,19265.05859375,-4613.2880859375
3789.087976494,13916.7099609375,20765.10546875,-41541.05078125,-10253.3935546875,-39500.31640625,-9208.1806640625,19290.359375,-4654.61669921875
3789.088179252,13952.6513671875,20800.35546875,-41439.08203125,-10202.587890625,-39470.765625,-9135.359375,19340.451171875,-4631.81787109375
3789.088382375,14006.36328125,20844.587890625,-41553.8828125,-10188.9755859375,-39451.72265625,-9150.71484375,19348.541015625,-4594.80322265625
3789.088583309,14042.39453125,20879.078125,-41811.53125,-10214.45703125,-39449.93359375,-9240.7919921875,19317.361328125,-4584.72265625
3789.088784244,13978.6025390625,20809.853515625,-41847.671875,-10283.009765625,-39499.2890625,-9307.646484375,19259.91796875,-4622.38525390625
3789.088985178,13918.1630859375,20766.1796875,-41544.671875,-10251.8515625,-39502.10546875,-9213.2099609375,19281.93359375,-4658.55078125
3789.089188301,13949.43359375,20812.357421875,-41437.71875,-10188.505859375,-39467.79296875,-9140.09765625,19322.390625,-4639.03759765625
3789.089389235,14003.7705078125,20841.97265625,-41561.32421875,-10193.7138671875,-39464.28515625,-9171.61328125,19317.875,-4609.3095703125
3789.089589805,14044.4951171875,20855.763671875,-41823.4453125,-10238.88671875,-39474.8359375,-9267.8603515625,19282.201171875,-4596.43505859375
3789.089791469,13968.7001953125,20790.83203125,-41856.59375,-10293.9169921875,-39513.4375,-9325.169921875,19238.01171875,-4633.42724609375
3789.089991309,13914.654296875,20749.9296875,-41553.43359375,-10264.345703125,-39513.2109375,-9217.61328125,19281.62109375,-4663.62451171875
3789.090194432,13947.1083984375,20780.013671875,-41457.8828125,-10217.9658203125,-39483.1953125,-9142.51171875,19328.201171875,-4642.2783203125
3789.09039719,13999.2548828125,20824.517578125,-41573.171875,-10209.7177734375,-39464.77734375,-9166.025390625,19333.677734375,-4613.82470703125
3789.090598489,14038.4599609375,20843.671875,-41831.3125,-10241.9267578125,-39466.453125,-9255.2314453125,19298.517578125,-4589.84130859375
3789.090799423,13971.5615234375,20791.771484375,-41864.19140625,-10295.8388671875,-39507.8046875,-9316.296875,19243.3984375,-4621.15625
3789.091000358,13906.16015625,20750.599609375,-41563.89453125,-10267.720703125,-39513.9296875,-9224.9453125,19272.791015625,-4661.97021484375
3789.091202387,13939.1513671875,20782.830078125,-41461.50390625,-10219.798828125,-39486.34765625,-9151.4072265625,19320.6015625,-4648.1123046875
3789.091403321,13995.6123046875,20832.51953125,-41573.05859375,-10211.640625,-39470.74609375,-9169.7138671875,19327.396484375,-4625.85009765625
