#3758.350508918,14686.50390625,21526.384765625,-40860.91015625,-9702.9814453125,-39486.45703125,-8682.021484375,19867.9296875,-4388.67578125
3758.35069563,14621.125,21461.048828125,-40863.8828125,-9759.3076171875,-39527.29296875,-8727.73046875,19832.748046875,-4410.2001953125
3758.351003779,14559.568359375,21419.69921875,-40566.31640625,-9736.9560546875,-39539.296875,-8633.3837890625,19855.591796875,-4450.14306640625
3758.351385591,14590.5703125,21454.90234375,-40483.97265625,-9694.33203125,-39511.71484375,-8564.6748046875,19901.232421875,-4436.08349609375
3758.351727653,14637.46484375,21498.556640625,-40612.4921875,-9684.0498046875,-39488.73828125,-8585.193359375,19905.61328125,-4393.81640625
3758.351916189,14682.16796875,21515.54296875,-40880.24609375,-9718.404296875,-39494.34765625,-8685.8427734375,19868.263671875,-4380.2939453125
3758.352103995,14617.638671875,21452.890625,-40885.09375,-9763.7783203125,-39531.71875,-8729.943359375,19821.572265625,-4425.28759765625
3758.352291072,14552.6845703125,21410.6015625,-40584.7109375,-9742.767578125,-39541.30859375,-8630.8134765625,19849.466796875,-4469.67822265625
3758.352479608,14580.4677734375,21437.849609375,-40502.078125,-9707.1171875,-39525.4375,-8581.1923828125,19892.962890625,-4446.47705078125
3758.35266632,14636.4365234375,21478.662109375,-40626.12890625,-9698.66796875,-39504.67578125,-8601.107421875,19896.337890625,-4402.66796875
3758.35290591,14686.1689453125,21513.77734375,-40883.0625,-9718.158203125,-39498.640625,-8690.58203125,19863.50390625,-4374.39306640625
3758.353285169,14622.2880859375,21459.552734375,-40891.578125,-9768.2939453125,-39541.17578125,-8746.05859375,19817.75,-4413.75439453125
3758.35364583,14557.6689453125,21420.078125,-40588.890625,-9748.802734375,-39548.9765625,-8644.6044921875,19844.99609375,-4454.54638671875
3758.353864269,14599.623046875,21452.421875,-40491.5703125,-9694.15234375,-39511.0,-8565.5458984375,19895.578125,-4418.6494140625
3758.354053534,14653.1552734375,21501.505859375,-40613.9453125,-9675.4892578125,-39487.23828125,-8587.71875,19899.490234375,-4400.208984375
3758.354242434,14690.1025390625,21520.349609375,-40879.41796875,-9716.548828125,-39494.32421875,-8686.6474609375,19863.63671875,-4384.607421875
3758.354431699,14612.20703125,21449.068359375,-40906.2421875,-9784.8564453125,-39546.31640625,-8750.3505859375,19813.279296875,-4427.54541015625
3758.3546206,14550.046875,21418.669921875,-40603.171875,-9747.953125,-39545.80078125,-8648.1357421875,19842.447265625,-4468.203125
3758.35483138,14594.99609375,21471.17578125,-40499.37109375,-9682.1279296875,-39504.6953125,-8566.0830078125,19896.607421875,-4435.34619140625
3758.355246742,14654.6533203125,21503.25,-40621.74609375,-9680.361328125,-39488.69140625,-8585.796875,19910.888671875,-4401.6845703125
3758.355624543,14686.0576171875,21521.712890625,-40886.390625,-9719.3876953125,-39488.91796875,-8684.94921875,19882.859375,-4379.623046875
3758.355816361,14619.6728515625,21468.470703125,-40898.9296875,-9767.2431640625,-39524.45703125,-8741.4091796875,19836.7265625,-4428.9755859375
3758.35600672,14562.98828125,21423.41015625,-40583.52734375,-9736.375,-39529.59765625,-8642.5478515625,19854.630859375,-4458.7705078125
3758.356196714,14592.873046875,21447.9296875,-40469.15234375,-9694.64453125,-39510.41796875,-8582.33203125,19887.375,-4422.8740234375
3758.356386708,14638.3134765625,21487.24609375,-40558.11328125,-9681.6806640625,-39494.953125,-8614.0712890625,19880.53515625,-4404.76904296875
3758.356577432,14678.8603515625,21521.17578125,-40813.16796875,-9706.669921875,-39487.23828125,-8705.490234375,19851.8359375,-4379.0869140625
3758.356767791,14623.0703125,21456.625,-40862.09765625,-9771.6240234375,-39534.515625,-8770.265625,19809.904296875,-4421.2421875
3758.357152885,14562.0947265625,21418.0234375,-40577.9609375,-9740.2646484375,-39539.74609375,-8669.6162109375,19837.822265625,-4460.759765625
3758.357555848,14588.3134765625,21451.55078125,-40494.90234375,-9695.9404296875,-39510.328125,-8598.8056640625,19882.546875,-4438.654296875
3758.357929273,14630.87109375,21478.86328125,-40632.36328125,-9694.2197265625,-39499.9375,-8627.21484375,19880.646484375,-4413.642578125
3758.358119267,14675.060546875,21504.591796875,-40900.25,-9727.7470703125,-39504.3828125,-8722.5224609375,19853.9140625,-4383.98193359375
3758.358308532,14616.23046875,21452.646484375,-40929.9765625,-9778.59765625,-39540.32421875,-8778.4462890625,19807.9375,-4422.71728515625
3758.358514937,14556.126953125,21420.638671875,-40632.02734375,-9742.90234375,-39538.0234375,-8672.2978515625,19843.72265625,-4460.67041015625
3758.358709307,14586.546875,21468.716796875,-40544.65625,-9690.9345703125,-39506.640625,-8597.3076171875,19896.875,-4442.5654296875
3758.358935039,14643.7001953125,21513.666015625,-40680.51171875,-9689.5263671875,-39490.50390625,-8623.4814453125,19903.736328125,-4407.25
3758.35921292,14677.33984375,21517.845703125,-40954.56640625,-9730.541015625,-39495.0390625,-8720.734375,19871.595703125,-4382.88671875
3758.359493353,14614.5537109375,21463.396484375,-40987.64453125,-9776.02734375,-39533.375,-8783.1181640625,19812.09375,-4417.5986328125
3758.359688088,14557.8701171875,21419.720703125,-40687.91015625,-9742.052734375,-39537.0625,-8676.58984375,19844.90625,-4445.67236328125
3758.35992002,14591.8447265625,21451.1484375,-40585.4921875,-9695.6953125,-39504.2734375,-8596.01171875,19898.640625,-4424.818359375
3758.360115119,14640.6162109375,21483.669921875,-40709.1875,-9701.1484375,-39497.05078125,-8623.392578125,19899.84765625,-4402.93603515625
3758.36030949,14677.4072265625,21508.97265625,-40977.7421875,-9737.0908203125,-39503.109375,-8716.0625,19861.9609375,-4388.92138671875
3758.36050386,14616.07421875,21463.84375,-41016.30078125,-9780.7431640625,-39539.72265625,-8777.5751953125,19813.16796875,-4416.2578125
3758.36069896,14547.1630859375,21421.8671875,-40727.5390625,-9756.8046875,-39548.5078125,-8678.310546875,19843.119140625,-4452.28857421875
3758.360995803,14574.96875,21443.771484375,-40636.61328125,-9712.97265625,-39522.17578125,-8601.3759765625,19890.2578125,-4423.32080078125
3758.361265661,14622.0869140625,21474.1484375,-40769.06640625,-9711.36328125,-39507.625,-8624.5322265625,19894.505859375,-4407.7861328125
3758.361459667,14656.8212890625,21497.259765625,-41045.671875,-9758.32421875,-39513.99609375,-8721.3828125,19865.158203125,-4399.76220703125
3758.361654766,14600.5615234375,21453.40625,-41086.4609375,-9800.1220703125,-39543.34375,-8776.8369140625,19820.54296875,-4426.830078125
3758.361882322,14546.3369140625,21413.484375,-40783.015625,-9762.638671875,-39546.96484375,-8677.4609375,19847.298828125,-4450.8359375
3758.362078151,14564.9111328125,21435.591796875,-40677.8046875,-9728.7529296875,-39528.0078125,-8598.626953125,19895.64453125,-4427.32177734375
3758.362272886,14618.9794921875,21479.19921875,-40780.69140625,-9713.3974609375,-39504.18359375,-8607.544921875,19908.38671875,-4394.91162109375
3758.36246835,14670.880859375,21507.5859375,-41026.11328125,-9731.94921875,-39498.90625,-8700.39453125,19876.892578125,-4368.78271484375
3758.362662356,14604.919921875,21438.51953125,-41077.296875,-9799.2509765625,-39550.98828125,-8773.23828125,19811.2890625,-4424.30419921875
3758.362904134,14539.5634765625,21395.513671875,-40775.88671875,-9779.08984375,-39564.1953125,-8684.0107421875,19830.087890625,-4462.54833984375
3758.363143724,14563.1005859375,21427.923828125,-40663.34375,-9736.576171875,-39537.6875,-8605.4443359375,19872.220703125,-4447.08056640625
3758.363338824,14616.3193359375,21467.0625,-40768.1953125,-9725.7353515625,-39517.8828125,-8623.794921875,19879.396484375,-4414.33544921875
3758.363533923,14661.73828125,21498.66796875,-41012.74609375,-9743.259765625,-39511.87109375,-8713.4033203125,19850.94140625,-4394.57666015625
3758.363759291,14604.4736328125,21458.859375,-41044.21875,-9780.8330078125,-39540.81640625,-8773.529296875,19803.33203125,-4422.51611328125
3758.364037901,14533.3720703125,21416.14453125,-40737.1484375,-9759.46484375,-39551.61328125,-8679.4287109375,19834.333984375,-4463.77734375
3758.364232271,14567.5927734375,21445.783203125,-40614.1484375,-9713.0400390625,-39528.2109375,-8602.60546875,19885.162109375,-4447.68408203125
3758.364426277,14625.0146484375,21482.10546875,-40714.9765625,-9704.61328125,-39510.77734375,-8621.8720703125,19876.021484375,-4425.8466796875
3758.364621012,14669.9638671875,21510.0,-40957.828125,-9734.095703125,-39508.62890625,-8709.7822265625,19849.310546875,-4401.97509765625
3758.364884305,14613.705078125,21459.08203125,-40995.46875,-9782.5537109375,-39546.80859375,-8774.2216796875,19804.2265625,-4432.060546875
3758.365127542,14552.6845703125,21415.162109375,-40686.79296875,-9758.4140625,-39556.57421875,-8683.18359375,19825.125,-4463.28564453125
3758.36532483,14576.6005859375,21445.89453125,-40556.61328125,-9704.5458984375,-39523.5390625,-8596.7490234375,19879.931640625,-4448.623046875
3758.365522117,14626.5341796875,21482.955078125,-40649.8671875,-9702.6240234375,-39510.328125,-8616.75390625,19887.197265625,-4411.5859375
3758.365719405,14665.9853515625,21499.96484375,-40888.6484375,-9737.2021484375,-39514.62109375,-8715.90625,19846.76171875,-4385.0546875
3758.365944408,14608.384765625,21446.7890625,-40924.94921875,-9785.7275390625,-39549.51171875,-8783.9892578125,19790.435546875,-4425.466796875
3758.366140967,14550.8291015625,21406.466796875,-40610.3046875,-9755.306640625,-39550.5625,-8684.94921875,19819.134765625,-4476.85302734375
3758.36633789,14576.779296875,21437.513671875,-40480.6875,-9703.16015625,-39519.8046875,-8600.99609375,19871.908203125,-4448.75732421875
3758.366533354,14623.337890625,21480.853515625,-40580.21875,-9694.15234375,-39503.46875,-8613.8486328125,19886.234375,-4406.28857421875
3758.366728819,14673.5400390625,21512.615234375,-40822.53125,-9716.9072265625,-39498.08203125,-8696.7509765625,19867.03515625,-4389.591796875
3758.366956009,14633.9326171875,21458.435546875,-40877.85546875,-9775.892578125,-39540.6171875,-8765.37109375,19814.77734375,-4424.50537109375
3758.367152933,14566.8330078125,21409.23828125,-40579.66015625,-9760.9619140625,-39553.51171875,-8671.671875,19830.580078125,-4458.837890625
3758.367349491,14588.08984375,21446.4765625,-40443.08984375,-9693.52734375,-39515.1796875,-8581.3935546875,19878.880859375,-4437.08935546875
3758.367616067,14630.580078125,21487.0234375,-40538.28515625,-9678.529296875,-39497.6328125,-8598.2470703125,19887.599609375,-4402.6455078125
3758.367874619,14669.8076171875,21515.8125,-40791.33203125,-9713.4423828125,-39499.77734375,-8690.291015625,19864.732421875,-4376.38232421875
3758.368076283,14620.119140625,21458.994140625,-40858.16015625,-9772.80859375,-39538.71484375,-8758.53125,19814.3515625,-4418.0234375
3758.368278312,14550.962890625,21422.046875,-40562.71484375,-9742.25390625,-39539.4765625,-8659.1103515625,19836.681640625,-4460.9833984375
3758.368479976,14567.9501953125,21439.4140625,-40448.96875,-9702.6015625,-39520.8359375,-8582.779296875,19884.3125,-4449.6064453125
3758.368682004,14614.0400390625,21462.14453125,-40561.3984375,-9708.3681640625,-39514.57421875,-8601.197265625,19885.69921875,-4425.466796875
3758.368885856,14662.2529296875,21499.96484375,-40807.3125,-9726.5625,-39511.828125,-8695.07421875,19857.892578125,-4401.9970703125
3758.369086061,14610.8662109375,21442.900390625,-40878.43359375,-9781.0341796875,-39551.5234375,-8771.62890625,19792.71484375,-4440.15185546875
3758.369286996,14561.5361328125,21415.02734375,-40578.23046875,-9750.8818359375,-39545.0859375,-8665.7041015625,19832.79296875,-4453.94287109375
3758.36948793,14586.63671875,21444.107421875,-40457.70703125,-9703.9873046875,-39519.24609375,-8582.0419921875,19885.609375,-4437.8046875
3758.3696885,14643.09765625,21478.640625,-40563.41015625,-9695.046875,-39505.8125,-8603.0966796875,19888.76171875,-4404.27734375
3758.370019623,14684.5595703125,21501.55078125,-40821.34765625,-9723.58984375,-39505.5703125,-8689.62109375,19861.40234375,-4380.2939453125
3758.370357309,14625.998046875,21442.2734375,-40910.48828125,-9795.205078125,-39559.68359375,-8778.625,19802.595703125,-4424.10302734375
3758.370586688,14558.4287109375,21393.681640625,-40628.69921875,-9778.59765625,-39570.140625,-8690.4033203125,19829.41796875,-4445.8515625
3758.370789081,14583.8876953125,21442.990234375,-40500.2890625,-9717.7119140625,-39534.91796875,-8601.7109375,19871.505859375,-4435.90478515625
3758.370989651,14625.7080078125,21474.21484375,-40608.60546875,-9720.818359375,-39531.765625,-8628.2431640625,19865.849609375,-4415.005859375
3758.371191315,14672.4677734375,21496.767578125,-40854.36328125,-9740.2197265625,-39522.1328125,-8709.1787109375,19844.080078125,-4385.79248046875
3758.37139225,14625.4619140625,21460.603515625,-40922.265625,-9780.4970703125,-39547.3203125,-8771.8525390625,19800.3828125,-4420.88427734375
3758.37160303,14549.533203125,21411.517578125,-40634.734375,-9761.275390625,-39555.97265625,-8681.3505859375,19825.193359375,-4449.830078125
3758.371975361,14575.4384765625,21440.306640625,-40503.68359375,-9710.89453125,-39525.23828125,-8587.6748046875,19886.19140625,-4433.28955078125
3758.372267463,14625.9306640625,21478.86328125,-40605.609375,-9703.6298828125,-39512.20703125,-8608.998046875,19893.365234375,-4407.33935546875
3758.372465116,14674.9482421875,21501.216796875,-40858.7890625,-9733.8271484375,-39514.77734375,-8706.0263671875,19853.580078125,-4387.2451171875
3758.372660945,14627.09375,21455.908203125,-40937.12890625,-9783.626953125,-39544.86328125,-8773.126953125,19809.255859375,-4410.6025390625
3758.372888501,14556.998046875,21412.724609375,-40650.4921875,-9765.56640625,-39549.35546875,-8673.013671875,19838.626953125,-4453.65234375
3758.373085059,14580.2890625,21433.177734375,-40522.796875,-9727.0322265625,-39527.31640625,-8599.3642578125,19885.630859375,-4429.0205078125
3758.373282711,14638.2470703125,21472.158203125,-40612.08984375,-9700.9033203125,-39499.19921875,-8609.66796875,19890.884765625,-4391.15673828125
3758.373478541,14682.2353515625,21508.390625,-40860.0390625,-9716.59375,-39492.37890625,-8696.9970703125,19865.24609375,-4366.0107421875
3758.825854691,14625.1044921875,21478.775390625,-40954.4765625,-9776.2734375,-39532.48046875,-8775.00390625,19810.396484375,-4412.72607421875
3758.826068025,14547.4990234375,21421.041015625,-40687.70703125,-9771.3330078125,-39552.53125,-8693.95703125,19827.40625,-4457.13916015625
3758.826263125,14571.7060546875,21426.29296875,-40566.47265625,-9731.3017578125,-39527.98828125,-8601.1298828125,19881.408203125,-4439.10107421875
3758.826492868,14629.8427734375,21463.798828125,-40664.55078125,-9710.9169921875,-39502.41796875,-8611.255859375,19903.9609375,-4395.38134765625
3758.826765278,14683.822265625,21503.361328125,-40914.95703125,-9723.6123046875,-39490.16796875,-8691.9453125,19892.001953125,-4361.0712890625
3758.826957096,14627.8759765625,21462.123046875,-41017.23828125,-9784.498046875,-39529.37109375,-8767.29296875,19836.748046875,-4399.8740234375
3758.827148914,14548.6611328125,21408.232421875,-40746.46875,-9774.373046875,-39547.6328125,-8687.6533203125,19846.5390625,-4445.404296875
3758.827341096,14571.728515625,21430.29296875,-40620.5390625,-9731.8603515625,-39527.40625,-8611.27734375,19895.041015625,-4418.53759765625
3758.827618612,14628.0546875,21469.095703125,-40720.4296875,-9718.248046875,-39508.16015625,-8620.6650390625,19902.126953125,-4387.8037109375
3758.828040173,14683.486328125,21509.91015625,-40967.05859375,-9730.4296875,-39495.5546875,-8699.6787109375,19876.53515625,-4361.31689453125
3758.828467569,14625.640625,21466.861328125,-41060.46875,-9778.84375,-39524.76953125,-8773.796875,19819.76171875,-4393.2578125
3758.828887307,14544.4365234375,21406.35546875,-40789.7890625,-9777.0556640625,-39547.546875,-8696.2587890625,19830.580078125,-4438.76611328125
3758.829188527,14574.0078125,21442.318359375,-40641.796875,-9709.3740234375,-39506.75390625,-8594.40234375,19897.92578125,-4413.44140625
3758.82938545,14629.7529296875,21488.23046875,-40734.06640625,-9686.6650390625,-39482.12109375,-8595.5419921875,19918.958984375,-4400.92431640625
3758.829625769,14686.34765625,21533.3125,-40978.59375,-9705.060546875,-39471.86328125,-8669.705078125,19895.443359375,-4372.78369140625
3758.829816857,14641.4208984375,21486.3515625,-41084.203125,-9765.2763671875,-39514.890625,-8755.625,19835.67578125,-4396.6103515625
3758.830007946,14567.369140625,21429.421875,-40817.50390625,-9768.9638671875,-39543.23046875,-8688.1005859375,19846.427734375,-4442.16357421875
3758.830199034,14578.8134765625,21448.353515625,-40682.27734375,-9719.923828125,-39512.296875,-8597.1064453125,19902.060546875,-4428.2158203125
3758.830393404,14619.1806640625,21487.89453125,-40778.8125,-9703.607421875,-39487.95703125,-8598.7607421875,19916.1640625,-4399.046875
3758.830755524,14669.6513671875,21519.431640625,-41024.14453125,-9717.287109375,-39481.36328125,-8690.0009765625,19885.630859375,-4373.58837890625
3758.831157758,14624.880859375,21462.658203125,-41131.16796875,-9784.7666015625,-39521.2578125,-8772.791015625,19834.24609375,-4391.849609375
3758.831467729,14548.9296875,21406.7578125,-40858.02734375,-9779.08984375,-39539.1640625,-8691.2744140625,19842.068359375,-4435.0556640625
3758.831673769,14570.2080078125,21434.517578125,-40707.15234375,-9712.302734375,-39502.6640625,-8598.8056640625,19888.873046875,-4431.94873046875
3758.831863399,14622.3994140625,21478.484375,-40791.46484375,-9692.7001953125,-39479.03515625,-8599.1630859375,19900.8984375,-4397.4150390625
3758.832053029,14671.2607421875,21511.005859375,-41037.6015625,-9720.86328125,-39475.01171875,-8677.4384765625,19878.14453125,-4372.96240234375
3758.832243023,14620.9462890625,21454.8359375,-41147.2578125,-9793.6181640625,-39523.8515625,-8762.8896484375,19823.560546875,-4412.6591796875
3758.832465473,14548.34765625,21397.705078125,-40864.0625,-9789.4833984375,-39543.54296875,-8677.0810546875,19847.701171875,-4448.578125
3758.832804619,14572.95703125,21447.458984375,-40691.8203125,-9705.8203125,-39497.4765625,-8578.6884765625,19905.771484375,-4429.28857421875
3758.833110214,14625.5732421875,21494.3984375,-40770.6328125,-9685.8828125,-39480.421875,-8592.63671875,19911.91796875,-4405.037109375
3758.833300208,14681.720703125,21526.98828125,-41009.7734375,-9717.8681640625,-39484.625,-8684.9716796875,19891.890625,-4374.39306640625
3758.833551468,14631.6982421875,21474.68359375,-41114.515625,-9779.0224609375,-39525.57421875,-8772.3671875,19837.6875,-4405.52880859375
3758.833742191,14548.392578125,21422.537109375,-40828.8125,-9767.7568359375,-39539.765625,-8689.8662109375,19837.5078125,-4441.47021484375
3758.83393255,14570.185546875,21440.0390625,-40675.2578125,-9725.3779296875,-39518.93359375,-8604.7958984375,19889.38671875,-4424.70654296875
3758.834122909,14618.845703125,21469.208984375,-40762.9453125,-9717.3310546875,-39502.4375,-8614.8984375,19897.43359375,-4399.2255859375
3758.834312904,14671.8193359375,21523.857421875,-40990.57421875,-9710.1787109375,-39478.3203125,-8687.2509765625,19869.494140625,-4376.0693359375
3758.834611206,14634.9833984375,21482.216796875,-41099.31640625,-9769.142578125,-39514.91015625,-8770.9140625,19818.5546875,-4410.31201171875
3758.835014169,14560.373046875,21422.4921875,-40820.34375,-9759.173828125,-39530.71484375,-8689.12890625,19825.728515625,-4459.88818359375
3758.835382853,14575.1474609375,21441.87109375,-40665.4453125,-9713.0849609375,-39509.61328125,-8603.275390625,19881.072265625,-4447.5947265625
3758.835616243,14617.0126953125,21479.087890625,-40751.609375,-9703.8759765625,-39496.73828125,-8614.4072265625,19897.947265625,-4408.6806640625
3758.835806967,14664.8681640625,21509.6875,-40994.015625,-9727.009765625,-39492.78125,-8698.0029296875,19875.9765625,-4374.6611328125
3758.835996596,14624.03125,21461.98828125,-41110.87109375,-9786.6884765625,-39528.79296875,-8780.3466796875,19826.17578125,-4395.38134765625
3758.836186955,14541.4638671875,21391.603515625,-40842.0703125,-9791.9189453125,-39555.390625,-8706.943359375,19837.462890625,-4445.87353515625
3758.836379502,14553.220703125,21412.390625,-40688.64453125,-9752.87109375,-39532.81640625,-8609.310546875,19889.341796875,-4445.67236328125
3758.836569861,14616.9677734375,21465.296875,-40757.3125,-9713.0849609375,-39496.44921875,-8602.0908203125,19909.99609375,-4399.78466796875
3758.836759856,14670.3662109375,21504.345703125,-40989.94921875,-9719.0302734375,-39481.49609375,-8676.298828125,19888.515625,-4370.36962890625
3758.836949121,14621.9970703125,21460.087890625,-41107.18359375,-9778.552734375,-39517.63671875,-8763.1806640625,19830.826171875,-4398.73388671875
3758.83713875,14540.2568359375,21403.203125,-40827.62890625,-9771.7353515625,-39536.68359375,-8687.6533203125,19847.09765625,-4440.21875
3758.837329474,14549.6220703125,21425.623046875,-40666.4296875,-9719.90234375,-39513.76953125,-8595.9443359375,19889.029296875,-4436.95556640625
3758.837631423,14607.37890625,21470.638671875,-40741.640625,-9701.4169921875,-39490.32421875,-8594.9384765625,19897.970703125,-4419.56591796875
3758.837994272,14663.794921875,21499.650390625,-40981.74609375,-9728.8876953125,-39491.7109375,-8682.2001953125,19871.349609375,-4385.12158203125
3758.838389577,14620.455078125,21463.12890625,-41102.421875,-9789.4384765625,-39535.23046875,-8783.251953125,19817.212890625,-4413.68701171875
3758.83875352,14542.291015625,21411.517578125,-40817.7265625,-9780.20703125,-39554.5859375,-8710.564453125,19823.494140625,-4455.73095703125
3758.839093395,14561.1337890625,21439.4140625,-40634.84375,-9713.8447265625,-39517.68359375,-8608.3046875,19873.896484375,-4444.041015625
3758.839289224,14618.2646484375,21485.14453125,-40708.78515625,-9697.013671875,-39497.65625,-8611.658203125,19884.89453125,-4419.587890625
3758.839517144,14674.9482421875,21519.431640625,-40947.30078125,-9713.8447265625,-39490.7734375,-8696.638671875,19860.642578125,-4389.4130859375
3758.839711879,14627.0712890625,21471.666015625,-41074.32421875,-9771.109375,-39524.34375,-8786.626953125,19808.517578125,-4406.4228515625
3758.839906979,14541.240234375,21405.05859375,-40802.328125,-9768.181640625,-39544.16796875,-8710.3408203125,19819.26953125,-4464.31396484375
3758.840102443,14559.4345703125,21429.04296875,-40626.171875,-9711.3857421875,-39513.703125,-8604.6171875,19882.345703125,-4438.0283203125
3758.840298272,14604.9423828125,21470.169921875,-40707.1328125,-9695.046875,-39487.30859375,-8598.7158203125,19900.0703125,-4402.15380859375
3758.840598762,14654.2734375,21494.734375,-40959.796875,-9723.880859375,-39485.16015625,-8679.0927734375,19875.8203125,-4374.54931640625
3758.840875549,14617.1240234375,21453.5625,-41098.30859375,-9786.9345703125,-39526.625,-8783.8330078125,19832.189453125,-4405.32763671875
3758.841066273,14540.9716796875,21400.296875,-40824.140625,-9775.177734375,-39541.15234375,-8711.7939453125,19838.513671875,-4454.4345703125
3758.841255902,14552.9521484375,21421.419921875,-40661.66796875,-9732.3515625,-39521.75,-8621.0458984375,19878.61328125,-4451.50634765625
3758.841491845,14598.908203125,21459.10546875,-40748.70703125,-9719.298828125,-39508.71875,-8627.1474609375,19885.095703125,-4428.10400390625
3758.841682569,14652.5517578125,21500.8359375,-40990.8203125,-9732.486328125,-39499.64453125,-8707.0546875,19865.537109375,-4383.78076171875
3758.841872928,14625.0146484375,21471.2421875,-41127.6796875,-9789.169921875,-39534.04296875,-8801.55859375,19809.5234375,-4403.15966796875
3758.842062558,14550.8291015625,21416.16796875,-40850.09375,-9775.6474609375,-39543.6796875,-8718.3876953125,19825.169921875,-4449.6513671875
3758.842253281,14565.8271484375,21439.14453125,-40675.97265625,-9725.3330078125,-39514.6640625,-8614.8544921875,19876.66796875,-4442.0068359375
3758.842554501,14602.640625,21462.8828125,-40768.21875,-9729.6923828125,-39510.015625,-8626.9912109375,19884.8046875,-4418.0458984375
3758.842970592,14649.35546875,21478.39453125,-41022.625,-9762.6611328125,-39512.09375,-8711.9052734375,19858.720703125,-4396.96826171875
3758.843375014,14618.7783203125,21455.1484375,-41153.51953125,-9800.390625,-39531.65234375,-8794.4951171875,19804.048828125,-4417.08447265625
3758.843655082,14542.89453125,21413.060546875,-40862.9453125,-9773.61328125,-39538.37890625,-8716.9345703125,19823.8515625,-4458.591796875
3758.84384617,14567.4814453125,21436.685546875,-40667.65625,-9708.9052734375,-39504.7421875,-8602.046875,19895.01953125,-4438.69873046875
3758.844036529,14613.81640625,21475.2421875,-40740.34765625,-9695.158203125,-39488.828125,-8598.0009765625,19919.806640625,-4401.52783203125
3758.844226159,14654.18359375,21510.669921875,-40986.19140625,-9723.03125,-39490.30078125,-8680.9033203125,19896.8515625,-4359.93115234375
3758.844448245,14624.1201171875,21485.189453125,-41119.7890625,-9768.7177734375,-39511.9375,-8764.87890625,19843.923828125,-4392.31884765625
3758.844638968,14544.5263671875,21418.46875,-40848.37109375,-9766.1025390625,-39533.15234375,-8695.3203125,19844.572265625,-4443.638671875
3758.844828598,14555.8583984375,21433.087890625,-40668.6875,-9721.1982421875,-39510.84375,-8591.4296875,19900.18359375,-4431.68017578125
3758.845020051,14607.4912109375,21477.9921875,-40738.625,-9698.064453125,-39487.3515625,-8588.658203125,19915.203125,-4394.0625
3758.845211139,14655.79296875,21520.259765625,-40981.38671875,-9715.5654296875,-39478.8125,-8663.8046875,19896.31640625,-4358.4111328125
3758.845435778,14621.6171875,21474.37109375,-41136.53125,-9785.34765625,-39517.4140625,-8759.447265625,19840.66015625,-4381.634765625
3758.845793886,14540.4580078125,21407.583984375,-40871.88671875,-9780.5869140625,-39537.15234375,-8684.7705078125,19857.625,-4419.90087890625
3758.846176427,14556.9755859375,21429.82421875,-40691.28515625,-9721.98046875,-39503.734375,-8569.033203125,19922.712890625,-4410.93798828125
3758.846563345,14601.5673828125,21460.87109375,-40787.375,-9716.8173828125,-39495.421875,-8583.896484375,19926.84765625,-4403.673828125
3758.846919994,14648.08203125,21492.275390625,-41046.87890625,-9737.58203125,-39487.62109375,-8671.9404296875,19899.736328125,-4363.95458984375
3758.847263516,14617.236328125,21460.0,-41207.80859375,-9793.4619140625,-39515.40234375,-8766.443359375,19842.806640625,-4378.818359375
3758.847457157,14532.1650390625,21394.375,-40956.7109375,-9801.4853515625,-39541.82421875,-8700.1259765625,19850.763671875,-4435.30126953125
3758.847647151,14542.537109375,21414.669921875,-40775.34765625,-9744.66796875,-39514.59765625,-8595.05078125,19904.138671875,-4429.19921875
3758.847837146,14597.9462890625,21465.833984375,-40848.4375,-9716.5263671875,-39491.0859375,-8598.984375,19915.3828125,-4398.3984375
3758.84802714,14648.640625,21499.5625,-41093.48046875,-9740.6669921875,-39490.14453125,-8685.91015625,19881.51953125,-4371.2861328125
3758.84821677,14622.4443359375,21463.5078125,-41242.07421875,-9801.396484375,-39524.6796875,-8786.4482421875,19820.029296875,-4388.8544921875
3758.848453077,14537.9765625,21398.755859375,-40967.10546875,-9801.0615234375,-39548.484375,-8716.599609375,19825.080078125,-4444.08544921875
3758.848732052,14543.1845703125,21408.814453125,-40768.59765625,-9748.109375,-39523.80859375,-8609.244140625,19881.51953125,-4437.69287109375
3758.848986958,14589.69921875,21440.978515625,-40845.51171875,-9747.7294921875,-39520.25390625,-8625.44921875,19890.728515625,-4417.17431640625
3758.849182787,14645.8916015625,21491.1796875,-41080.96484375,-9758.5029296875,-39508.3828125,-8703.5009765625,19871.68359375,-4382.8642578125
3758.849381533,14615.6494140625,21477.2109375,-41218.3359375,-9783.537109375,-39518.01953125,-8790.203125,19817.5703125,-4398.845703125
3758.849576998,14534.1767578125,21399.42578125,-40952.3515625,-9799.2060546875,-39547.1875,-8719.9072265625,19826.400390625,-4449.0478515625
3758.849772097,14553.712890625,21420.7265625,-40744.234375,-9737.470703125,-39516.05078125,-8611.4345703125,19892.91796875,-4437.76025390625
3758.849967562,14593.6552734375,21469.56640625,-40808.296875,-9712.9501953125,-39494.390625,-8611.1435546875,19905.814453125,-4417.3974609375
3758.850163026,14650.205078125,21504.6796875,-41045.76171875,-9735.2578125,-39485.2265625,-8684.904296875,19883.955078125,-4375.0185546875
3758.85037636,14632.8828125,21471.30859375,-41197.75,-9783.380859375,-39505.8359375,-8781.93359375,19831.09375,-4387.625
3758.850614126,14550.1806640625,21415.453125,-40928.94921875,-9778.642578125,-39525.99609375,-8717.9853515625,19833.6640625,-4434.67529296875
3758.85081032,14553.7568359375,21428.86328125,-40726.2421875,-9725.3779296875,-39504.4296875,-8611.076171875,19888.08984375,-4423.208984375
3758.851143995,14596.4267578125,21469.029296875,-40792.984375,-9711.6318359375,-39490.703125,-8612.1943359375,19908.85546875,-4374.2138671875
3758.851510491,14652.57421875,21504.5234375,-41038.00390625,-9735.16796875,-39488.73828125,-8699.25390625,19886.81640625,-4345.98388671875
3758.851817545,14622.4892578125,21466.75,-41206.19921875,-9795.6748046875,-39519.0234375,-8797.6689453125,19834.0,-4381.076171875
3758.85201228,14531.3828125,21402.98046875,-40942.62890625,-9790.869140625,-39537.2421875,-8729.8310546875,19835.408203125,-4433.11083984375
3758.852207745,14539.7431640625,21421.12890625,-40739.765625,-9736.4873046875,-39514.15234375,-8625.716796875,19885.51953125,-4435.0107421875
3758.85240722,14597.208984375,21455.216796875,-40809.92578125,-9720.572265625,-39494.6171875,-8625.76171875,19900.7421875,-4408.16650390625
3758.852602685,14653.1328125,21486.978515625,-41059.75390625,-9745.740234375,-39494.4375,-8716.912109375,19871.125,-4380.4052734375
3758.852797785,14621.0361328125,21453.2265625,-41233.046875,-9811.119140625,-39534.06640625,-8826.123046875,19797.923828125,-4401.662109375
3758.85299252,14530.3330078125,21383.33203125,-40962.0078125,-9812.9072265625,-39560.1953125,-8764.4541015625,19803.890625,-4452.89208984375
3758.853188349,14543.0732421875,21401.03515625,-40738.37890625,-9753.072265625,-39531.609375,-8646.705078125,19873.763671875,-4438.654296875
3758.85341007,14599.109375,21450.388671875,-40788.828125,-9721.17578125,-39503.421875,-8634.880859375,19888.380859375,-4413.93310546875
3758.853707278,14649.7578125,21488.318359375,-41021.6640625,-9734.162109375,-39496.8515625,-8716.8671875,19858.5859375,-4391.31298828125
3758.853987711,14617.7060546875,21453.47265625,-41188.9453125,-9799.228515625,-39534.0,-8820.7138671875,19795.28515625,-4414.0
3758.854183175,14532.076171875,21393.390625,-40914.421875,-9799.7646484375,-39558.54296875,-8749.3896484375,19803.6015625,-4459.1953125
3758.854411095,14538.4912109375,21409.751953125,-40690.8359375,-9742.25390625,-39531.25,-8630.74609375,19864.28515625,-4458.8154296875
3758.854607289,14576.8017578125,21434.919921875,-40749.28515625,-9735.2353515625,-39516.67578125,-8628.533203125,19877.943359375,-4433.13330078125
3758.854802024,14632.6591796875,21477.076171875,-40976.515625,-9750.322265625,-39508.3828125,-8706.49609375,19858.4296875,-4393.8837890625
3759.305846391,14612.1396484375,21468.515625,-41127.07421875,-9792.6123046875,-39531.16015625,-8797.4453125,19810.015625,-4411.2060546875
3759.30607103,14528.34375,21408.74609375,-40837.3515625,-9779.71484375,-39546.40625,-8719.8173828125,19816.498046875,-4459.30712890625
3759.3062654,14539.8994140625,21421.5546875,-40590.90234375,-9719.3876953125,-39520.20703125,-8592.6142578125,19879.373046875,-4452.73583984375
3759.306457218,14593.4765625,21460.84765625,-40623.51171875,-9701.8642578125,-39502.28125,-8575.224609375,19905.279296875,-4414.0673828125
3759.30666654,14655.837890625,21498.130859375,-40838.9609375,-9715.4765625,-39487.8203125,-8645.8115234375,19889.41015625,-4370.79443359375
3759.307102688,14631.67578125,21468.560546875,-41018.06640625,-9775.580078125,-39519.40234375,-8755.46875,19824.142578125,-4402.869140625
3759.307527167,14546.2021484375,21401.146484375,-40770.7890625,-9781.1455078125,-39549.48828125,-8704.3056640625,19822.263671875,-4455.57421875
3759.307794107,14550.203125,21408.61328125,-40553.59765625,-9735.3466796875,-39530.37890625,-8592.14453125,19887.419921875,-4439.1904296875
3759.30805193,14593.9013671875,21455.998046875,-40604.46875,-9701.5732421875,-39493.05078125,-8570.1279296875,19904.36328125,-4399.046875
3759.308243383,14651.0322265625,21511.05078125,-40838.26953125,-9695.7177734375,-39471.9296875,-8648.26953125,19892.8515625,-4364.35693359375
3759.308435566,14633.150390625,21496.142578125,-41027.5,-9755.2177734375,-39498.52734375,-8749.7919921875,19852.685546875,-4380.31591796875
3759.308625195,14541.6650390625,21422.314453125,-40780.734375,-9766.8408203125,-39528.234375,-8691.54296875,19842.60546875,-4432.14990234375
3759.308938449,14547.923828125,21431.544921875,-40567.56640625,-9717.64453125,-39511.6015625,-8584.791015625,19891.01953125,-4424.3935546875
3759.309292181,14608.4970703125,21471.01953125,-40632.20703125,-9696.052734375,-39486.30078125,-8581.86328125,19914.935546875,-4384.76416015625
3759.309505879,14661.873046875,21494.755859375,-40882.03515625,-9724.037109375,-39487.23828125,-8673.080078125,19886.50390625,-4356.0869140625
3759.309787771,14625.9755859375,21463.173828125,-41064.82421875,-9782.666015625,-39518.6875,-8778.9384765625,19825.974609375,-4382.8642578125
3759.309979589,14531.8974609375,21396.296875,-40795.9140625,-9785.638671875,-39544.9296875,-8711.771484375,19822.845703125,-4448.15380859375
3759.310170677,14539.67578125,21415.138671875,-40556.546875,-9718.2705078125,-39510.9765625,-8583.875,19882.7265625,-4440.88916015625
3759.310362495,14593.923828125,21454.724609375,-40616.47265625,-9700.947265625,-39493.1640625,-8573.32421875,19900.205078125,-4412.77099609375
3759.310552854,14639.4541015625,21483.916015625,-40871.1484375,-9729.021484375,-39494.8828125,-8657.5234375,19872.310546875,-4385.0322265625
3759.3108796,14616.990234375,21461.384765625,-41071.15234375,-9784.23046875,-39523.25,-8771.5625,19814.3515625,-4401.10302734375
3759.311301891,14536.8369140625,21413.10546875,-40819.47265625,-9777.904296875,-39539.4765625,-8710.474609375,19821.37109375,-4447.75146484375
3759.311713606,14537.3955078125,21410.310546875,-40609.36328125,-9733.7822265625,-39521.484375,-8599.431640625,19877.40625,-4445.67236328125
3759.312003156,14585.83203125,21442.072265625,-40689.1171875,-9724.193359375,-39507.9609375,-8600.5712890625,19889.744140625,-4424.12548828125
3759.31219315,14644.8408203125,21486.93359375,-40944.3515625,-9739.5263671875,-39499.17578125,-8684.1220703125,19869.203125,-4390.798828125
3759.31238278,14627.697265625,21468.693359375,-41149.42578125,-9795.8974609375,-39528.65625,-8796.998046875,19815.916015625,-4395.42578125
3759.312572045,14540.3017578125,21402.265625,-40900.71875,-9795.6298828125,-39550.71875,-8736.3134765625,19815.9609375,-4440.53173828125
3759.312766051,14544.9501953125,21413.57421875,-40665.2421875,-9730.2958984375,-39515.8515625,-8608.4169921875,19878.45703125,-4436.84375
3759.31295641,14592.0009765625,21455.619140625,-40722.12890625,-9705.2841796875,-39489.40625,-8597.12890625,19903.53515625,-4404.8359375
#3803.019505234,13624.4833984375,20434.748046875,-41725.36328125,-10482.0517578125,-39511.6015625,-9424.412109375,19037.8515625,-4745.9013671875
3803.019700334,13664.5380859375,20475.5390625,-41735.9609375,-10453.44140625,-39491.98046875,-9396.3154296875,19065.76953125,-4714.2734375
3803.019895433,13715.767578125,20509.87109375,-41926.1953125,-10467.2998046875,-39483.93359375,-9448.1943359375,19057.455078125,-4685.77490234375
3803.020140129,13711.87890625,20501.220703125,-42159.30078125,-10518.6416015625,-39500.8515625,-9553.560546875,19001.53125,-4699.14111328125
3803.020337781,13632.3515625,20440.46875,-41989.0703125,-10532.56640625,-39529.26171875,-9537.265625,18981.123046875,-4748.8291015625
3803.020533975,13618.3369140625,20439.732421875,-41718.83984375,-10477.0673828125,-39508.49609375,-9418.82421875,19040.154296875,-4741.98974609375
3803.020730169,13670.953125,20482.78125,-41720.828125,-10443.115234375,-39481.5859375,-9382.748046875,19075.044921875,-4708.640625
3803.020928915,13718.6513671875,20524.04296875,-41908.78515625,-10454.1572265625,-39471.8828125,-9430.357421875,19074.107421875,-4675.40380859375
3803.021153189,13719.3447265625,20517.515625,-42147.45703125,-10517.009765625,-39498.484375,-9535.142578125,19020.240234375,-4686.4453125
3803.021349382,13636.6875,20443.21875,-41988.1328125,-10538.4677734375,-39531.54296875,-9525.2626953125,18986.95703125,-4744.93994140625
3803.021545211,13619.2978515625,20444.603515625,-41719.30859375,-10471.970703125,-39506.26171875,-9414.80078125,19036.734375,-4753.14306640625
3803.021755627,13659.240234375,20481.1484375,-41724.40234375,-10439.0693359375,-39480.109375,-9385.765625,19067.4453125,-4724.64453125
3803.021957291,13713.0634765625,20516.017578125,-41910.7734375,-10453.3525390625,-39470.41015625,-9434.6044921875,19064.048828125,-4693.330078125
3803.022157861,13719.5234375,20514.029296875,-42142.4921875,-10499.9775390625,-39487.3515625,-9537.6904296875,19015.455078125,-4697.0849609375
3803.02235916,13641.2021484375,20451.421875,-41978.90234375,-10518.7529296875,-39520.9453125,-9529.6435546875,18990.4453125,-4746.97412109375
3803.022559001,13629.8701171875,20450.4609375,-41712.08984375,-10466.8974609375,-39506.1484375,-9416.275390625,19041.98828125,-4747.7119140625
3803.022758841,13675.6689453125,20495.744140625,-41718.078125,-10432.3193359375,-39479.640625,-9384.40234375,19068.36328125,-4721.2470703125
3803.022958682,13719.2548828125,20521.986328125,-41911.95703125,-10456.01171875,-39477.828125,-9439.25390625,19055.353515625,-4693.732421875
3803.02316144,13718.919921875,20507.859375,-42148.99609375,-10513.7685546875,-39503.55859375,-9549.0224609375,19006.44921875,-4699.38720703125
3803.02336128,13642.23046875,20454.70703125,-41978.6328125,-10516.0712890625,-39527.13671875,-9534.740234375,18981.615234375,-4749.14208984375
3803.023561485,13618.26953125,20451.82421875,-41717.33984375,-10467.634765625,-39510.44140625,-9422.244140625,19031.236328125,-4749.61181640625
3803.023760596,13664.984375,20489.150390625,-41724.47265625,-10443.0029296875,-39485.8984375,-9389.6328125,19060.740234375,-4724.53271484375
3803.023960802,13717.7353515625,20520.98046875,-41910.4609375,-10451.5419921875,-39472.77734375,-9439.3876953125,19056.068359375,-4692.34619140625
3803.024162465,13717.578125,20513.291015625,-42145.6875,-10500.693359375,-39489.7890625,-9543.0546875,19004.638671875,-4701.37646484375
3803.0243634,13631.189453125,20444.8046875,-41984.33203125,-10524.7880859375,-39520.87890625,-9529.107421875,18985.90625,-4741.2744140625
3803.02456324,13616.3251953125,20444.8046875,-41712.51171875,-10467.9033203125,-39499.9375,-9412.23046875,19042.63671875,-4738.21240234375
3803.024763081,13663.1962890625,20479.697265625,-41720.359375,-10446.333984375,-39482.859375,-9383.6865234375,19069.525390625,-4712.97705078125
3803.02496438,13709.7333984375,20514.07421875,-41911.59765625,-10463.7236328125,-39479.4609375,-9436.146484375,19055.8671875,-4691.5419921875
3803.025232779,13713.95703125,20510.318359375,-42146.71875,-10508.650390625,-39492.60546875,-9536.3046875,19006.716796875,-4694.8720703125
3803.025434078,13634.630859375,20452.025390625,-41981.9609375,-10522.798828125,-39516.765625,-9524.3916015625,18994.109375,-4732.55712890625
3803.025634283,13619.6328125,20452.091796875,-41711.9296875,-10468.439453125,-39497.96875,-9412.185546875,19055.98046875,-4733.451171875
3803.025834853,13666.6611328125,20494.001953125,-41717.4765625,-10439.806640625,-39474.56640625,-9380.1328125,19087.49609375,-4704.908203125
3803.026036152,13718.583984375,20524.779296875,-41910.8828125,-10459.38671875,-39475.50390625,-9435.69921875,19072.185546875,-4674.44287109375
3803.026235628,13717.4443359375,20512.732421875,-42152.9765625,-10514.6630859375,-39496.47265625,-9543.9267578125,19014.71875,-4687.0712890625
3803.479049386,13631.1669921875,20444.380859375,-42001.18359375,-10539.71875,-39534.828125,-9543.0546875,18983.8515625,-4751.17626953125
3803.479310491,13610.15625,20426.7890625,-41745.81640625,-10507.5771484375,-39534.40234375,-9443.6787109375,19027.34765625,-4763.447265625
3803.479780919,13658.2119140625,20471.716796875,-41743.89453125,-10468.2158203125,-39502.015625,-9407.111328125,19060.8515625,-4731.5068359375
3803.480237853,13709.8447265625,20514.162109375,-41927.89453125,-10468.6181640625,-39489.49609375,-9459.0791015625,19049.6328125,-4702.29296875
3803.4805646,13713.689453125,20500.662109375,-42169.046875,-10527.314453125,-39522.109375,-9579.0634765625,18984.767578125,-4708.97607421875
3803.480754594,13638.7216796875,20437.943359375,-42006.34765625,-10544.546875,-39548.28125,-9563.5517578125,18966.4609375,-4738.1005859375
3803.480943859,13621.689453125,20437.67578125,-41737.16796875,-10490.478515625,-39529.6875,-9449.2666015625,19018.853515625,-4741.6767578125
3803.481133124,13661.3642578125,20472.65625,-41744.49609375,-10464.908203125,-39511.19921875,-9421.8642578125,19041.919921875,-4729.271484375
3803.48133807,13712.7509765625,20504.619140625,-41932.1640625,-10480.4873046875,-39501.0078125,-9468.400390625,19031.013671875,-4704.34912109375
3803.481527335,13710.6943359375,20501.646484375,-42165.89453125,-10526.5986328125,-39518.53125,-9569.2060546875,18979.357421875,-4704.908203125
3803.481715871,13621.6220703125,20429.875,-42010.9765625,-10554.5380859375,-39552.05859375,-9560.2880859375,18962.638671875,-4748.73974609375
3803.481904771,13605.3505859375,20430.298828125,-41736.78515625,-10495.0830078125,-39527.2734375,-9442.091796875,19023.8828125,-4747.443359375
3803.482093671,13652.84765625,20476.5234375,-41733.34375,-10454.7822265625,-39497.54296875,-9405.994140625,19059.890625,-4716.2626953125
3803.482336543,13705.798828125,20511.546875,-41920.0703125,-10464.572265625,-39486.92578125,-9455.615234375,19045.65234375,-4695.5205078125
3803.482716897,13710.42578125,20504.708984375,-42159.16796875,-10517.859375,-39508.1171875,-9562.0986328125,18990.400390625,-4703.16455078125
3803.483122412,13625.6005859375,20432.646484375,-42011.01953125,-10546.9384765625,-39547.14453125,-9559.21484375,18960.068359375,-4761.48046875
3803.483593569,13614.4033203125,20431.439453125,-41741.97265625,-10493.1826171875,-39526.22265625,-9441.82421875,19015.166015625,-4762.39697265625
3803.483919586,13657.765625,20471.359375,-41744.4765625,-10459.5439453125,-39499.77734375,-9407.447265625,19045.697265625,-4731.23828125
3803.484109216,13703.2060546875,20503.724609375,-41932.67578125,-10474.0048828125,-39493.56640625,-9458.6328125,19033.3828125,-4705.75732421875
3803.484302857,13710.6943359375,20495.923828125,-42173.875,-10533.4384765625,-39518.8671875,-9564.6015625,18984.69921875,-4704.4609375
3803.484492487,13629.400390625,20431.3046875,-42021.66015625,-10556.1923828125,-39552.796875,-9555.4150390625,18967.265625,-4762.0390625
3803.484681387,13606.982421875,20423.68359375,-41753.1015625,-10501.498046875,-39529.91015625,-9439.6337890625,19019.12109375,-4779.11572265625
3803.484870287,13654.6806640625,20464.787109375,-41751.5390625,-10466.0029296875,-39503.33203125,-9408.4306640625,19045.83203125,-4733.8759765625
3803.485060282,13705.3740234375,20502.25,-41932.921875,-10476.28515625,-39497.96875,-9460.263671875,19033.248046875,-4698.40380859375
3803.485299507,13709.978515625,20494.626953125,-42171.26171875,-10533.8408203125,-39521.28125,-9567.5751953125,18980.408203125,-4700.9296875
3803.485731644,13628.328125,20433.875,-42012.47265625,-10546.4697265625,-39542.89453125,-9556.130859375,18955.978515625,-4758.39599609375
3803.486120384,13606.3564453125,20432.421875,-41736.20703125,-10487.2822265625,-39523.47265625,-9440.5498046875,19006.44921875,-4763.2236328125
3803.486459165,13645.494140625,20466.732421875,-41741.94921875,-10468.796875,-39509.30078125,-9412.3642578125,19034.87890625,-4728.66796875
3803.486651712,13697.685546875,20500.818359375,-41925.14453125,-10481.314453125,-39500.49609375,-9463.21484375,19031.4375,-4703.18701171875
3803.486843165,13711.8564453125,20506.853515625,-42152.125,-10515.1767578125,-39505.61328125,-9558.0302734375,18991.181640625,-4699.76708984375
3803.48703316,13629.6015625,20440.111328125,-42000.37890625,-10533.728515625,-39537.375,-9553.2470703125,18964.0703125,-4752.96435546875
3803.487226071,13608.7255859375,20423.884765625,-41735.421875,-10497.876953125,-39529.75390625,-9443.9921875,19016.73046875,-4756.8310546875
3803.487416795,13660.1123046875,20467.1796875,-41733.79296875,-10463.34375,-39502.59375,-9405.79296875,19053.6328125,-4717.9169921875
3803.487607519,13713.95703125,20506.451171875,-41914.4609375,-10468.796875,-39488.984375,-9451.79296875,19048.134765625,-4680.5224609375
3803.487798242,13716.7734375,20505.021484375,-42152.3515625,-10514.5732421875,-39506.796875,-9558.09765625,18998.06640625,-4684.8583984375
3803.487988237,13629.78125,20428.130859375,-42012.7421875,-10553.95703125,-39550.29296875,-9559.662109375,18961.7890625,-4748.650390625
3803.488182972,13616.705078125,20422.185546875,-41744.453125,-10506.3037109375,-39538.60546875,-9449.9599609375,19011.56640625,-4756.20556640625
3803.488579735,13660.693359375,20469.68359375,-41738.70703125,-10462.7177734375,-39509.43359375,-9413.1015625,19045.720703125,-4723.34814453125
3803.488965194,13706.2685546875,20500.88671875,-41920.94140625,-10470.138671875,-39497.96875,-9458.900390625,19036.779296875,-4699.87890625
3803.489373627,13711.6552734375,20488.63671875,-42163.234375,-10526.5986328125,-39521.23828125,-9565.0263671875,18990.130859375,-4693.41943359375
3803.489679223,13632.2841796875,20424.533203125,-42011.84765625,-10551.6328125,-39555.390625,-9559.3046875,18964.62890625,-4735.708984375
3803.489868852,13608.703125,20426.119140625,-41732.40625,-10493.607421875,-39533.91015625,-9441.9130859375,19016.037109375,-4752.4501953125
3803.490058117,13648.7353515625,20471.716796875,-41730.3046875,-10466.9638671875,-39511.37890625,-9410.576171875,19048.1796875,-4730.4560546875
3803.49028859,13712.884765625,20517.404296875,-41898.14453125,-10464.169921875,-39490.94921875,-9450.4521484375,19048.3359375,-4694.9169921875
3803.490478585,13719.4111328125,20507.724609375,-42137.8203125,-10513.388671875,-39506.75390625,-9549.89453125,19000.658203125,-4704.6396484375
3803.49066785,13634.564453125,20440.4921875,-41996.91796875,-10539.00390625,-39540.99609375,-9544.6865234375,18967.556640625,-4759.58056640625
3803.490856385,13615.7216796875,20437.228515625,-41725.921875,-10484.33203125,-39521.9296875,-9436.3701171875,19021.22265625,-4751.91357421875
3803.491045286,13659.6875,20463.40234375,-41736.65234375,-10468.23828125,-39512.23046875,-9416.8125,19045.072265625,-4720.666015625
3803.491393548,13710.0458984375,20499.1875,-41918.73046875,-10472.150390625,-39495.30859375,-9457.626953125,19040.064453125,-4687.58544921875
3803.491773172,13717.9580078125,20498.181640625,-42158.67578125,-10518.4853515625,-39508.83203125,-9558.1875,18995.271484375,-4686.646484375
3803.492158995,13635.3916015625,20426.0078125,-42020.54296875,-10553.287109375,-39549.69140625,-9559.1484375,18969.34375,-4738.0556640625
3803.492432864,13611.3857421875,20415.658203125,-41753.26171875,-10509.5,-39540.1015625,-9450.4296875,19016.328125,-4748.29296875
3803.492624317,13652.6015625,20455.376953125,-41751.5390625,-10475.4580078125,-39511.06640625,-9411.537109375,19052.0234375,-4721.4931640625
3803.49281577,13697.9541015625,20488.927734375,-41934.46484375,-10488.4892578125,-39505.234375,-9460.0185546875,19043.88671875,-4689.44091796875
3803.493005035,13710.0458984375,20483.65234375,-42174.63671875,-10543.83203125,-39528.703125,-9566.904296875,18994.064453125,-4682.80224609375
3803.493243531,13625.0869140625,20422.431640625,-42024.9453125,-10558.7626953125,-39553.55859375,-9559.3046875,18962.90625,-4742.6376953125
3803.493448477,13601.908203125,20421.873046875,-41744.25390625,-10494.658203125,-39529.1953125,-9444.439453125,19013.9140625,-4754.93115234375
3803.493638471,13641.1806640625,20460.18359375,-41744.765625,-10470.943359375,-39511.53515625,-9415.001953125,19043.10546875,-4732.95947265625
3803.493829195,13704.48046875,20507.435546875,-41912.42578125,-10468.3505859375,-39493.4765625,-9456.822265625,19041.943359375,-4693.12890625
3803.49401846,13722.3837890625,20512.509765625,-42143.09765625,-10507.9130859375,-39506.39453125,-9557.78515625,18993.88671875,-4688.8818359375
3803.494247474,13639.5927734375,20444.11328125,-42002.078125,-10539.16015625,-39542.9609375,-9556.935546875,18962.125,-4744.515625
3803.49463658,13619.0517578125,20431.818359375,-41731.3984375,-10493.451171875,-39526.578125,-9441.130859375,19017.892578125,-4745.833984375
3803.495007452,13655.306640625,20475.203125,-41728.046875,-10458.2470703125,-39497.453125,-9401.76953125,19052.3359375,-4720.666015625
3803.49538197,13704.5693359375,20509.87109375,-41908.89453125,-10468.841796875,-39493.72265625,-9455.927734375,19047.240234375,-4690.22314453125
3803.495658392,13713.443359375,20496.951171875,-42153.734375,-10529.99609375,-39521.9296875,-9567.8876953125,18993.41796875,-4690.5361328125
3803.495847292,13634.474609375,20443.978515625,-41999.41796875,-10536.7021484375,-39540.28125,-9558.7685546875,18966.974609375,-4743.0849609375
3803.496036557,13615.9228515625,20443.666015625,-41718.45703125,-10475.0556640625,-39518.59765625,-9444.1484375,19012.68359375,-4754.5068359375
3803.496235304,13649.9423828125,20470.443359375,-41724.47265625,-10460.392578125,-39505.79296875,-9417.013671875,19038.6796875,-4732.7138671875
3803.496424204,13692.1650390625,20492.28125,-41915.82421875,-10489.2041015625,-39507.53515625,-9466.544921875,19035.908203125,-4705.17626953125
3803.496613834,13705.330078125,20497.578125,-42155.76953125,-10529.5048828125,-39521.28125,-9566.79296875,18993.70703125,-4698.35888671875
3803.496802734,13631.345703125,20442.01171875,-42008.96484375,-10540.5234375,-39547.58984375,-9563.6181640625,18959.173828125,-4743.4873046875
3803.496991999,13612.4130859375,20428.98046875,-41736.36328125,-10492.4677734375,-39530.19921875,-9450.6083984375,19006.158203125,-4755.60205078125
3803.497215543,13659.4189453125,20467.849609375,-41733.1640625,-10464.349609375,-39502.99609375,-9411.224609375,19037.046875,-4728.98095703125
3803.497571463,13707.2744140625,20504.5078125,-41912.0234375,-10470.6298828125,-39492.984375,-9456.3974609375,19030.029296875,-4695.63232421875
3803.497958746,13718.3603515625,20509.78125,-42148.7734375,-10508.404296875,-39504.62890625,-9554.6328125,18990.19921875,-4684.8583984375
3803.49830409,13640.21875,20447.375,-42007.64453125,-10532.8125,-39535.4765625,-9551.4140625,18967.6015625,-4739.79931640625
3803.498509036,13619.365234375,20432.376953125,-41735.78125,-10491.6181640625,-39524.30078125,-9438.7841796875,19019.837890625,-4747.48828125
3803.498703771,13661.8330078125,20465.5703125,-41735.37890625,-10465.2431640625,-39505.30078125,-9404.6533203125,19049.51953125,-4722.029296875
3803.498898142,13710.9404296875,20500.125,-41918.55078125,-10474.5634765625,-39502.99609375,-9456.8447265625,19035.52734375,-4699.275390625
3803.499093242,13715.34375,20493.77734375,-42165.94140625,-10529.7724609375,-39524.92578125,-9567.8876953125,18986.15234375,-4701.33203125
3803.499321526,13632.7978515625,20428.5546875,-42025.70703125,-10553.0859375,-39552.73046875,-9562.0986328125,18964.716796875,-4745.56591796875
3803.499516262,13610.916015625,20425.896484375,-41746.15234375,-10493.1826171875,-39531.65234375,-9448.328125,19016.484375,-4751.73486328125
3803.499710997,13648.712890625,20456.048828125,-41748.65625,-10472.619140625,-39516.83203125,-9419.0693359375,19039.4609375,-4735.0380859375
3803.499905367,13706.8720703125,20503.03125,-41917.3203125,-10471.3896484375,-39495.33203125,-9459.7275390625,19032.041015625,-4710.09375
3803.500100102,13716.7734375,20509.78125,-42154.13671875,-10508.9189453125,-39510.10546875,-9567.5302734375,18974.955078125,-4715.79345703125
3803.500326199,13638.2294921875,20441.51953125,-42013.5,-10536.076171875,-39542.60546875,-9564.84765625,18944.17578125,-4764.14013671875
3803.500603715,13611.8994140625,20429.962890625,-41734.37109375,-10486.1640625,-39524.8359375,-9450.9658203125,18999.162109375,-4763.00048828125
3803.500880501,13655.26171875,20471.626953125,-41724.73828125,-10451.1171875,-39496.47265625,-9410.62109375,19038.568359375,-4722.96826171875
3803.501129572,13708.50390625,20504.171875,-41906.03515625,-10463.2763671875,-39490.37109375,-9459.392578125,19031.169921875,-4700.28125
3803.501438815,13716.1923828125,20491.005859375,-42159.3671875,-10526.30859375,-39517.8828125,-9569.765625,18982.509765625,-4708.77490234375
3803.501639384,13634.072265625,20417.021484375,-42032.90234375,-10562.25,-39556.93359375,-9570.9052734375,18950.099609375,-4765.6376953125
3803.501840319,13612.8154296875,20413.84765625,-41757.57421875,-10508.60546875,-39538.15625,-9452.5078125,19001.53125,-4773.013671875
3803.502040889,13657.4296875,20454.818359375,-41750.04296875,-10474.8095703125,-39511.73828125,-9411.8505859375,19039.05859375,-4731.93115234375
3803.502258598,13703.1171875,20484.32421875,-41934.12890625,-10491.9755859375,-39509.2578125,-9466.09765625,19029.26953125,-4702.6728515625
3803.502454063,13711.521484375,20482.556640625,-42179.55078125,-10544.3017578125,-39524.546875,-9568.3125,18983.314453125,-4697.15185546875
3803.502648068,13622.78515625,20410.96484375,-42053.12890625,-10580.17578125,-39569.3828125,-9576.7392578125,18946.076171875,-4752.8974609375
3803.502841345,13602.400390625,20407.052734375,-41772.86328125,-10523.7822265625,-39550.2734375,-9461.068359375,18998.826171875,-4757.72509765625
3803.503034621,13657.4970703125,20461.30078125,-41755.31640625,-10471.568359375,-39512.296875,-9415.9404296875,19038.455078125,-4727.86328125
3803.503265094,13711.8115234375,20499.701171875,-41933.125,-10478.20703125,-39505.09765625,-9464.845703125,19029.537109375,-4704.908203125
3803.50354261,13718.6962890625,20496.392578125,-42179.05859375,-10531.2255859375,-39525.3046875,-9571.44140625,18980.20703125,-4703.56689453125
3803.503871909,13629.9375,20426.34375,-42048.90625,-10566.072265625,-39562.765625,-9573.296875,18950.255859375,-4747.17529296875
3803.504114416,13608.1669921875,20413.267578125,-41768.4140625,-10517.4345703125,-39546.80859375,-9457.828125,18997.552734375,-4768.87890625
3803.50434416,13653.2724609375,20446.1015625,-41760.34375,-10487.013671875,-39525.19140625,-9426.9375,19021.69140625,-4755.19970703125
3803.504547647,13702.826171875,20480.0546875,-41935.875,-10501.4306640625,-39521.5703125,-9478.3466796875,19010.025390625,-4717.08984375
3803.504749311,13708.1015625,20472.029296875,-42185.25390625,-10560.0595703125,-39551.5,-9593.525390625,18952.0,-4722.72265625
3803.50495061,13635.6142578125,20424.107421875,-42039.40625,-10564.3056640625,-39568.64453125,-9585.03125,18930.36328125,-4774.4443359375
3803.505157379,13617.9794921875,20432.578125,-41748.03125,-10492.4228515625,-39536.19140625,-9461.873046875,18989.572265625,-4773.90771484375
3803.505359773,13659.0390625,20467.603515625,-41736.5390625,-10460.0126953125,-39506.91015625,-9420.4560546875,19024.060546875,-4746.75048828125
3803.505560342,13703.6083984375,20500.439453125,-41912.8515625,-10469.4228515625,-39496.40234375,-9460.46484375,19014.025390625,-4720.17431640625
3803.505761642,13711.07421875,20494.783203125,-42162.0078125,-10528.140625,-39518.7578125,-9566.5693359375,18966.193359375,-4717.6484375
3803.505961847,13626.5400390625,20423.97265625,-42034.625,-10560.908203125,-39558.09375,-9576.0234375,18941.404296875,-4760.11669921875
3803.506165334,13608.4345703125,20423.50390625,-41751.58203125,-10501.0732421875,-39537.0390625,-9458.296875,19002.42578125,-4763.60400390625
3803.506366998,13646.65625,20456.33984375,-41745.37109375,-10472.1943359375,-39515.0234375,-9422.7578125,19036.9140625,-4739.28515625
3803.506567568,13694.376953125,20485.0390625,-41924.18359375,-10485.8515625,-39511.08984375,-9471.0595703125,19023.94921875,-4715.927734375
3803.506767773,13702.6923828125,20478.087890625,-42172.9140625,-10539.3837890625,-39531.9453125,-9577.6552734375,18972.451171875,-4712.462890625
3803.506967613,13617.4423828125,20409.244140625,-42048.86328125,-10570.8330078125,-39569.60546875,-9584.2041015625,18939.59375,-4768.76708984375
3803.50720538,13593.951171875,20400.81640625,-41772.1015625,-10526.173828125,-39557.42578125,-9471.0380859375,18996.61328125,-4772.52197265625
3803.507541608,13633.9609375,20436.826171875,-41760.01171875,-10493.5625,-39527.3828125,-9426.333984375,19031.66015625,-4740.0224609375
3803.507878565,13687.560546875,20479.62890625,-41928.00390625,-10493.6298828125,-39506.8203125,-9462.0302734375,19026.474609375,-4709.333984375
3803.508078406,13701.75390625,20480.12109375,-42171.39453125,-10541.9541015625,-39523.2265625,-9563.775390625,18987.91796875,-4698.873046875
3803.959442226,13629.490234375,20414.8984375,-42040.859375,-10567.279296875,-39556.75390625,-9564.177734375,18965.388671875,-4746.8173828125
3803.959635502,13604.5234375,20406.62890625,-41762.73828125,-10514.1708984375,-39541.265625,-9453.71484375,19008.794921875,-4762.57568359375
3803.959951673,13641.7841796875,20455.154296875,-41744.96875,-10470.361328125,-39508.47265625,-9413.0126953125,19039.484375,-4729.4501953125
3803.960215696,13693.86328125,20493.173828125,-41916.80859375,-10477.2685546875,-39498.08203125,-9456.4638671875,19029.404296875,-4698.314453125
3803.960396573,13702.2001953125,20486.24609375,-42165.87109375,-10531.1357421875,-39519.60546875,-9565.80859375,18974.015625,-4699.119140625
3803.960577816,13616.951171875,20415.099609375,-42045.890625,-10569.89453125,-39563.3046875,-9579.578125,18941.5390625,-4762.888671875
3803.960811206,13593.8388671875,20409.376953125,-41764.16796875,-10513.2099609375,-39546.44921875,-9463.68359375,18992.6796875,-4775.2490234375
3803.961106226,13639.90625,20453.5,-41750.01953125,-10474.3623046875,-39519.60546875,-9424.2998046875,19024.93359375,-4744.224609375
3803.961533622,13698.9599609375,20494.001953125,-41919.06640625,-10481.4931640625,-39504.1171875,-9465.4052734375,19021.044921875,-4712.5302734375
3803.961871309,13709.21875,20494.962890625,-42162.23046875,-10528.029296875,-39517.86328125,-9566.255859375,18977.48046875,-4710.3173828125
3803.962051092,13629.5126953125,20429.203125,-42033.73046875,-10557.5556640625,-39548.6640625,-9563.6630859375,18955.75390625,-4743.93408203125
3803.962229782,13604.6572265625,20413.69140625,-41753.70703125,-10511.3994140625,-39534.69140625,-9448.3056640625,19009.845703125,-4747.19775390625
3803.962409201,13650.9033203125,20458.060546875,-41737.8828125,-10468.8193359375,-39505.09765625,-9408.05078125,19044.201171875,-4727.4384765625
3803.962588984,13698.1552734375,20493.978515625,-41912.3359375,-10474.4521484375,-39497.72265625,-9457.08984375,19027.5703125,-4711.56884765625
3803.962828209,13712.794921875,20492.123046875,-42163.234375,-10532.6337890625,-39523.3828125,-9569.921875,18976.810546875,-4705.39990234375
3803.963024403,13634.83203125,20432.376953125,-42037.953125,-10558.5390625,-39551.90234375,-9570.8154296875,18953.33984375,-4751.0419921875
3803.963203093,13601.0361328125,20417.73828125,-41764.01171875,-10514.484375,-39537.80078125,-9456.732421875,19004.123046875,-4759.11083984375
3803.963381782,13646.9912109375,20450.013671875,-41752.58984375,-10487.2373046875,-39516.25390625,-9417.37109375,19046.7265625,-4720.35302734375
3803.963560471,13702.78125,20487.1171875,-41921.7265625,-10489.8525390625,-39503.69140625,-9454.1396484375,19043.57421875,-4693.95556640625
3803.963790215,13708.2802734375,20477.974609375,-42172.625,-10547.7431640625,-39529.26171875,-9565.943359375,18985.146484375,-4703.16455078125
3803.964084506,13629.69140625,20412.26171875,-42047.2734375,-10575.146484375,-39561.22265625,-9572.5595703125,18958.50390625,-4746.57177734375
3803.964491116,13611.8994140625,20423.458984375,-41753.484375,-10498.4130859375,-39533.88671875,-9454.810546875,19012.796875,-4759.91552734375
3803.964919606,13649.2490234375,20457.791015625,-41745.03515625,-10472.91015625,-39510.3515625,-9414.9345703125,19041.630859375,-4731.93115234375
3803.965327309,13695.830078125,20494.3359375,-41916.31640625,-10477.3798828125,-39502.4609375,-9464.17578125,19028.642578125,-4698.873046875
3803.965641657,13712.59375,20494.984375,-42159.390625,-10521.234375,-39518.3984375,-9569.2734375,18984.6328125,-4698.15771484375
3803.965882706,13630.853515625,20424.7109375,-42041.44140625,-10559.5009765625,-39558.02734375,-9578.6162109375,18947.9765625,-4760.4521484375
3803.966077441,13605.3505859375,20412.484375,-41763.5859375,-10514.3720703125,-39546.7421875,-9470.5908203125,18988.43359375,-4782.73681640625
3803.966272176,13649.9423828125,20453.1640625,-41749.70703125,-10483.7060546875,-39523.71875,-9432.927734375,19019.880859375,-4756.6748046875
3803.966466181,13689.0126953125,20478.04296875,-41928.56640625,-10506.0126953125,-39523.3828125,-9480.380859375,19012.349609375,-4715.56982421875
3803.966661281,13706.291015625,20482.736328125,-42171.4375,-10546.9609375,-39535.18359375,-9580.44921875,18970.103515625,-4710.451171875
3803.966947549,13630.8310546875,20431.21484375,-42041.30859375,-10553.4208984375,-39552.57421875,-9577.0517578125,18943.728515625,-4761.0556640625
3803.967318786,13605.1494140625,20423.97265625,-41757.6171875,-10500.9384765625,-39535.25,-9460.666015625,18995.673828125,-4765.90625
3803.96750878,13655.552734375,20467.3359375,-41739.1796875,-10466.2490234375,-39506.5078125,-9411.8056640625,19031.52734375,-4736.58056640625
3803.967698045,13709.2861328125,20501.4453125,-41914.23828125,-10481.0458984375,-39503.3984375,-9464.8681640625,19018.607421875,-4716.7099609375
3803.967920495,13717.064453125,20496.392578125,-42168.3984375,-10539.1162109375,-39530.53515625,-9581.857421875,18964.3828125,-4717.0673828125
3803.968110489,13630.9208984375,20429.31640625,-42048.9296875,-10567.8603515625,-39563.19140625,-9586.4619140625,18939.705078125,-4755.6689453125
3803.96829939,13605.171875,20417.06640625,-41764.61328125,-10515.5341796875,-39542.26953125,-9467.9755859375,18996.546875,-4768.07421875
3803.968488655,13654.4345703125,20456.2265625,-41747.2265625,-10479.7490234375,-39515.15625,-9426.7587890625,19029.291015625,-4741.0732421875
3803.968678284,13703.720703125,20497.95703125,-41911.890625,-10477.0224609375,-39499.578125,-9465.5615234375,19025.9609375,-4704.19287109375
3803.969056085,13708.369140625,20492.66015625,-42165.3359375,-10532.72265625,-39522.8671875,-9571.330078125,18979.111328125,-4705.310546875
3803.969443367,13628.775390625,20425.224609375,-42046.06640625,-10560.08203125,-39555.90625,-9576.91796875,18949.25,-4751.93603515625
3803.969818615,13605.8193359375,20419.234375,-41758.06640625,-10506.482421875,-39538.46875,-9462.4541015625,18996.724609375,-4759.55810546875
3803.970017726,13650.388671875,20453.455078125,-41742.95703125,-10477.9609375,-39514.12890625,-9421.6845703125,19028.888671875,-4736.0888671875
3803.970214285,13698.84765625,20483.67578125,-41917.65625,-10497.787109375,-39510.53125,-9467.05859375,19020.126953125,-4706.83056640625
3803.970410478,13699.2724609375,20475.806640625,-42176.15625,-10552.34765625,-39536.390625,-9581.9912109375,18962.50390625,-4712.77587890625
3803.970605578,13630.2275390625,20425.091796875,-42047.33984375,-10561.400390625,-39556.796875,-9576.7392578125,18944.244140625,-4743.77783203125
3803.970806877,13607.2275390625,20409.244140625,-41763.36328125,-10513.791015625,-39543.1640625,-9461.671875,18996.568359375,-4753.36669921875
3803.971001612,13645.3828125,20434.76953125,-41754.109375,-10494.2333984375,-39527.98828125,-9425.619140625,19022.36328125,-4730.72412109375
3803.971196712,13700.748046875,20477.908203125,-41917.27734375,-10491.037109375,-39510.3515625,-9467.0146484375,19014.607421875,-4704.4833984375
3803.971391447,13714.046875,20488.48046875,-42164.0859375,-10532.6787109375,-39527.921875,-9576.0009765625,18967.064453125,-4704.39404296875
3803.971586182,13634.720703125,20423.638671875,-42050.3359375,-10567.0556640625,-39566.36328125,-9583.8017578125,18939.59375,-4746.99658203125
3803.971856769,13604.7470703125,20417.267578125,-41760.234375,-10505.4990234375,-39535.2734375,-9457.537109375,18995.5859375,-4765.81640625
3803.972271037,13648.064453125,20457.478515625,-41739.69140625,-10464.4384765625,-39504.33984375,-9414.3759765625,19029.671875,-4743.509765625
3803.972658319,13701.8876953125,20502.2265625,-41903.73046875,-10469.8251953125,-39490.48046875,-9453.15625,19033.091796875,-4703.61181640625
3803.972924166,13710.6494140625,20493.93359375,-42158.23046875,-10523.7373046875,-39509.5234375,-9560.623046875,18983.76171875,-4707.14306640625
3803.97311963,13628.23828125,20417.849609375,-42054.49609375,-10567.591796875,-39554.5859375,-9575.7998046875,18948.982421875,-4763.447265625
3803.973315094,13596.7001953125,20396.369140625,-41775.87890625,-10532.0751953125,-39547.76953125,-9465.0029296875,18996.2109375,-4769.0576171875
3803.9735091,13637.5146484375,20436.9375,-41754.9375,-10497.921875,-39523.5625,-9427.98828125,19029.08984375,-4739.888671875
3803.973724257,13691.3603515625,20487.20703125,-41912.3828125,-10489.62890625,-39504.96484375,-9467.6845703125,19022.83203125,-4715.435546875
3803.973929567,13709.8447265625,20492.75,-42154.2734375,-10530.4208984375,-39516.38671875,-9573.0283203125,18972.49609375,-4715.927734375
3803.974118832,13627.9482421875,20420.419921875,-42043.65234375,-10565.0888671875,-39557.06640625,-9587.1552734375,18931.279296875,-4772.701171875
3803.974308462,13605.9990234375,20412.640625,-41753.59375,-10512.6064453125,-39541.5546875,-9472.021484375,18983.73828125,-4782.51318359375
3803.974496998,13647.6845703125,20458.57421875,-41727.265625,-10469.4228515625,-39503.9375,-9418.689453125,19030.275390625,-4748.78466796875
3803.974704861,13697.328125,20497.197265625,-41890.3203125,-10469.9814453125,-39486.34765625,-9452.26171875,19035.416015625,-4708.0595703125
3803.975005351,13717.9580078125,20508.44140625,-42133.57421875,-10507.0859375,-39496.203125,-9548.5986328125,18994.6015625,-4689.5078125
3803.9753011,13633.2451171875,20441.408203125,-42026.28515625,-10542.87109375,-39536.2578125,-9563.126953125,18957.720703125,-4738.52490234375
3803.975495471,13601.662109375,20421.314453125,-41748.90234375,-10503.5537109375,-39530.625,-9458.1181640625,18999.36328125,-4758.90966796875
3803.975710992,13647.9306640625,20454.4609375,-41733.65625,-10474.8544921875,-39508.875,-9419.0029296875,19032.935546875,-4736.20068359375
3803.975915209,13700.345703125,20491.72265625,-41902.4140625,-10482.0966796875,-39497.9921875,-9461.1806640625,19025.4921875,-4706.62939453125
3803.976104838,13710.1796875,20490.470703125,-42157.04296875,-10534.578125,-39518.30859375,-9571.93359375,18976.720703125,-4702.22607421875
3803.976294833,13628.5068359375,20421.671875,-42052.4609375,-10571.525390625,-39556.6640625,-9583.265625,18945.29296875,-4756.65234375
3803.976483733,13587.1787109375,20399.9453125,-41770.46875,-10529.4150390625,-39545.734375,-9467.1259765625,18997.708984375,-4765.77197265625
3803.976672633,13630.49609375,20433.49609375,-41752.6796875,-10499.150390625,-39520.765625,-9421.6630859375,19037.181640625,-4734.0546875
3803.977050069,13679.669921875,20475.673828125,-41915.64453125,-10491.037109375,-39503.19921875,-9464.0419921875,19028.15234375,-4709.95947265625
3803.977480748,13691.5166015625,20479.294921875,-42167.9296875,-10536.7236328125,-39520.296875,-9572.6259765625,18974.462890625,-4719.66015625
3803.977861101,13614.0009765625,20408.73046875,-42063.92578125,-10577.11328125,-39561.06640625,-9583.6904296875,18939.4609375,-4774.75732421875
3803.97805146,13582.283203125,20389.931640625,-41781.7578125,-10541.57421875,-39556.12890625,-9474.5693359375,18986.0859375,-4777.35009765625
3803.978242548,13624.0361328125,20427.572265625,-41757.796875,-10502.771484375,-39525.55078125,-9430.1787109375,19015.880859375,-4747.4658203125
3803.978431813,13676.697265625,20478.421875,-41914.73046875,-10484.353515625,-39504.16015625,-9470.1884765625,19009.95703125,-4726.76806640625
3803.978639312,13696.322265625,20483.720703125,-42160.12890625,-10530.0634765625,-39520.140625,-9569.9892578125,18963.623046875,-4734.904296875
3803.978878172,13618.671875,20422.408203125,-42047.921875,-10554.91796875,-39547.1875,-9572.9619140625,18934.251953125,-4777.4169921875
3803.979073272,13581.7021484375,20407.478515625,-41769.578125,-10516.0263671875,-39542.515625,-9469.607421875,18980.67578125,-4783.072265625
3803.979267278,13619.07421875,20432.892578125,-41756.65625,-10492.490234375,-39524.30078125,-9431.3857421875,19016.908203125,-4753.74658203125
3803.979461648,13681.63671875,20477.640625,-41917.92578125,-10489.4951171875,-39509.27734375,-9471.9765625,19015.03125,-4722.18603515625
3803.979656383,13692.34375,20474.578125,-42176.33203125,-10547.162109375,-39534.625,-9585.5458984375,18956.693359375,-4734.4345703125
3803.979955779,13607.3623046875,20408.595703125,-42074.87890625,-10582.544921875,-39570.859375,-9598.3974609375,18920.9296875,-4784.97216796875
3803.98023366,13581.61328125,20405.7578125,-41785.78125,-10526.8671875,-39559.30078125,-9486.83984375,18967.935546875,-4799.58984375
3803.980510811,13627.478515625,20440.24609375,-41765.95703125,-10498.546875,-39537.9765625,-9443.544921875,19003.9453125,-4773.52783203125
3803.980843757,13683.9169921875,20475.962890625,-41925.3671875,-10498.2568359375,-39519.31640625,-9475.4853515625,19008.66015625,-4726.0302734375
3803.981078606,13699.7197265625,20478.466796875,-42174.4765625,-10541.865234375,-39529.3046875,-9575.3759765625,18970.529296875,-4718.74365234375
3803.98127954,13615.990234375,20414.072265625,-42066.49609375,-10569.71484375,-39560.6640625,-9585.58984375,18944.01953125,-4769.6162109375
3803.981479745,13591.1572265625,20407.58984375,-41768.7734375,-10510.21484375,-39538.37890625,-9463.7958984375,18999.1171875,-4772.56689453125
3803.981685056,13639.458984375,20450.59375,-41738.0625,-10472.216796875,-39504.5625,-9412.6767578125,19041.853515625,-4737.072265625
3803.98188672,13683.24609375,20482.19921875,-41906.94921875,-10484.2421875,-39496.89453125,-9453.0888671875,19031.90625,-4716.642578125
3803.982087654,13696.232421875,20485.708984375,-42161.8046875,-10531.7841796875,-39514.734375,-9562.8583984375,18981.056640625,-4716.6875
3803.982288224,13617.3759765625,20420.46484375,-42064.5078125,-10572.3076171875,-39556.21875,-9585.7470703125,18945.78515625,-4765.01171875
