#3769.390154646,14443.6298828125,21308.341796875,-41448.11328125,-9953.65625,-39504.51953125,-8913.71875,19663.58984375,-4402.0419921875
3769.39034537,14350.3564453125,21235.744140625,-41222.00390625,-9967.0,-39534.40234375,-8870.6474609375,19654.873046875,-4470.0361328125
3769.390854453,14342.33203125,21242.001953125,-41017.86328125,-9920.62109375,-39511.71484375,-8757.3916015625,19710.7734375,-4473.72412109375
3769.391278567,14395.931640625,21276.8046875,-41065.65234375,-9901.2412109375,-39486.34765625,-8745.3212890625,19722.6875,-4446.96875
3769.391524356,14457.197265625,21313.86328125,-41268.65234375,-9900.6376953125,-39470.296875,-8817.78515625,19712.181640625,-4410.08837890625
3769.391715079,14437.0361328125,21294.5078125,-41446.953125,-9950.974609375,-39493.87890625,-8914.7919921875,19664.328125,-4416.3916015625
3769.391905803,14347.0927734375,21227.5625,-41222.046875,-9968.5205078125,-39527.5625,-8871.384765625,19652.5703125,-4460.71533203125
3769.392095433,14349.9091796875,21235.564453125,-41009.41796875,-9916.10546875,-39504.31640625,-8762.9345703125,19703.912109375,-4458.994140625
3769.392286156,14387.9521484375,21267.931640625,-41062.09765625,-9895.7880859375,-39485.18359375,-8751.2890625,19720.33984375,-4430.9873046875
3769.392584094,14442.37890625,21308.9453125,-41272.51953125,-9908.0361328125,-39475.2578125,-8816.9140625,19707.443359375,-4403.91943359375
3769.392989974,14438.869140625,21296.09375,-41449.25390625,-9951.8017578125,-39496.2265625,-8910.6572265625,19663.12109375,-4411.13916015625
3769.393358658,14351.18359375,21232.056640625,-41221.95703125,-9960.8759765625,-39524.30078125,-8866.802734375,19660.236328125,-4460.447265625
3769.393620128,14348.6572265625,21241.041015625,-41007.29296875,-9910.361328125,-39504.1171875,-8760.1181640625,19717.92578125,-4456.15576171875
3769.393810123,14399.1279296875,21286.326171875,-41050.85546875,-9885.103515625,-39480.15625,-8739.7783203125,19736.0546875,-4430.0263671875
3769.393999752,14455.275390625,21326.916015625,-41255.3515625,-9892.546875,-39464.5546875,-8800.8427734375,19724.765625,-4393.0341796875
3769.394190476,14436.9248046875,21296.1171875,-41449.05078125,-9960.451171875,-39503.35546875,-8911.2158203125,19671.14453125,-4405.4619140625
3769.394409279,14352.0107421875,21230.89453125,-41227.5703125,-9970.30859375,-39531.00390625,-8873.28515625,19657.0859375,-4471.421875
3769.394736026,14353.8427734375,21248.216796875,-41005.16796875,-9898.3134765625,-39500.94140625,-8765.7060546875,19709.8359375,-4462.3916015625
3769.39513753,14404.537109375,21286.3046875,-41052.3984375,-9880.1640625,-39483.171875,-8756.83203125,19723.693359375,-4434.98828125
3769.395413952,14459.857421875,21328.123046875,-41262.19140625,-9896.435546875,-39474.3671875,-8819.2158203125,19705.9453125,-4405.0595703125
3769.395603217,14441.126953125,21305.03515625,-41456.13671875,-9956.1826171875,-39506.28515625,-8920.89453125,19651.966796875,-4420.638671875
3769.395793211,14352.8154296875,21233.083984375,-41237.11328125,-9971.873046875,-39538.60546875,-8880.9296875,19641.39453125,-4473.9921875
3769.395983935,14349.8642578125,21243.1875,-41012.90234375,-9910.115234375,-39504.67578125,-8757.837890625,19712.62890625,-4458.65869140625
3769.396174294,14397.8310546875,21291.779296875,-41049.3359375,-9877.458984375,-39473.40234375,-8733.6982421875,19735.451171875,-4426.0703125
3769.396385075,14464.126953125,21344.150390625,-41246.65625,-9879.962890625,-39458.16015625,-8798.5849609375,19724.7890625,-4396.07421875
3769.396744277,14439.2490234375,21318.37890625,-41443.2421875,-9944.6259765625,-39492.08984375,-8907.9296875,19674.630859375,-4404.12060546875
3769.397134112,14346.4453125,21247.166015625,-41227.5703125,-9958.171875,-39523.046875,-8869.462890625,19661.9140625,-4460.849609375
3769.397324106,14348.970703125,21255.548828125,-41003.9609375,-9901.95703125,-39500.11328125,-8765.1025390625,19705.833984375,-4462.3916015625
3769.39754218,14400.0888671875,21292.47265625,-41042.18359375,-9876.23046875,-39474.9453125,-8747.8916015625,19723.201171875,-4423.29833984375
3769.39773181,14454.158203125,21328.28125,-41251.6640625,-9892.45703125,-39469.0234375,-8810.9462890625,19707.599609375,-4397.4375
3769.39792144,14436.8349609375,21296.048828125,-41453.0078125,-9958.7529296875,-39502.796875,-8916.736328125,19656.19140625,-4415.36376953125
3769.398111434,14341.974609375,21212.453125,-41247.23828125,-9985.6865234375,-39543.69921875,-8882.3369140625,19650.580078125,-4464.47021484375
3769.398301428,14333.927734375,21213.771484375,-41031.09765625,-9936.2216796875,-39522.01953125,-8772.2998046875,19706.638671875,-4458.9716796875
3769.398687252,14386.4541015625,21270.880859375,-41064.37890625,-9901.7333984375,-39490.390625,-8746.6171875,19727.828125,-4422.71728515625
3769.399090579,14445.7978515625,21311.404296875,-41267.33203125,-9911.2998046875,-39484.55859375,-8814.7900390625,19707.779296875,-4389.70361328125
3769.399509223,14428.005859375,21284.962890625,-41467.58203125,-9971.91796875,-39516.36328125,-8923.1962890625,19649.91015625,-4411.83203125
3769.39974152,14342.9130859375,21226.2890625,-41251.1953125,-9978.51171875,-39540.2578125,-8884.7294921875,19641.169921875,-4482.28466796875
3769.399938807,14343.94140625,21241.197265625,-41019.16015625,-9913.3564453125,-39506.86328125,-8768.7236328125,19702.99609375,-4474.9755859375
3769.400135731,14404.1572265625,21281.7890625,-41048.5546875,-9882.623046875,-39478.546875,-8744.6953125,19747.029296875,-4429.53466796875
3769.400347605,14459.7900390625,21326.380859375,-41246.90234375,-9886.154296875,-39466.36328125,-8804.5087890625,19728.96875,-4389.591796875
3769.400646272,14446.15625,21307.001953125,-41447.421875,-9950.572265625,-39497.9453125,-8909.7626953125,19660.70703125,-4404.232421875
3769.400842466,14364.416015625,21238.6953125,-41237.1796875,-9966.888671875,-39532.0546875,-8881.9345703125,19640.611328125,-4450.6123046875
3769.401039389,14362.7392578125,21242.62890625,-41012.41015625,-9913.1552734375,-39509.703125,-8771.8076171875,19692.982421875,-4458.2119140625
3769.401234853,14392.0869140625,21273.40625,-41053.80859375,-9894.5810546875,-39488.42578125,-8751.84765625,19721.14453125,-4430.67431640625
3769.401481372,14445.150390625,21320.2109375,-41251.015625,-9890.6689453125,-39467.4140625,-8798.00390625,19720.474609375,-4397.16943359375
3769.401678295,14436.5224609375,21305.080078125,-41448.828125,-9939.955078125,-39489.54296875,-8898.8779296875,19669.69140625,-4409.3955078125
3769.401873395,14343.8740234375,21233.330078125,-41243.68359375,-9963.15625,-39525.86328125,-8872.681640625,19656.771484375,-4456.51318359375
3769.402068859,14345.3046875,21237.2421875,-41018.4921875,-9915.14453125,-39510.0390625,-8767.6728515625,19705.029296875,-4464.0009765625
3769.402263959,14394.880859375,21275.373046875,-41053.58203125,-9889.775390625,-39487.93359375,-8752.205078125,19724.318359375,-4434.8544921875
3769.402646136,14446.3349609375,21312.478515625,-41250.5703125,-9896.01171875,-39472.93359375,-8809.4482421875,19713.814453125,-4401.21484375
3769.403055663,14432.7451171875,21290.529296875,-41451.6015625,-9949.029296875,-39495.66796875,-8907.86328125,19665.6015625,-4401.0361328125
3769.403388973,14347.361328125,21214.978515625,-41253.4296875,-9976.611328125,-39535.7890625,-8878.26953125,19652.94921875,-4453.49560546875
3769.403585167,14339.44921875,21224.501953125,-41025.1953125,-9923.9736328125,-39515.22265625,-8769.86328125,19707.80078125,-4451.0595703125
3769.403780996,14390.8134765625,21274.814453125,-41058.0546875,-9888.009765625,-39486.75,-8751.2890625,19726.15234375,-4429.802734375
3769.403976461,14445.8876953125,21314.6015625,-41263.12890625,-9903.5888671875,-39480.578125,-8810.1416015625,19709.74609375,-4403.38330078125
3769.404171925,14434.6220703125,21305.525390625,-41464.07421875,-9949.07421875,-39502.640625,-8908.935546875,19655.498046875,-4412.63671875
3769.404432666,14338.263671875,21227.474609375,-41263.66796875,-9972.8115234375,-39538.984375,-8885.2880859375,19638.041015625,-4459.642578125
3769.4047616,14335.0234375,21224.03125,-41035.1640625,-9928.3544921875,-39521.953125,-8775.5849609375,19692.423828125,-4467.53271484375
3769.404958888,14388.33203125,21273.228515625,-41059.75390625,-9888.5234375,-39485.7421875,-8746.953125,19720.18359375,-4440.21875
3769.405156176,14446.2451171875,21320.681640625,-41252.7578125,-9892.033203125,-39473.29296875,-8808.0625,19703.15234375,-4416.30224609375
3769.405382273,14434.779296875,21294.751953125,-41457.58984375,-9952.583984375,-39504.33984375,-8911.751953125,19653.28515625,-4416.72705078125
3769.40561384,14343.4052734375,21226.87109375,-41257.9453125,-9971.0234375,-39538.42578125,-8880.392578125,19641.998046875,-4461.1845703125
3769.405805658,14337.392578125,21240.05859375,-41021.10546875,-9911.5009765625,-39513.30078125,-8768.0302734375,19693.98828125,-4466.12451171875
3769.405996746,14394.478515625,21272.78125,-41051.7265625,-9885.439453125,-39491.62109375,-8746.796875,19720.609375,-4428.8642578125
3769.406188928,14452.615234375,21318.2890625,-41245.3828125,-9888.9482421875,-39473.11328125,-8796.171875,19716.474609375,-4405.998046875
3769.406481031,14441.439453125,21312.6796875,-41446.01171875,-9929.337890625,-39486.34765625,-8894.5634765625,19667.3671875,-4408.45703125
3769.406877794,14347.8974609375,21241.265625,-41254.03515625,-9953.142578125,-39525.83984375,-8876.01171875,19646.892578125,-4462.1904296875
3769.407167344,14342.935546875,21248.037109375,-41019.67578125,-9902.0458984375,-39506.73046875,-8765.8623046875,19702.794921875,-4460.71533203125
3769.407446683,14391.0146484375,21289.544921875,-41051.59375,-9880.72265625,-39484.40234375,-8742.68359375,19726.263671875,-4428.9755859375
3769.407642877,14435.8515625,21309.28125,-41254.4375,-9905.82421875,-39483.640625,-8806.1630859375,19700.6484375,-4402.869140625
3769.40783506,14424.162109375,21286.818359375,-41466.75390625,-9967.5146484375,-39514.0390625,-8921.1171875,19654.40234375,-4411.18359375
3769.408026148,14337.056640625,21206.57421875,-41277.68359375,-10001.35546875,-39555.97265625,-8897.357421875,19637.6171875,-4461.29638671875
3769.408218695,14331.6923828125,21220.8359375,-41034.0234375,-9928.9580078125,-39521.16796875,-8782.08984375,19688.064453125,-4464.3583984375
3769.408484906,14378.2734375,21274.658203125,-41054.4765625,-9883.3154296875,-39482.48046875,-8752.8759765625,19717.724609375,-4437.8046875
3769.408793783,14434.64453125,21307.224609375,-41252.53515625,-9902.7392578125,-39480.71484375,-8812.130859375,19705.677734375,-4401.2822265625
3769.409075311,14430.9794921875,21295.84765625,-41460.5625,-9949.365234375,-39500.94140625,-8916.1552734375,19656.794921875,-4424.0361328125
3769.40927114,14341.013671875,21216.90234375,-41274.39453125,-9978.310546875,-39538.4921875,-8895.48046875,19634.353515625,-4481.546875
3769.409496507,14331.916015625,21223.2265625,-41034.828125,-9923.8173828125,-39517.66015625,-8782.4697265625,19688.84765625,-4470.28173828125
3769.409692701,14383.2802734375,21273.384765625,-41055.70703125,-9888.4560546875,-39487.796875,-8750.171875,19717.76953125,-4431.88134765625
3769.40988853,14437.0810546875,21309.572265625,-41252.9140625,-9904.1025390625,-39481.67578125,-8814.6787109375,19706.169921875,-4399.76220703125
3769.410085453,14431.224609375,21289.791015625,-41470.8671875,-9966.84375,-39513.50390625,-8927.3984375,19652.056640625,-4406.2666015625
3769.410282012,14340.96875,21215.962890625,-41284.1875,-9994.068359375,-39549.53515625,-8902.7890625,19634.734375,-4467.9794921875
3769.410665282,14336.341796875,21221.818359375,-41042.5859375,-9939.6416015625,-39520.41015625,-8781.2626953125,19697.966796875,-4472.3603515625
3769.410942433,14382.6767578125,21281.69921875,-41066.6796875,-9904.37109375,-39493.1171875,-8757.123046875,19719.177734375,-4439.30224609375
3769.411145191,14440.6572265625,21321.5078125,-41254.19140625,-9901.3984375,-39478.0546875,-8806.9453125,19702.2578125,-4402.33251953125
3769.411360348,14438.064453125,21291.17578125,-41469.05859375,-9962.955078125,-39504.67578125,-8914.814453125,19650.4921875,-4412.2119140625
3769.411556542,14345.5283203125,21214.912109375,-41283.4921875,-9991.9453125,-39543.7890625,-8901.6044921875,19635.29296875,-4471.01953125
3769.411754194,14335.1123046875,21223.3828125,-41036.9296875,-9926.7900390625,-39517.078125,-8783.54296875,19691.640625,-4481.25634765625
3769.411950388,14378.0498046875,21264.689453125,-41059.68359375,-9894.0224609375,-39490.4140625,-8758.576171875,19710.796875,-4435.07763671875
3769.412146582,14436.3662109375,21308.029296875,-41243.57421875,-9890.1103515625,-39469.15625,-8803.7041015625,19703.375,-4400.36572265625
3769.412373408,14432.6103515625,21290.685546875,-41462.41796875,-9950.2587890625,-39496.89453125,-8911.88671875,19653.798828125,-4417.666015625
3769.412725317,14340.41015625,21210.486328125,-41290.98046875,-9989.240234375,-39544.97265625,-8901.537109375,19625.568359375,-4487.93994140625
3769.412988975,14332.0947265625,21216.365234375,-41051.4609375,-9935.2607421875,-39529.88671875,-8794.31640625,19680.353515625,-4490.06298828125
3769.413191368,14377.9384765625,21259.302734375,-41076.2265625,-9904.37109375,-39504.33984375,-8770.5791015625,19702.81640625,-4455.52978515625
3769.413432781,14426.888671875,21296.2734375,-41267.7578125,-9912.08203125,-39489.72265625,-8820.8251953125,19703.845703125,-4403.830078125
3769.413632987,14432.23046875,21296.5625,-41478.04296875,-9955.064453125,-39505.078125,-8914.724609375,19663.34375,-4400.4775390625
3769.41382991,14338.845703125,21220.142578125,-41301.30859375,-9981.685546875,-39545.19921875,-8902.431640625,19630.978515625,-4473.791015625
3769.414026468,14315.46484375,21210.77734375,-41059.125,-9935.4619140625,-39529.55078125,-8796.5517578125,19671.255859375,-4483.2236328125
3769.414223391,14360.3251953125,21251.7265625,-41084.3828125,-9915.7255859375,-39511.515625,-8775.2275390625,19694.48046875,-4460.49169921875
3769.414544303,14427.08984375,21297.009765625,-41270.52734375,-9922.296875,-39497.5234375,-8821.4736328125,19692.802734375,-4426.2265625
3769.414788269,14421.6806640625,21291.33203125,-41484.97265625,-9969.0791015625,-39517.1484375,-8926.4150390625,19641.4609375,-4428.595703125
3769.414985192,14334.7099609375,21218.109375,-41305.66796875,-9987.51953125,-39548.3515625,-8908.5556640625,19624.228515625,-4472.62890625
3769.41518175,14331.2900390625,21218.466796875,-41053.0703125,-9932.4443359375,-39524.5234375,-8790.6279296875,19672.798828125,-4469.87939453125
3769.415379768,14374.2724609375,21260.107421875,-41067.3984375,-9895.6533203125,-39500.5390625,-8767.896484375,19696.759765625,-4452.4453125
3769.415576326,14429.2578125,21302.173828125,-41250.32421875,-9899.0732421875,-39483.0390625,-8816.1318359375,19701.431640625,-4412.56982421875
3769.41577252,14433.5947265625,21292.40625,-41469.125,-9953.4775390625,-39507.35546875,-8921.6767578125,19659.56640625,-4404.880859375
3769.415967984,14345.103515625,21220.076171875,-41294.421875,-9980.3447265625,-39544.50390625,-8904.8681640625,19634.509765625,-4457.18359375
3769.416163813,14325.7021484375,21207.693359375,-41054.72265625,-9938.94921875,-39534.22265625,-8798.6748046875,19673.89453125,-4476.048828125
3769.416490195,14363.0078125,21242.31640625,-41083.33203125,-9919.837890625,-39514.10546875,-8771.8076171875,19696.15625,-4458.74853515625
3769.416803084,14431.224609375,21299.982421875,-41255.64453125,-9910.115234375,-39478.0546875,-8802.720703125,19695.10546875,-4407.13818359375
3769.41700256,14433.2138671875,21296.361328125,-41473.55078125,-9957.6123046875,-39500.31640625,-8917.83203125,19645.462890625,-4416.52587890625
3769.417201306,14346.4892578125,21235.87890625,-41293.23828125,-9969.9736328125,-39530.98046875,-8897.6259765625,19622.73046875,-4470.416015625
3769.417428133,14324.7861328125,21221.484375,-41049.42578125,-9930.58984375,-39521.37109375,-8792.9970703125,19674.20703125,-4477.52392578125
3769.417625785,14363.3203125,21247.568359375,-41074.953125,-9914.4736328125,-39506.640625,-8772.3671875,19701.029296875,-4450.14306640625
3769.417822343,14416.205078125,21286.236328125,-41260.78515625,-9923.8837890625,-39490.97265625,-8815.9970703125,19704.60546875,-4402.73486328125
3769.418019631,14424.6533203125,21287.599609375,-41473.05859375,-9961.14453125,-39498.73046875,-8911.55078125,19661.48828125,-4400.6337890625
3769.41821546,14340.677734375,21219.71875,-41300.03515625,-9984.3232421875,-39532.94921875,-8895.189453125,19640.0078125,-4454.166015625
3769.869882688,14318.080078125,21216.1640625,-41052.7578125,-9939.708984375,-39521.81640625,-8787.6328125,19682.6328125,-4472.025390625
3769.870085811,14373.2666015625,21269.048828125,-41058.3203125,-9893.8876953125,-39486.5703125,-8754.1279296875,19708.44921875,-4443.99609375
3769.870503725,14434.5556640625,21311.78515625,-41239.640625,-9892.435546875,-39471.16796875,-8807.458984375,19696.37890625,-4410.96044921875
3769.870696272,14435.6279296875,21302.1953125,-41465.99609375,-9949.0078125,-39497.25390625,-8916.625,19645.8203125,-4419.431640625
3769.87088809,14346.2216796875,21236.794921875,-41295.921875,-9969.59375,-39528.3671875,-8898.05078125,19627.201171875,-4471.9580078125
3769.871079543,14328.228515625,21227.02734375,-41046.38671875,-9923.861328125,-39512.4296875,-8785.666015625,19681.8515625,-4483.044921875
3769.871365446,14370.5849609375,21253.06640625,-41066.99609375,-9907.5673828125,-39493.07421875,-8753.2783203125,19718.73046875,-4456.26708984375
3769.87155617,14432.5439453125,21298.708984375,-41246.27734375,-9908.3271484375,-39479.125,-8803.435546875,19719.78125,-4413.08349609375
3769.871746164,14431.515625,21295.958984375,-41468.67578125,-9954.796875,-39498.19140625,-8912.5126953125,19657.755859375,-4413.2177734375
3769.871936523,14338.8896484375,21237.130859375,-41297.57421875,-9974.4658203125,-39528.74609375,-8903.19140625,19630.30859375,-4470.55029296875
3769.872162985,14324.853515625,21238.5390625,-41038.609375,-9916.0830078125,-39504.80859375,-8786.7392578125,19675.81640625,-4466.48193359375
3769.872618825,14369.8916015625,21264.51171875,-41054.96875,-9892.79296875,-39486.234375,-8758.486328125,19700.40234375,-4443.88427734375
3769.8730258,14430.95703125,21299.9609375,-41235.19140625,-9899.8330078125,-39472.51171875,-8804.1728515625,19697.2734375,-4410.0439453125
3769.87337078,14431.42578125,21290.349609375,-41461.79296875,-9953.3662109375,-39495.53125,-8908.98046875,19653.28515625,-4415.74365234375
3769.873563327,14344.544921875,21221.328125,-41296.90234375,-9979.5400390625,-39531.7421875,-8895.4130859375,19634.130859375,-4467.4208984375
3769.873753321,14334.28515625,21228.255859375,-41034.71875,-9920.5087890625,-39508.85546875,-8775.25,19690.27734375,-4455.10498046875
3769.87394441,14379.234375,21275.93359375,-41043.14453125,-9881.0576171875,-39472.0859375,-8737.2744140625,19724.54296875,-4423.34326171875
3769.874139509,14432.1416015625,21316.658203125,-41226.875,-9892.79296875,-39464.8203125,-8794.0703125,19708.94140625,-4411.54150390625
3769.874330598,14439.3837890625,21306.263671875,-41456.13671875,-9950.2138671875,-39490.66015625,-8909.115234375,19657.64453125,-4419.2529296875
3769.874520227,14355.9892578125,21235.185546875,-41293.6640625,-9971.91796875,-39522.48828125,-8893.53515625,19637.794921875,-4465.38671875
3769.874710586,14326.3955078125,21238.158203125,-41035.3203125,-9920.7099609375,-39505.94921875,-8779.228515625,19686.880859375,-4466.794921875
3769.874900581,14377.15625,21268.84765625,-41043.66015625,-9894.8271484375,-39484.24609375,-8750.4169921875,19718.44140625,-4426.69580078125
3769.875096045,14440.5908203125,21302.798828125,-41221.625,-9899.6103515625,-39471.99609375,-8802.02734375,19712.65234375,-4403.49462890625
3769.875420239,14433.9521484375,21297.166015625,-41456.5859375,-9956.71875,-39499.53515625,-8912.1318359375,19663.27734375,-4394.71044921875
3769.875843624,14341.728515625,21232.056640625,-41294.78125,-9974.2646484375,-39522.7109375,-8893.78125,19643.451171875,-4431.74755859375
3769.876239293,14322.70703125,21235.029296875,-41031.03125,-9914.5185546875,-39501.0078125,-8782.9169921875,19684.109375,-4455.52978515625
3769.876540513,14372.3505859375,21273.02734375,-41042.65234375,-9891.048828125,-39482.61328125,-8754.9775390625,19711.220703125,-4437.8046875
3769.876731601,14431.359375,21308.275390625,-41225.78125,-9902.6279296875,-39472.30859375,-8796.57421875,19710.37109375,-4405.439453125
3769.87692196,14440.3447265625,21312.0078125,-41454.640625,-9949.8115234375,-39486.50390625,-8901.6044921875,19667.814453125,-4399.76220703125
3769.877115966,14358.3359375,21243.724609375,-41305.53125,-9983.5185546875,-39527.13671875,-8898.900390625,19642.958984375,-4444.46533203125
3769.877305595,14344.857421875,21239.947265625,-41036.86328125,-9915.5693359375,-39500.80859375,-8779.1396484375,19691.685546875,-4460.93896484375
3769.87749559,14390.455078125,21286.3046875,-41039.16796875,-9876.6767578125,-39476.0625,-8747.265625,19719.111328125,-4433.4013671875
3769.877685584,14436.9248046875,21314.646484375,-41222.94140625,-9893.1279296875,-39468.84375,-8797.0205078125,19718.216796875,-4393.50341796875
3769.877875214,14435.203125,21302.12890625,-41459.58203125,-9948.470703125,-39492.29296875,-8904.3984375,19663.298828125,-4402.98095703125
3769.878068855,14351.02734375,21234.158203125,-41305.95703125,-9973.5498046875,-39523.515625,-8893.22265625,19639.62890625,-4451.95361328125
3769.878409459,14330.7763671875,21223.80859375,-41046.02734375,-9926.9013671875,-39506.4609375,-8780.525390625,19685.13671875,-4472.0478515625
3769.878827009,14381.044921875,21276.46875,-41041.58203125,-9876.69921875,-39467.125,-8737.9677734375,19720.072265625,-4435.12255859375
3769.879236171,14436.388671875,21321.083984375,-41219.859375,-9882.9130859375,-39455.72265625,-8787.38671875,19718.3515625,-4396.07421875
3769.87942653,14430.8447265625,21298.240234375,-41469.32421875,-9958.931640625,-39496.29296875,-8905.1357421875,19662.896484375,-4399.13623046875
3769.879617619,14346.66796875,21226.802734375,-41323.28125,-9989.3525390625,-39537.46484375,-8900.3974609375,19635.248046875,-4457.4521484375
3769.879808707,14334.8447265625,21240.392578125,-41041.9609375,-9912.6630859375,-39495.95703125,-8775.8310546875,19696.71484375,-4463.0400390625
3769.88000016,14375.8818359375,21297.970703125,-41034.3828125,-9860.9638671875,-39455.23046875,-8735.8212890625,19728.1640625,-4443.392578125
3769.880194895,14429.6376953125,21323.36328125,-41214.29296875,-9875.24609375,-39452.1015625,-8785.5546875,19719.513671875,-4409.1943359375
3769.880385254,14436.2314453125,21315.80859375,-41453.58984375,-9938.6357421875,-39479.26171875,-8894.9658203125,19664.6171875,-4401.3935546875
3769.880574884,14351.384765625,21244.39453125,-41306.94140625,-9970.419921875,-39517.8828125,-8897.6484375,19633.52734375,-4457.0048828125
3769.880765243,14338.0185546875,21239.72265625,-41035.703125,-9913.7587890625,-39497.69921875,-8778.55859375,19690.568359375,-4456.580078125
3769.880955602,14381.828125,21274.45703125,-41038.40625,-9883.986328125,-39474.609375,-8743.689453125,19718.240234375,-4438.96728515625
3769.881236764,14431.9853515625,21312.1640625,-41215.69921875,-9894.201171875,-39467.30078125,-8794.47265625,19709.455078125,-4407.74169921875
3769.881647385,14436.1201171875,21306.822265625,-41454.4375,-9945.7216796875,-39486.97265625,-8899.81640625,19661.66796875,-4397.4599609375
3769.882027374,14349.216796875,21230.267578125,-41314.3828125,-9974.578125,-39521.5703125,-8898.2294921875,19629.189453125,-4451.52880859375
3769.882444559,14328.7197265625,21226.244140625,-41051.7734375,-9927.5947265625,-39512.00390625,-8792.0361328125,19678.810546875,-4472.11474609375
3769.88281616,14376.2177734375,21271.23828125,-41049.671875,-9892.0546875,-39482.5234375,-8752.25,19718.060546875,-4441.58203125
3769.88301199,14427.0224609375,21311.673828125,-41221.109375,-9897.3525390625,-39469.6484375,-8794.8974609375,19713.544921875,-4410.982421875
3769.883240639,14430.353515625,21296.02734375,-41464.0078125,-9964.67578125,-39496.24609375,-8903.236328125,19662.62890625,-4413.48583984375
3769.883435739,14344.142578125,21231.02734375,-41321.0234375,-9981.4619140625,-39531.16015625,-8906.767578125,19623.87109375,-4462.212890625
3769.883630474,14327.5576171875,21228.32421875,-41042.8984375,-9914.65234375,-39505.79296875,-8788.794921875,19677.939453125,-4481.45751953125
3769.883824844,14373.8701171875,21260.666015625,-41044.1953125,-9892.7705078125,-39485.05078125,-8753.814453125,19718.73046875,-4440.50927734375
3769.884019215,14418.57421875,21288.44921875,-41222.49609375,-9909.6015625,-39478.703125,-8802.1396484375,19710.640625,-4402.75732421875
3769.884414884,14419.9150390625,21284.1796875,-41461.12109375,-9955.8916015625,-39498.484375,-8909.986328125,19652.056640625,-4415.16259765625
3769.88482587,14336.251953125,21225.685546875,-41319.9921875,-9971.26953125,-39525.28125,-8907.1474609375,19621.859375,-4470.25927734375
3769.885027899,14314.6162109375,21220.208984375,-41051.4375,-9923.146484375,-39509.5234375,-8790.8740234375,19668.373046875,-4483.24560546875
3769.885237221,14351.18359375,21253.537109375,-41056.84765625,-9899.8330078125,-39491.91015625,-8755.71484375,19692.580078125,-4460.53662109375
3769.885438885,14405.38671875,21289.857421875,-41230.96484375,-9904.7734375,-39479.4375,-8801.513671875,19691.015625,-4426.4501953125
3769.885641278,14419.4453125,21290.974609375,-41465.50390625,-9943.93359375,-39491.62109375,-8909.31640625,19641.86328125,-4417.50927734375
3769.885844036,14336.2080078125,21219.025390625,-41334.6796875,-9981.529296875,-39536.34765625,-8919.9775390625,19612.494140625,-4473.32177734375
3769.886050076,14311.0625,21215.068359375,-41063.640625,-9934.5908203125,-39523.96484375,-8804.798828125,19667.3671875,-4490.06298828125
3769.886335249,14359.498046875,21265.60546875,-41050.05078125,-9889.41796875,-39486.4140625,-8756.0947265625,19710.013671875,-4459.48583984375
3769.886538737,14409.677734375,21299.8046875,-41225.87109375,-9904.28125,-39481.13671875,-8803.9716796875,19700.939453125,-4419.587890625
3769.886740765,14424.564453125,21293.658203125,-41463.06640625,-9947.6884765625,-39496.24609375,-8910.27734375,19652.50390625,-4407.40625
3769.886942429,14335.2021484375,21226.400390625,-41332.04296875,-9977.3935546875,-39530.4921875,-8909.6064453125,19623.333984375,-4478.3505859375
3769.887161232,14307.2626953125,21214.263671875,-41060.40234375,-9935.9541015625,-39519.2265625,-8800.91015625,19668.439453125,-4488.6103515625
3769.887357062,14350.423828125,21254.900390625,-41052.12890625,-9900.392578125,-39495.21875,-8768.052734375,19688.9140625,-4461.87744140625
3769.88755362,14401.8994140625,21290.685546875,-41221.46875,-9900.9736328125,-39480.64453125,-8810.587890625,19677.0,-4431.4345703125
3769.887750543,14413.6123046875,21290.841796875,-41459.421875,-9946.7724609375,-39492.40234375,-8910.27734375,19632.72265625,-4428.35009765625
3769.887946737,14329.591796875,21226.69140625,-41330.9921875,-9976.1201171875,-39527.78515625,-8918.6142578125,19603.28515625,-4490.2421875
3769.888231546,14300.1318359375,21211.89453125,-41062.234375,-9932.82421875,-39517.3046875,-8807.302734375,19650.3359375,-4499.51806640625
3769.888500674,14354.603515625,21251.099609375,-41051.1484375,-9898.89453125,-39488.0234375,-8761.90625,19698.8828125,-4455.775390625
3769.888713643,14402.8603515625,21273.787109375,-41228.23828125,-9920.1962890625,-39485.18359375,-8802.5859375,19701.921875,-4426.583984375
3769.888908378,14407.017578125,21268.490234375,-41474.30859375,-9973.9521484375,-39504.8515625,-8916.625,19647.2734375,-4432.216796875
3769.889110042,14330.060546875,21219.71875,-41333.6953125,-9970.21875,-39519.046875,-8915.865234375,19612.224609375,-4481.52490234375
3769.889305871,14297.830078125,21199.9140625,-41066.32421875,-9930.8349609375,-39513.16796875,-8808.263671875,19649.619140625,-4503.228515625
3769.889500971,14337.9287109375,21235.654296875,-41065.67578125,-9910.3837890625,-39494.48046875,-8768.74609375,19684.95703125,-4470.169921875
3769.889695341,14397.49609375,21276.513671875,-41234.6328125,-9909.2216796875,-39478.1875,-8804.396484375,19685.94140625,-4433.826171875
3769.889890806,14412.5615234375,21279.0625,-41482.15625,-9956.6513671875,-39499.734375,-8913.7412109375,19643.3828125,-4421.443359375
3769.890120549,14321.0751953125,21212.05078125,-41371.828125,-10000.013671875,-39547.1640625,-8924.470703125,19615.890625,-4473.3662109375
3769.890512937,14293.962890625,21207.24609375,-41097.70703125,-9950.1474609375,-39532.58984375,-8811.9521484375,19665.51171875,-4487.6044921875
3769.890713142,14347.47265625,21235.005859375,-41094.0859375,-9926.23046875,-39514.9765625,-8779.9443359375,19685.583984375,-4460.31298828125
3769.890911159,14397.294921875,21255.81640625,-41269.41015625,-9940.2451171875,-39510.91015625,-8829.564453125,19671.234375,-4442.11865234375
3769.891114646,14410.7060546875,21257.693359375,-41508.5546875,-9982.1103515625,-39519.08984375,-8930.9521484375,19625.970703125,-4441.8505859375
3769.89131084,14328.8759765625,21202.619140625,-41380.56640625,-10000.6396484375,-39546.515625,-8931.064453125,19600.669921875,-4494.24267578125
3769.891505575,14292.95703125,21191.689453125,-41100.6796875,-9950.169921875,-39531.20703125,-8813.8291015625,19655.07421875,-4500.72509765625
3769.89170104,14330.0390625,21221.818359375,-41092.00390625,-9921.4921875,-39507.84765625,-8770.7578125,19692.087890625,-4470.572265625
3769.891895775,14393.0927734375,21267.328125,-41256.46875,-9930.142578125,-39493.56640625,-8805.8271484375,19685.62890625,-4440.12939453125
3769.892140105,14418.4169921875,21288.94140625,-41487.05078125,-9960.5859375,-39498.9296875,-8909.830078125,19641.013671875,-4410.58056640625
3769.892450441,14334.93359375,21214.3984375,-41374.21875,-9999.0751953125,-39543.65625,-8930.3486328125,19607.84375,-4474.32763671875
3769.892659763,14297.740234375,21194.4609375,-41100.05078125,-9956.6962890625,-39536.59375,-8819.931640625,19646.267578125,-4496.90283203125
3769.892855228,14339.8955078125,21246.09375,-41075.265625,-9908.7744140625,-39501.94921875,-8774.3564453125,19680.576171875,-4468.71728515625
3769.89307002,14405.6318359375,21293.3671875,-41227.03125,-9903.7001953125,-39481.65234375,-8806.005859375,19690.0546875,-4425.779296875
3769.893379262,14418.685546875,21283.912109375,-41480.76953125,-9965.9052734375,-39509.9921875,-8921.005859375,19642.66796875,-4426.69580078125
3769.893587855,14334.7998046875,21207.201171875,-41374.80078125,-10014.900390625,-39556.21875,-8933.7685546875,19609.833984375,-4480.72021484375
3769.89378259,14307.6201171875,21196.337890625,-41089.0546875,-9959.7587890625,-39530.98046875,-8809.58203125,19667.791015625,-4480.2060546875
3769.89397696,14345.439453125,21243.478515625,-41062.45703125,-9905.623046875,-39491.6875,-8760.251953125,19704.828125,-4457.51904296875
3769.894251559,14401.765625,21298.486328125,-41215.296875,-9892.033203125,-39474.58984375,-8800.552734375,19689.271484375,-4433.93798828125
3769.894518863,14425.2119140625,21296.65234375,-41462.12890625,-9946.2578125,-39496.08984375,-8911.439453125,19646.513671875,-4416.10107421875
3769.894713599,14336.5205078125,21220.478515625,-41362.484375,-9994.224609375,-39546.26953125,-8931.6005859375,19603.57421875,-4473.791015625
3769.894908698,14306.8818359375,21200.025390625,-41082.41796875,-9946.01171875,-39531.33984375,-8816.376953125,19654.626953125,-4494.28759765625
3769.895141724,14354.7373046875,21237.46484375,-41069.7890625,-9919.5703125,-39509.48046875,-8775.00390625,19688.400390625,-4466.07958984375
3769.895364903,14404.24609375,21286.125,-41227.9921875,-9912.3955078125,-39490.28125,-8811.8173828125,19689.8984375,-4430.13818359375
3769.895558909,14409.96875,21291.130859375,-41477.05859375,-9949.923828125,-39501.1640625,-8918.14453125,19639.830078125,-4424.4609375
3769.89575328,14329.546875,21223.78515625,-41376.2734375,-9994.3818359375,-39542.47265625,-8931.2880859375,19604.693359375,-4467.2421875
3769.89594765,14301.361328125,21201.791015625,-41098.734375,-9950.52734375,-39531.1171875,-8816.8466796875,19649.462890625,-4475.46728515625
3769.896251422,14337.4814453125,21229.44140625,-41084.02734375,-9919.6591796875,-39508.80859375,-8774.5126953125,19681.6953125,-4462.90576171875
3769.896547172,14387.9072265625,21262.6328125,-41244.71484375,-9927.28125,-39501.8359375,-8817.5625,19678.36328125,-4436.0166015625
3769.896741177,14412.3828125,21271.6640625,-41487.20703125,-9974.4208984375,-39516.7890625,-8923.173828125,19633.638671875,-4424.55029296875
3769.896934818,14335.58203125,21206.171875,-41382.734375,-10008.708984375,-39552.28515625,-8928.896484375,19602.48046875,-4476.07080078125
3769.897164562,14301.115234375,21193.990234375,-41100.3671875,-9959.84765625,-39543.09765625,-8824.15625,19651.251953125,-4490.89013671875
3769.897359662,14342.0634765625,21243.5,-41074.03515625,-9918.1396484375,-39515.55859375,-8784.7724609375,19688.220703125,-4462.615234375
3769.897554397,14394.5908203125,21277.36328125,-41233.44921875,-9925.314453125,-39503.2890625,-8825.4296875,19678.7890625,-4438.56494140625
3769.897749497,14407.4423828125,21278.123046875,-41483.296875,-9980.27734375,-39520.8359375,-8926.4150390625,19638.533203125,-4428.193359375
3769.897943502,14328.33984375,21209.525390625,-41382.890625,-10017.671875,-39559.390625,-8941.1220703125,19602.123046875,-4483.46923828125
3770.350006035,14303.7080078125,21203.37890625,-41090.41796875,-9957.6796875,-39538.0234375,-8823.9326171875,19643.62890625,-4504.12255859375
3770.350239425,14343.4716796875,21250.943359375,-41061.25,-9911.12109375,-39503.06640625,-8772.03125,19685.181640625,-4468.8291015625
3770.350422491,14394.076171875,21280.873046875,-41218.8984375,-9910.40625,-39486.30078125,-8807.5927734375,19684.01953125,-4423.611328125
3770.350603733,14420.4072265625,21294.931640625,-41463.11328125,-9954.21484375,-39499.98046875,-8909.9638671875,19646.2890625,-4403.53955078125
3770.350783881,14336.498046875,21229.3515625,-41365.34375,-9988.927734375,-39535.38671875,-8921.2294921875,19612.626953125,-4459.30712890625
3770.350964029,14297.8740234375,21198.349609375,-41087.1328125,-9948.5830078125,-39525.91015625,-8799.1669921875,19656.705078125,-4496.4111328125
3770.351295517,14338.7783203125,21244.751953125,-41060.01953125,-9904.638671875,-39494.28125,-8753.703125,19692.19921875,-4473.9921875
3770.351783084,14398.099609375,21292.673828125,-41210.3359375,-9902.962890625,-39477.5390625,-8796.4169921875,19691.39453125,-4434.07177734375
3770.352125876,14411.98046875,21291.734375,-41467.1796875,-9959.4453125,-39498.59375,-8906.8798828125,19643.138671875,-4417.419921875
3770.352512064,14339.3818359375,21226.06640625,-41371.4921875,-9988.97265625,-39532.03125,-8920.0673828125,19613.74609375,-4458.994140625
3770.352692577,14307.8212890625,21212.38671875,-41083.15625,-9939.865234375,-39516.453125,-8803.8828125,19664.685546875,-4472.986328125
3770.352873089,14345.841796875,21250.361328125,-41055.70703125,-9904.0576171875,-39486.27734375,-8748.16015625,19714.328125,-4447.6396484375
3770.353053967,14401.966796875,21288.673828125,-41211.83203125,-9907.8349609375,-39474.92578125,-8790.9853515625,19707.779296875,-4416.90576171875
#3798.207458499,13696.12109375,20540.26953125,-41683.3203125,-10418.6845703125,-39533.796875,-9369.0693359375,19131.349609375,-4723.3037109375
3798.207655057,13750.7041015625,20581.552734375,-41837.37109375,-10413.6328125,-39516.69921875,-9401.568359375,19131.1484375,-4688.3232421875
3798.207957371,13768.96484375,20593.04296875,-42081.91796875,-10441.953125,-39512.5859375,-9495.625,19084.412109375,-4685.84228515625
3798.208344653,13691.1806640625,20525.451171875,-41990.58984375,-10478.140625,-39548.83984375,-9514.154296875,19041.4296875,-4737.630859375
3798.208762932,13662.861328125,20519.974609375,-41691.48046875,-10422.126953125,-39533.95703125,-9401.724609375,19085.57421875,-4753.6796875
3798.209045918,13699.5185546875,20553.12109375,-41667.80859375,-10395.5732421875,-39515.26953125,-9357.333984375,19123.68359375,-4726.36572265625
3798.209236642,13749.4072265625,20584.123046875,-41836.69921875,-10409.69921875,-39511.78125,-9399.6015625,19118.587890625,-4696.6826171875
3798.209427001,13762.21484375,20591.58984375,-42094.01171875,-10451.3623046875,-39517.1484375,-9498.3515625,19085.685546875,-4694.1123046875
3798.209618454,13687.515625,20528.333984375,-42005.9921875,-10487.7509765625,-39553.82421875,-9514.8466796875,19044.646484375,-4746.68359375
3798.209842727,13660.8046875,20518.365234375,-41712.6484375,-10438.2421875,-39544.75,-9407.8271484375,19081.103515625,-4751.82421875
3798.210033451,13686.173828125,20548.49609375,-41691.2109375,-10411.9794921875,-39528.8359375,-9370.455078125,19111.880859375,-4731.01513671875
3798.210224904,13732.419921875,20579.162109375,-41858.91796875,-10424.0712890625,-39523.40625,-9411.73828125,19106.248046875,-4709.93701171875
3798.210416357,13751.888671875,20594.025390625,-42108.31640625,-10455.162109375,-39528.8125,-9506.4423828125,19068.810546875,-4690.58056640625
3798.210606716,13680.5859375,20541.833984375,-42009.6328125,-10480.77734375,-39551.3671875,-9506.5322265625,19055.46484375,-4731.23828125
3798.210821143,13646.947265625,20511.79296875,-41720.6484375,-10445.3056640625,-39547.14453125,-9404.3623046875,19090.15625,-4762.2177734375
3798.211200403,13687.6044921875,20541.140625,-41691.76953125,-10417.0302734375,-39528.078125,-9365.3359375,19121.4921875,-4724.62255859375
3798.211593884,13740.466796875,20591.052734375,-41840.65625,-10403.0380859375,-39505.2109375,-9398.751953125,19124.30859375,-4683.96435546875
3798.211892551,13760.046875,20597.310546875,-42094.4609375,-10444.9033203125,-39517.66015625,-9500.1845703125,19089.126953125,-4672.78857421875
3798.212083639,13678.5302734375,20521.986328125,-42014.6171875,-10493.1826171875,-39560.5546875,-9518.646484375,19054.19140625,-4723.68359375
3798.212275092,13649.4951171875,20510.876953125,-41717.71875,-10443.2041015625,-39543.72265625,-9403.1103515625,19101.48828125,-4747.64453125
3798.212465816,13680.4296875,20541.587890625,-41693.42578125,-10413.990234375,-39528.14453125,-9365.3134765625,19128.197265625,-4728.109375
3798.21265581,13730.7880859375,20580.94921875,-41850.421875,-10417.34375,-39513.28125,-9399.35546875,19126.6328125,-4690.267578125
3798.212908528,13757.4091796875,20588.705078125,-42095.75390625,-10448.14453125,-39514.171875,-9493.880859375,19088.814453125,-4679.6953125
3798.213099252,13686.3974609375,20519.572265625,-42007.69140625,-10485.0244140625,-39549.37890625,-9510.6005859375,19059.533203125,-4730.43359375
3798.21329107,13646.3662109375,20498.115234375,-41718.68359375,-10449.8203125,-39546.33984375,-9404.2060546875,19096.615234375,-4760.38525390625
3798.213480699,13688.56640625,20549.701171875,-41671.05078125,-10396.82421875,-39503.9609375,-9341.5537109375,19144.068359375,-4715.2568359375
3798.213671423,13742.6796875,20589.599609375,-41823.48828125,-10393.6728515625,-39483.328125,-9372.0869140625,19143.21875,-4689.23974609375
3798.214131275,13759.5107421875,20583.900390625,-42088.42578125,-10454.1572265625,-39508.296875,-9482.5712890625,19094.939453125,-4693.28515625
3798.214476255,13684.3642578125,20527.619140625,-42001.18359375,-10484.0634765625,-39541.62109375,-9503.08984375,19057.56640625,-4737.6533203125
3798.214808107,13650.724609375,20515.50390625,-41703.52734375,-10430.4189453125,-39525.953125,-9388.1796875,19100.75,-4759.4462890625
3798.21505025,13688.1640625,20548.830078125,-41675.25390625,-10400.53515625,-39504.2265625,-9350.986328125,19127.482421875,-4735.91015625
3798.215247537,13741.1591796875,20588.146484375,-41835.73828125,-10403.552734375,-39496.359375,-9396.4052734375,19116.576171875,-4715.21240234375
3798.215444096,13766.7744140625,20598.5625,-42098.68359375,-10450.22265625,-39516.5859375,-9506.7333984375,19061.2109375,-4719.54833984375
3798.215641748,13689.794921875,20529.294921875,-42024.38671875,-10495.865234375,-39563.19140625,-9533.7119140625,19020.75390625,-4750.32666015625
3798.21587368,13649.31640625,20505.9375,-41731.69140625,-10453.330078125,-39551.43359375,-9418.890625,19072.005859375,-4760.474609375
3798.216071697,13682.6650390625,20531.486328125,-41698.4296875,-10420.6962890625,-39528.390625,-9369.404296875,19115.63671875,-4728.2880859375
3798.216268985,13728.732421875,20567.830078125,-41854.84765625,-10422.6630859375,-39517.9296875,-9405.5244140625,19121.044921875,-4696.03466796875
3798.216465543,13752.1787109375,20578.490234375,-42110.8203125,-10465.712890625,-39529.12890625,-9501.63671875,19085.39453125,-4690.111328125
3798.216662102,13679.9609375,20514.6328125,-42029.953125,-10507.15234375,-39568.95703125,-9522.0439453125,19044.111328125,-4737.54150390625
3798.21696478,13637.5595703125,20497.82421875,-41732.31640625,-10459.87890625,-39558.765625,-9409.32421875,19086.265625,-4746.79541015625
3798.217303925,13681.5478515625,20550.103515625,-41683.25390625,-10404.15625,-39516.72265625,-9352.283203125,19131.6171875,-4715.61474609375
3798.217669692,13730.966796875,20588.59375,-41837.34765625,-10410.9736328125,-39504.02734375,-9391.7333984375,19132.37890625,-4690.20068359375
3798.217926421,13753.3408203125,20594.0703125,-42095.8671875,-10462.2255859375,-39519.71875,-9493.7021484375,19090.55859375,-4689.462890625
3798.218123709,13672.875,20523.998046875,-42020.65234375,-10506.4599609375,-39565.62890625,-9523.005859375,19047.26171875,-4744.716796875
3798.218320632,13644.5556640625,20500.193359375,-41722.34765625,-10457.46484375,-39557.89453125,-9414.6884765625,19091.4296875,-4758.2841796875
3798.21851792,13690.64453125,20545.701171875,-41675.87890625,-10397.2939453125,-39514.890625,-9350.4951171875,19135.193359375,-4731.93115234375
3798.218733076,13743.8642578125,20598.294921875,-41825.27734375,-10390.72265625,-39493.7890625,-9385.4306640625,19131.6171875,-4708.484375
3798.219072586,13759.6220703125,20599.3671875,-42086.12109375,-10444.6796875,-39516.1171875,-9499.759765625,19077.68359375,-4703.41064453125
3798.219342809,13680.4521484375,20525.94140625,-42012.25,-10491.88671875,-39559.2578125,-9526.2021484375,19037.607421875,-4737.60888671875
3798.219539732,13642.2080078125,20510.765625,-41712.98046875,-10442.7353515625,-39544.4140625,-9407.0224609375,19090.9375,-4743.17431640625
3798.219741031,13680.02734375,20547.802734375,-41676.59375,-10404.826171875,-39521.21484375,-9356.462890625,19131.73046875,-4726.74560546875
3798.219938319,13736.533203125,20587.052734375,-41833.234375,-10404.9384765625,-39505.74609375,-9385.3408203125,19121.447265625,-4708.2607421875
3798.220134513,13760.1142578125,20598.228515625,-42092.8046875,-10449.0830078125,-39516.2734375,-9489.298828125,19068.8984375,-4699.18603515625
3798.220331071,13679.5361328125,20525.3828125,-42025.97265625,-10501.5419921875,-39567.125,-9531.0078125,19023.859375,-4749.32080078125
3798.2205269,13639.8837890625,20496.37109375,-41738.1953125,-10471.3671875,-39569.8984375,-9431.5869140625,19055.443359375,-4780.2783203125
3798.22074461,13682.4638671875,20531.486328125,-41699.68359375,-10431.5595703125,-39541.98046875,-9378.8818359375,19099.251953125,-4742.056640625
3798.221085578,13738.365234375,20576.435546875,-41849.23828125,-10423.7802734375,-39524.45703125,-9409.771484375,19106.740234375,-4701.75634765625
3798.221383516,13764.78515625,20590.962890625,-42104.7421875,-10462.203125,-39534.11328125,-9510.4658203125,19062.103515625,-4694.73828125
3798.221580439,13687.068359375,20527.1484375,-42030.53125,-10499.1953125,-39567.21484375,-9532.1025390625,19021.2890625,-4749.455078125
3798.221781373,13644.779296875,20501.400390625,-41736.94140625,-10463.09765625,-39561.515625,-9421.796875,19068.8984375,-4774.01953125
3798.221978296,13678.865234375,20539.263671875,-41699.546875,-10422.4169921875,-39536.79296875,-9372.8017578125,19103.455078125,-4754.283203125
3798.22217449,13733.6044921875,20579.67578125,-41849.9765625,-10418.7294921875,-39522.82421875,-9407.9384765625,19105.443359375,-4722.07421875
3798.222370684,13755.7109375,20588.9296875,-42107.625,-10467.9033203125,-39537.46484375,-9511.2705078125,19062.55078125,-4700.61669921875
3798.222567242,13669.7236328125,20522.208984375,-42035.83203125,-10509.9248046875,-39577.78515625,-9539.1884765625,19025.3359375,-4744.40380859375
3798.222784587,13641.470703125,20515.19140625,-41724.60546875,-10454.2236328125,-39558.69921875,-9417.7060546875,19081.796875,-4756.0263671875
3798.223123732,13687.068359375,20556.630859375,-41672.5234375,-10404.22265625,-39521.3046875,-9354.1826171875,19130.947265625,-4722.833984375
3798.223419847,13739.572265625,20591.1875,-41826.10546875,-10408.849609375,-39508.921875,-9391.041015625,19130.701171875,-4694.20166015625
3798.223673294,13763.66796875,20593.6015625,-42087.9765625,-10457.95703125,-39524.90234375,-9501.9951171875,19081.884765625,-4687.5185546875
3798.223912519,13686.7109375,20530.3671875,-42016.875,-10493.3837890625,-39557.69140625,-9526.537109375,19038.5234375,-4741.18505859375
3798.224108348,13647.6396484375,20515.302734375,-41718.5703125,-10444.0087890625,-39546.8515625,-9415.3818359375,19083.13671875,-4769.6611328125
3798.224304906,13682.396484375,20538.2578125,-41685.98046875,-10417.3212890625,-39532.1875,-9372.2880859375,19108.685546875,-4754.57373046875
3798.22450183,13732.5537109375,20571.25,-41843.60546875,-10429.1455078125,-39529.1953125,-9416.65625,19091.49609375,-4723.4599609375
3798.224717716,13756.9619140625,20583.36328125,-42100.94140625,-10468.439453125,-39537.015625,-9515.8974609375,19055.17578125,-4702.6728515625
3798.225030605,13680.2060546875,20516.353515625,-42039.33984375,-10511.779296875,-39578.74609375,-9546.36328125,19012.1484375,-4757.0546875
3798.225243938,13640.8671875,20508.775390625,-41733.30078125,-10447.00390625,-39555.97265625,-9429.1728515625,19057.6328125,-4780.97119140625
3798.225440132,13677.30078125,20539.041015625,-41695.19140625,-10414.794921875,-39537.5078125,-9381.5185546875,19092.994140625,-4756.31689453125
3798.225636326,13722.7197265625,20566.15234375,-41853.12890625,-10420.919921875,-39525.9765625,-9416.9912109375,19091.65234375,-4721.42626953125
3798.225866799,13741.271484375,20569.796875,-42117.390625,-10469.5791015625,-39541.0625,-9524.234375,19047.62109375,-4712.8427734375
3798.226062992,13676.5634765625,20510.384765625,-42044.8828125,-10508.4267578125,-39574.390625,-9542.1162109375,19023.14453125,-4751.57861328125
3798.226259551,13639.3701171875,20491.498046875,-41747.60546875,-10470.09375,-39566.65625,-9428.345703125,19074.419921875,-4764.408203125
3798.226456839,13676.33984375,20534.279296875,-41700.82421875,-10422.595703125,-39532.12109375,-9370.119140625,19110.048828125,-4740.76025390625
3798.677896875,13730.3193359375,20574.69140625,-41851.2734375,-10420.6513671875,-39519.47265625,-9409.123046875,19100.302734375,-4719.61572265625
3798.678151781,13748.8486328125,20579.85546875,-42117.81640625,-10474.9658203125,-39537.91015625,-9522.06640625,19055.599609375,-4714.4521484375
3798.678381525,13665.767578125,20509.71484375,-42055.07421875,-10520.943359375,-39580.2890625,-9550.185546875,19019.61328125,-4759.40185546875
3798.678571884,13634.5419921875,20500.103515625,-41746.3515625,-10464.8408203125,-39565.203125,-9432.3017578125,19067.4453125,-4772.701171875
3798.678762243,13671.6455078125,20536.537109375,-41699.2578125,-10423.4677734375,-39537.41796875,-9379.4853515625,19102.60546875,-4748.56103515625
3798.678951873,13717.376953125,20566.599609375,-41854.40234375,-10432.4755859375,-39532.234375,-9416.4990234375,19099.767578125,-4723.4599609375
3798.679176511,13746.501953125,20577.775390625,-42113.50390625,-10477.0673828125,-39543.05078125,-9516.2548828125,19062.88671875,-4710.25
3798.679602448,13678.619140625,20522.74609375,-42040.9921875,-10505.2529296875,-39566.1640625,-9531.029296875,19034.052734375,-4745.54345703125
3798.680007235,13644.98046875,20509.580078125,-41731.53515625,-10448.255859375,-39550.13671875,-9419.427734375,19074.599609375,-4761.39111328125
3798.680405457,13685.8388671875,20546.193359375,-41683.38671875,-10406.9501953125,-39526.55859375,-9371.3037109375,19109.2890625,-4736.06640625
3798.680594357,13736.130859375,20583.69921875,-41834.30859375,-10409.3642578125,-39515.44921875,-9407.0888671875,19106.94140625,-4717.17919921875
3798.680782893,13757.87890625,20592.169921875,-42091.5078125,-10452.033203125,-39521.6171875,-9496.697265625,19066.88671875,-4714.16162109375
3798.680970699,13681.2568359375,20523.685546875,-42028.05078125,-10493.361328125,-39557.3125,-9528.1240234375,19028.3984375,-4748.94091796875
3798.681222688,13641.1806640625,20496.416015625,-41729.8359375,-10451.51953125,-39551.74609375,-9424.009765625,19070.798828125,-4765.2802734375
3798.681573867,13681.3466796875,20533.921875,-41686.00390625,-10415.1083984375,-39526.04296875,-9369.8955078125,19108.595703125,-4746.080078125
3798.681914107,13729.2685546875,20574.736328125,-41835.78125,-10414.37109375,-39512.7890625,-9402.126953125,19106.875,-4707.97021484375
3798.682104101,13749.7646484375,20583.38671875,-42098.796875,-10457.912109375,-39526.82421875,-9504.3193359375,19070.10546875,-4691.318359375
3798.682293366,13677.009765625,20518.8125,-42045.59765625,-10504.3583984375,-39568.8671875,-9532.5048828125,19037.5390625,-4733.60791015625
3798.682481537,13630.607421875,20485.240234375,-41759.6953125,-10479.861328125,-39573.921875,-9430.1787109375,19070.26171875,-4759.73681640625
3798.682669708,13664.716796875,20536.068359375,-41709.80859375,-10427.111328125,-39538.91796875,-9375.4169921875,19104.55078125,-4746.77294921875
3798.682858608,13714.1142578125,20574.556640625,-41859.7890625,-10424.49609375,-39522.5546875,-9407.2236328125,19102.740234375,-4717.82763671875
3798.683046415,13741.830078125,20569.953125,-42128.94921875,-10479.0791015625,-39547.3671875,-9519.6748046875,19056.494140625,-4707.97021484375
3798.683564979,13676.4287109375,20509.3125,-42062.69921875,-10513.0087890625,-39576.98046875,-9538.9873046875,19026.23046875,-4750.99755859375
3798.683957731,13638.341796875,20493.689453125,-41754.15234375,-10460.03515625,-39561.1796875,-9425.328125,19069.369140625,-4768.6328125
3798.684193309,13679.423828125,20534.771484375,-41697.828125,-10411.912109375,-39530.19921875,-9374.478515625,19113.513671875,-4742.50390625
3798.684382574,13728.396484375,20570.17578125,-41847.0703125,-10420.4052734375,-39522.3984375,-9412.029296875,19109.244140625,-4719.056640625
3798.684571475,13745.5185546875,20584.615234375,-42105.30078125,-10461.9794921875,-39533.95703125,-9518.5126953125,19059.19921875,-4708.931640625
3798.68476074,13671.8466796875,20518.990234375,-42046.0,-10502.8388671875,-39572.53515625,-9551.3251953125,19012.416015625,-4763.91650390625
3798.684949275,13629.6689453125,20491.029296875,-41741.390625,-10460.1025390625,-39564.109375,-9441.3095703125,19053.341796875,-4783.072265625
3798.68522825,13669.5,20526.03125,-41685.9375,-10420.919921875,-39532.27734375,-9380.423828125,19101.2421875,-4746.97412109375
3798.685647258,13723.30078125,20567.494140625,-41829.8828125,-10417.6787109375,-39516.7890625,-9410.6875,19102.76171875,-4721.42626953125
3798.685837617,13748.625,20580.099609375,-42087.12890625,-10456.4814453125,-39525.5078125,-9508.029296875,19061.90234375,-4703.18701171875
3798.686027612,13673.970703125,20520.755859375,-42030.265625,-10497.1611328125,-39562.25390625,-9537.421875,19022.18359375,-4744.4482421875
3798.686219429,13628.5068359375,20493.53125,-41730.28125,-10453.486328125,-39551.45703125,-9423.1826171875,19068.25,-4762.642578125
3798.686407965,13669.0751953125,20532.22265625,-41680.484375,-10412.91796875,-39522.95703125,-9364.7548828125,19105.958984375,-4739.75439453125
3798.686596865,13724.5302734375,20568.41015625,-41833.50390625,-10423.5126953125,-39519.8046875,-9402.865234375,19097.173828125,-4711.2333984375
3798.686785401,13757.0068359375,20585.978515625,-42093.609375,-10461.197265625,-39526.01953125,-9506.0625,19062.9765625,-4700.57177734375
3798.686974666,13683.2685546875,20522.5,-42038.40234375,-10494.7255859375,-39558.02734375,-9536.7294921875,19022.33984375,-4756.4736328125
3798.687294484,13640.1298828125,20498.806640625,-41736.5625,-10447.80859375,-39550.62890625,-9428.546875,19060.919921875,-4780.36767578125
3798.68766572,13675.04296875,20527.931640625,-41688.6171875,-10415.8232421875,-39532.01171875,-9378.12109375,19101.5546875,-4743.12939453125
3798.688026381,13721.2216796875,20561.68359375,-41838.98046875,-10422.0146484375,-39524.3203125,-9413.90625,19100.080078125,-4709.98193359375
3798.68835641,13752.6708984375,20578.490234375,-42094.68359375,-10454.5595703125,-39523.09375,-9503.6708984375,19067.1328125,-4698.6494140625
3798.688546404,13680.98828125,20525.00390625,-42039.921875,-10490.4111328125,-39557.19921875,-9531.767578125,19031.90625,-4749.2314453125
3798.688735669,13635.033203125,20498.181640625,-41743.11328125,-10456.6376953125,-39554.8984375,-9421.640625,19079.78515625,-4771.2705078125
3798.68892457,13672.6513671875,20525.919921875,-41694.765625,-10418.751953125,-39527.875,-9368.6669921875,19110.5625,-4756.8759765625
3798.689199533,13725.5361328125,20571.3828125,-41835.8046875,-10409.0732421875,-39510.8671875,-9398.998046875,19108.818359375,-4717.15673828125
3798.689618177,13747.5302734375,20574.826171875,-42106.59765625,-10472.216796875,-39537.015625,-9508.1865234375,19063.154296875,-4700.326171875
3798.689821299,13679.55859375,20524.802734375,-42046.40234375,-10494.412109375,-39560.28515625,-9535.65625,19025.267578125,-4753.74658203125
3798.69000947,13637.2236328125,20509.021484375,-41735.734375,-10442.4443359375,-39544.90625,-9419.94140625,19072.095703125,-4771.4716796875
3798.690256353,13664.515625,20550.73046875,-41678.44921875,-10397.62890625,-39516.18359375,-9362.3408203125,19108.373046875,-4738.77099609375
3798.690445983,13716.21484375,20584.078125,-41819.265625,-10398.166015625,-39503.33203125,-9398.595703125,19106.78515625,-4714.54150390625
3798.690635248,13749.8994140625,20582.939453125,-42083.59765625,-10450.111328125,-39523.00390625,-9509.03515625,19063.556640625,-4706.53955078125
3798.690824513,13679.6923828125,20514.07421875,-42037.57421875,-10500.2685546875,-39566.05078125,-9541.4453125,19018.83203125,-4755.93701171875
3798.691014143,13648.712890625,20492.458984375,-41732.875,-10461.1533203125,-39561.359375,-9431.005859375,19062.373046875,-4773.2373046875
3798.691455396,13687.0908203125,20539.93359375,-41672.94921875,-10409.85546875,-39525.7734375,-9370.96875,19102.716796875,-4743.97900390625
3798.691872946,13728.5087890625,20580.994140625,-41815.5546875,-10399.529296875,-39508.51953125,-9405.3232421875,19097.017578125,-4724.95751953125
3798.692192399,13754.615234375,20588.302734375,-42082.25390625,-10447.2275390625,-39521.796875,-9505.9736328125,19059.400390625,-4716.57568359375
3798.692380935,13686.4873046875,20530.3671875,-42032.38671875,-10486.34375,-39554.09375,-9535.6337890625,19018.83203125,-4752.40576171875
3798.692569106,13643.572265625,20507.681640625,-41733.5234375,-10449.552734375,-39553.7578125,-9431.67578125,19062.529296875,-4773.99755859375
3798.692758006,13682.7548828125,20549.3671875,-41676.01171875,-10408.1796875,-39519.6484375,-9366.23046875,19113.267578125,-4756.13818359375
3798.692946542,13735.68359375,20585.7109375,-41817.921875,-10404.3349609375,-39500.58203125,-9392.5830078125,19116.12890625,-4712.97705078125
3798.69335461,13758.236328125,20598.33984375,-42077.62890625,-10441.4384765625,-39506.953125,-9488.427734375,19070.955078125,-4695.94482421875
3798.69364963,13684.8330078125,20533.072265625,-42034.51171875,-10485.4716796875,-39544.39453125,-9520.14453125,19032.578125,-4742.0791015625
3798.693839989,13639.1240234375,20500.953125,-41735.3125,-10447.0712890625,-39539.0078125,-9414.95703125,19085.4609375,-4760.76513671875
3798.694058793,13674.595703125,20534.703125,-41682.58203125,-10409.3857421875,-39516.3203125,-9364.3076171875,19122.275390625,-4725.6279296875
3798.694331932,13729.693359375,20576.009765625,-41827.64453125,-10413.72265625,-39505.41015625,-9395.265625,19114.966796875,-4693.5087890625
3798.694520468,13754.8388671875,20589.48828125,-42086.92578125,-10447.96484375,-39508.02734375,-9490.2158203125,19078.130859375,-4682.37744140625
3798.694709368,13678.10546875,20523.662109375,-42046.1796875,-10482.7001953125,-39544.50390625,-9530.1357421875,19030.521484375,-4740.93896484375
3798.694897904,13633.1337890625,20501.556640625,-41745.28125,-10442.421875,-39539.07421875,-9426.6474609375,19063.7578125,-4771.35986328125
3798.695156092,13663.8896484375,20529.40625,-41693.9140625,-10414.8173828125,-39519.08984375,-9374.58984375,19098.08984375,-4749.99169921875
3798.695517482,13724.060546875,20567.60546875,-41837.19140625,-10426.41796875,-39514.41796875,-9406.5751953125,19098.73828125,-4716.486328125
3798.69572571,13758.4375,20580.30078125,-42098.484375,-10466.4501953125,-39528.0078125,-9509.9072265625,19061.298828125,-4700.884765625
3798.695920445,13688.4765625,20519.86328125,-42052.55078125,-10498.837890625,-39560.95703125,-9543.501953125,19021.8046875,-4745.14111328125
3798.696154201,13634.8095703125,20492.951171875,-41752.09765625,-10462.0244140625,-39561.76171875,-9443.58984375,19052.6484375,-4774.35498046875
3798.696348936,13665.3203125,20528.267578125,-41690.20703125,-10416.8740234375,-39528.8828125,-9380.1552734375,19092.412109375,-4753.4560546875
3798.696543306,13714.6953125,20563.11328125,-41829.25390625,-10416.3603515625,-39510.26171875,-9399.3779296875,19099.408203125,-4713.33447265625
3798.696738041,13742.6572265625,20574.06640625,-42091.8203125,-10463.1865234375,-39524.61328125,-9503.984375,19057.677734375,-4706.62939453125
3798.696932776,13676.2724609375,20519.34765625,-42050.984375,-10503.3525390625,-39562.296875,-9545.357421875,19013.19921875,-4760.40771484375
3798.697303283,13637.0224609375,20495.833984375,-41744.25390625,-10457.15234375,-39554.765625,-9434.58203125,19059.310546875,-4775.0478515625
3798.697632583,13667.7119140625,20526.76953125,-41685.15234375,-10420.986328125,-39530.625,-9373.181640625,19114.138671875,-4739.41943359375
3798.697928697,13713.7568359375,20569.953125,-41823.51171875,-10410.861328125,-39507.9140625,-9397.03125,19120.28515625,-4712.77587890625
3798.698169745,13743.3720703125,20594.025390625,-42084.0,-10444.4560546875,-39511.6015625,-9492.361328125,19077.99609375,-4696.74951171875
3798.698359375,13677.3232421875,20533.296875,-42044.16796875,-10490.544921875,-39551.3671875,-9528.7275390625,19035.1484375,-4729.0927734375
3798.698567603,13635.6142578125,20503.92578125,-41739.109375,-10450.580078125,-39545.375,-9419.830078125,19075.515625,-4754.57373046875
3798.698763067,13671.779296875,20537.87890625,-41677.375,-10408.1796875,-39516.6328125,-9360.7763671875,19121.044921875,-4735.708984375
3798.698958532,13719.12109375,20575.072265625,-41817.51953125,-10406.234375,-39501.38671875,-9389.7216796875,19114.83203125,-4711.45703125
3798.699254646,13752.7822265625,20588.1015625,-42076.734375,-10445.328125,-39510.93359375,-9489.2099609375,19073.1015625,-4702.18115234375
3798.699524138,13684.3193359375,20533.966796875,-42038.2890625,-10488.578125,-39548.41796875,-9523.6533203125,19033.470703125,-4747.8232421875
3798.699718509,13637.1123046875,20505.46875,-41735.625,-10450.46875,-39545.01953125,-9415.806640625,19070.6875,-4766.46484375
3798.699913973,13676.9658203125,20540.046875,-41672.75,-10407.083984375,-39512.80859375,-9355.0771484375,19113.53515625,-4737.1171875
3798.700143717,13733.26953125,20584.48046875,-41808.3125,-10399.126953125,-39491.8203125,-9382.9716796875,19119.63671875,-4702.96337890625
3798.700338452,13750.078125,20579.67578125,-42085.69921875,-10462.2255859375,-39516.96875,-9489.791015625,19075.08984375,-4690.5361328125
3798.700534281,13672.5625,20509.8046875,-42060.10546875,-10514.6181640625,-39565.8515625,-9540.08203125,19029.4921875,-4733.2275390625
3798.700729016,13636.2177734375,20493.912109375,-41749.97265625,-10457.3310546875,-39548.4375,-9427.2060546875,19069.32421875,-4759.73681640625
3798.700922657,13676.3173828125,20539.419921875,-41682.203125,-10403.2841796875,-39512.05078125,-9362.51953125,19111.43359375,-4735.91015625
3798.701195432,13718.1591796875,20569.884765625,-41833.16796875,-10419.958984375,-39513.34765625,-9407.4697265625,19098.939453125,-4713.2900390625
3798.701522908,13747.41796875,20573.908203125,-42099.66796875,-10473.8935546875,-39531.31640625,-9512.947265625,19053.923828125,-4706.47265625
3798.701718372,13681.927734375,20506.98828125,-42068.46484375,-10527.537109375,-39571.37109375,-9551.0341796875,19014.427734375,-4743.30859375
3798.701913472,13641.560546875,20502.048828125,-41752.1875,-10465.064453125,-39556.59765625,-9439.7451171875,19056.046875,-4765.19091796875
3798.702142487,13682.7099609375,20540.203125,-41679.72265625,-10411.0849609375,-39523.2265625,-9377.0927734375,19099.990234375,-4744.314453125
3798.702337951,13729.2236328125,20568.052734375,-41822.328125,-10420.7412109375,-39515.08984375,-9405.591796875,19103.947265625,-4717.98388671875
3798.702534145,13754.1015625,20587.587890625,-42080.7578125,-10458.9619140625,-39519.3828125,-9498.5751953125,19074.77734375,-4694.60400390625
3798.702730338,13683.134765625,20525.25,-42046.46875,-10504.2021484375,-39554.140625,-9534.29296875,19029.11328125,-4745.4541015625
3798.702926897,13635.63671875,20496.146484375,-41742.3515625,-10471.658203125,-39554.5859375,-9426.6025390625,19065.166015625,-4769.54931640625
3798.703178521,13672.6064453125,20537.765625,-41668.61328125,-10415.041015625,-39519.984375,-9365.9169921875,19109.087890625,-4740.78271484375
3798.703473541,13721.3779296875,20578.3125,-41801.98828125,-10407.3525390625,-39505.078125,-9395.578125,19112.708984375,-4709.490234375
3798.703817062,13743.640625,20584.75,-42070.5,-10454.8271484375,-39521.83984375,-9498.6865234375,19070.240234375,-4701.01904296875
3798.704043889,13672.2041015625,20520.30859375,-42042.22265625,-10501.2294921875,-39560.171875,-9536.662109375,19029.626953125,-4743.509765625
3798.704238259,13632.1279296875,20499.791015625,-41733.5234375,-10455.9453125,-39547.09765625,-9422.4453125,19073.927734375,-4758.79833984375
3798.704433359,13666.638671875,20537.07421875,-41665.7734375,-10409.9453125,-39513.390625,-9356.8876953125,19120.978515625,-4725.248046875
3798.704629917,13716.103515625,20576.724609375,-41801.65234375,-10407.9560546875,-39496.62890625,-9381.5859375,19127.236328125,-4689.865234375
3798.704825746,13749.720703125,20596.08203125,-42059.0078125,-10439.6279296875,-39495.21875,-9472.982421875,19099.251953125,-4666.64208984375
3798.705041997,13679.4462890625,20530.255859375,-42037.015625,-10489.9638671875,-39536.4140625,-9514.35546875,19059.220703125,-4713.96044921875
3798.705337382,13631.009765625,20498.830078125,-41740.140625,-10462.7177734375,-39539.5859375,-9410.46484375,19096.212890625,-4750.55029296875
3798.705652459,13667.734375,20530.703125,-41672.5234375,-10418.9970703125,-39511.22265625,-9351.4560546875,19136.357421875,-4726.5
3798.705847923,13718.5400390625,20570.958984375,-41806.74609375,-10409.6318359375,-39495.62109375,-9382.189453125,19127.794921875,-4705.310546875
3798.706045211,13747.8427734375,20586.068359375,-42071.3046875,-10452.234375,-39507.35546875,-9484.60546875,19084.076171875,-4695.98974609375
3798.706240311,13677.2109375,20525.80859375,-42046.24609375,-10492.7802734375,-39545.4453125,-9527.990234375,19029.291015625,-4744.18017578125
3798.706435775,13628.23828125,20493.978515625,-41746.5078125,-10463.052734375,-39551.1875,-9431.85546875,19054.794921875,-4783.13916015625
3798.706631604,13670.013671875,20526.74609375,-41678.94140625,-10426.10546875,-39527.16015625,-9372.8466796875,19098.42578125,-4752.74072265625
3798.706827798,13718.4501953125,20558.3515625,-41819.64453125,-10433.7939453125,-39519.08984375,-9403.37890625,19099.7890625,-4717.2685546875
3799.158292632,13749.630859375,20578.06640625,-42081.60546875,-10466.427734375,-39527.83203125,-9506.666015625,19054.2578125,-4711.8818359375
3799.158495026,13688.0068359375,20533.2734375,-42049.7109375,-10496.111328125,-39560.59765625,-9547.1455078125,19009.509765625,-4767.38134765625
3799.158687573,13641.0234375,20501.712890625,-41745.7265625,-10459.6328125,-39560.26171875,-9446.0927734375,19048.783203125,-4794.404296875
3799.158998638,13678.10546875,20532.37890625,-41679.765625,-10420.025390625,-39528.58984375,-9378.3671875,19096.16796875,-4755.13232421875
3799.15925245,13720.7529296875,20568.5,-41816.515625,-10422.373046875,-39514.0390625,-9399.84765625,19103.052734375,-4713.8935546875
3799.159440621,13746.8369140625,20584.2578125,-42079.90625,-10467.1435546875,-39525.75390625,-9499.9833984375,19068.8984375,-4689.14990234375
3799.159628792,13686.7109375,20531.8203125,-42048.19140625,-10499.4638671875,-39551.390625,-9533.689453125,19028.263671875,-4730.5234375
3799.159890262,13642.9462890625,20505.1328125,-41738.46484375,-10455.8330078125,-39542.0,-9425.216796875,19065.43359375,-4755.17724609375
3799.160076975,13670.4833984375,20536.26953125,-41672.19140625,-10420.361328125,-39521.16796875,-9367.482421875,19107.478515625,-4736.826171875
3799.160264781,13722.607421875,20578.044921875,-41801.26953125,-10409.005859375,-39499.69140625,-9385.5419921875,19114.966796875,-4708.4619140625
3799.160452587,13750.6591796875,20589.95703125,-42060.0390625,-10442.8916015625,-39500.91796875,-9477.0947265625,19086.82421875,-4682.82470703125
3799.160640393,13677.7705078125,20523.349609375,-42043.65234375,-10498.7265625,-39542.515625,-9520.8154296875,19052.42578125,-4724.13037109375
3799.160986103,13630.541015625,20486.423828125,-41744.09375,-10467.634765625,-39541.21875,-9417.05859375,19089.484375,-4749.76806640625
3799.161374844,13661.5869140625,20517.134765625,-41676.078125,-10423.7138671875,-39514.46484375,-9355.7470703125,19129.583984375,-4725.20361328125
3799.161756291,13718.1591796875,20559.89453125,-41809.65234375,-10416.896484375,-39498.6171875,-9380.4462890625,19131.73046875,-4700.6611328125
3799.162161078,13756.0009765625,20586.314453125,-42066.9453125,-10443.8525390625,-39497.85546875,-9474.1669921875,19090.3125,-4682.4892578125
3799.162348154,13691.6953125,20523.283203125,-42051.07421875,-10492.3779296875,-39538.58203125,-9521.3740234375,19042.412109375,-4725.4267578125
3799.162534867,13637.849609375,20494.380859375,-41748.09765625,-10457.2412109375,-39538.46875,-9419.3828125,19079.203125,-4755.4677734375
3799.162723038,13668.3154296875,20521.91796875,-41684.640625,-10429.435546875,-39521.08203125,-9362.2294921875,19117.783203125,-4737.6533203125
3799.163064371,13708.7939453125,20546.013671875,-41826.68359375,-10440.65625,-39516.0078125,-9393.5888671875,19113.71484375,-4711.16650390625
3799.163397682,13737.962890625,20570.154296875,-42084.89453125,-10467.2548828125,-39516.74609375,-9490.39453125,19072.072265625,-4702.13671875
3799.163586947,13672.763671875,20520.845703125,-42062.20703125,-10501.6767578125,-39554.5859375,-9536.5732421875,19021.0,-4754.08203125
3799.163838206,13625.421875,20491.431640625,-41756.12109375,-10465.9580078125,-39551.43359375,-9430.9384765625,19059.734375,-4777.95361328125
3799.164027836,13669.5224609375,20533.83203125,-41676.81640625,-10417.5,-39517.7734375,-9361.0,19112.931640625,-4746.7060546875
3799.164218195,13719.0986328125,20570.265625,-41810.03515625,-10415.33203125,-39504.02734375,-9386.0341796875,19114.451171875,-4719.59326171875
3799.164407095,13740.6455078125,20580.681640625,-42076.51171875,-10455.498046875,-39513.14453125,-9483.4423828125,19069.32421875,-4713.40185546875
3799.164596725,13672.0703125,20511.94921875,-42070.609375,-10519.53515625,-39563.97265625,-9535.455078125,19015.27734375,-4758.6416015625
3799.164823551,13625.51171875,20497.064453125,-41755.83203125,-10470.5625,-39554.85546875,-9430.2900390625,19063.310546875,-4766.12939453125
3799.165228702,13668.6728515625,20549.880859375,-41666.421875,-10399.796875,-39509.76953125,-9360.3515625,19111.501953125,-4750.416015625
3799.165605409,13720.7744140625,20575.115234375,-41804.0,-10409.1181640625,-39499.64453125,-9387.822265625,19115.390625,-4724.2421875
3799.165908087,13748.0439453125,20577.708984375,-42075.88671875,-10461.5107421875,-39517.48046875,-9490.8193359375,19074.599609375,-4704.86328125
3799.166101363,13686.4423828125,20523.88671875,-42058.02734375,-10502.97265625,-39553.15625,-9533.3994140625,19035.169921875,-4739.79931640625
3799.166290263,13644.0185546875,20507.12109375,-41742.91015625,-10452.5029296875,-39539.6328125,-9420.6123046875,19075.0234375,-4758.2841796875
3799.166478799,13669.7236328125,20532.603515625,-41674.671875,-10420.6962890625,-39521.953125,-9364.822265625,19112.439453125,-4731.283203125
3799.166667699,13716.5283203125,20568.857421875,-41806.94921875,-10416.046875,-39506.26171875,-9393.0966796875,19114.51953125,-4701.62255859375
3799.167026902,13749.2958984375,20584.4140625,-42071.01171875,-10452.79296875,-39509.2109375,-9486.9970703125,19086.78125,-4703.41064453125
3799.16741309,13681.5029296875,20525.115234375,-42063.45703125,-10506.9296875,-39553.9140625,-9535.298828125,19034.8359375,-4752.13720703125
3799.167718685,13632.75390625,20506.02734375,-41751.89453125,-10462.962890625,-39545.890625,-9429.955078125,19063.84765625,-4774.01953125
3799.167908315,13662.75,20536.291015625,-41674.4921875,-10416.337890625,-39515.671875,-9367.5263671875,19099.833984375,-4749.76806640625
3799.16809758,13724.5517578125,20579.005859375,-41803.68359375,-10421.92578125,-39505.16796875,-9392.1357421875,19101.666015625,-4721.15771484375
3799.168286845,13755.77734375,20588.146484375,-42067.97265625,-10465.4443359375,-39513.32421875,-9487.5556640625,19062.640625,-4710.048828125
3799.168475745,13684.85546875,20528.736328125,-42054.47265625,-10505.7001953125,-39549.19921875,-9537.3779296875,19025.3125,-4739.37451171875
3799.168664281,13637.08984375,20501.33203125,-41742.30859375,-10459.2529296875,-39538.5390625,-9425.26171875,19066.6640625,-4762.4189453125
3799.169024213,13665.96875,20542.4609375,-41662.33203125,-10406.7490234375,-39502.86328125,-9356.57421875,19110.205078125,-4750.17041015625
3799.169398731,13715.544921875,20578.3125,-41797.91796875,-10407.5537109375,-39494.19140625,-9387.822265625,19117.06640625,-4721.26953125
3799.169590549,13747.373046875,20584.66015625,-42068.12890625,-10458.2919921875,-39506.796875,-9486.1025390625,19083.896484375,-4700.61669921875
3799.169810811,13676.5634765625,20520.533203125,-42063.34375,-10506.3037109375,-39543.38671875,-9527.0068359375,19040.712890625,-4741.2294921875
3799.170000441,13633.0439453125,20503.45703125,-41753.484375,-10457.6435546875,-39537.28515625,-9420.8134765625,19074.263671875,-4768.58837890625
