#3765.089567925,14418.685546875,21311.44921875,-40931.3203125,-9850.9501953125,-39531.20703125,-8721.5615234375,19746.828125,-4443.0126953125
3765.08976266,14451.8779296875,21348.017578125,-40864.33203125,-9798.4462890625,-39499.0859375,-8660.09375,19792.42578125,-4405.6181640625
3765.08996323,14496.201171875,21382.884765625,-41003.24609375,-9798.6474609375,-39480.01953125,-8682.5576171875,19806.57421875,-4370.70458984375
3765.090158694,14522.7333984375,21388.80859375,-41269.9921875,-9848.4912109375,-39492.22265625,-8783.7216796875,19771.2578125,-4356.6455078125
3765.090353429,14450.7607421875,21329.0859375,-41240.95703125,-9895.6533203125,-39533.9765625,-8825.18359375,19723.71484375,-4388.8544921875
3765.090548894,14405.4306640625,21305.68359375,-40927.49609375,-9852.2685546875,-39525.5078125,-8711.1904296875,19763.255859375,-4409.6416015625
3765.090743264,14450.8720703125,21350.744140625,-40850.2734375,-9794.9365234375,-39487.41796875,-8645.185546875,19817.19140625,-4391.447265625
3765.090999264,14499.5986328125,21396.677734375,-40986.2578125,-9792.3212890625,-39471.81640625,-8669.99609375,19818.978515625,-4363.37353515625
3765.091338774,14524.7666015625,21406.220703125,-41251.28515625,-9837.2041015625,-39482.8828125,-8774.3115234375,19769.447265625,-4352.8232421875
3765.091533874,14457.287109375,21341.9140625,-41231.45703125,-9891.8095703125,-39533.73046875,-8832.828125,19715.6015625,-4402.66796875
3765.091728973,14411.130859375,21305.03515625,-40930.08984375,-9865.92578125,-39541.82421875,-8732.0,19741.84375,-4436.68701171875
3765.091997737,14456.728515625,21346.69921875,-40849.734375,-9808.50390625,-39495.12890625,-8651.287109375,19795.107421875,-4406.33349609375
3765.092197578,14513.748046875,21391.826171875,-40979.3515625,-9785.4599609375,-39465.04296875,-8673.169921875,19796.8515625,-4378.9970703125
3765.09239523,14545.7548828125,21404.634765625,-41248.84765625,-9832.197265625,-39478.8125,-8781.0166015625,19763.255859375,-4361.98779296875
3765.092591788,14469.8935546875,21341.580078125,-41231.34765625,-9881.728515625,-39518.8671875,-8822.412109375,19726.21875,-4398.91259765625
3765.09281825,14416.1826171875,21307.984375,-40927.875,-9846.658203125,-39517.03515625,-8711.7490234375,19767.4140625,-4424.9970703125
3765.09311874,14449.4189453125,21332.52734375,-40866.51953125,-9815.232421875,-39497.23046875,-8656.9873046875,19800.26953125,-4403.271484375
3765.093373281,14495.9111328125,21359.998046875,-41015.98828125,-9829.6708984375,-39489.80859375,-8688.81640625,19797.857421875,-4373.029296875
3765.093568746,14537.9990234375,21396.275390625,-41273.703125,-9846.1220703125,-39481.13671875,-8779.02734375,19770.275390625,-4349.80615234375
3765.093768586,14470.7431640625,21340.57421875,-41259.59765625,-9884.9697265625,-39524.12109375,-8836.5830078125,19710.796875,-4408.14404296875
3765.094000518,14423.71484375,21311.517578125,-40960.33203125,-9848.6484375,-39525.19140625,-8728.892578125,19745.888671875,-4442.0068359375
3765.094195618,14455.833984375,21351.236328125,-40890.83984375,-9799.09375,-39492.87109375,-8656.4287109375,19792.111328125,-4405.2158203125
3765.094390718,14503.533203125,21389.748046875,-41024.34765625,-9799.072265625,-39481.62890625,-8691.8779296875,19792.693359375,-4368.6708984375
3765.094586547,14530.109375,21403.47265625,-41284.87890625,-9836.935546875,-39486.2578125,-8791.9248046875,19756.103515625,-4352.80126953125
3765.094808632,14463.9033203125,21341.177734375,-41271.109375,-9885.751953125,-39528.8359375,-8840.2041015625,19704.158203125,-4401.0361328125
3765.095148872,14407.30859375,21304.162109375,-40974.2578125,-9862.6181640625,-39535.69921875,-8739.1748046875,19733.55078125,-4433.13330078125
3765.095416541,14439.361328125,21335.09765625,-40911.9609375,-9821.5126953125,-39509.078125,-8675.2041015625,19773.828125,-4418.0234375
3765.09561237,14497.5654296875,21378.4375,-41052.46484375,-9815.2099609375,-39490.52734375,-8697.4658203125,19787.060546875,-4385.09912109375
3765.095842114,14538.5576171875,21398.197265625,-41313.5546875,-9847.2177734375,-39490.14453125,-8789.3095703125,19764.6640625,-4359.70751953125
3765.096038308,14468.3515625,21337.779296875,-41303.5859375,-9890.1103515625,-39527.02734375,-8839.109375,19721.525390625,-4386.060546875
3765.096233772,14417.7919921875,21300.67578125,-40999.4453125,-9858.7734375,-39529.3046875,-8738.50390625,19748.861328125,-4415.6767578125
3765.096429601,14453.3310546875,21325.375,-40927.07421875,-9825.4912109375,-39507.15625,-8673.728515625,19790.099609375,-4399.98583984375
3765.096625795,14501.587890625,21366.099609375,-41060.40234375,-9819.61328125,-39489.96875,-8695.23046875,19790.435546875,-4379.6455078125
3765.096946707,14533.126953125,21393.837890625,-41325.22265625,-9846.2783203125,-39493.09765625,-8800.306640625,19752.86328125,-4378.37158203125
3765.09725522,14467.814453125,21343.390625,-41320.21875,-9887.96484375,-39528.63671875,-8856.7451171875,19700.783203125,-4419.29736328125
3765.547786857,14409.521484375,21305.123046875,-41017.4609375,-9860.6064453125,-39532.1015625,-8752.98828125,19730.623046875,-4446.65625
3765.54818508,14448.1904296875,21346.4296875,-40929.53125,-9809.15234375,-39501.03125,-8675.5166015625,19784.982421875,-4413.642578125
3765.548371792,14503.197265625,21392.251953125,-41050.41015625,-9802.8046875,-39486.859375,-8703.27734375,19798.7734375,-4368.2236328125
3765.548574914,14540.0107421875,21409.193359375,-41305.7109375,-9835.28125,-39491.77734375,-8800.7978515625,19758.205078125,-4360.8251953125
3765.548767826,14472.28515625,21345.201171875,-41298.37890625,-9890.244140625,-39536.4375,-8854.419921875,19703.46484375,-4402.28759765625
3765.549138698,14415.109375,21299.447265625,-40987.3984375,-9863.5341796875,-39538.29296875,-8748.4951171875,19730.466796875,-4442.09619140625
3765.549473832,14450.8271484375,21325.419921875,-40900.71875,-9825.2900390625,-39512.25,-8678.6015625,19775.392578125,-4419.76708984375
3765.549663097,14500.6494140625,21367.126953125,-41022.58203125,-9819.8369140625,-39501.6328125,-8701.5791015625,19784.4453125,-4390.798828125
3765.54988737,14529.818359375,21393.01171875,-41269.56640625,-9846.435546875,-39497.25390625,-8787.0068359375,19758.919921875,-4361.20556640625
3765.550077729,14458.046875,21338.337890625,-41249.85546875,-9885.7294921875,-39527.4296875,-8827.6875,19714.9765625,-4389.92724609375
3765.550268088,14404.6044921875,21301.4140625,-40920.90234375,-9851.3525390625,-39527.96484375,-8720.2421875,19748.4140625,-4436.0166015625
3765.550458083,14440.43359375,21335.74609375,-40815.87109375,-9805.53125,-39498.70703125,-8650.080078125,19794.146484375,-4417.6435546875
3765.550647348,14487.640625,21373.54296875,-40919.5390625,-9796.7021484375,-39480.64453125,-8666.0615234375,19794.01171875,-4392.0283203125
3765.550882926,14525.794921875,21392.162109375,-41163.93359375,-9831.0126953125,-39485.05078125,-8756.2734375,19758.919921875,-4362.6806640625
3765.551233376,14457.0185546875,21328.638671875,-41167.7109375,-9891.0712890625,-39534.11328125,-8817.4052734375,19711.935546875,-4400.94677734375
3765.551638163,14413.3662109375,21303.40234375,-40860.57421875,-9850.9951171875,-39534.625,-8710.4521484375,19740.255859375,-4442.2529296875
3765.552049513,14449.9111328125,21336.484375,-40782.12109375,-9808.392578125,-39506.12890625,-8642.9501953125,19794.302734375,-4416.88330078125
3765.552371519,14492.22265625,21372.357421875,-40924.09765625,-9807.587890625,-39488.984375,-8668.9677734375,19804.361328125,-4384.94287109375
3765.552561513,14543.6767578125,21405.439453125,-41195.25,-9834.0302734375,-39483.328125,-8762.912109375,19773.76171875,-4348.666015625
3765.552751143,14476.2861328125,21343.92578125,-41224.57421875,-9886.6015625,-39527.6953125,-8827.9560546875,19713.009765625,-4392.453125
3765.55312712,14411.1533203125,21303.447265625,-40936.796875,-9856.44921875,-39533.91015625,-8733.2060546875,19735.0703125,-4441.4033203125
3765.553319303,14443.138671875,21339.412109375,-40858.69921875,-9804.369140625,-39499.421875,-8664.810546875,19783.619140625,-4429.13232421875
3765.553511485,14498.0791015625,21383.109375,-40991.2421875,-9792.0087890625,-39478.90234375,-8689.9560546875,19789.474609375,-4397.19140625
3765.553702573,14536.14453125,21410.06640625,-41262.125,-9830.9453125,-39481.5390625,-8784.50390625,19763.099609375,-4364.4912109375
3765.55389585,14470.8544921875,21351.525390625,-41284.5,-9888.5009765625,-39525.52734375,-8841.6123046875,19719.111328125,-4392.92236328125
3765.554088032,14414.0361328125,21304.119140625,-40986.34765625,-9862.349609375,-39533.59765625,-8745.052734375,19746.58203125,-4430.16064453125
3765.554278756,14443.8759765625,21337.84765625,-40899.9609375,-9817.7578125,-39505.234375,-8674.0634765625,19798.818359375,-4410.91552734375
3765.55446948,14492.4912109375,21366.345703125,-41032.328125,-9828.7099609375,-39494.66015625,-8695.23046875,19798.169921875,-4371.91162109375
3765.554660203,14525.7509765625,21389.681640625,-41295.1171875,-9853.85546875,-39493.87890625,-8793.1982421875,19759.009765625,-4351.3037109375
3765.554896876,14473.044921875,21351.638671875,-41306.671875,-9892.859375,-39527.96484375,-8852.6767578125,19712.048828125,-4400.74560546875
3765.555267383,14413.5673828125,21310.80078125,-40995.6015625,-9852.4697265625,-39528.0546875,-8750.9765625,19736.58984375,-4438.34130859375
3765.555624032,14447.1171875,21339.501953125,-40899.84765625,-9811.052734375,-39498.328125,-8673.974609375,19785.205078125,-4411.6533203125
3765.555990528,14496.849609375,21377.140625,-41027.05078125,-9819.568359375,-39491.8203125,-8699.34375,19787.150390625,-4379.75732421875
3765.556308158,14535.048828125,21403.62890625,-41283.8046875,-9849.720703125,-39492.6484375,-8789.8681640625,19759.74609375,-4351.68359375
3765.556498152,14477.4482421875,21345.982421875,-41302.06640625,-9899.431640625,-39528.1875,-8840.6962890625,19718.171875,-4385.45703125
3765.556688876,14409.8564453125,21296.876953125,-41000.765625,-9874.1962890625,-39532.94921875,-8742.080078125,19748.236328125,-4419.76708984375
3765.557035679,14435.78515625,21328.884765625,-40905.14453125,-9823.0556640625,-39500.00390625,-8665.369140625,19788.46875,-4399.31494140625
3765.557344557,14488.4453125,21373.4765625,-41020.75,-9806.58203125,-39478.56640625,-8685.6416015625,19799.064453125,-4375.599609375
3765.557539657,14531.0029296875,21403.560546875,-41275.89453125,-9833.1806640625,-39480.48828125,-8784.75,19772.53125,-4358.36669921875
3765.557735486,14477.11328125,21349.0234375,-41295.875,-9880.72265625,-39515.29296875,-8833.38671875,19731.091796875,-4393.50341796875
3765.55805421,14419.69140625,21304.07421875,-40989.43359375,-9853.744140625,-39520.25390625,-8727.2607421875,19758.3828125,-4417.46484375
3765.558250768,14446.3349609375,21337.556640625,-40890.88671875,-9815.1201171875,-39497.72265625,-8662.5751953125,19803.890625,-4400.9912109375
3765.558446962,14495.7548828125,21377.341796875,-41007.16015625,-9806.8056640625,-39474.6328125,-8680.5908203125,19801.388671875,-4374.77294921875
3765.55864352,14543.20703125,21412.5234375,-41256.3359375,-9828.1064453125,-39472.0390625,-8773.2607421875,19774.052734375,-4355.97509765625
3765.558941458,14487.1494140625,21362.701171875,-41279.71484375,-9879.560546875,-39515.625,-8835.2197265625,19723.89453125,-4394.46484375
3765.559336033,14413.9697265625,21309.103515625,-40980.3359375,-9864.5625,-39532.2109375,-8742.6162109375,19743.228515625,-4427.634765625
3765.559579999,14445.396484375,21342.138671875,-40873.62890625,-9813.130859375,-39501.9921875,-8663.4912109375,19791.46484375,-4393.4140625
3765.559785674,14498.8837890625,21393.279296875,-40982.52734375,-9800.435546875,-39486.01171875,-8686.55859375,19794.8828125,-4374.4375
3765.559989891,14535.5185546875,21409.037109375,-41241.3828125,-9841.271484375,-39494.48046875,-8783.9453125,19760.41796875,-4353.98583984375
3765.560192284,14472.53125,21336.9296875,-41275.0,-9899.7890625,-39537.890625,-8847.0439453125,19706.728515625,-4401.05859375
3765.560394313,14415.958984375,21290.73046875,-40967.0390625,-9874.8662109375,-39541.0390625,-8744.1591796875,19736.009765625,-4437.35791015625
3765.56059707,14441.5966796875,21330.314453125,-40861.87109375,-9822.7421875,-39507.7578125,-8662.798828125,19782.27734375,-4414.6259765625
3765.560804204,14490.5693359375,21365.67578125,-40976.46875,-9811.87890625,-39487.12890625,-8678.556640625,19789.36328125,-4382.484375
3765.561008056,14532.6572265625,21396.9453125,-41229.35546875,-9832.4873046875,-39481.25,-8764.8115234375,19765.423828125,-4361.18310546875
3765.56120972,14466.7861328125,21344.529296875,-41263.109375,-9883.9638671875,-39519.60546875,-8828.849609375,19723.201171875,-4389.14501953125
3765.561411384,14403.3974609375,21302.509765625,-40958.921875,-9853.69921875,-39526.9609375,-8733.4072265625,19750.134765625,-4437.201171875
3765.561611954,14439.6513671875,21338.00390625,-40851.703125,-9802.6259765625,-39492.78125,-8652.0029296875,19799.666015625,-4423.72314453125
3765.561828205,14490.6806640625,21378.75,-40971.62109375,-9802.7822265625,-39480.80078125,-8675.94140625,19801.9921875,-4374.8173828125
3765.562029868,14529.8857421875,21402.578125,-41234.87890625,-9843.171875,-39488.1328125,-8775.1162109375,19765.087890625,-4352.6669921875
3765.562231168,14472.93359375,21342.5859375,-41275.37890625,-9897.375,-39528.703125,-8837.8125,19715.625,-4387.8037109375
3765.562432467,14406.7275390625,21305.884765625,-40968.625,-9857.8125,-39529.93359375,-8740.91796875,19738.109375,-4427.1875
3765.562645435,14438.5791015625,21336.572265625,-40863.234375,-9811.72265625,-39501.61328125,-8664.072265625,19784.6015625,-4410.33447265625
3765.562912011,14489.048828125,21374.97265625,-40977.85546875,-9803.2744140625,-39480.80078125,-8674.734375,19792.916015625,-4374.14697265625
3765.563251521,14528.767578125,21392.98828125,-41240.890625,-9839.0810546875,-39481.02734375,-8768.2763671875,19765.1328125,-4360.490234375
3765.563532683,14469.6474609375,21336.125,-41285.90625,-9895.9443359375,-39523.60546875,-8834.392578125,19714.841796875,-4402.57861328125
3765.563743099,14404.447265625,21295.9375,-40978.6171875,-9860.5166015625,-39526.64453125,-8739.62109375,19735.3828125,-4434.83203125
3765.563954609,14432.3427734375,21331.9453125,-40866.8359375,-9809.8681640625,-39498.50390625,-8663.2236328125,19782.76953125,-4409.41796875
3765.564150439,14485.1376953125,21367.6875,-40984.13671875,-9812.7958984375,-39485.96484375,-8681.7529296875,19793.140625,-4374.52685546875
3765.564346997,14536.3232421875,21389.814453125,-41241.2265625,-9840.9365234375,-39482.8828125,-8768.5,19769.8046875,-4349.71630859375
3765.564542461,14478.6328125,21343.994140625,-41283.5390625,-9879.8955078125,-39514.7109375,-8833.0068359375,19723.873046875,-4385.97119140625
3765.564766735,14412.5390625,21295.982421875,-40987.8671875,-9869.546875,-39527.6953125,-8739.8447265625,19742.111328125,-4434.96630859375
3765.565119009,14442.400390625,21324.66015625,-40877.25,-9824.150390625,-39497.5234375,-8661.501953125,19788.87109375,-4424.013671875
3765.565318849,14497.7666015625,21384.607421875,-40978.14453125,-9788.3427734375,-39465.91796875,-8671.0908203125,19808.919921875,-4386.14990234375
3765.565515407,14532.43359375,21402.890625,-41244.98046875,-9828.28515625,-39475.01171875,-8766.2646484375,19767.994140625,-4372.8505859375
3765.565711601,14477.380859375,21349.1796875,-41298.69140625,-9892.79296875,-39521.953125,-8843.736328125,19707.82421875,-4402.6455078125
3765.565937333,14411.041015625,21316.12109375,-40992.71875,-9859.4443359375,-39524.9921875,-8747.220703125,19734.66796875,-4434.787109375
3765.566133163,14442.1103515625,21336.3046875,-40880.828125,-9812.7509765625,-39498.73046875,-8667.4921875,19783.998046875,-4417.50927734375
3765.566327533,14484.1982421875,21357.673828125,-40999.9609375,-9819.322265625,-39492.24609375,-8690.044921875,19781.80859375,-4397.03515625
3765.566523362,14522.576171875,21390.0390625,-41258.9296875,-9848.8271484375,-39494.48046875,-8786.224609375,19751.54296875,-4377.052734375
3765.566719191,14460.4833984375,21341.4453125,-41314.3828125,-9900.9736328125,-39536.16796875,-8865.1708984375,19698.056640625,-4414.33544921875
3765.567043385,14404.1572265625,21293.232421875,-41008.72265625,-9873.1904296875,-39538.984375,-8763.470703125,19728.185546875,-4430.0263671875
3765.567381801,14440.7919921875,21323.4296875,-40888.9609375,-9819.5009765625,-39504.00390625,-8678.712890625,19777.337890625,-4405.12646484375
3765.5675831,14488.7138671875,21363.037109375,-40997.14453125,-9808.75,-39485.0703125,-8693.80078125,19786.859375,-4382.35009765625
3765.567785493,14528.142578125,21390.642578125,-41255.95703125,-9840.1767578125,-39487.77734375,-8783.498046875,19759.859375,-4354.0302734375
3765.567986428,14470.98828125,21340.10546875,-41313.48828125,-9891.451171875,-39526.53515625,-8853.90625,19704.470703125,-4398.2197265625
3765.568187727,14399.2841796875,21293.904296875,-41010.04296875,-9865.0986328125,-39527.49609375,-8757.4580078125,19735.205078125,-4445.1806640625
3765.568388662,14429.5712890625,21328.01171875,-40889.54296875,-9811.2314453125,-39496.0,-8672.1865234375,19794.7265625,-4431.27783203125
3765.568589231,14475.75,21362.859375,-41002.421875,-9807.498046875,-39485.296875,-8692.0791015625,19793.833984375,-4398.0185546875
3765.568819704,14521.01171875,21384.5390625,-41262.86328125,-9848.87109375,-39496.40234375,-8794.78515625,19758.091796875,-4363.015625
3765.569156297,14470.720703125,21337.51171875,-41324.88671875,-9909.0205078125,-39536.4140625,-8864.8359375,19696.826171875,-4404.03125
3765.56935869,14406.8837890625,21298.955078125,-41017.10546875,-9869.345703125,-39527.1171875,-8760.408203125,19719.693359375,-4450.14306640625
3765.56955926,14429.01171875,21326.15625,-40896.91796875,-9819.12109375,-39497.8125,-8681.775390625,19775.4609375,-4423.65625
3765.569763112,14477.716796875,21362.76953125,-41008.1640625,-9813.82421875,-39483.375,-8696.8623046875,19784.2890625,-4386.12744140625
3765.569964776,14526.1083984375,21383.82421875,-41266.4609375,-9847.44140625,-39487.796875,-8789.17578125,19753.107421875,-4365.78759765625
3765.570166075,14465.7138671875,21327.900390625,-41336.48828125,-9917.06640625,-39535.85546875,-8867.7412109375,19688.734375,-4413.17333984375
3765.570367374,14387.9072265625,21291.466796875,-41038.4296875,-9895.474609375,-39544.125,-8774.53515625,19707.109375,-4452.31103515625
3765.570569038,14420.0712890625,21326.357421875,-40904.09375,-9823.234375,-39504.49609375,-8688.234375,19766.720703125,-4429.53466796875
3765.570798417,14479.884765625,21364.6015625,-40999.203125,-9806.134765625,-39481.67578125,-8695.029296875,19780.130859375,-4410.2451171875
3765.571054052,14533.1494140625,21399.134765625,-41244.2421875,-9833.068359375,-39473.0,-8768.1875,19768.12890625,-4376.6728515625
3765.571254987,14475.302734375,21349.916015625,-41313.33203125,-9895.2734375,-39515.6953125,-8846.3955078125,19716.474609375,-4395.828125
3765.571456286,14404.0673828125,21302.150390625,-41015.16015625,-9876.654296875,-39528.859375,-8760.498046875,19734.265625,-4437.31298828125
3765.571657585,14433.7060546875,21337.154296875,-40879.9765625,-9810.8291015625,-39489.54296875,-8668.296875,19798.638671875,-4414.35791015625
3765.571860343,14484.8017578125,21380.875,-40980.515625,-9797.7080078125,-39471.59375,-8680.7919921875,19811.201171875,-4389.32373046875
3765.572062007,14525.52734375,21401.125,-41236.77734375,-9836.0634765625,-39479.9765625,-8772.8134765625,19767.16796875,-4373.14111328125
3765.572262212,14476.1748046875,21362.03125,-41300.4140625,-9882.9580078125,-39511.6015625,-8842.998046875,19715.400390625,-4395.224609375
3765.572464241,14413.5,21315.875,-40996.38671875,-9854.458984375,-39511.828125,-8746.259765625,19744.7265625,-4420.92919921875
3765.57266481,14440.7021484375,21340.283203125,-40872.19921875,-9807.4091796875,-39488.0234375,-8663.40234375,19792.3125,-4406.53466796875
3765.572869027,14484.109375,21375.95703125,-40981.1875,-9808.7724609375,-39480.2421875,-8684.255859375,19795.2421875,-4384.048828125
3765.573071056,14528.65625,21408.255859375,-41234.140625,-9839.1708984375,-39480.69140625,-8770.064453125,19769.58203125,-4345.71533203125
3765.573271625,14485.7412109375,21354.41015625,-41308.86328125,-9896.1005859375,-39513.5703125,-8840.517578125,19718.798828125,-4378.05859375
3765.573472195,14412.7626953125,21305.81640625,-41012.45703125,-9870.3515625,-39523.0234375,-8757.7041015625,19726.509765625,-4430.74169921875
3765.573673859,14446.2001953125,21344.931640625,-40871.6171875,-9804.525390625,-39485.453125,-8668.029296875,19786.880859375,-4414.9833984375
3765.573875158,14490.3896484375,21378.6171875,-40971.59765625,-9796.76953125,-39468.3515625,-8677.1708984375,19800.13671875,-4389.52490234375
3765.574076093,14534.4228515625,21404.232421875,-41226.13671875,-9829.1572265625,-39473.16015625,-8766.8232421875,19768.0625,-4358.94775390625
3765.574277392,14487.640625,21359.349609375,-41303.65625,-9886.154296875,-39512.2734375,-8850.8662109375,19714.685546875,-4391.11181640625
3765.574477597,14402.7490234375,21291.400390625,-41015.5390625,-9877.1240234375,-39527.98828125,-8766.0634765625,19733.86328125,-4442.4541015625
3765.574677073,14421.2783203125,21318.84765625,-40880.55859375,-9824.7314453125,-39495.2421875,-8674.3095703125,19787.015625,-4416.2578125
3765.574918486,14475.1689453125,21363.103515625,-40978.28125,-9817.0205078125,-39478.703125,-8683.4296875,19786.546875,-4385.6357421875
3765.575124526,14532.1875,21398.30859375,-41222.33984375,-9831.6826171875,-39474.69921875,-8772.970703125,19758.6953125,-4362.2109375
3765.575328743,14478.87890625,21356.265625,-41299.80859375,-9881.1025390625,-39506.3046875,-8847.2001953125,19707.599609375,-4395.33642578125
3766.028619492,14398.7255859375,21299.333984375,-41009.1484375,-9868.541015625,-39522.375,-8766.2197265625,19717.92578125,-4440.576171875
3766.028818238,14423.9384765625,21325.955078125,-40869.5390625,-9811.1640625,-39489.921875,-8674.287109375,19768.240234375,-4421.6220703125
3766.029040689,14470.162109375,21362.2109375,-40975.0625,-9812.5498046875,-39482.41015625,-8692.19140625,19770.677734375,-4401.10302734375
3766.029244176,14519.759765625,21382.751953125,-41228.5078125,-9845.630859375,-39481.875,-8775.49609375,19749.755859375,-4370.8388671875
3766.029433076,14477.873046875,21341.646484375,-41309.578125,-9890.580078125,-39514.62109375,-8854.3525390625,19696.826171875,-4401.662109375
3766.029621612,14404.1123046875,21281.453125,-41022.84765625,-9883.9638671875,-39535.96484375,-8777.3515625,19707.265625,-4443.1689453125
3766.029809783,14430.822265625,21320.234375,-40877.00390625,-9816.8193359375,-39495.6875,-8682.53515625,19760.8203125,-4424.48291015625
3766.030003059,14483.3935546875,21366.76953125,-40968.22265625,-9799.67578125,-39473.875,-8686.2451171875,19776.779296875,-4403.76318359375
3766.030378672,14526.8681640625,21392.05078125,-41224.41796875,-9835.5048828125,-39479.796875,-8777.3515625,19747.51953125,-4388.2734375
3766.030856028,14470.5419921875,21347.615234375,-41311.8125,-9893.5078125,-39517.52734375,-8856.3642578125,19694.658203125,-4413.642578125
3766.031224712,14405.453125,21298.015625,-41012.34375,-9870.396484375,-39525.26171875,-8767.9638671875,19713.478515625,-4446.0078125
3766.03152192,14438.421875,21335.365234375,-40867.1015625,-9813.82421875,-39495.2421875,-8677.7294921875,19767.32421875,-4430.69677734375
3766.031710091,14493.9443359375,21381.8125,-40960.33203125,-9800.5244140625,-39476.19921875,-8680.61328125,19781.205078125,-4397.72802734375
3766.031898262,14530.9580078125,21406.466796875,-41210.06640625,-9823.8154296875,-39471.32421875,-8765.68359375,19749.912109375,-4372.58251953125
3766.032090079,14479.7060546875,21367.798828125,-41304.16796875,-9884.58984375,-39512.9453125,-8851.3359375,19695.41796875,-4404.8583984375
3766.03227825,14413.1201171875,21301.32421875,-41018.4453125,-9871.6474609375,-39532.27734375,-8771.4052734375,19708.494140625,-4444.9794921875
3766.032465692,14439.62890625,21314.19921875,-40879.12890625,-9824.0830078125,-39506.3046875,-8684.658203125,19768.666015625,-4420.70556640625
3766.032652769,14486.388671875,21351.19140625,-40976.71484375,-9817.310546875,-39489.4296875,-8692.0341796875,19782.61328125,-4388.74267578125
3766.032840575,14519.3134765625,21376.671875,-41233.0,-9851.083984375,-39491.95703125,-8781.4638671875,19753.197265625,-4370.01171875
3766.033102045,14481.2705078125,21345.40234375,-41317.98046875,-9891.228515625,-39514.46484375,-8845.5908203125,19704.896484375,-4394.37548828125
3766.033504644,14407.80078125,21298.888671875,-41018.9140625,-9859.578125,-39515.9609375,-8758.240234375,19720.943359375,-4430.54052734375
3766.033933863,14426.486328125,21319.09375,-40877.8984375,-9813.3994140625,-39493.18359375,-8677.751953125,19771.525390625,-4432.50732421875
3766.034238729,14479.1025390625,21362.544921875,-40968.22265625,-9799.943359375,-39472.84375,-8678.9365234375,19786.79296875,-4401.77392578125
3766.0344269,14522.1298828125,21387.22265625,-41221.71484375,-9838.03125,-39476.69140625,-8765.99609375,19759.2109375,-4363.216796875
3766.034614707,14468.6416015625,21337.98046875,-41326.0078125,-9910.1376953125,-39521.81640625,-8852.654296875,19699.75390625,-4400.4775390625
3766.034802148,14387.728515625,21288.091796875,-41032.796875,-9882.1083984375,-39525.1484375,-8764.431640625,19718.306640625,-4451.0595703125
3766.035022775,14419.1552734375,21315.875,-40882.12109375,-9821.78125,-39490.01171875,-8673.4599609375,19777.025390625,-4434.11669921875
3766.035239026,14467.412109375,21346.20703125,-40978.37109375,-9817.244140625,-39477.60546875,-8685.6865234375,19779.818359375,-4393.861328125
3766.035427197,14512.8310546875,21378.169921875,-41227.03125,-9841.607421875,-39479.125,-8772.634765625,19748.34765625,-4372.873046875
3766.035613909,14473.693359375,21338.47265625,-41325.26953125,-9889.73046875,-39512.4765625,-8849.5029296875,19701.7890625,-4393.2353515625
3766.035801351,14398.0546875,21292.919921875,-41038.09375,-9870.84375,-39528.65625,-8774.2216796875,19710.52734375,-4445.91845703125
3766.035994262,14414.5732421875,21314.35546875,-40894.57421875,-9823.7705078125,-39506.171875,-8691.453125,19750.560546875,-4450.54541015625
3766.036370969,14478.38671875,21358.74609375,-40982.125,-9810.3369140625,-39487.8203125,-8696.37109375,19762.09375,-4414.3798828125
3766.036771744,14533.685546875,21386.39453125,-41228.84375,-9841.47265625,-39490.234375,-8780.078125,19739.96484375,-4380.15966796875
3766.037162308,14484.8466796875,21334.673828125,-41337.4296875,-9904.6611328125,-39531.5625,-8868.6357421875,19679.90625,-4411.384765625
3766.037450035,14393.4951171875,21277.453125,-41051.39453125,-9889.08203125,-39545.51171875,-8789.689453125,19691.037109375,-4451.75244140625
3766.037637476,14411.1982421875,21305.03515625,-40893.56640625,-9834.5439453125,-39513.68359375,-8686.9833984375,19747.720703125,-4432.8427734375
3766.037824918,14463.3671875,21350.029296875,-40975.41796875,-9818.47265625,-39496.2265625,-8696.9970703125,19761.9140625,-4410.021484375
3766.038015642,14513.94921875,21391.15625,-41209.12890625,-9837.091796875,-39492.203125,-8779.2509765625,19742.625,-4387.0888671875
3766.038203083,14469.3125,21334.0703125,-41311.54296875,-9899.1181640625,-39535.02734375,-8868.255859375,19685.427734375,-4414.3798828125
3766.03839016,14397.6298828125,21277.384765625,-41011.6953125,-9878.107421875,-39541.48828125,-8782.6259765625,19706.28125,-4438.408203125
3766.038577237,14419.0205078125,21299.826171875,-40850.6953125,-9826.810546875,-39511.1328125,-8682.1103515625,19758.78515625,-4426.29345703125
3766.038765044,14467.748046875,21335.119140625,-40935.6328125,-9826.85546875,-39500.65234375,-8689.28515625,19767.748046875,-4396.29736328125
3766.038955767,14508.1376953125,21360.69140625,-41173.09765625,-9856.76171875,-39500.58203125,-8768.5,19745.396484375,-4382.08203125
3766.039313146,14462.2041015625,21321.328125,-41270.44140625,-9906.78515625,-39530.22265625,-8844.1826171875,19698.189453125,-4411.6533203125
3766.03969824,14389.4052734375,21274.970703125,-40975.57421875,-9882.1083984375,-39539.09765625,-8760.810546875,19711.9140625,-4455.86474609375
3766.040095369,14412.2041015625,21299.6484375,-40821.1015625,-9834.3203125,-39508.16015625,-8666.576171875,19764.462890625,-4432.060546875
3766.040295938,14467.1220703125,21347.123046875,-40911.76171875,-9824.1953125,-39490.03515625,-8673.7060546875,19781.16015625,-4389.97216796875
3766.040483015,14513.859375,21385.478515625,-41155.4609375,-9837.1591796875,-39479.8203125,-8750.685546875,19764.798828125,-4357.74072265625
3766.040670822,14470.9443359375,21342.697265625,-41273.16796875,-9887.8310546875,-39509.2578125,-8833.7890625,19712.13671875,-4390.6875
3766.040858263,14393.607421875,21290.013671875,-40996.2734375,-9868.25,-39520.69921875,-8753.546875,19718.216796875,-4431.54638671875
3766.041093842,14411.0859375,21309.572265625,-40849.6015625,-9824.4189453125,-39498.640625,-8661.7705078125,19768.642578125,-4420.638671875
3766.041282742,14461.1318359375,21353.314453125,-40941.19921875,-9808.7724609375,-39480.4453125,-8675.1142578125,19787.642578125,-4388.11669921875
3766.041470913,14510.5732421875,21397.056640625,-41187.11328125,-9822.9208984375,-39468.80078125,-8750.8642578125,19766.51953125,-4362.54638671875
3766.041658719,14472.2177734375,21350.029296875,-41312.125,-9888.4345703125,-39510.41796875,-8846.2392578125,19711.35546875,-4396.49853515625
3766.041845432,14396.5576171875,21287.890625,-41042.296875,-9889.5068359375,-39538.08984375,-8783.0732421875,19717.501953125,-4444.845703125
3766.042098514,14415.0419921875,21310.01953125,-40884.60546875,-9831.1015625,-39507.9609375,-8689.888671875,19763.345703125,-4427.8583984375
3766.042489078,14460.818359375,21342.697265625,-40973.140625,-9819.5009765625,-39487.39453125,-8692.392578125,19771.302734375,-4399.53857421875
3766.042901888,14513.30078125,21380.091796875,-41213.9140625,-9843.6416015625,-39480.87109375,-8769.7294921875,19752.392578125,-4369.96728515625
3766.043237386,14472.1064453125,21339.1875,-41331.81640625,-9897.0390625,-39514.41796875,-8853.1240234375,19704.939453125,-4391.11181640625
3766.043424828,14399.10546875,21293.322265625,-41051.3046875,-9880.9912109375,-39526.9140625,-8775.943359375,19716.384765625,-4444.91259765625
3766.04361227,14415.154296875,21314.69140625,-40893.140625,-9830.6767578125,-39503.33203125,-8684.591796875,19766.251953125,-4430.27197265625
3766.043799711,14461.66796875,21346.541015625,-40975.93359375,-9822.228515625,-39486.8828125,-8687.9443359375,19777.091796875,-4399.58349609375
3766.04403456,14512.1826171875,21379.130859375,-41212.52734375,-9837.29296875,-39476.51171875,-8763.828125,19754.158203125,-4368.38037109375
3766.044222002,14472.53125,21341.22265625,-41337.046875,-9893.8876953125,-39512.72265625,-8854.21875,19698.16796875,-4400.0078125
3766.044409079,14396.37890625,21280.89453125,-41063.9765625,-9891.5634765625,-39534.3125,-8779.1171875,19709.1640625,-4444.4208984375
3766.044596156,14416.0703125,21304.7890625,-40898.41796875,-9834.1865234375,-39503.37890625,-8683.1162109375,19762.98828125,-4426.427734375
3766.044783597,14461.0869140625,21350.87890625,-40974.19140625,-9815.0087890625,-39481.71875,-8683.6083984375,19787.484375,-4384.40625
3766.045003495,14510.9541015625,21381.521484375,-41208.0546875,-9828.93359375,-39468.64453125,-8756.4521484375,19769.111328125,-4354.00830078125
3766.045421409,14474.5869140625,21339.34375,-41335.68359375,-9888.7919921875,-39504.921875,-8847.7373046875,19711.935546875,-4386.17236328125
3766.045794105,14392.82421875,21285.119140625,-41064.01953125,-9886.310546875,-39528.92578125,-8780.9052734375,19715.9375,-4437.1787109375
3766.046209467,14408.560546875,21306.576171875,-40898.640625,-9839.2822265625,-39508.51953125,-8690.626953125,19765.1328125,-4426.583984375
3766.04646729,14451.05078125,21344.552734375,-40979.53125,-9831.1240234375,-39492.984375,-8688.369140625,19783.103515625,-4398.97998046875
3766.046655461,14503.3095703125,21378.728515625,-41215.9921875,-9851.6875,-39487.91015625,-8764.7001953125,19765.849609375,-4368.13427734375
3766.046842538,14483.3720703125,21350.564453125,-41337.44921875,-9895.6982421875,-39515.13671875,-8849.32421875,19708.337890625,-4392.58740234375
3766.047061706,14408.8955078125,21282.5703125,-41065.5625,-9893.9775390625,-39535.8984375,-8781.44140625,19707.66796875,-4443.392578125
3766.047249877,14416.1826171875,21301.14453125,-40899.98046875,-9843.9765625,-39510.8203125,-8689.93359375,19756.103515625,-4430.3837890625
3766.047436954,14464.126953125,21350.677734375,-40974.92578125,-9817.5791015625,-39491.578125,-8694.76171875,19771.19140625,-4408.6806640625
3766.047623666,14510.3505859375,21371.5078125,-41212.52734375,-9844.3564453125,-39486.0546875,-8768.857421875,19750.314453125,-4378.97509765625
3766.047810743,14471.837890625,21335.365234375,-41342.66015625,-9904.7060546875,-39521.99609375,-8862.376953125,19691.306640625,-4403.875
3766.048166664,14392.154296875,21284.091796875,-41061.3828125,-9891.630859375,-39539.20703125,-8794.4951171875,19704.650390625,-4450.8134765625
3766.048505444,14408.8955078125,21314.130859375,-40880.19921875,-9833.158203125,-39503.84765625,-8688.2568359375,19766.072265625,-4432.70849609375
3766.048702367,14461.154296875,21354.8125,-40950.98828125,-9812.68359375,-39480.64453125,-8686.2900390625,19784.267578125,-4404.56787109375
3766.048898926,14519.24609375,21390.462890625,-41180.00390625,-9828.888671875,-39470.54296875,-8756.876953125,19767.279296875,-4373.54345703125
3766.049127211,14489.7197265625,21347.5703125,-41310.671875,-9885.4609375,-39499.19921875,-8835.5556640625,19718.6640625,-4388.56396484375
3766.049328145,14406.705078125,21289.322265625,-41040.59765625,-9883.3603515625,-39520.765625,-8766.5107421875,19728.498046875,-4429.2666015625
3766.04952908,14412.9189453125,21310.3984375,-40870.54296875,-9832.95703125,-39496.13671875,-8671.76171875,19778.923828125,-4412.68115234375
3766.049729285,14456.83984375,21342.4296875,-40949.35546875,-9821.490234375,-39480.01953125,-8675.025390625,19793.6328125,-4374.90673828125
3766.049948453,14520.2294921875,21388.630859375,-41175.69140625,-9828.1513671875,-39469.3828125,-8744.203125,19784.958984375,-4340.4404296875
3766.050183667,14479.974609375,21347.458984375,-41317.55859375,-9889.5517578125,-39511.19921875,-8840.8525390625,19716.787109375,-4384.29443359375
3766.050381319,14391.796875,21288.875,-41050.1171875,-9884.0751953125,-39532.58984375,-8782.0224609375,19708.158203125,-4441.33642578125
3766.050577513,14408.806640625,21321.888671875,-40863.546875,-9815.3212890625,-39489.87890625,-8677.8193359375,19765.087890625,-4424.34912109375
3766.050773342,14457.599609375,21353.494140625,-40940.03515625,-9806.537109375,-39476.4453125,-8680.2548828125,19775.326171875,-4402.82421875
3766.050999804,14508.71875,21381.1640625,-41177.8125,-9831.951171875,-39475.57421875,-8756.1845703125,19759.701171875,-4377.857421875
3766.05126565,14478.923828125,21342.09375,-41320.0390625,-9893.6640625,-39510.39453125,-8844.853515625,19717.2109375,-4396.38720703125
#3804.944636525,13554.1875,20360.875,-41835.359375,-10564.6865234375,-39556.57421875,-9517.8193359375,18950.904296875,-4800.8193359375
3804.94483126,13587.021484375,20392.5703125,-41772.3046875,-10525.6826171875,-39529.6171875,-9456.21875,18995.00390625,-4773.52783203125
3804.945025631,13636.1953125,20428.845703125,-41912.671875,-10528.38671875,-39517.37109375,-9488.8076171875,18998.625,-4735.306640625
3804.945219636,13665.2080078125,20443.1953125,-42171.68359375,-10565.177734375,-39522.62109375,-9589.703125,18958.705078125,-4717.4921875
3804.945412913,13596.3427734375,20383.896484375,-42136.19140625,-10607.8701171875,-39561.08984375,-9626.8740234375,18913.3984375,-4764.251953125
3804.945612388,13544.8662109375,20345.474609375,-41844.96875,-10584.69140625,-39568.4453125,-9526.9619140625,18948.4453125,-4794.49365234375
3804.945807853,13577.0302734375,20383.025390625,-41788.12890625,-10547.609375,-39546.0703125,-9471.1044921875,18989.640625,-4777.32763671875
3804.946002588,13643.6611328125,20453.27734375,-41906.79296875,-10510.6396484375,-39513.4375,-9489.5,18994.490234375,-4748.091796875
3804.946198052,13678.8203125,20460.541015625,-42169.65234375,-10555.25390625,-39523.16015625,-9588.607421875,18953.453125,-4730.72412109375
3804.946393517,13600.1201171875,20391.00390625,-42141.2421875,-10604.3828125,-39566.72265625,-9631.076171875,18907.162109375,-4780.255859375
3804.946671762,13558.43359375,20363.400390625,-41837.68359375,-10562.294921875,-39559.48046875,-9519.0263671875,18952.69140625,-4802.0263671875
3804.946873426,13595.5830078125,20396.8828125,-41775.7890625,-10522.9111328125,-39534.87109375,-9460.8671875,19001.306640625,-4772.701171875
3804.947072172,13642.23046875,20432.154296875,-41913.34375,-10524.4755859375,-39518.1953125,-9487.689453125,19010.60546875,-4741.8330078125
3804.947270919,13680.921875,20448.068359375,-42173.00390625,-10567.279296875,-39530.109375,-9590.5078125,18953.8984375,-4735.8876953125
3804.947470394,13612.2119140625,20386.7578125,-42141.3515625,-10615.2685546875,-39578.58984375,-9642.69921875,18903.541015625,-4772.52197265625
3805.400468677,13554.74609375,20349.54296875,-41844.296875,-10585.3837890625,-39580.671875,-9538.271484375,18943.953125,-4786.849609375
3805.400671799,13591.3359375,20390.4453125,-41775.45703125,-10531.7392578125,-39540.90625,-9473.6083984375,18983.0234375,-4768.96826171875
3805.400863617,13652.4228515625,20440.291015625,-41907.80078125,-10514.7744140625,-39517.21484375,-9499.4248046875,18979.916015625,-4745.2529296875
3805.401054705,13682.888671875,20447.107421875,-42178.30078125,-10568.798828125,-39537.53125,-9608.43359375,18932.330078125,-4734.2333984375
3805.401249076,13608.904296875,20377.146484375,-42154.47265625,-10621.0791015625,-39580.46875,-9651.1923828125,18883.55859375,-4787.36376953125
3805.401557224,13562.703125,20353.453125,-41852.92578125,-10574.990234375,-39572.265625,-9543.7255859375,18919.41015625,-4814.76708984375
3805.401912779,13599.3154296875,20394.021484375,-41788.46484375,-10526.46484375,-39541.734375,-9482.3251953125,18965.1875,-4788.212890625
3805.402301155,13645.6953125,20422.54296875,-41931.26953125,-10533.125,-39532.45703125,-9513.39453125,18966.953125,-4760.8544921875
3805.402545121,13675.53515625,20436.06640625,-42189.41015625,-10579.2822265625,-39542.515625,-9608.880859375,18939.59375,-4740.5146484375
3805.402735116,13602.2880859375,20376.744140625,-42157.8046875,-10627.0478515625,-39577.09375,-9642.251953125,18904.703125,-4774.77978515625
3805.402925475,13555.55078125,20358.482421875,-41845.88671875,-10571.1904296875,-39560.21875,-9526.4033203125,18950.12109375,-4791.431640625
3805.403116563,13591.380859375,20396.189453125,-41777.7578125,-10526.0625,-39531.09375,-9463.884765625,18994.869140625,-4768.0068359375
3805.403306193,13630.6298828125,20426.119140625,-41921.8125,-10537.2158203125,-39525.39453125,-9497.904296875,18989.4609375,-4742.77197265625
3805.403679253,13665.431640625,20449.298828125,-42177.80859375,-10569.513671875,-39529.70703125,-9595.6484375,18943.193359375,-4740.4921875
3805.404028609,13595.6943359375,20393.486328125,-42147.2109375,-10611.021484375,-39571.05859375,-9637.826171875,18895.046875,-4784.72607421875
3805.404375412,13542.876953125,20362.796875,-41843.71875,-10572.8671875,-39569.8515625,-9535.857421875,18934.4765625,-4810.16259765625
3805.404674079,13577.1875,20394.0,-41781.22265625,-10535.9638671875,-39547.56640625,-9481.8779296875,18971.669921875,-4793.6669921875
3805.404997543,13630.8759765625,20431.416015625,-41916.91796875,-10530.2197265625,-39531.62890625,-9507.2919921875,18975.111328125,-4753.7021484375
3805.405188267,13656.46875,20449.0078125,-42176.46875,-10563.12109375,-39535.69921875,-9602.734375,18939.6171875,-4737.74267578125
3805.405438432,13591.2685546875,20382.9140625,-42154.31640625,-10620.296875,-39581.96484375,-9646.990234375,18897.21484375,-4775.47265625
3805.405791071,13557.763671875,20362.796875,-41847.7421875,-10580.130859375,-39575.015625,-9534.337890625,18941.2265625,-4799.16552734375
3805.4059869,13596.2978515625,20403.587890625,-41778.91796875,-10532.5,-39545.51171875,-9473.228515625,18982.3984375,-4772.11962890625
3805.406182364,13637.603515625,20429.091796875,-41919.98046875,-10540.3447265625,-39541.66796875,-9512.8134765625,18973.748046875,-4747.5107421875
3805.406419766,13660.447265625,20438.412109375,-42183.46484375,-10585.4951171875,-39551.56640625,-9614.0439453125,18931.458984375,-4747.33154296875
3805.406610854,13603.361328125,20395.765625,-42142.671875,-10609.7919921875,-39574.7265625,-9641.447265625,18902.9375,-4779.51806640625
3805.406800849,13560.7138671875,20370.955078125,-41836.6328125,-10564.7080078125,-39568.48828125,-9533.5107421875,18941.78515625,-4804.41796875
3805.406991208,13592.5654296875,20408.21484375,-41769.6640625,-10518.373046875,-39536.2578125,-9469.3388671875,18984.3203125,-4776.74658203125
3805.407181567,13631.8369140625,20439.240234375,-41911.30859375,-10525.7265625,-39529.8203125,-9500.5419921875,18985.34765625,-4743.107421875
3805.407430273,13664.8505859375,20446.01171875,-42180.109375,-10575.4375,-39539.5,-9598.0400390625,18945.6953125,-4730.0537109375
3805.407813179,13597.7060546875,20383.046875,-42159.34765625,-10623.0244140625,-39576.87109375,-9637.55859375,18903.853515625,-4770.890625
3805.408172746,13544.017578125,20355.755859375,-41855.67578125,-10578.3876953125,-39570.76953125,-9529.822265625,18943.39453125,-4800.52880859375
3805.408369305,13584.1611328125,20402.873046875,-41780.05859375,-10526.46484375,-39539.18359375,-9464.98046875,18987.740234375,-4782.06640625
3805.408565134,13634.6533203125,20438.32421875,-41915.421875,-10533.2373046875,-39527.6953125,-9496.048828125,18989.482421875,-4742.8837890625
3805.408761328,13669.857421875,20452.6953125,-42169.13671875,-10568.7314453125,-39530.109375,-9588.25,18957.654296875,-4713.75927734375
3805.408956792,13604.568359375,20392.033203125,-42140.1015625,-10609.2783203125,-39562.09765625,-9624.0126953125,18920.595703125,-4758.14990234375
3805.409151892,13558.634765625,20362.9765625,-41835.55859375,-10566.83203125,-39557.4921875,-9517.6630859375,18959.3984375,-4774.623046875
3805.409391482,13593.2802734375,20399.7890625,-41765.328125,-10521.591796875,-39527.67578125,-9455.0556640625,19001.462890625,-4751.91357421875
3805.409757977,13632.396484375,20435.150390625,-41901.33984375,-10518.529296875,-39514.0859375,-9488.7177734375,18995.98828125,-4729.115234375
3805.410000485,13663.5986328125,20450.662109375,-42159.5234375,-10558.583984375,-39524.0078125,-9586.373046875,18962.080078125,-4706.4501953125
3805.410201784,13593.1240234375,20387.048828125,-42141.15234375,-10611.06640625,-39567.70703125,-9630.8974609375,18914.626953125,-4761.97216796875
3805.410405636,13546.251953125,20360.517578125,-41835.73828125,-10568.5302734375,-39561.22265625,-9523.5869140625,18949.80859375,-4795.8349609375
3805.410607299,13586.396484375,20394.8046875,-41768.03515625,-10524.4755859375,-39533.21875,-9462.9462890625,18989.9296875,-4770.0185546875
3805.410808599,13631.501953125,20433.986328125,-41904.8046875,-10524.1845703125,-39521.05859375,-9494.5068359375,18988.3203125,-4743.80029296875
3805.411009168,13658.994140625,20450.236328125,-42166.09765625,-10563.0771484375,-39524.03125,-9589.7255859375,18953.943359375,-4735.59716796875
3805.411210832,13594.107421875,20382.421875,-42148.125,-10614.0830078125,-39563.75,-9628.9970703125,18910.55859375,-4777.640625
3805.411468291,13547.03515625,20341.787109375,-41854.8046875,-10588.982421875,-39572.06640625,-9532.572265625,18941.13671875,-4799.232421875
3805.411808166,13576.248046875,20374.46484375,-41789.1796875,-10547.921875,-39550.29296875,-9479.732421875,18978.486328125,-4776.478515625
3805.41200983,13628.998046875,20414.697265625,-41925.12109375,-10545.4638671875,-39536.76953125,-9509.28125,18978.21875,-4750.416015625
3805.412210764,13655.150390625,20426.052734375,-42195.33203125,-10591.0166015625,-39552.1484375,-9614.423828125,18931.771484375,-4746.21435546875
3805.412423733,13589.4580078125,20380.521484375,-42170.6796875,-10623.5380859375,-39583.64453125,-9651.4609375,18890.890625,-4781.216796875
3805.412625761,13546.744140625,20352.0234375,-41864.28125,-10586.5234375,-39579.91015625,-9541.2216796875,18929.291015625,-4817.11376953125
3805.412827061,13580.271484375,20367.87109375,-41802.94921875,-10563.814453125,-39566.453125,-9486.4375,18969.90234375,-4787.16259765625
3805.413028724,13634.6982421875,20412.529296875,-41933.1484375,-10556.6396484375,-39551.9921875,-9514.6455078125,18975.1328125,-4749.61181640625
3805.413230388,13673.43359375,20447.509765625,-42180.78125,-10573.537109375,-39540.8828125,-9603.046875,18943.998046875,-4723.0576171875
3805.413525773,13610.22265625,20391.384765625,-42157.4453125,-10612.3173828125,-39572.6015625,-9645.1572265625,18892.96875,-4774.82421875
3805.413810582,13547.861328125,20351.5546875,-41860.34765625,-10585.205078125,-39575.44140625,-9544.5302734375,18919.052734375,-4820.064453125
3805.414012611,13574.125,20381.794921875,-41790.41015625,-10544.994140625,-39551.92578125,-9485.9013671875,18958.16796875,-4800.439453125
3805.414213545,13625.5791015625,20421.380859375,-41920.16015625,-10537.2158203125,-39533.171875,-9509.0576171875,18968.29296875,-4752.8525390625
3805.414417397,13652.19921875,20436.982421875,-42181.36328125,-10579.662109375,-39543.54296875,-9606.6904296875,18935.75,-4733.9208984375
3805.414618696,13586.10546875,20381.638671875,-42158.7890625,-10618.666015625,-39574.9921875,-9641.0224609375,18893.482421875,-4778.95947265625
3805.41482036,13540.6640625,20358.392578125,-41850.78125,-10572.53125,-39567.9296875,-9534.44921875,18930.2734375,-4798.673828125
3805.415021295,13579.5791015625,20388.099609375,-41780.9296875,-10535.830078125,-39545.46484375,-9472.4677734375,18976.09375,-4772.11962890625
3805.415222229,13622.3828125,20412.6640625,-41920.67578125,-10547.1396484375,-39541.578125,-9507.5830078125,18975.021484375,-4743.19677734375
3805.415458537,13653.9658203125,20434.904296875,-42175.70703125,-10575.5263671875,-39542.8515625,-9604.7900390625,18948.333984375,-4723.52734375
3805.415675152,13588.4521484375,20386.421875,-42154.29296875,-10614.396484375,-39574.0546875,-9641.8046875,18909.1953125,-4770.13037109375
3805.415870617,13542.67578125,20349.765625,-41852.92578125,-10584.9365234375,-39575.6171875,-9536.7294921875,18946.27734375,-4794.2255859375
3805.416066081,13579.4443359375,20385.662109375,-41779.58984375,-10539.3837890625,-39545.6015625,-9471.6416015625,18988.119140625,-4764.6767578125
3805.416262275,13631.61328125,20428.734375,-41911.48828125,-10532.208984375,-39529.93359375,-9500.7880859375,18980.6328125,-4738.54736328125
3805.416498583,13664.76171875,20438.61328125,-42176.82421875,-10575.9287109375,-39540.4375,-9601.28125,18937.359375,-4727.01416015625
3805.416694047,13593.5712890625,20376.140625,-42169.671875,-10628.5673828125,-39583.30859375,-9648.599609375,18889.97265625,-4768.4765625
3805.416889511,13541.6923828125,20340.7578125,-41872.68359375,-10600.0244140625,-39587.421875,-9548.0166015625,18923.859375,-4795.54443359375
3805.417084976,13570.5263671875,20369.79296875,-41805.40625,-10558.4951171875,-39565.47265625,-9491.5341796875,18962.236328125,-4782.0439453125
3805.417282264,13617.822265625,20404.68359375,-41943.71875,-10562.697265625,-39554.921875,-9520.591796875,18960.76171875,-4758.32861328125
3805.41749815,13650.3671875,20429.896484375,-42199.7578125,-10589.8984375,-39560.80078125,-9620.861328125,18921.935546875,-4748.76220703125
3805.417711848,13586.306640625,20369.0546875,-42184.60546875,-10634.7138671875,-39598.41796875,-9661.8994140625,18878.595703125,-4786.15673828125
3805.417907312,13528.9296875,20333.404296875,-41882.72265625,-10600.44921875,-39598.10546875,-9558.5224609375,18911.7890625,-4812.8671875
3805.418102777,13569.6767578125,20375.537109375,-41798.9453125,-10548.4140625,-39561.671875,-9489.298828125,18964.248046875,-4787.85546875
3805.418313193,13621.5556640625,20422.744140625,-41920.5625,-10534.98046875,-39534.73828125,-9502.486328125,18979.939453125,-4756.294921875
3805.418522515,13656.5810546875,20445.162109375,-42173.4296875,-10569.111328125,-39531.85546875,-9591.46875,18952.982421875,-4728.0869140625
3805.418717614,13597.6611328125,20402.896484375,-42148.1484375,-10600.2255859375,-39562.56640625,-9633.1552734375,18912.2578125,-4764.0732421875
3805.418912714,13547.9736328125,20376.408203125,-41837.68359375,-10560.70703125,-39561.0,-9529.1298828125,18945.048828125,-4793.443359375
3805.419107814,13577.5,20409.1328125,-41759.47265625,-10517.5244140625,-39529.3046875,-9464.376953125,18986.509765625,-4769.28125
3805.419318594,13626.4052734375,20442.48046875,-41892.5546875,-10519.111328125,-39517.34765625,-9490.1259765625,18992.74609375,-4728.6455078125
3805.419520258,13654.859375,20444.515625,-42163.7265625,-10573.2919921875,-39534.84765625,-9592.966796875,18950.435546875,-4718.60986328125
3805.419733592,13587.826171875,20385.908203125,-42154.921875,-10619.6044921875,-39571.68359375,-9638.318359375,18902.19921875,-4763.4248046875
3805.419928691,13543.7490234375,20368.072265625,-41843.8515625,-10568.240234375,-39561.37890625,-9528.66015625,18943.3046875,-4783.58642578125
3805.420123062,13579.3779296875,20404.326171875,-41765.8203125,-10516.6298828125,-39526.22265625,-9461.068359375,18993.193359375,-4753.18798828125
3805.420318891,13632.306640625,20432.646484375,-41898.92578125,-10518.9990234375,-39513.66015625,-9487.578125,19001.462890625,-4713.513671875
3805.420512532,13667.5107421875,20442.615234375,-42165.671875,-10564.1943359375,-39524.6328125,-9590.216796875,18962.416015625,-4709.62451171875
3805.420707632,13590.6650390625,20376.6328125,-42160.8203125,-10615.8720703125,-39570.1640625,-9644.5322265625,18906.15625,-4773.34912109375
3805.420902002,13543.1005859375,20349.140625,-41849.6171875,-10572.9111328125,-39559.2109375,-9530.9853515625,18946.9921875,-4793.13037109375
3805.421096737,13593.951171875,20396.548828125,-41764.4375,-10519.9375,-39523.6953125,-9459.392578125,19001.84375,-4752.11474609375
3805.421307518,13641.359375,20434.92578125,-41899.1953125,-10522.888671875,-39516.4765625,-9490.6396484375,18997.171875,-4731.35009765625
3805.421509546,13662.1904296875,20442.390625,-42169.89453125,-10571.1904296875,-39531.20703125,-9594.173828125,18951.328125,-4723.01318359375
3805.42172288,13596.6328125,20387.763671875,-42161.1796875,-10610.1943359375,-39564.12890625,-9636.0380859375,18902.556640625,-4763.91650390625
3805.421917615,13544.3974609375,20354.03515625,-41860.03515625,-10577.6728515625,-39564.12890625,-9535.5673828125,18936.912109375,-4789.0849609375
3805.42211235,13573.56640625,20382.310546875,-41785.7578125,-10544.3232421875,-39545.2421875,-9482.2578125,18979.267578125,-4775.56201171875
3805.422342823,13624.3046875,20421.939453125,-41912.3359375,-10533.6845703125,-39530.265625,-9507.3369140625,18977.458984375,-4752.58447265625
3805.422536829,13663.6435546875,20453.25390625,-42161.53515625,-10553.4208984375,-39523.6953125,-9595.2236328125,18948.244140625,-4728.55615234375
3805.422731564,13599.6728515625,20395.921875,-42151.45703125,-10597.095703125,-39558.40625,-9637.982421875,18908.1015625,-4765.4140625
3805.422926299,13546.23046875,20353.587890625,-41853.26171875,-10576.8681640625,-39564.0390625,-9531.9462890625,18947.953125,-4783.74267578125
3805.423121399,13578.0810546875,20381.9296875,-41777.2421875,-10540.7919921875,-39538.94140625,-9464.0419921875,18995.47265625,-4755.37841796875
3805.423339473,13632.955078125,20444.447265625,-41889.984375,-10502.056640625,-39505.6796875,-9479.978515625,19004.19140625,-4725.20361328125
3805.423542595,13662.75,20456.517578125,-42157.4453125,-10549.017578125,-39518.265625,-9581.90234375,18964.181640625,-4713.22314453125
3805.423844909,13592.2080078125,20389.796875,-42160.95703125,-10608.1826171875,-39565.671875,-9635.748046875,18912.83984375,-4768.431640625
3805.424082675,13546.341796875,20362.73046875,-41852.01171875,-10566.2958984375,-39561.13671875,-9528.8388671875,18949.607421875,-4796.259765625
3805.424301114,13585.0771484375,20407.12109375,-41763.96484375,-10509.0078125,-39520.7890625,-9453.201171875,19005.666015625,-4766.822265625
3805.424516271,13633.8037109375,20445.923828125,-41895.59765625,-10511.8466796875,-39509.3671875,-9479.3525390625,19005.755859375,-4737.876953125
3805.424750026,13664.42578125,20456.3828125,-42161.0,-10560.5732421875,-39527.62890625,-9586.529296875,18958.32421875,-4721.873046875
3805.424962265,13598.7119140625,20392.16796875,-42152.171875,-10604.337890625,-39559.1015625,-9629.01953125,18912.90625,-4758.97705078125
3805.425158094,13547.3701171875,20355.755859375,-41846.1328125,-10569.7373046875,-39554.0703125,-9521.2841796875,18951.171875,-4781.6416015625
3805.425377992,13583.8701171875,20397.21875,-41760.45703125,-10518.9765625,-39523.60546875,-9453.87109375,18998.06640625,-4756.58544921875
3805.425593148,13631.14453125,20438.234375,-41888.44140625,-10510.259765625,-39507.24609375,-9481.029296875,18995.98828125,-4726.81298828125
3805.425789342,13663.7109375,20453.947265625,-42153.46875,-10552.482421875,-39516.56640625,-9584.2490234375,18959.107421875,-4705.98095703125
3805.425984077,13600.2099609375,20392.412109375,-42154.4296875,-10607.154296875,-39559.390625,-9633.400390625,18917.130859375,-4750.0810546875
3805.426180271,13549.716796875,20354.2578125,-41853.328125,-10574.7666015625,-39556.88671875,-9523.8994140625,18957.095703125,-4767.56005859375
3805.426443929,13579.4443359375,20390.021484375,-41776.1015625,-10523.5361328125,-39523.875,-9459.8837890625,18996.27734375,-4751.39990234375
3805.42664304,13631.6806640625,20428.869140625,-41908.24609375,-10523.4697265625,-39513.16796875,-9487.98046875,18995.294921875,-4727.86328125
3805.426838869,13662.2353515625,20438.501953125,-42177.2734375,-10573.3134765625,-39528.7265625,-9590.955078125,18952.9375,-4716.59814453125
3805.427035428,13590.642578125,20371.625,-42182.59375,-10632.076171875,-39576.46875,-9649.0693359375,18901.41796875,-4763.6708984375
3805.880154052,13545.6484375,20345.541015625,-41871.23046875,-10593.4306640625,-39573.47265625,-9539.9931640625,18938.587890625,-4786.4697265625
3805.880380149,13576.6728515625,20381.05859375,-41788.57421875,-10547.609375,-39547.94921875,-9477.9892578125,18982.62109375,-4763.73779296875
3805.88074555,13628.2158203125,20429.6953125,-41906.32421875,-10526.5537109375,-39523.2265625,-9497.748046875,18989.728515625,-4735.12744140625
3805.880936639,13661.498046875,20445.275390625,-42169.11328125,-10571.9052734375,-39532.50390625,-9593.5703125,18958.4375,-4715.033203125
3805.881126633,13598.64453125,20386.17578125,-42168.84765625,-10620.69921875,-39569.359375,-9642.251953125,18910.15625,-4761.39111328125
3805.881316263,13551.5048828125,20353.296875,-41859.69921875,-10584.556640625,-39563.01171875,-9532.236328125,18950.2109375,-4786.447265625
3805.881552935,13584.25,20399.1640625,-41771.140625,-10521.5029296875,-39530.37890625,-9466.7236328125,18990.466796875,-4772.16455078125
3805.881741835,13635.5478515625,20442.212890625,-41898.79296875,-10512.673828125,-39517.2578125,-9496.5634765625,18983.873046875,-4746.080078125
3805.881930006,13661.85546875,20451.845703125,-42166.23046875,-10562.25,-39524.34375,-9590.8203125,18945.25,-4730.9033203125
3805.882118907,13592.2744140625,20387.5625,-42170.61328125,-10616.720703125,-39566.9921875,-9640.12890625,18900.0546875,-4769.95166015625
3805.882306713,13539.435546875,20355.64453125,-41862.671875,-10576.64453125,-39562.56640625,-9536.953125,18942.9921875,-4792.4599609375
3805.882731556,13572.404296875,20388.0546875,-41779.234375,-10534.1982421875,-39536.390625,-9471.3056640625,18992.0546875,-4758.306640625
3805.883199431,13613.978515625,20421.55859375,-41909.453125,-10533.2822265625,-39526.9609375,-9502.0390625,18984.208984375,-4741.00634765625
3805.883579055,13650.232421875,20439.10546875,-42171.39453125,-10572.732421875,-39532.14453125,-9598.3759765625,18945.25,-4728.53369140625
3805.883767956,13590.5537109375,20372.630859375,-42178.76953125,-10631.115234375,-39575.53125,-9651.103515625,18898.466796875,-4769.3037109375
3805.883956856,13538.9208984375,20341.71875,-41869.7578125,-10590.7705078125,-39572.51171875,-9547.9951171875,18931.994140625,-4799.94775390625
3805.884145027,13576.740234375,20385.373046875,-41773.8671875,-10531.29296875,-39533.77734375,-9472.5576171875,18983.962890625,-4770.30908203125
3805.884333198,13624.818359375,20418.05078125,-41902.66015625,-10540.0546875,-39526.35546875,-9499.8486328125,18989.169921875,-4726.16455078125
3805.884709175,13657.921875,20435.595703125,-42165.15625,-10577.0693359375,-39531.85546875,-9596.296875,18955.59765625,-4716.9111328125
3805.88506546,13598.376953125,20389.955078125,-42162.765625,-10608.853515625,-39556.93359375,-9640.3076171875,18906.89453125,-4771.98583984375
3805.885256548,13544.4638671875,20358.751953125,-41858.53515625,-10575.5712890625,-39557.91796875,-9538.8525390625,18937.3359375,-4803.16650390625
3805.885511454,13568.7158203125,20393.0390625,-41773.8671875,-10532.0302734375,-39532.75,-9475.955078125,18977.703125,-4779.4736328125
3805.885702178,13613.44140625,20430.791015625,-41897.765625,-10529.4375,-39519.96484375,-9500.4521484375,18982.6875,-4741.60986328125
3805.885892902,13650.6572265625,20447.77734375,-42159.2109375,-10567.8154296875,-39528.90234375,-9595.291015625,18950.92578125,-4714.96630859375
3805.886082167,13585.8818359375,20389.75390625,-42167.39453125,-10620.9228515625,-39572.2890625,-9647.59375,18896.544921875,-4765.95068359375
3805.886271432,13533.8466796875,20358.236328125,-41859.85546875,-10584.7353515625,-39568.578125,-9542.8759765625,18925.1328125,-4794.69482421875
3805.886609118,13565.8994140625,20386.958984375,-41776.4375,-10542.513671875,-39542.94140625,-9478.7939453125,18969.45703125,-4777.439453125
3805.887046361,13610.5810546875,20412.88671875,-41912.359375,-10551.9453125,-39537.9765625,-9507.962890625,18967.04296875,-4757.2783203125
3805.887407386,13639.9951171875,20424.666015625,-42179.3515625,-10587.8876953125,-39545.33203125,-9609.931640625,18925.84765625,-4746.236328125
3805.887669951,13576.3603515625,20371.201171875,-42182.6796875,-10622.912109375,-39574.2109375,-9658.099609375,18877.859375,-4783.18408203125
3805.887861039,13529.623046875,20339.484375,-41876.3515625,-10583.3271484375,-39572.69140625,-9556.689453125,18913.95703125,-4800.17138671875
3805.888050304,13565.7431640625,20373.861328125,-41790.25,-10539.5625,-39542.26953125,-9483.599609375,18965.857421875,-4771.91845703125
3805.88823884,13602.802734375,20394.537109375,-41931.26953125,-10557.623046875,-39541.98046875,-9517.9541015625,18963.64453125,-4751.53369140625
3805.888556469,13640.1298828125,20410.65234375,-42196.671875,-10604.1591796875,-39548.8203125,-9613.1279296875,18934.07421875,-4731.72998046875
3805.888914578,13571.5771484375,20356.650390625,-42204.71875,-10650.2265625,-39586.81640625,-9663.083984375,18882.619140625,-4776.32177734375
3805.889118065,13521.4423828125,20334.58984375,-41889.13671875,-10601.9013671875,-39583.64453125,-9557.8740234375,18914.783203125,-4809.447265625
3805.889324469,13559.5966796875,20375.8046875,-41792.0625,-10546.9833984375,-39553.55859375,-9487.935546875,18964.5390625,-4788.54833984375
3805.889529415,13603.47265625,20410.40625,-41916.359375,-10545.1953125,-39538.08984375,-9515.0478515625,18960.962890625,-4772.0078125
3805.88971941,13638.5205078125,20436.021484375,-42168.93359375,-10569.603515625,-39533.84375,-9606.869140625,18924.529296875,-4752.0703125
3805.889909039,13577.4775390625,20374.912109375,-42177.83203125,-10625.482421875,-39576.71484375,-9657.4736328125,18882.150390625,-4781.17236328125
3805.890099034,13526.2919921875,20345.966796875,-41865.82421875,-10585.6962890625,-39569.09375,-9548.0390625,18923.27734375,-4801.244140625
3805.890303979,13560.892578125,20386.98046875,-41771.67578125,-10535.0029296875,-39535.83203125,-9475.955078125,18975.71484375,-4775.025390625
3805.890718977,13615.810546875,20425.44921875,-41894.45703125,-10529.5263671875,-39517.078125,-9497.0771484375,18977.97265625,-4745.31982421875
3805.891104435,13649.9423828125,20440.177734375,-42161.625,-10572.0400390625,-39526.1328125,-9595.4697265625,18937.8515625,-4729.78564453125
3805.891459991,13581.9033203125,20379.091796875,-42177.3828125,-10626.689453125,-39567.3046875,-9647.3037109375,18883.513671875,-4775.53955078125
3805.89165035,13530.583984375,20347.12890625,-41867.87890625,-10584.5341796875,-39566.54296875,-9546.765625,18915.857421875,-4801.400390625
3805.891840344,13558.12109375,20381.638671875,-41776.68359375,-10532.0751953125,-39536.125,-9479.8662109375,18963.3984375,-4779.49609375
3805.892030339,13606.9150390625,20426.677734375,-41899.10546875,-10528.1630859375,-39519.984375,-9500.966796875,18976.20703125,-4744.18017578125
3805.892219604,13641.4482421875,20442.63671875,-42167.21484375,-10571.2578125,-39530.4453125,-9599.5380859375,18940.623046875,-4733.18310546875
3805.892635695,13583.892578125,20382.3984375,-42178.79296875,-10619.8505859375,-39567.59375,-9652.8017578125,18894.689453125,-4776.5009765625
3805.892904459,13532.1259765625,20346.771484375,-41871.390625,-10586.1884765625,-39564.93359375,-9548.3525390625,18931.390625,-4805.87109375
3805.893096276,13561.18359375,20373.90625,-41782.71875,-10541.91015625,-39536.75,-9481.833984375,18979.73828125,-4777.10400390625
3805.893315809,13605.9091796875,20396.01171875,-41915.98046875,-10554.203125,-39534.1796875,-9511.9638671875,18980.51953125,-4738.74853515625
3805.893595513,13640.15234375,20409.2890625,-42184.22265625,-10599.8896484375,-39544.4609375,-9610.4677734375,18941.404296875,-4719.8388671875
3805.893785872,13582.841796875,20373.75,-42182.63671875,-10621.4375,-39562.74609375,-9652.623046875,18902.154296875,-4748.71728515625
3805.893975866,13531.25390625,20345.384765625,-41872.953125,-10581.5615234375,-39559.2109375,-9545.2451171875,18938.9453125,-4781.39599609375
3805.894165861,13562.3232421875,20370.708984375,-41785.9609375,-10545.5302734375,-39536.75,-9473.09375,18986.533203125,-4757.2333984375
3805.894428425,13608.703125,20402.58203125,-41910.55078125,-10547.9443359375,-39522.0625,-9494.373046875,18990.310546875,-4722.521484375
3805.894631912,13646.58984375,20436.04296875,-42161.24609375,-10562.2724609375,-39515.0,-9586.9091796875,18952.0,-4714.720703125
3805.894821542,13591.2685546875,20396.837890625,-42165.44921875,-10594.4140625,-39548.68359375,-9640.7763671875,18895.875,-4771.4716796875
3805.895011536,13532.259765625,20342.634765625,-41871.58984375,-10587.9990234375,-39568.35546875,-9550.005859375,18917.98046875,-4806.18408203125
3805.895201895,13557.4501953125,20360.248046875,-41790.09375,-10561.109375,-39553.51171875,-9485.2529296875,18958.16796875,-4787.609375
3805.895508949,13612.9052734375,20410.47265625,-41901.16015625,-10541.3505859375,-39523.7421875,-9500.7431640625,18970.037109375,-4751.53369140625
3805.895904619,13647.21484375,20435.150390625,-42157.42578125,-10573.4482421875,-39523.80859375,-9595.5146484375,18939.21484375,-4731.57373046875
3805.896166089,13583.5126953125,20379.650390625,-42170.0078125,-10618.732421875,-39556.84375,-9645.4931640625,18895.650390625,-4762.19580078125
3805.896371399,13525.2861328125,20336.935546875,-41867.9453125,-10593.0283203125,-39562.90234375,-9548.1962890625,18924.283203125,-4789.8447265625
3805.896573793,13562.2119140625,20372.787109375,-41774.42578125,-10547.7880859375,-39538.046875,-9482.5263671875,18969.1875,-4766.0625
3805.896775821,13618.6044921875,20419.212890625,-41888.6015625,-10534.421875,-39514.890625,-9497.658203125,18978.888671875,-4732.3115234375
3805.896976391,13656.46875,20445.69921875,-42144.953125,-10554.203125,-39504.94140625,-9584.96484375,18946.814453125,-4717.15673828125
3805.89717769,13592.341796875,20382.130859375,-42171.39453125,-10616.1845703125,-39554.7421875,-9647.7060546875,18891.248046875,-4768.9013671875
3805.897447912,13534.5625,20341.33984375,-41870.44921875,-10592.15625,-39563.97265625,-9552.7109375,18925.556640625,-4798.96435546875
3805.897711935,13565.7880859375,20379.380859375,-41774.5390625,-10536.1650390625,-39530.71484375,-9478.525390625,18976.810546875,-4768.6328125
3805.89791214,13609.10546875,20412.26171875,-41901.2734375,-10535.0703125,-39511.37890625,-9496.697265625,18981.19140625,-4740.55908203125
3805.898113075,13642.3876953125,20426.767578125,-42170.65625,-10581.3154296875,-39523.26953125,-9597.66015625,18944.9140625,-4721.58251953125
3805.898316197,13579.3779296875,20369.255859375,-42192.58203125,-10634.46875,-39565.24609375,-9655.751953125,18893.728515625,-4762.6875
3805.898517497,13522.537109375,20331.2578125,-41885.6953125,-10601.6787109375,-39565.6484375,-9551.056640625,18929.55859375,-4794.4267578125
3805.898718431,13552.3994140625,20360.806640625,-41793.76171875,-10561.0205078125,-39538.26953125,-9478.279296875,18978.552734375,-4774.4892578125
3805.89892046,13600.1650390625,20402.13671875,-41912.3828125,-10549.6884765625,-39517.234375,-9497.8369140625,18982.443359375,-4748.13623046875
3805.89912103,13636.1513671875,20426.7890625,-42171.8203125,-10578.8349609375,-39516.74609375,-9587.4677734375,18950.45703125,-4727.41650390625
3805.899359161,13577.58984375,20379.224609375,-42188.40234375,-10623.046875,-39554.36328125,-9642.9228515625,18900.322265625,-4769.59423828125
3805.899630112,13516.189453125,20334.677734375,-41889.73828125,-10598.83984375,-39563.99609375,-9549.2685546875,18926.943359375,-4798.91943359375
3805.899831047,13552.7119140625,20371.0,-41789.78125,-10549.93359375,-39533.23828125,-9474.7255859375,18982.64453125,-4757.255859375
3805.900032346,13613.84375,20415.279296875,-41906.9296875,-10547.3408203125,-39519.046875,-9495.244140625,18989.908203125,-4720.8896484375
3805.90023401,13651.640625,20431.05859375,-42173.5390625,-10590.9267578125,-39529.6640625,-9592.6982421875,18949.80859375,-4711.4345703125
3805.900436768,13582.7978515625,20375.24609375,-42198.28125,-10641.732421875,-39567.81640625,-9648.7783203125,18896.880859375,-4756.96533203125
3805.900638796,13525.845703125,20349.654296875,-41885.3125,-10593.1171875,-39561.0234375,-9547.2568359375,18934.005859375,-4781.90966796875
3805.900839366,13557.6298828125,20384.724609375,-41785.3359375,-10539.048828125,-39532.94921875,-9479.978515625,18980.072265625,-4763.17919921875
3805.901040665,13606.78125,20413.021484375,-41908.984375,-10546.603515625,-39527.1171875,-9507.203125,18980.67578125,-4742.14599609375
3805.901240506,13645.29296875,20426.72265625,-42173.91796875,-10592.2685546875,-39538.15625,-9603.4716796875,18947.484375,-4721.11328125
3805.901443628,13585.2783203125,20369.927734375,-42193.4765625,-10639.810546875,-39573.5390625,-9656.646484375,18899.115234375,-4758.6865234375
3805.901645657,13528.7509765625,20338.92578125,-41880.640625,-10593.36328125,-39566.87890625,-9552.9345703125,18927.033203125,-4791.74462890625
3805.901846591,13555.0361328125,20363.9140625,-41788.12890625,-10554.248046875,-39545.17578125,-9486.1923828125,18969.724609375,-4772.96923828125
3805.902047526,13602.8916015625,20395.474609375,-41914.03515625,-10558.740234375,-39539.0078125,-9513.505859375,18971.021484375,-4744.80615234375
3805.902249554,13637.58203125,20411.904296875,-42181.296875,-10599.4658203125,-39546.0234375,-9609.796875,18933.916015625,-4732.13232421875
3805.902450854,13582.216796875,20366.796875,-42198.84375,-10637.642578125,-39575.8203125,-9662.0107421875,18892.298828125,-4762.50830078125
3805.902651788,13524.6826171875,20337.60546875,-41888.77734375,-10596.89453125,-39568.80078125,-9555.5048828125,18927.748046875,-4798.31591796875
3805.902853087,13553.94140625,20366.41796875,-41792.84375,-10554.158203125,-39537.93359375,-9479.017578125,18979.224609375,-4782.2451171875
3805.903054386,13610.021484375,20412.037109375,-41905.67578125,-10538.3115234375,-39515.37890625,-9497.6142578125,18985.302734375,-4749.8349609375
3805.903256415,13642.0068359375,20428.041015625,-42172.4453125,-10581.62890625,-39531.296875,-9606.6455078125,18943.3046875,-4736.0439453125
3805.903458443,13580.96484375,20369.30078125,-42198.84375,-10637.6650390625,-39572.98046875,-9664.603515625,18893.21484375,-4773.59521484375
3805.903659743,13521.0400390625,20335.86328125,-41888.95703125,-10596.7607421875,-39567.7734375,-9558.09765625,18925.84765625,-4799.52294921875
3805.903861042,13544.7998046875,20371.021484375,-41787.4140625,-10543.0048828125,-39534.671875,-9485.611328125,18967.623046875,-4780.18896484375
3805.904061976,13597.5947265625,20407.701171875,-41907.59765625,-10543.6533203125,-39523.96484375,-9509.9521484375,18969.90234375,-4747.33154296875
3805.904271298,13634.921875,20421.8046875,-42177.31640625,-10590.6142578125,-39536.34765625,-9607.47265625,18930.228515625,-4733.853515625
3805.904473691,13577.1875,20369.0546875,-42204.05078125,-10642.58203125,-39572.84765625,-9660.46875,18885.748046875,-4763.6484375
3805.904674991,13521.1513671875,20333.626953125,-41895.1953125,-10604.271484375,-39571.6640625,-9558.298828125,18922.205078125,-4789.8447265625
3805.904876655,13557.4287109375,20371.134765625,-41789.42578125,-10549.30859375,-39538.671875,-9479.3974609375,18971.646484375,-4767.8505859375
3805.905077954,13611.4072265625,20415.189453125,-41904.515625,-10537.4169921875,-39517.75,-9497.0322265625,18976.765625,-4742.0791015625
3805.905280347,13638.38671875,20425.091796875,-42176.04296875,-10586.5458984375,-39532.48046875,-9598.4423828125,18942.947265625,-4735.462890625
3805.90548274,13570.2138671875,20364.09375,-42209.63671875,-10644.8837890625,-39576.69140625,-9662.279296875,18891.783203125,-4772.65625
3805.905683675,13526.6943359375,20349.85546875,-41891.50390625,-10593.0947265625,-39570.23046875,-9556.689453125,18928.8203125,-4793.77880859375
3805.905884609,13557.1826171875,20380.431640625,-41794.09765625,-10549.8447265625,-39545.66796875,-9484.7392578125,18976.2734375,-4770.0634765625
3805.906085544,13605.4169921875,20412.91015625,-41913.5234375,-10551.9228515625,-39531.1171875,-9503.1572265625,18985.326171875,-4734.59130859375
3805.906287572,13645.986328125,20435.037109375,-42168.35546875,-10580.4443359375,-39528.32421875,-9593.2119140625,18958.794921875,-4714.474609375
3805.906487413,13583.4013671875,20383.986328125,-42190.078125,-10622.0185546875,-39560.5546875,-9648.5556640625,18914.58203125,-4752.74072265625
