#3759.31314604,14644.4384765625,21496.208984375,-40971.44140625,-9731.3232421875,-39487.95703125,-8682.9150390625,19882.927734375,-4378.259765625
3759.313335669,14625.640625,21476.919921875,-41177.9921875,-9791.8076171875,-39518.44140625,-8798.1826171875,19816.921875,-4396.92333984375
3759.313524934,14542.134765625,21409.865234375,-40930.60546875,-9790.533203125,-39537.59765625,-8741.0517578125,19815.291015625,-4447.70654296875
3759.313842199,14548.4599609375,21409.373046875,-40701.921875,-9745.986328125,-39519.8046875,-8623.392578125,19875.998046875,-4441.47021484375
3759.314286006,14589.251953125,21444.197265625,-40764.171875,-9733.8720703125,-39505.74609375,-8623.75,19891.3984375,-4406.4453125
3759.314722154,14644.8408203125,21496.1875,-40999.9609375,-9726.9423828125,-39481.49609375,-8698.896484375,19877.541015625,-4368.76025390625
3759.315029573,14631.98828125,21478.662109375,-41199.8984375,-9775.78125,-39505.32421875,-8802.162109375,19828.58984375,-4373.72216796875
3759.315219932,14533.3720703125,21402.869140625,-40954.6328125,-9792.7236328125,-39539.20703125,-8751.580078125,19824.72265625,-4430.0263671875
3759.31541102,14534.736328125,21418.9609375,-40705.609375,-9728.865234375,-39511.26953125,-8630.8798828125,19890.59375,-4421.64453125
3759.315602108,14589.0732421875,21457.25,-40749.35546875,-9709.1728515625,-39496.0,-8623.1240234375,19904.853515625,-4400.14208984375
3759.315877436,14641.64453125,21489.50390625,-40994.8203125,-9738.7890625,-39502.28125,-8710.228515625,19876.064453125,-4377.11962890625
3759.31614073,14629.306640625,21477.142578125,-41201.75390625,-9791.47265625,-39528.41015625,-8819.931640625,19817.794921875,-4393.97314453125
3759.316359168,14545.7548828125,21409.373046875,-40954.4296875,-9785.75,-39540.7265625,-8763.0458984375,19810.865234375,-4439.12353515625
3759.316547704,14528.701171875,21404.208984375,-40724.87890625,-9736.0849609375,-39523.40625,-8645.029296875,19863.90625,-4436.8662109375
3759.316849653,14585.2060546875,21468.693359375,-40772.75390625,-9695.001953125,-39488.19921875,-8621.2021484375,19896.40625,-4400.90185546875
3759.317240946,14644.8857421875,21499.583984375,-41033.1328125,-9729.9150390625,-39490.75,-8714.2744140625,19875.373046875,-4374.28125
3759.317713562,14623.62890625,21458.703125,-41263.80078125,-9810.404296875,-39533.26171875,-8835.6220703125,19807.625,-4393.70458984375
3759.317905015,14538.826171875,21392.765625,-41011.515625,-9808.59375,-39557.4921875,-8777.955078125,19801.767578125,-4450.92529296875
3759.318095374,14537.373046875,21407.583984375,-40750.29296875,-9738.8564453125,-39530.0,-8650.9296875,19860.12890625,-4454.1884765625
3759.318286462,14583.26171875,21444.93359375,-40792.6953125,-9722.4951171875,-39512.83203125,-8637.0048828125,19879.9765625,-4426.583984375
3759.318476821,14640.0126953125,21484.005859375,-41030.671875,-9737.1572265625,-39506.640625,-8717.6943359375,19855.345703125,-4402.31005859375
3759.318705106,14632.8603515625,21466.5703125,-41238.85546875,-9794.6904296875,-39531.83203125,-8827.240234375,19796.068359375,-4410.6025390625
3759.318895465,14540.5478515625,21397.1015625,-40989.859375,-9804.9052734375,-39561.89453125,-8778.5810546875,19795.8671875,-4461.765625
3759.319085095,14529.1923828125,21404.791015625,-40732.8359375,-9746.9697265625,-39535.8984375,-8644.3583984375,19867.884765625,-4449.53955078125
3759.319274724,14573.4716796875,21445.134765625,-40773.24609375,-9725.6689453125,-39510.93359375,-8619.7490234375,19894.482421875,-4403.38330078125
3759.319464719,14629.1494140625,21490.353515625,-41002.62109375,-9735.97265625,-39497.74609375,-8692.056640625,19877.697265625,-4375.3984375
3759.319682793,14623.6513671875,21474.39453125,-41206.24609375,-9788.4775390625,-39522.2421875,-8797.9599609375,19824.275390625,-4380.13720703125
3759.32009779,14536.345703125,21401.75,-40953.1796875,-9793.1259765625,-39544.05859375,-8743.578125,19819.26953125,-4431.94873046875
3759.320514975,14529.953125,21408.3671875,-40683.7734375,-9726.1826171875,-39511.3359375,-8612.9990234375,19894.83984375,-4428.52880859375
3759.320933619,14578.076171875,21457.31640625,-40723.78125,-9704.4345703125,-39489.65234375,-8595.20703125,19914.578125,-4402.8466796875
3759.321245414,14643.8798828125,21510.8046875,-40956.1953125,-9717.9345703125,-39480.69140625,-8668.498046875,19895.421875,-4372.8505859375
3759.321446713,14634.759765625,21484.876953125,-41172.13671875,-9776.9208984375,-39510.10546875,-8778.2900390625,19841.419921875,-4373.96826171875
3759.321675363,14549.3984375,21413.216796875,-40934.984375,-9795.5400390625,-39547.25390625,-8741.1416015625,19832.5234375,-4425.15380859375
3759.321871557,14537.57421875,21420.66015625,-40667.30078125,-9735.32421875,-39521.97265625,-8604.728515625,19880.22265625,-4430.74169921875
3759.322067021,14581.6298828125,21448.15234375,-40698.859375,-9715.5654296875,-39503.37890625,-8583.7177734375,19900.00390625,-4409.41796875
3759.322261756,14640.080078125,21470.21484375,-40931.33984375,-9742.7900390625,-39499.6015625,-8655.310546875,19884.380859375,-4378.6845703125
3759.322456491,14636.458984375,21469.05078125,-41132.44140625,-9774.4404296875,-39509.9921875,-8753.94921875,19835.228515625,-4384.38427734375
3759.32268587,14541.8212890625,21410.021484375,-40878.703125,-9767.6455078125,-39535.18359375,-8700.3720703125,19830.66796875,-4442.990234375
3759.323100868,14540.2119140625,21418.71484375,-40601.80859375,-9708.078125,-39511.37890625,-8567.826171875,19890.548828125,-4448.1982421875
3759.32350456,14586.6142578125,21459.9765625,-40624.83203125,-9684.4072265625,-39485.96484375,-8538.2998046875,19914.64453125,-4413.32958984375
3759.323764571,14641.5322265625,21501.88671875,-40841.265625,-9708.79296875,-39483.39453125,-8600.2587890625,19906.93359375,-4382.32763671875
3759.323965871,14635.900390625,21488.185546875,-41038.09375,-9756.0224609375,-39505.27734375,-8691.85546875,19863.681640625,-4385.0546875
3759.324166076,14546.716796875,21410.46875,-40787.93359375,-9767.265625,-39531.875,-8631.3271484375,19863.90625,-4427.8359375
3759.32436701,14539.5634765625,21414.177734375,-40505.85546875,-9701.88671875,-39498.81640625,-8485.59375,19925.484375,-4426.2265625
3759.324568674,14581.1162109375,21454.052734375,-40532.80859375,-9676.919921875,-39481.203125,-8468.673828125,19951.546875,-4399.96337890625
3759.324853483,14635.8330078125,21493.056640625,-40760.57421875,-9690.62109375,-39474.41015625,-8541.048828125,19933.0625,-4370.70458984375
3759.325044207,14630.3564453125,21474.037109375,-40983.9140625,-9750.412109375,-39501.6796875,-8655.310546875,19877.138671875,-4364.06640625
3759.325233472,14538.580078125,21400.498046875,-40762.18359375,-9777.6591796875,-39540.83984375,-8619.2353515625,19860.44140625,-4416.16845703125
3759.325422737,14524.3427734375,21404.677734375,-40500.734375,-9716.1689453125,-39516.609375,-8493.7080078125,19910.240234375,-4435.16748046875
3759.325617472,14583.5966796875,21463.6875,-40531.9140625,-9671.533203125,-39479.21484375,-8471.7353515625,19940.728515625,-4400.0751953125
3759.325971934,14639.54296875,21501.1484375,-40782.79296875,-9695.4267578125,-39478.703125,-8563.4892578125,19918.556640625,-4377.6787109375
3759.326295398,14635.8779296875,21476.763671875,-41026.0234375,-9756.6708984375,-39505.0546875,-8687.1396484375,19853.556640625,-4380.98681640625
3759.326522589,14542.291015625,21402.33203125,-40816.67578125,-9779.4912109375,-39540.83984375,-8657.3671875,19837.44140625,-4431.07666015625
3759.326752333,14533.126953125,21409.953125,-40558.625,-9723.6123046875,-39517.70703125,-8535.8857421875,19888.693359375,-4435.72607421875
3759.326947797,14577.4501953125,21446.833984375,-40606.79296875,-9704.814453125,-39499.30859375,-8524.8662109375,19903.04296875,-4406.31103515625
3759.327143261,14639.744140625,21489.681640625,-40847.74609375,-9717.6669921875,-39486.16796875,-8603.611328125,19890.482421875,-4369.8779296875
3759.327337997,14632.994140625,21473.365234375,-41090.8203125,-9771.3779296875,-39504.00390625,-8719.080078125,19831.451171875,-4381.32177734375
3759.327533826,14539.2509765625,21397.83984375,-40881.20703125,-9790.3544921875,-39541.2421875,-8693.9794921875,19824.72265625,-4445.69482421875
3759.327752629,14528.4775390625,21404.767578125,-40615.35546875,-9726.5625,-39518.9140625,-8569.79296875,19888.314453125,-4445.11376953125
3759.327967421,14576.064453125,21439.771484375,-40663.09765625,-9718.7392578125,-39508.98828125,-8559.533203125,19908.51953125,-4416.8388671875
3759.32816325,14636.3466796875,21461.451171875,-40910.98046875,-9755.486328125,-39511.06640625,-8643.12890625,19882.0546875,-4378.34912109375
3759.328357985,14634.4697265625,21467.375,-41146.27734375,-9793.39453125,-39529.59765625,-8769.8408203125,19821.59375,-4381.16552734375
3759.328553085,14542.939453125,21414.22265625,-40928.99609375,-9795.4287109375,-39557.3359375,-8745.544921875,19803.734375,-4438.09521484375
3759.328752561,14525.4150390625,21415.8984375,-40662.49609375,-9742.701171875,-39537.53125,-8620.2626953125,19856.9765625,-4444.75634765625
3759.328947661,14577.1591796875,21466.03515625,-40690.32421875,-9704.166015625,-39504.49609375,-8596.458984375,19881.787109375,-4424.68408203125
3759.329143125,14648.953125,21500.27734375,-40920.546875,-9717.0634765625,-39486.2578125,-8660.4072265625,19881.18359375,-4377.0751953125
3759.329339683,14642.4716796875,21483.69140625,-41165.36328125,-9775.736328125,-39510.375,-8779.072265625,19831.607421875,-4370.72705078125
3759.329534783,14548.728515625,21413.619140625,-40956.8671875,-9794.712890625,-39545.69140625,-8747.9814453125,19816.587890625,-4428.12646484375
3759.329851319,14531.78515625,21415.453125,-40684.265625,-9736.017578125,-39521.2578125,-8615.7255859375,19874.58984375,-4429.244140625
3759.330205416,14587.1728515625,21462.4140625,-40706.88671875,-9697.8408203125,-39490.0546875,-8593.8876953125,19902.037109375,-4399.58349609375
3759.330435159,14644.1025390625,21497.21484375,-40939.8359375,-9712.2578125,-39482.8359375,-8671.9853515625,19879.552734375,-4368.91650390625
3759.330641564,14640.6162109375,21478.08203125,-41193.21484375,-9780.2294921875,-39512.65234375,-8797.69140625,19817.5703125,-4387.55810546875
3759.330843593,14550.404296875,21411.205078125,-40984.828125,-9792.90234375,-39543.54296875,-8770.6455078125,19805.61328125,-4432.1943359375
3759.331045256,14533.1708984375,21415.294921875,-40709.74609375,-9736.6884765625,-39523.671875,-8643.0615234375,19863.19140625,-4435.30126953125
3759.33124765,14585.0947265625,21462.501953125,-40740.63671875,-9705.1279296875,-39499.734375,-8624.1748046875,19882.255859375,-4413.77685546875
3759.331448949,14641.353515625,21490.62109375,-40977.5859375,-9723.9697265625,-39492.91796875,-8702.5625,19864.21875,-4386.73095703125
3759.331756003,14635.720703125,21472.62890625,-41230.7421875,-9786.9345703125,-39519.76171875,-8826.8154296875,19809.255859375,-4390.4638671875
3759.331990487,14546.224609375,21395.693359375,-41030.58203125,-9808.7275390625,-39554.85546875,-8799.30078125,19788.333984375,-4436.4189453125
3759.332193975,14526.5556640625,21395.9609375,-40756.6171875,-9762.3701171875,-39541.30859375,-8678.0205078125,19841.755859375,-4453.5625
3759.332396368,14571.884765625,21448.197265625,-40787.6640625,-9736.173828125,-39523.26953125,-8658.171875,19877.16015625,-4425.6005859375
3759.332604231,14628.0546875,21498.64453125,-41013.03515625,-9741.962890625,-39507.04296875,-8718.677734375,19860.888671875,-4388.228515625
3759.332806624,14637.978515625,21485.81640625,-41248.109375,-9780.251953125,-39511.984375,-8826.7490234375,19798.50390625,-4397.90673828125
3759.333007194,14547.7890625,21414.201171875,-41040.6875,-9796.009765625,-39545.46484375,-8809.0009765625,19783.931640625,-4441.91748046875
3759.333209223,14536.0322265625,21407.896484375,-40758.94140625,-9749.853515625,-39532.30078125,-8681.73046875,19845.689453125,-4447.7734375
3759.333411251,14580.5126953125,21451.6171875,-40779.26171875,-9717.5546875,-39507.6015625,-8650.3935546875,19872.935546875,-4420.0126953125
3759.333682203,14637.017578125,21496.857421875,-40999.73828125,-9721.4892578125,-39489.83203125,-8714.9453125,19864.62109375,-4374.4599609375
3759.333945861,14634.4697265625,21486.462890625,-41246.8125,-9776.9658203125,-39513.1015625,-8835.599609375,19809.814453125,-4384.16064453125
3759.334149348,14536.5244140625,21413.44140625,-41046.140625,-9801.7314453125,-39554.33984375,-8810.4765625,19788.69140625,-4449.2265625
3759.334351377,14520.05078125,21409.015625,-40756.59375,-9749.80859375,-39537.2421875,-8676.8798828125,19846.873046875,-4445.35986328125
3759.334552676,14561.669921875,21439.501953125,-40776.0625,-9725.1318359375,-39511.0,-8643.576171875,19876.7578125,-4409.97705078125
3759.334759445,14616.4990234375,21473.791015625,-41000.33984375,-9740.7109375,-39505.27734375,-8715.5263671875,19857.490234375,-4390.75439453125
3759.33496038,14622.4443359375,21455.349609375,-41251.08203125,-9810.4931640625,-39534.46875,-8828.201171875,19798.99609375,-4397.97412109375
3759.787130126,14535.16015625,21392.02734375,-41040.10546875,-9821.46875,-39558.765625,-8792.2373046875,19795.21875,-4448.98046875
3759.787331425,14523.6044921875,21401.548828125,-40730.890625,-9751.26171875,-39531.9453125,-8658.171875,19866.900390625,-4438.31884765625
3759.787727459,14573.9853515625,21457.5625,-40727.94140625,-9702.0205078125,-39493.34375,-8615.0771484375,19889.744140625,-4410.15576171875
3759.788011539,14632.3232421875,21501.662109375,-40940.39453125,-9707.0048828125,-39477.6953125,-8682.04296875,19870.90234375,-4375.30908203125
3759.788204086,14633.4189453125,21492.744140625,-41190.59765625,-9765.4990234375,-39501.65625,-8799.412109375,19813.123046875,-4385.12158203125
3759.788427266,14533.953125,21413.955078125,-40994.41796875,-9792.1201171875,-39540.70703125,-8769.662109375,19800.806640625,-4437.31298828125
3759.788648257,14516.9658203125,21401.705078125,-40694.75,-9740.5771484375,-39524.5,-8628.4658203125,19875.529296875,-4433.71435546875
3759.788839346,14565.9384765625,21450.25390625,-40697.4765625,-9700.5234375,-39492.8046875,-8588.5234375,19910.0390625,-4409.90966796875
3759.789030799,14622.533203125,21496.388671875,-40913.01171875,-9710.291015625,-39484.22265625,-8654.23828125,19893.923828125,-4386.73095703125
3759.789221522,14625.1708984375,21481.6796875,-41161.16015625,-9773.12109375,-39507.4453125,-8765.3037109375,19847.521484375,-4376.11376953125
3759.789545716,14529.4609375,21414.044921875,-40959.28125,-9785.90625,-39539.18359375,-8741.87890625,19830.154296875,-4425.53369140625
3759.790007027,14517.3466796875,21419.587890625,-40651.51953125,-9716.5263671875,-39510.26171875,-8596.01171875,19893.07421875,-4425.220703125
3759.790413636,14576.064453125,21465.498046875,-40650.04296875,-9683.1337890625,-39479.19140625,-8558.4609375,19926.826171875,-4378.6396484375
3759.790702092,14631.2509765625,21493.50390625,-40868.84765625,-9705.328125,-39478.09765625,-8635.529296875,19898.6171875,-4362.39013671875
3759.790892816,14639.4541015625,21490.330078125,-41118.26953125,-9752.6025390625,-39499.375,-8753.703125,19850.8515625,-4365.94384765625
3759.79108281,14550.7841796875,21417.798828125,-40929.08203125,-9775.5576171875,-39533.75390625,-8726.8134765625,19835.005859375,-4419.11865234375
3759.791272075,14526.33203125,21411.8984375,-40628.69921875,-9720.37109375,-39513.16796875,-8591.8759765625,19885.38671875,-4444.80078125
3759.791467175,14567.4814453125,21448.912109375,-40634.80078125,-9693.2138671875,-39488.4921875,-8554.5263671875,19909.7265625,-4414.73779296875
3759.79165644,14621.3486328125,21479.646484375,-40852.55078125,-9710.4248046875,-39484.625,-8623.19140625,19897.814453125,-4371.0849609375
3759.79184607,14627.6748046875,21467.912109375,-41109.86328125,-9771.8701171875,-39510.0625,-8742.974609375,19844.75,-4374.884765625
3759.792034241,14529.9970703125,21393.30078125,-40926.6484375,-9795.8974609375,-39544.01171875,-8723.6396484375,19828.544921875,-4439.74951171875
3759.792223506,14515.9384765625,21396.9453125,-40614.1484375,-9724.5068359375,-39512.51953125,-8579.2255859375,19890.83984375,-4435.16748046875
3759.792453249,14563.234375,21438.921875,-40617.0078125,-9701.685546875,-39495.265625,-8546.994140625,19908.162109375,-4412.92724609375
3759.792852201,14617.7275390625,21476.0703125,-40831.1171875,-9717.95703125,-39492.8515625,-8620.375,19887.53125,-4386.50732421875
3759.793259175,14621.7509765625,21463.017578125,-41090.15234375,-9779.291015625,-39519.8046875,-8745.611328125,19836.927734375,-4380.62890625
3759.793725227,14538.2001953125,21398.64453125,-40901.2578125,-9790.533203125,-39542.40234375,-8715.5712890625,19820.453125,-4435.70361328125
3759.794029728,14519.7822265625,21391.849609375,-40597.02734375,-9732.7314453125,-39522.77734375,-8580.25390625,19872.35546875,-4445.203125
3759.794222275,14571.951171875,21437.2890625,-40594.45703125,-9700.142578125,-39498.2578125,-8544.6474609375,19905.5703125,-4423.8349609375
3759.794458948,14627.3388671875,21476.986328125,-40797.72265625,-9712.5478515625,-39487.7109375,-8601.64453125,19901.12109375,-4382.23828125
3759.79466207,14622.421875,21465.36328125,-41056.2890625,-9776.67578125,-39514.0625,-8718.923828125,19854.71875,-4361.58544921875
3759.794852794,14533.5068359375,21411.83203125,-40863.90625,-9784.7890625,-39537.26171875,-8687.6982421875,19838.111328125,-4397.34814453125
3759.795042424,14517.2568359375,21423.41015625,-40544.07421875,-9705.73046875,-39507.625,-8549.8994140625,19903.8046875,-4422.9853515625
3759.795232783,14567.5927734375,21475.17578125,-40538.17578125,-9672.806640625,-39479.5078125,-8505.978515625,19943.1875,-4401.662109375
3759.795473466,14626.0654296875,21499.3828125,-40752.28125,-9701.3720703125,-39479.70703125,-8568.8984375,19921.57421875,-4364.98291015625
3759.79585929,14645.0419921875,21497.638671875,-41003.26953125,-9741.314453125,-39492.44921875,-8680.2109375,19864.197265625,-4360.4453125
3759.796248395,14542.15625,21415.609375,-40835.98828125,-9770.39453125,-39531.85546875,-8673.3037109375,19840.99609375,-4423.8125
3759.796563837,14514.6640625,21407.740234375,-40526.21484375,-9710.759765625,-39508.25,-8532.64453125,19902.060546875,-4435.6142578125
3759.796761854,14564.486328125,21459.59765625,-40514.59375,-9662.2568359375,-39471.2578125,-8488.25390625,19932.75,-4404.791015625
3759.796959507,14622.1982421875,21501.908203125,-40720.1640625,-9673.8125,-39462.51953125,-8548.111328125,19927.384765625,-4352.71142578125
3759.797155336,14637.4423828125,21492.521484375,-40986.1015625,-9738.140625,-39489.05078125,-8669.03515625,19874.880859375,-4337.37841796875
3759.797385079,14553.3544921875,21422.984375,-40815.22265625,-9766.0361328125,-39523.62890625,-8655.109375,19852.953125,-4400.6337890625
3759.797581638,14526.533203125,21416.525390625,-40505.18359375,-9705.060546875,-39499.69140625,-8519.4794921875,19908.38671875,-4425.93603515625
3759.797777102,14574.6337890625,21461.4296875,-40508.4921875,-9676.6064453125,-39480.33203125,-8492.142578125,19929.173828125,-4407.6298828125
3759.797973661,14637.8671875,21502.087890625,-40721.4375,-9689.458984375,-39472.66796875,-8561.09765625,19915.091796875,-4371.10693359375
3759.798170219,14650.294921875,21502.580078125,-40988.11328125,-9733.4697265625,-39483.59765625,-8676.701171875,19871.193359375,-4357.91943359375
3759.798406162,14557.1328125,21431.142578125,-40835.54296875,-9769.6572265625,-39522.890625,-8677.259765625,19841.95703125,-4415.6318359375
3759.798706288,14523.671875,21413.88671875,-40539.71484375,-9727.3447265625,-39510.08203125,-8548.9609375,19892.78515625,-4434.787109375
3759.799026835,14570.119140625,21461.318359375,-40537.546875,-9682.26171875,-39480.421875,-8516.1708984375,19923.205078125,-4406.57958984375
3759.7992161,14626.2216796875,21511.38671875,-40746.44921875,-9679.0654296875,-39467.48046875,-8583.2265625,19903.177734375,-4380.51708984375
3759.799442561,14633.2626953125,21508.279296875,-41017.77734375,-9734.9443359375,-39484.2890625,-8704.57421875,19859.078125,-4367.6650390625
3759.799632191,14547.275390625,21437.3125,-40865.3359375,-9767.3544921875,-39521.16796875,-8696.7509765625,19841.107421875,-4411.2509765625
3759.799821821,14518.1953125,21417.666015625,-40568.23828125,-9718.4716796875,-39508.69921875,-8567.78125,19893.298828125,-4432.060546875
3759.800011086,14571.03515625,21461.162109375,-40566.96484375,-9690.7333984375,-39483.1953125,-8524.642578125,19934.24609375,-4394.75537109375
3759.800200715,14630.5126953125,21510.603515625,-40772.64453125,-9696.25390625,-39469.5390625,-8586.7578125,19918.466796875,-4358.2998046875
3759.800489536,14654.33984375,21519.09765625,-41043.75,-9734.453125,-39478.30078125,-8715.4365234375,19857.603515625,-4355.57275390625
3759.800889217,14566.408203125,21448.48828125,-40898.28515625,-9764.404296875,-39513.7265625,-8714.9677734375,19826.287109375,-4415.4755859375
3759.801272852,14536.5244140625,21428.52734375,-40594.8359375,-9715.1630859375,-39502.4375,-8588.3447265625,19883.419921875,-4421.8232421875
3759.801558755,14584.6025390625,21464.58203125,-40594.90234375,-9685.033203125,-39477.76171875,-8553.275390625,19915.76171875,-4393.615234375
3759.80174875,14643.365234375,21503.7421875,-40799.9140625,-9691.2021484375,-39466.1171875,-8613.9599609375,19904.876953125,-4361.853515625
3759.801938379,14646.337890625,21504.232421875,-41061.25,-9742.365234375,-39481.0703125,-8721.181640625,19865.0234375,-4356.80224609375
3759.802128009,14556.2158203125,21428.37109375,-40903.19921875,-9780.720703125,-39529.1953125,-8718.275390625,19833.060546875,-4406.4453125
3759.802322015,14525.9296875,21405.998046875,-40577.40234375,-9726.048828125,-39518.8671875,-8588.8369140625,19877.25,-4426.583984375
3759.802547382,14572.197265625,21463.10546875,-40547.5390625,-9670.28125,-39477.29296875,-8534.052734375,19910.353515625,-4405.90869140625
3759.802736283,14632.1005859375,21512.458984375,-40750.0,-9673.7451171875,-39463.19140625,-8591.1162109375,19900.8984375,-4367.79931640625
3759.802925548,14640.5712890625,21508.099609375,-41036.57421875,-9739.794921875,-39487.77734375,-8715.392578125,19848.818359375,-4372.2470703125
3759.803114448,14553.109375,21432.1484375,-40897.859375,-9776.18359375,-39523.7421875,-8716.3310546875,19830.490234375,-4416.72705078125
3759.80330663,14521.1015625,21411.83203125,-40584.26171875,-9722.3828125,-39506.41796875,-8581.21484375,19882.7265625,-4423.8349609375
3759.803677137,14571.0126953125,21457.919921875,-40556.6796875,-9678.1708984375,-39476.53515625,-8531.8623046875,19924.14453125,-4392.6767578125
3759.804081195,14638.0234375,21502.53515625,-40745.6640625,-9683.7587890625,-39463.0546875,-8581.8408203125,19918.064453125,-4361.294921875
3759.804461548,14651.7021484375,21497.03515625,-41017.26171875,-9743.3935546875,-39488.42578125,-8702.9423828125,19860.150390625,-4354.4326171875
3759.804738699,14553.9140625,21416.4140625,-40876.08984375,-9780.51953125,-39529.28515625,-8699.142578125,19823.560546875,-4418.71630859375
3759.804929058,14523.91796875,21408.8359375,-40549.6171875,-9715.4091796875,-39505.03125,-8557.8349609375,19882.994140625,-4437.0673828125
3759.805119417,14571.392578125,21457.33984375,-40526.484375,-9671.845703125,-39471.86328125,-8505.0625,19925.552734375,-4410.49072265625
3759.805326916,14623.4501953125,21498.421875,-40732.6328125,-9683.6474609375,-39466.5859375,-8569.79296875,19920.5,-4366.837890625
3759.805531132,14629.7529296875,21492.275390625,-41018.4921875,-9750.61328125,-39494.234375,-8698.78515625,19862.9453125,-4372.2021484375
3759.805720032,14548.1689453125,21422.58203125,-40877.13671875,-9786.4208984375,-39531.921875,-8695.8564453125,19827.607421875,-4420.19140625
3759.805908933,14521.5703125,21415.720703125,-40540.74609375,-9724.1044921875,-39507.04296875,-8544.333984375,19888.134765625,-4427.94775390625
3759.806098198,14566.0283203125,21462.099609375,-40499.99609375,-9665.7216796875,-39464.7109375,-8481.97265625,19932.146484375,-4398.2421875
3759.806287827,14623.7626953125,21500.857421875,-40687.86328125,-9671.7783203125,-39454.26953125,-8534.6337890625,19933.263671875,-4364.11083984375
3759.80667511,14645.421875,21500.166015625,-40958.9453125,-9728.3955078125,-39477.40625,-8648.11328125,19883.419921875,-4366.4580078125
3759.807087189,14552.1259765625,21414.490234375,-40821.3046875,-9769.4111328125,-39521.99609375,-8648.76171875,19844.146484375,-4423.32080078125
3759.807537925,14519.5595703125,21392.810546875,-40493.73828125,-9719.2314453125,-39510.28515625,-8515.27734375,19891.578125,-4443.75048828125
3759.807744694,14561.6474609375,21430.16015625,-40473.375,-9683.423828125,-39486.390625,-8470.2158203125,19920.1875,-4425.6005859375
3759.807935782,14619.806640625,21469.767578125,-40674.20703125,-9692.9677734375,-39478.74609375,-8524.552734375,19914.376953125,-4385.70263671875
3759.808126141,14640.68359375,21484.4296875,-40954.18359375,-9734.810546875,-39486.75,-8639.306640625,19870.34375,-4357.2265625
3759.808335828,14549.2197265625,21421.486328125,-40832.58984375,-9764.6279296875,-39522.7578125,-8652.3828125,19836.189453125,-4405.4619140625
3759.808557913,14511.244140625,21400.25390625,-40524.02734375,-9717.6669921875,-39513.68359375,-8533.896484375,19887.30859375,-4435.8603515625
3759.808752284,14549.33203125,21434.361328125,-40516.203125,-9690.8447265625,-39491.10546875,-8495.3837890625,19921.23828125,-4408.34521484375
3759.808947019,14610.150390625,21476.875,-40721.19140625,-9701.9091796875,-39480.51171875,-8554.34765625,19910.44140625,-4375.55517578125
3759.809141025,14632.9267578125,21473.8359375,-41011.02734375,-9765.1865234375,-39505.25390625,-8685.4404296875,19858.408203125,-4363.10498046875
3759.80937952,14541.955078125,21389.189453125,-40904.25,-9814.6953125,-39553.37890625,-8706.7646484375,19812.966796875,-4421.15283203125
3759.809658859,14508.5400390625,21385.701171875,-40578.8984375,-9743.3486328125,-39531.140625,-8577.6162109375,19859.859375,-4441.29150390625
3759.80993601,14552.5947265625,21436.619140625,-40552.90234375,-9693.99609375,-39496.5625,-8527.7490234375,19899.177734375,-4419.34228515625
3759.810200398,14605.3896484375,21483.4453125,-40757.82421875,-9713.1513671875,-39490.37109375,-8586.7353515625,19889.654296875,-4388.474609375
3759.810500523,14624.2548828125,21471.623046875,-41050.20703125,-9783.783203125,-39517.7734375,-8715.19140625,19831.00390625,-4390.50830078125
3759.810695988,14540.4580078125,21396.05078125,-40929.8203125,-9812.482421875,-39552.1484375,-8723.6396484375,19794.794921875,-4442.833984375
3759.810891452,14506.6171875,21387.892578125,-40597.16015625,-9746.7685546875,-39531.20703125,-8584.9697265625,19855.12109375,-4445.1806640625
3759.811086552,14560.6865234375,21425.353515625,-40564.1484375,-9706.4462890625,-39501.38671875,-8533.314453125,19892.873046875,-4416.212890625
3759.811285663,14618.755859375,21476.607421875,-40756.9765625,-9711.6318359375,-39491.3984375,-8592.703125,19887.15234375,-4382.998046875
3759.811512854,14633.3291015625,21481.994140625,-41038.7421875,-9765.6787109375,-39507.6484375,-8710.1845703125,19841.77734375,-4375.75634765625
3759.811708318,14546.314453125,21401.37109375,-40926.42578125,-9806.2021484375,-39547.43359375,-8718.0966796875,19804.71875,-4439.50341796875
3759.811903418,14518.59765625,21391.55859375,-40595.4609375,-9748.8701171875,-39531.49609375,-8584.4560546875,19862.2734375,-4451.841796875
3759.812097789,14559.568359375,21430.94140625,-40560.16796875,-9706.267578125,-39500.984375,-8528.8896484375,19905.8828125,-4421.30908203125
3759.812299088,14602.8193359375,21470.146484375,-40751.27734375,-9714.4482421875,-39488.06640625,-8574.486328125,19893.8125,-4386.70849609375
3759.812522997,14626.2216796875,21478.86328125,-41022.625,-9764.76171875,-39500.6953125,-8693.3984375,19850.5625,-4363.14990234375
3759.812832604,14532.634765625,21396.744140625,-40908.25390625,-9814.025390625,-39549.71484375,-8711.837890625,19806.55078125,-4424.17041015625
3759.813059794,14496.7607421875,21374.771484375,-40570.16015625,-9764.7841796875,-39536.2109375,-8568.5859375,19865.134765625,-4450.90283203125
3759.813254894,14549.0634765625,21437.06640625,-40502.79296875,-9694.0859375,-39488.359375,-8492.8583984375,19918.376953125,-4413.50830078125
3759.813486826,14611.6259765625,21486.375,-40662.8515625,-9687.8720703125,-39471.86328125,-8531.4375,19907.111328125,-4382.998046875
3759.813682655,14627.16015625,21483.625,-40934.359375,-9751.6640625,-39494.50390625,-8647.4873046875,19862.720703125,-4373.2529296875
3759.813878484,14531.517578125,21404.96875,-40821.03515625,-9789.818359375,-39533.62109375,-8658.484375,19832.30078125,-4424.08056640625
3759.814073219,14499.107421875,21397.32421875,-40478.31640625,-9722.5390625,-39511.91796875,-8519.859375,19884.447265625,-4441.91748046875
3759.814267954,14552.908203125,21441.15625,-40434.88671875,-9682.462890625,-39479.953125,-8459.375,19929.375,-4399.0244140625
3759.81449004,14602.841796875,21475.64453125,-40629.03515625,-9692.72265625,-39473.046875,-8516.2607421875,19913.482421875,-4364.46875
3759.814702644,14633.6650390625,21484.25,-40915.3359375,-9737.8955078125,-39487.39453125,-8640.513671875,19861.939453125,-4354.8349609375
3759.814897744,14552.5283203125,21407.71875,-40824.25390625,-9783.4033203125,-39531.67578125,-8664.921875,19815.111328125,-4421.599609375
3759.815092843,14503.2197265625,21380.830078125,-40509.67578125,-9742.4775390625,-39530.78125,-8548.8271484375,19850.607421875,-4457.7646484375
3759.815292319,14552.0810546875,21419.498046875,-40480.73046875,-9707.720703125,-39505.97265625,-8501.4638671875,19887.263671875,-4431.30029296875
3759.815488513,14605.5234375,21454.568359375,-40682.1640625,-9722.31640625,-39500.984375,-8561.791015625,19878.703125,-4397.6611328125
3759.815683613,14627.00390625,21460.490234375,-40980.515625,-9778.5751953125,-39519.71875,-8689.1064453125,19831.787109375,-4385.18896484375
3760.266378988,14549.2646484375,21400.208984375,-40889.20703125,-9812.3935546875,-39554.16015625,-8706.0263671875,19797.72265625,-4429.2216796875
3760.26658284,14514.10546875,21396.20703125,-40559.33984375,-9739.638671875,-39519.984375,-8570.642578125,19854.138671875,-4444.95751953125
3760.266795079,14555.7021484375,21431.5,-40528.78515625,-9699.919921875,-39492.76171875,-8524.1064453125,19896.31640625,-4428.35009765625
3760.266988356,14604.65234375,21468.24609375,-40732.38671875,-9715.9013671875,-39487.0625,-8581.1025390625,19881.541015625,-4399.4267578125
3760.267180903,14635.162109375,21481.14453125,-41027.1875,-9768.4951171875,-39501.5,-8706.5185546875,19835.048828125,-4373.99072265625
3760.267371627,14544.8837890625,21412.255859375,-40949.3359375,-9811.275390625,-39545.19921875,-8738.951171875,19803.556640625,-4426.2490234375
3760.267562715,14504.7177734375,21388.294921875,-40636.3203125,-9772.6962890625,-39539.5859375,-8619.9501953125,19852.216796875,-4447.662109375
3760.267760003,14548.794921875,21435.0546875,-40602.63671875,-9724.5283203125,-39506.1953125,-8567.9599609375,19880.916015625,-4422.44921875
3760.268065598,14608.7421875,21482.41796875,-40794.34765625,-9717.9345703125,-39484.15625,-8618.05078125,19873.919921875,-4380.62890625
3760.268472573,14644.4833984375,21495.5390625,-41095.40234375,-9763.7109375,-39495.578125,-8749.568359375,19827.583984375,-4363.6640625
3760.268905074,14557.400390625,21407.451171875,-41038.046875,-9820.5517578125,-39547.76953125,-8791.052734375,19773.89453125,-4420.97412109375
3760.269237291,14512.1611328125,21382.52734375,-40728.92578125,-9781.7041015625,-39542.203125,-8668.9228515625,19818.443359375,-4439.861328125
3760.269429108,14549.2197265625,21423.7890625,-40684.3984375,-9736.21875,-39505.8359375,-8607.8798828125,19862.2734375,-4400.8798828125
3760.269620926,14606.7529296875,21470.2578125,-40863.8828125,-9730.3173828125,-39487.10546875,-8658.6630859375,19865.1796875,-4371.4873046875
3760.269816026,14632.3232421875,21481.658203125,-41147.52734375,-9772.5849609375,-39495.0625,-8774.1552734375,19817.90625,-4373.0517578125
3760.27000675,14556.0146484375,21420.03515625,-41057.98828125,-9808.4599609375,-39531.0703125,-8793.712890625,19786.166015625,-4418.91748046875
3760.270197473,14512.6298828125,21397.861328125,-40726.21875,-9760.7607421875,-39522.109375,-8663.7373046875,19839.85546875,-4434.87646484375
3760.270387468,14559.0546875,21434.541015625,-40676.2421875,-9715.2080078125,-39488.1328125,-8601.443359375,19887.62109375,-4405.12646484375
3760.270579285,14619.6279296875,21472.091796875,-40861.46875,-9723.58984375,-39478.43359375,-8651.48828125,19881.564453125,-4375.73388671875
3760.270844037,14638.1572265625,21476.181640625,-41160.22265625,-9779.2236328125,-39495.3984375,-8776.2109375,19828.3671875,-4366.837890625
3760.27127034,14560.8427734375,21421.755859375,-41081.07421875,-9813.5556640625,-39529.640625,-8800.0380859375,19791.642578125,-4408.814453125
3760.271644493,14521.1015625,21412.94921875,-40742.46875,-9752.5576171875,-39517.70703125,-8670.509765625,19840.99609375,-4432.9765625
3760.272006978,14556.88671875,21441.6484375,-40689.6953125,-9718.1357421875,-39493.140625,-8609.869140625,19882.591796875,-4403.2265625
3760.272200619,14609.345703125,21473.208984375,-40866.25390625,-9728.7529296875,-39485.140625,-8656.2939453125,19883.798828125,-4371.12939453125
3760.272391707,14637.1513671875,21493.59375,-41146.92578125,-9762.482421875,-39492.3125,-8770.8916015625,19827.47265625,-4359.4169921875
3760.27258316,14559.6806640625,21429.265625,-41069.453125,-9802.4248046875,-39532.63671875,-8803.16796875,19779.416015625,-4419.2080078125
3760.272833326,14516.5419921875,21409.015625,-40731.00390625,-9752.3564453125,-39522.5546875,-8673.884765625,19830.556640625,-4444.95751953125
3760.273024414,14556.08203125,21452.220703125,-40673.37890625,-9710.6259765625,-39492.984375,-8608.1259765625,19874.5234375,-4414.17919921875
3760.273215502,14603.9814453125,21493.548828125,-40845.4453125,-9709.8662109375,-39473.16015625,-8647.0625,19872.041015625,-4378.72900390625
3760.273406226,14632.2568359375,21505.865234375,-41127.859375,-9752.5126953125,-39481.60546875,-8760.408203125,19830.154296875,-4360.98193359375
3760.273597679,14559.6357421875,21427.72265625,-41056.82421875,-9805.173828125,-39531.765625,-8788.125,19792.357421875,-4405.23828125
3760.27385222,14522.5986328125,21398.419921875,-40714.3046875,-9768.2265625,-39529.53125,-8661.099609375,19846.962890625,-4420.2587890625
3760.274212881,14565.15625,21438.654296875,-40639.5390625,-9705.5966796875,-39481.49609375,-8582.376953125,19895.2421875,-4392.609375
3760.274587035,14615.2021484375,21476.31640625,-40803.51171875,-9705.9990234375,-39465.2890625,-8618.6318359375,19893.25390625,-4363.14990234375
3760.274929098,14646.271484375,21495.025390625,-41083.22265625,-9752.7587890625,-39476.78125,-8730.591796875,19851.76953125,-4343.94970703125
3760.275119822,14568.375,21430.94140625,-41008.2109375,-9788.9912109375,-39515.8046875,-8756.6533203125,19813.615234375,-4396.8564453125
3760.275311275,14517.123046875,21400.65625,-40670.98828125,-9745.62890625,-39511.15625,-8626.87890625,19864.822265625,-4426.67333984375
3760.275502363,14558.451171875,21451.080078125,-40601.5625,-9692.4091796875,-39473.046875,-8550.7490234375,19915.046875,-4392.810546875
#3791.978592998,13931.1494140625,20760.12109375,-41735.46875,-10261.1044921875,-39452.21484375,-9256.908203125,19263.203125,-4615.83642578125
3791.978794662,13931.2392578125,20754.33203125,-41971.5703125,-10317.498046875,-39477.0703125,-9364.8447265625,19205.7578125,-4619.904296875
3791.978997055,13846.9951171875,20677.375,-41817.05078125,-10350.310546875,-39516.4296875,-9362.765625,19181.88671875,-4675.98486328125
3791.979199813,13831.013671875,20686.607421875,-41544.0703125,-10286.943359375,-39487.46484375,-9239.1162109375,19246.126953125,-4680.99169921875
3791.979404395,13878.9580078125,20739.802734375,-41548.44921875,-10247.8720703125,-39462.1171875,-9206.7060546875,19278.6484375,-4641.98779296875
3791.979607517,13923.4384765625,20760.591796875,-41745.79296875,-10275.8349609375,-39466.40625,-9261.556640625,19258.888671875,-4617.22216796875
3791.979810275,13931.931640625,20757.037109375,-41976.0390625,-10319.8896484375,-39475.4375,-9363.01171875,19207.033203125,-4628.912109375
3791.980012668,13863.06640625,20706.388671875,-41803.84375,-10328.5400390625,-39495.98046875,-9347.3203125,19195.4765625,-4672.22998046875
3791.980213967,13837.853515625,20692.552734375,-41540.0703125,-10287.63671875,-39483.73046875,-9230.64453125,19251.556640625,-4671.4921875
3791.980417455,13887.943359375,20742.93359375,-41535.15234375,-10239.2451171875,-39447.36328125,-9188.064453125,19293.33203125,-4626.63232421875
3791.980631517,13940.58203125,20778.806640625,-41719.10546875,-10250.0185546875,-39441.44140625,-9244.994140625,19282.515625,-4606.8955078125
3791.980828805,13939.2626953125,20760.904296875,-41958.8515625,-10315.4638671875,-39468.12890625,-9356.015625,19231.53125,-4602.80517578125
3791.981025728,13855.7119140625,20684.39453125,-41803.59765625,-10340.7216796875,-39498.1484375,-9345.48828125,19202.25,-4657.4775390625
3791.981222287,13841.4072265625,20697.89453125,-41524.6015625,-10265.150390625,-39468.80078125,-9224.810546875,19253.927734375,-4668.18408203125
3791.981554868,13886.625,20739.490234375,-41532.37890625,-10236.3388671875,-39447.23046875,-9192.490234375,19288.482421875,-4629.64990234375
3791.981900942,13929.6513671875,20765.28515625,-41723.30859375,-10251.8291015625,-39446.73828125,-9254.94140625,19270.7578125,-4610.58349609375
3791.982143814,13933.09375,20756.701171875,-41963.23046875,-10302.701171875,-39466.80859375,-9361.7373046875,19216.21875,-4616.3505859375
3791.982347301,13854.5947265625,20700.15234375,-41810.3671875,-10326.349609375,-39495.66796875,-9347.8125,19195.767578125,-4660.15966796875
3792.43537658,13828.8681640625,20688.9765625,-41550.796875,-10285.892578125,-39483.73046875,-9232.947265625,19244.359375,-4670.75439453125
3792.435581891,13874.6884765625,20717.630859375,-41558.10546875,-10260.322265625,-39460.41796875,-9204.0458984375,19275.33984375,-4655.33203125
3792.435825127,13931.9091796875,20748.923828125,-41743.0234375,-10275.1865234375,-39455.5,-9259.1875,19263.962890625,-4629.06884765625
3792.436237572,13934.390625,20733.947265625,-41981.5390625,-10335.87109375,-39484.2890625,-9369.44921875,19220.310546875,-4617.1328125
3792.43642866,13855.48828125,20672.658203125,-41826.1484375,-10358.9833984375,-39518.98046875,-9361.4248046875,19200.416015625,-4667.06640625
3792.436619019,13835.908203125,20680.34765625,-41547.4453125,-10290.20703125,-39491.84375,-9240.6806640625,19249.412109375,-4672.6767578125
3792.436810472,13878.0419921875,20713.18359375,-41558.1953125,-10271.6103515625,-39477.29296875,-9216.5634765625,19263.537109375,-4661.27734375
3792.437000467,13925.830078125,20745.078125,-41742.484375,-10284.171875,-39474.0078125,-9278.857421875,19243.779296875,-4643.75390625
3792.43719119,13927.908203125,20753.662109375,-41970.5625,-10314.1455078125,-39482.5703125,-9384.2900390625,19196.416015625,-4641.22802734375
3792.437381549,13851.041015625,20694.09375,-41815.80078125,-10336.9443359375,-39511.984375,-9371.6845703125,19174.197265625,-4679.80712890625
3792.437571544,13824.62109375,20673.53125,-41552.96484375,-10298.9462890625,-39501.1640625,-9260.0146484375,19223.3046875,-4686.087890625
3792.437785242,13870.6875,20706.1875,-41554.88671875,-10273.4208984375,-39475.4375,-9217.7919921875,19265.03515625,-4646.48046875
3792.438086096,13926.7236328125,20744.744140625,-41732.31640625,-10278.896484375,-39461.265625,-9261.5791015625,19263.248046875,-4614.3388671875
3792.438398985,13940.1796875,20760.166015625,-41957.51171875,-10300.33203125,-39467.4140625,-9367.482421875,19212.1953125,-4606.87353515625
3792.438590074,13858.8857421875,20713.80859375,-41805.96484375,-10321.4765625,-39499.2421875,-9361.08984375,19180.12109375,-4662.57373046875
3792.438878894,13837.09375,20693.357421875,-41538.55078125,-10279.25390625,-39488.06640625,-9246.6708984375,19239.689453125,-4670.03955078125
3792.43921804,13872.4091796875,20723.107421875,-41543.2421875,-10252.521484375,-39463.859375,-9212.181640625,19278.357421875,-4641.04931640625
3792.439410587,13920.9345703125,20758.84765625,-41727.265625,-10261.2607421875,-39453.109375,-9259.1435546875,19267.31640625,-4614.83056640625
3792.439601675,13928.109375,20754.64453125,-41965.48828125,-10311.955078125,-39470.7890625,-9358.2509765625,19226.9921875,-4609.19775390625
3792.4398471,13843.306640625,20683.65625,-41819.28515625,-10335.8486328125,-39501.41015625,-9347.1416015625,19201.400390625,-4659.82470703125
3792.440037823,13823.2353515625,20673.642578125,-41554.640625,-10294.1181640625,-39495.01953125,-9244.1669921875,19244.6953125,-4669.8603515625
3792.440228182,13863.982421875,20707.751953125,-41561.6171875,-10273.7333984375,-39476.8671875,-9214.283203125,19282.537109375,-4632.86865234375
3792.440418541,13921.0244140625,20745.279296875,-41740.23046875,-10277.533203125,-39463.6796875,-9260.685546875,19277.015625,-4608.169921875
3792.440608171,13926.791015625,20729.208984375,-41992.55859375,-10346.6669921875,-39501.8125,-9384.513671875,19204.10546875,-4617.892578125
3792.440888969,13854.21484375,20669.955078125,-41842.33203125,-10365.5546875,-39529.7734375,-9375.23828125,19179.8984375,-4663.9375
3792.441266405,13843.396484375,20683.947265625,-41553.8359375,-10287.0771484375,-39494.4609375,-9248.6376953125,19233.900390625,-4668.36279296875
3792.441756889,13882.0869140625,20721.005859375,-41554.26171875,-10260.1884765625,-39474.8125,-9218.955078125,19262.2421875,-4638.3447265625
3792.441988821,13930.2548828125,20757.103515625,-41731.33203125,-10268.927734375,-39463.16796875,-9265.78125,19253.234375,-4611.07568359375
3792.442181733,13937.51953125,20749.080078125,-41972.21875,-10322.3486328125,-39485.5625,-9373.4501953125,19206.607421875,-4616.57421875
3792.442387772,13851.5771484375,20690.607421875,-41830.23828125,-10352.5908203125,-39520.41015625,-9368.2646484375,19183.294921875,-4671.22412109375
3792.442593812,13836.310546875,20687.1875,-41551.04296875,-10296.9345703125,-39494.83984375,-9249.375,19235.666015625,-4679.091796875
3792.442855283,13873.99609375,20729.431640625,-41538.5703125,-10250.64453125,-39459.8359375,-9209.0751953125,19268.8125,-4650.97314453125
3792.443048924,13923.818359375,20763.4296875,-41715.328125,-10262.7138671875,-39448.59375,-9251.587890625,19264.90234375,-4619.748046875
3792.443241471,13931.08203125,20759.763671875,-41955.8125,-10316.8056640625,-39470.51953125,-9354.7861328125,19222.03125,-4610.1591796875
3792.443435476,13845.51953125,20690.361328125,-41812.87109375,-10339.24609375,-39502.5078125,-9353.9365234375,19198.115234375,-4661.322265625
3792.443627659,13826.8564453125,20681.33203125,-41536.71484375,-10284.8203125,-39483.375,-9239.49609375,19244.62890625,-4674.3310546875
3792.443901528,13874.3984375,20720.759765625,-41532.6015625,-10253.7734375,-39458.8984375,-9206.392578125,19275.1171875,-4642.1669921875
3792.444217699,13925.8525390625,20753.572265625,-41712.0,-10264.45703125,-39449.17578125,-9251.521484375,19267.248046875,-4612.4833984375
3792.444457289,13929.4501953125,20745.7265625,-41954.671875,-10317.587890625,-39470.65625,-9363.2353515625,19223.3046875,-4617.06591796875
3792.444648377,13852.91796875,20682.740234375,-41808.22265625,-10340.3642578125,-39500.984375,-9356.9990234375,19190.537109375,-4653.02978515625
3792.444878121,13836.4677734375,20684.9296875,-41527.3515625,-10280.2158203125,-39480.19921875,-9239.2724609375,19247.556640625,-4652.470703125
3792.445069209,13879.3603515625,20728.716796875,-41525.7421875,-10252.521484375,-39456.39453125,-9201.0283203125,19279.408203125,-4630.96875
3792.445259933,13920.30859375,20759.65234375,-41708.46875,-10260.880859375,-39447.921875,-9252.9296875,19262.419921875,-4609.22021484375
3792.44545248,13923.1474609375,20756.12109375,-41962.515625,-10322.974609375,-39479.4609375,-9370.455078125,19205.916015625,-4615.27783203125
3792.445645027,13849.0068359375,20687.34375,-41828.0703125,-10351.71875,-39518.77734375,-9369.9404296875,19183.921875,-4661.7021484375
3792.445952445,13830.9462890625,20684.28125,-41548.1171875,-10292.0615234375,-39492.60546875,-9245.8212890625,19237.6328125,-4675.716796875
3792.446233243,13878.4443359375,20715.306640625,-41546.73046875,-10262.22265625,-39466.83203125,-9209.7685546875,19269.39453125,-4648.80517578125
3792.446425426,13926.65625,20744.54296875,-41728.11328125,-10276.482421875,-39466.2734375,-9266.8544921875,19257.01171875,-4625.939453125
3792.446673038,13935.552734375,20747.693359375,-41970.8984375,-10323.1982421875,-39486.27734375,-9376.9814453125,19202.5625,-4635.1484375
3792.446956753,13851.912109375,20678.068359375,-41834.73046875,-10353.0595703125,-39521.90625,-9378.724609375,19169.2578125,-4688.3232421875
3792.447181756,13834.7236328125,20684.259765625,-41542.5703125,-10284.8427734375,-39489.00390625,-9251.23046875,19225.875,-4684.5234375
3792.447373574,13873.59375,20718.97265625,-41541.09765625,-10264.859375,-39472.0859375,-9216.607421875,19266.041015625,-4647.84423828125
3792.447563933,13920.197265625,20750.64453125,-41720.625,-10268.681640625,-39458.96484375,-9260.796875,19260.3203125,-4627.302734375
3792.447805346,13932.625,20750.041015625,-41962.1796875,-10312.6474609375,-39472.84375,-9366.6552734375,19207.837890625,-4627.1240234375
3792.44825134,13845.966796875,20675.431640625,-41833.34765625,-10350.623046875,-39513.48046875,-9372.0419921875,19175.0703125,-4667.46875
3792.448527033,13822.4755859375,20670.201171875,-41557.01171875,-10301.6953125,-39499.265625,-9259.2998046875,19223.23828125,-4683.8974609375
3792.448843569,13870.93359375,20710.322265625,-41547.66796875,-10271.0068359375,-39475.125,-9223.8720703125,19253.546875,-4670.64306640625
3792.449039033,13921.560546875,20754.35546875,-41718.90625,-10268.32421875,-39461.625,-9273.7607421875,19237.564453125,-4648.20166015625
3792.449235227,13936.044921875,20755.337890625,-41957.66796875,-10315.7998046875,-39476.46484375,-9372.2880859375,19197.734375,-4634.8798828125
3792.449430326,13855.779296875,20693.4453125,-41815.0625,-10334.6416015625,-39501.30078125,-9356.8876953125,19175.046875,-4672.4755859375
3792.449625426,13822.810546875,20691.189453125,-41535.2421875,-10278.5615234375,-39484.40234375,-9249.912109375,19222.076171875,-4688.0771484375
3792.449825267,13865.48046875,20728.806640625,-41525.2734375,-10248.095703125,-39456.52734375,-9210.1923828125,19261.884765625,-4664.65283203125
3792.450020731,13919.9287109375,20766.759765625,-41697.40234375,-10254.3994140625,-39443.33984375,-9252.8173828125,19253.76953125,-4631.1474609375
3792.450216196,13936.2236328125,20766.8046875,-41939.91796875,-10308.3564453125,-39463.703125,-9360.3515625,19209.291015625,-4618.49609375
3792.450413119,13854.6396484375,20685.310546875,-41817.07421875,-10347.6279296875,-39506.796875,-9366.0068359375,19179.205078125,-4666.7314453125
3792.450665107,13832.0419921875,20679.3203125,-41536.26953125,-10285.1328125,-39480.55859375,-9237.126953125,19244.046875,-4668.83251953125
3792.45097362,13865.748046875,20713.384765625,-41535.48828125,-10253.5498046875,-39454.47265625,-9199.4638671875,19280.123046875,-4631.1474609375
3792.451192424,13915.4365234375,20740.697265625,-41722.37109375,-10269.1513671875,-39450.046875,-9253.5546875,19274.19921875,-4607.56640625
3792.451450247,13924.689453125,20731.2421875,-41978.1640625,-10326.953125,-39473.5625,-9359.837890625,19220.01953125,-4612.751953125
3792.451794498,13836.9140625,20668.6796875,-41856.5234375,-10361.4189453125,-39515.78125,-9369.11328125,19183.630859375,-4662.41748046875
3792.452017677,13806.314453125,20653.951171875,-41584.01171875,-10316.044921875,-39510.93359375,-9264.9541015625,19220.734375,-4685.5068359375
3792.452221894,13849.7216796875,20689.244140625,-41578.26953125,-10289.5361328125,-39492.94140625,-9233.6845703125,19236.1796875,-4669.525390625
3792.452426475,13916.7998046875,20739.423828125,-41744.09375,-10289.0888671875,-39476.69140625,-9282.6123046875,19226.501953125,-4641.09375
3792.452629598,13930.814453125,20743.89453125,-41987.171875,-10335.4912109375,-39492.94140625,-9386.81640625,19179.875,-4648.2685546875
3792.452846942,13847.8671875,20677.353515625,-41855.36328125,-10364.861328125,-39527.31640625,-9387.330078125,19155.69140625,-4687.853515625
3792.453050794,13815.166015625,20671.09375,-41572.09765625,-10317.2080078125,-39515.78125,-9275.9296875,19210.69921875,-4694.78271484375
3792.453255376,13862.216796875,20720.6484375,-41548.046875,-10271.900390625,-39477.47265625,-9224.4306640625,19252.25,-4659.7578125
3792.453457769,13911.345703125,20764.546875,-41716.15625,-10272.638671875,-39458.83203125,-9263.658203125,19251.87109375,-4632.26513671875
3792.453662715,13918.744140625,20757.640625,-41959.5,-10323.3544921875,-39474.38671875,-9364.5537109375,19222.298828125,-4630.2978515625
3792.453917256,13847.0625,20688.55078125,-41824.11328125,-10345.884765625,-39499.109375,-9359.1220703125,19191.005859375,-4661.6796875
3792.45419149,13820.1728515625,20674.3359375,-41546.4375,-10303.2822265625,-39491.28515625,-9255.1201171875,19226.568359375,-4678.22021484375
3792.454390236,13856.6064453125,20712.646484375,-41535.57421875,-10264.63671875,-39467.2109375,-9220.9443359375,19254.330078125,-4662.1494140625
3792.454587889,13912.75390625,20757.484375,-41701.2265625,-10260.3447265625,-39451.25390625,-9259.7470703125,19254.59765625,-4624.5537109375
3792.45478627,13926.791015625,20756.6796875,-41951.80859375,-10314.7265625,-39470.85546875,-9365.9619140625,19199.298828125,-4625.40283203125
3792.454983923,13847.5537109375,20694.408203125,-41825.6328125,-10339.380859375,-39504.65234375,-9375.3271484375,19166.263671875,-4670.9111328125
3792.455185222,13824.53125,20686.71875,-41538.28125,-10286.630859375,-39486.1015625,-9258.919921875,19224.087890625,-4680.544921875
3792.455385427,13865.63671875,20720.423828125,-41526.94921875,-10258.244140625,-39460.41796875,-9215.1328125,19264.4765625,-4639.99853515625
3792.45558235,13915.078125,20748.029296875,-41707.52734375,-10278.3154296875,-39455.07421875,-9260.796875,19252.49609375,-4612.03662109375
3792.455894145,13933.49609375,20743.759765625,-41957.30859375,-10324.986328125,-39465.4453125,-9360.0166015625,19208.330078125,-4615.21044921875
3792.456200835,13841.6083984375,20678.76171875,-41837.19140625,-10352.970703125,-39502.328125,-9366.8564453125,19181.3515625,-4665.546875
3792.456414898,13802.6943359375,20662.19921875,-41565.4375,-10313.67578125,-39498.05859375,-9260.23828125,19225.763671875,-4695.140625
3792.456614738,13855.6005859375,20706.41015625,-41552.47265625,-10272.8173828125,-39464.375,-9213.880859375,19265.7734375,-4657.85791015625
3792.456886054,13912.5751953125,20740.83203125,-41726.83984375,-10274.4267578125,-39452.3046875,-9261.1103515625,19263.314453125,-4618.67529296875
3792.457086989,13920.509765625,20732.2265625,-41985.5390625,-10332.5634765625,-39479.7734375,-9376.04296875,19206.5625,-4619.85986328125
3792.457285371,13839.865234375,20666.109375,-41863.96875,-10360.4580078125,-39506.9765625,-9373.9189453125,19173.169921875,-4668.63134765625
3792.457484846,13815.859375,20650.978515625,-41583.34375,-10319.5546875,-39498.9296875,-9260.3056640625,19218.119140625,-4690.22314453125
3792.457706567,13859.154296875,20692.126953125,-41566.46484375,-10287.4794921875,-39474.90234375,-9218.462890625,19256.765625,-4653.2978515625
3792.45800961,13912.1953125,20745.861328125,-41728.96484375,-10283.5908203125,-39459.48046875,-9263.30078125,19255.37890625,-4618.138671875
3792.458289314,13927.05859375,20756.0078125,-41972.30859375,-10323.533203125,-39475.03515625,-9371.3935546875,19208.3515625,-4617.3564453125
3792.458487696,13856.5390625,20689.400390625,-41844.4765625,-10346.1533203125,-39507.22265625,-9374.1201171875,19185.486328125,-4660.42822265625
3792.458686077,13831.7734375,20677.732421875,-41557.125,-10303.9755859375,-39499.2421875,-9263.14453125,19232.537109375,-4677.01318359375
3792.458882271,13875.203125,20719.396484375,-41536.828125,-10272.2138671875,-39473.89453125,-9221.9052734375,19258.173828125,-4656.82958984375
3792.459079924,13921.3369140625,20760.814453125,-41695.68359375,-10266.6484375,-39452.1484375,-9261.958984375,19251.556640625,-4633.42724609375
3792.459276117,13936.15625,20764.97265625,-41941.57421875,-10312.0,-39467.859375,-9369.3818359375,19202.0703125,-4629.18017578125
3792.459472311,13860.048828125,20703.818359375,-41818.6171875,-10338.12890625,-39498.88671875,-9372.98046875,19174.197265625,-4668.40771484375
3792.459668505,13825.6943359375,20685.421875,-41540.359375,-10294.431640625,-39489.7890625,-9263.5908203125,19216.5546875,-4682.22119140625
3792.459971183,13866.7763671875,20724.783203125,-41526.27734375,-10263.0712890625,-39466.38671875,-9226.5546875,19252.763671875,-4657.41064453125
3792.460168836,13916.486328125,20757.193359375,-41701.11328125,-10275.2529296875,-39456.23828125,-9266.787109375,19250.8203125,-4622.05029296875
3792.460365394,13930.5234375,20754.66796875,-41955.36328125,-10313.1396484375,-39462.31640625,-9361.849609375,19201.1328125,-4617.736328125
3792.460562317,13848.6044921875,20685.533203125,-41846.7578125,-10347.5615234375,-39499.2421875,-9369.6943359375,19176.6796875,-4656.62841796875
3792.460832175,13810.7177734375,20661.416015625,-41576.4140625,-10316.134765625,-39497.96875,-9264.8876953125,19220.130859375,-4683.83056640625
3792.461028368,13856.62890625,20695.994140625,-41561.7734375,-10279.1201171875,-39472.0859375,-9225.97265625,19253.748046875,-4654.8623046875
3792.461224562,13918.900390625,20733.232421875,-41730.23828125,-10281.310546875,-39458.96484375,-9267.8603515625,19247.6015625,-4623.83837890625
3792.461420391,13931.1494140625,20732.205078125,-41985.0703125,-10336.072265625,-39479.4609375,-9375.0595703125,19201.84765625,-4623.48046875
3792.461616585,13843.10546875,20656.923828125,-41880.30859375,-10380.7978515625,-39526.4453125,-9391.599609375,19165.75,-4676.521484375
3792.461913793,13810.337890625,20634.013671875,-41603.90625,-10348.611328125,-39523.60546875,-9285.5400390625,19210.966796875,-4693.93359375
3792.462138796,13847.0400390625,20665.55078125,-41590.203125,-10321.41015625,-39496.89453125,-9241.9765625,19245.388671875,-4669.61474609375
3792.462334625,13913.9833984375,20737.880859375,-41733.3671875,-10281.3779296875,-39459.8828125,-9270.296875,19252.80859375,-4620.4853515625
3792.462531184,13934.837890625,20753.728515625,-41978.5,-10320.3818359375,-39473.62890625,-9374.09765625,19209.40234375,-4606.4931640625
3792.462764209,13850.236328125,20681.599609375,-41875.90234375,-10366.8955078125,-39520.87890625,-9390.28125,19162.732421875,-4676.87890625
3792.915837978,13818.6982421875,20667.18359375,-41590.00390625,-10320.60546875,-39509.66015625,-9273.6044921875,19201.220703125,-4697.6884765625
3792.916054594,13863.1328125,20706.029296875,-41567.671875,-10287.703125,-39486.27734375,-9237.5517578125,19243.64453125,-4661.5234375
3792.916477614,13914.474609375,20740.67578125,-41729.69921875,-10293.73828125,-39477.98828125,-9283.751953125,19239.689453125,-4637.85302734375
3792.916668702,13934.904296875,20750.935546875,-41973.1796875,-10339.73828125,-39491.17578125,-9389.275390625,19189.486328125,-4632.42138671875
3792.916857967,13851.7109375,20709.896484375,-41855.51953125,-10358.603515625,-39518.62109375,-9396.1591796875,19164.787109375,-4680.2763671875
3792.917046868,13812.283203125,20694.83203125,-41560.20703125,-10308.892578125,-39503.06640625,-9273.314453125,19211.302734375,-4699.923828125
3792.917236133,13857.9248046875,20699.392578125,-41543.19921875,-10291.4580078125,-39490.8828125,-9243.83203125,19240.1796875,-4666.39599609375
3792.917424304,13919.50390625,20744.005859375,-41697.671875,-10280.1708984375,-39460.5078125,-9272.0625,19248.875,-4627.34765625
3792.917612475,13942.861328125,20766.603515625,-41934.21875,-10299.5947265625,-39450.875,-9362.85546875,19208.171875,-4617.04345703125
3792.917799916,13854.9072265625,20687.34375,-41839.46875,-10348.0302734375,-39500.94140625,-9383.59765625,19166.822265625,-4671.78271484375
3792.917986993,13817.3564453125,20658.890625,-41568.0546875,-10318.9287109375,-39502.55078125,-9274.1630859375,19205.04296875,-4694.55908203125
3792.918280919,13848.4482421875,20695.681640625,-41553.9921875,-10281.1767578125,-39473.3359375,-9228.1416015625,19242.9296875,-4658.908203125
3792.918737489,13900.416015625,20737.12109375,-41725.87890625,-10283.7919921875,-39461.6015625,-9272.576171875,19241.029296875,-4626.18505859375
3792.919186401,13917.537109375,20741.2109375,-41983.328125,-10333.345703125,-39476.4453125,-9379.8203125,19197.556640625,-4625.17919921875
3792.919643335,13839.126953125,20668.322265625,-41883.66015625,-10374.0029296875,-39520.6328125,-9395.0419921875,19164.609375,-4674.39794921875
3792.919925956,13811.7685546875,20645.79296875,-41597.9609375,-10332.1162109375,-39513.66015625,-9284.5126953125,19206.763671875,-4692.927734375
3792.920184144,13843.91015625,20699.681640625,-41574.9609375,-10293.3359375,-39481.2265625,-9237.5517578125,19243.265625,-4665.05517578125
3792.920442333,13894.6044921875,20739.37890625,-41740.40625,-10297.6494140625,-39469.22265625,-9278.25390625,19238.66015625,-4641.65283203125
3792.920632692,13933.2724609375,20737.92578125,-41987.05859375,-10343.6494140625,-39482.32421875,-9377.9423828125,19199.880859375,-4624.26318359375
3792.920823415,13863.53515625,20680.90625,-41873.40234375,-10367.365234375,-39509.4140625,-9379.1943359375,19175.763671875,-4668.4970703125
3792.921014504,13820.708984375,20669.23828125,-41585.64453125,-10319.1748046875,-39498.68359375,-9269.6484375,19209.603515625,-4698.60498046875
3792.921247165,13860.5849609375,20717.33984375,-41556.140625,-10271.833984375,-39468.1953125,-9228.1630859375,19247.623046875,-4665.39013671875
3792.921437888,13915.0341796875,20747.962890625,-41720.9609375,-10284.3955078125,-39460.6875,-9272.375,19245.455078125,-4635.61767578125
3792.921628247,13926.791015625,20736.18359375,-41976.91015625,-10336.3857421875,-39478.859375,-9379.216796875,19202.763671875,-4641.02685546875
3792.921817512,13843.75390625,20689.400390625,-41868.484375,-10353.7978515625,-39511.40234375,-9389.498046875,19160.607421875,-4693.6875
3792.922007507,13800.0341796875,20662.265625,-41587.07421875,-10326.193359375,-39510.46484375,-9284.7802734375,19198.248046875,-4703.81298828125
3792.922310549,13841.384765625,20696.552734375,-41560.05078125,-10287.14453125,-39481.94140625,-9242.6923828125,19239.017578125,-4668.76513671875
3792.922701843,13901.2431640625,20738.462890625,-41715.3046875,-10283.2998046875,-39461.625,-9278.56640625,19238.080078125,-4634.9248046875
3792.923070527,13920.2197265625,20741.97265625,-41966.51953125,-10327.2431640625,-39472.30859375,-9374.142578125,19198.248046875,-4616.9091796875
3792.923350595,13838.4345703125,20674.537109375,-41866.0234375,-10360.6142578125,-39510.57421875,-9387.3974609375,19164.787109375,-4672.02880859375
3792.923540225,13802.8955078125,20657.7734375,-41575.2265625,-10310.345703125,-39495.578125,-9268.7099609375,19217.380859375,-4694.9169921875
3792.923729855,13854.86328125,20695.994140625,-41547.3125,-10274.3818359375,-39462.09375,-9211.9140625,19253.30078125,-4662.59619140625
3792.923919484,13919.7275390625,20738.26171875,-41707.83984375,-10280.8857421875,-39451.8359375,-9265.8037109375,19240.58203125,-4635.7294921875
3792.92421414,13929.0263671875,20742.26171875,-41967.48046875,-10332.9658203125,-39478.546875,-9387.486328125,19180.9921875,-4650.9287109375
3792.924573342,13842.14453125,20676.033203125,-41874.96484375,-10370.60546875,-39516.5,-9402.484375,19142.5703125,-4699.7001953125
3792.924767348,13807.298828125,20664.92578125,-41586.15625,-10319.263671875,-39501.76953125,-9286.0771484375,19193.5546875,-4699.43212890625
3792.92495953,13853.5888671875,20699.771484375,-41561.83984375,-10282.271484375,-39474.8359375,-9237.3505859375,19235.53125,-4677.84033203125
3792.925180157,13896.236328125,20725.677734375,-41732.91796875,-10299.9970703125,-39472.48828125,-9281.6064453125,19234.32421875,-4639.328125
3792.925371974,13921.203125,20738.126953125,-41981.8046875,-10342.6884765625,-39476.64453125,-9378.0546875,19197.220703125,-4624.59814453125
3792.925561969,13844.5810546875,20677.28515625,-41879.4140625,-10367.23046875,-39504.16015625,-9384.8271484375,19164.341796875,-4676.521484375
3792.925751963,13807.25390625,20655.515625,-41594.47265625,-10332.6298828125,-39503.22265625,-9279.259765625,19207.658203125,-4692.39111328125
3792.925942322,13853.521484375,20699.5703125,-41560.921875,-10291.1005859375,-39469.625,-9226.5322265625,19247.7578125,-4663.19970703125
3792.926257764,13907.478515625,20748.677734375,-41716.53515625,-10290.609375,-39457.890625,-9266.9658203125,19247.66796875,-4631.5498046875
3792.926675678,13923.6396484375,20750.376953125,-41968.41796875,-10330.5517578125,-39471.6171875,-9372.9130859375,19200.908203125,-4631.21435546875
3792.927061867,13845.4755859375,20681.689453125,-41869.4453125,-10361.5986328125,-39508.49609375,-9392.2705078125,19171.26953125,-4668.876953125
3792.92728067,13809.3095703125,20658.3984375,-41580.45703125,-10321.0078125,-39500.49609375,-9279.4384765625,19209.111328125,-4684.99267578125
3792.927472123,13850.302734375,20693.333984375,-41553.92578125,-10284.6416015625,-39475.4375,-9235.9638671875,19239.95703125,-4657.6787109375
3792.927662482,13902.4501953125,20728.91796875,-41714.66015625,-10287.94921875,-39465.3359375,-9277.6728515625,19230.703125,-4641.9208984375
3792.927852476,13913.0224609375,20731.154296875,-41975.1015625,-10339.849609375,-39484.40234375,-9387.083984375,19184.412109375,-4638.7470703125
3792.928042106,13835.8642578125,20671.630859375,-41877.9609375,-10370.0693359375,-39516.4296875,-9397.7685546875,19151.935546875,-4674.8896484375
3792.92847242,13810.9189453125,20652.587890625,-41585.5546875,-10329.9931640625,-39509.12109375,-9285.048828125,19194.314453125,-4696.81689453125
3792.928877206,13841.6533203125,20684.1484375,-41561.4375,-10297.6494140625,-39484.265625,-9240.5908203125,19230.009765625,-4672.78857421875
3792.929082516,13897.107421875,20742.8203125,-41713.65234375,-10283.322265625,-39465.37890625,-9276.130859375,19234.14453125,-4640.82568359375
3792.929286733,13920.1748046875,20746.53125,-41973.76171875,-10340.453125,-39483.10546875,-9378.2783203125,19200.21484375,-4626.05126953125
3792.929475998,13850.951171875,20682.5390625,-41873.46875,-10367.72265625,-39510.5546875,-9387.3076171875,19168.1640625,-4667.267578125
3792.929666357,13811.947265625,20656.54296875,-41582.76171875,-10328.0478515625,-39503.9375,-9282.7021484375,19212.62109375,-4682.0869140625
3792.929856351,13840.4912109375,20704.041015625,-41548.00390625,-10279.1875,-39467.61328125,-9228.9462890625,19255.53515625,-4651.8671875
3792.930047804,13898.8515625,20738.328125,-41705.89453125,-10285.625,-39460.171875,-9272.912109375,19254.6640625,-4617.42333984375
3792.930393514,13925.2041015625,20733.076171875,-41963.4765625,-10336.4970703125,-39475.75,-9375.8193359375,19197.376953125,-4615.5009765625
3792.930921195,13844.4921875,20664.724609375,-41874.31640625,-10370.5166015625,-39509.1015625,-9394.974609375,19160.720703125,-4663.3564453125
3792.9311823,13813.5341796875,20654.53125,-41579.23046875,-10318.1689453125,-39491.53125,-9278.1865234375,19209.37890625,-4683.20458984375
3792.931376671,13852.2255859375,20692.08203125,-41552.09375,-10281.3330078125,-39465.91796875,-9229.4599609375,19246.529296875,-4656.04736328125
3792.931566665,13903.4775390625,20738.08203125,-41711.8203125,-10283.5234375,-39454.00390625,-9266.2958984375,19250.283203125,-4632.19775390625
3792.931756295,13928.2216796875,20749.19140625,-41965.421875,-10323.64453125,-39463.48046875,-9370.767578125,19200.841796875,-4631.5498046875
3792.931947383,13845.5869140625,20689.53515625,-41879.19140625,-10358.6474609375,-39502.640625,-9394.0361328125,19158.708984375,-4671.8720703125
3792.932281058,13801.2412109375,20665.3046875,-41587.609375,-10320.3369140625,-39497.92578125,-9280.466796875,19204.865234375,-4683.5400390625
3792.932654848,13843.888671875,20697.22265625,-41554.8203125,-10288.6201171875,-39472.80078125,-9227.8505859375,19248.96484375,-4669.03369140625
3792.932902096,13899.9462890625,20738.015625,-41707.796875,-10286.4072265625,-39458.80859375,-9271.212890625,19247.623046875,-4640.24462890625
3792.933166118,13924.17578125,20745.63671875,-41962.65234375,-10326.70703125,-39469.6953125,-9380.267578125,19195.0078125,-4643.9326171875
3792.933369606,13847.5087890625,20682.62890625,-41878.18359375,-10366.3369140625,-39511.828125,-9405.63671875,19153.90234375,-4691.67578125
3792.933559235,13812.7744140625,20660.96875,-41583.41015625,-10328.71875,-39504.7421875,-9286.412109375,19211.279296875,-4687.42919921875
3792.9337485,13853.41015625,20711.037109375,-41540.71875,-10270.8056640625,-39466.38671875,-9228.990234375,19255.291015625,-4654.05810546875
3792.933938495,13905.958984375,20744.38671875,-41698.609375,-10275.07421875,-39455.703125,-9265.8935546875,19256.162109375,-4617.892578125
3792.934221116,13926.3212890625,20754.712890625,-41953.59765625,-10320.6943359375,-39463.3671875,-9362.0732421875,19218.923828125,-4600.65966796875
3792.934498996,13843.708984375,20701.470703125,-41868.4375,-10348.4775390625,-39496.96484375,-9384.4697265625,19175.404296875,-4653.76708984375
3792.934689355,13808.103515625,20669.640625,-41579.54296875,-10315.7998046875,-39495.578125,-9279.2822265625,19216.419921875,-4675.24755859375
3792.934879714,13857.5673828125,20708.310546875,-41544.00390625,-10277.6455078125,-39471.9296875,-9232.4775390625,19250.931640625,-4658.64013671875
3792.935098518,13900.7060546875,20741.099609375,-41699.99609375,-10275.3876953125,-39453.53515625,-9266.6083984375,19247.04296875,-4627.0791015625
3792.935288512,13924.1083984375,20751.224609375,-41953.15234375,-10317.654296875,-39461.22265625,-9366.4765625,19203.478515625,-4617.44580078125
3792.935478506,13850.3251953125,20682.515625,-41867.6328125,-10355.98828125,-39496.11328125,-9380.177734375,19175.13671875,-4660.18212890625
3792.935667042,13812.3720703125,20664.1875,-41569.796875,-10309.7197265625,-39483.5078125,-9264.8427734375,19227.462890625,-4671.08984375
3792.935855578,13848.6044921875,20700.8671875,-41536.671875,-10276.7509765625,-39462.98828125,-9222.59765625,19264.96875,-4642.4794921875
3792.936085321,13884.2109375,20725.6328125,-41703.5703125,-10288.59765625,-39460.12890625,-9269.55859375,19248.673828125,-4620.708984375
3792.936452182,13915.8603515625,20739.177734375,-41956.4609375,-10326.4169921875,-39466.23046875,-9368.7109375,19204.865234375,-4603.98974609375
3792.936866085,13843.4638671875,20672.279296875,-41880.0625,-10372.4833984375,-39507.9609375,-9394.728515625,19168.833984375,-4655.0634765625
3792.937165116,13803.341796875,20649.501953125,-41588.39453125,-10333.3681640625,-39501.74609375,-9288.4462890625,19209.759765625,-4673.23583984375
3792.937458313,13850.2138671875,20699.771484375,-41548.921875,-10282.115234375,-39465.515625,-9231.404296875,19249.92578125,-4654.52734375
3792.937653048,13898.716796875,20740.384765625,-41711.75390625,-10284.73046875,-39456.015625,-9272.107421875,19245.90234375,-4628.80029296875
3792.937847054,13916.1513671875,20747.560546875,-41971.63671875,-10326.662109375,-39462.453125,-9374.27734375,19199.544921875,-4617.78076171875
3792.938093208,13842.5693359375,20677.6875,-41902.4140625,-10371.5673828125,-39507.37890625,-9403.9599609375,19148.8515625,-4679.29296875
3792.93830727,13796.3017578125,20643.087890625,-41618.92578125,-10345.8173828125,-39512.36328125,-9300.091796875,19177.21484375,-4715.36865234375
3792.93851404,13834.298828125,20681.578125,-41575.96484375,-10298.677734375,-39478.94921875,-9243.3623046875,19212.330078125,-4694.693359375
3792.938709504,13892.4365234375,20719.59765625,-41724.26953125,-10291.2353515625,-39460.1953125,-9279.4609375,19218.90234375,-4656.96337890625
3792.938904968,13909.1103515625,20724.044921875,-41983.640625,-10339.0009765625,-39475.70703125,-9385.6982421875,19179.875,-4635.59521484375
3792.939178837,13825.58203125,20653.01171875,-41909.58984375,-10385.3134765625,-39516.6328125,-9411.224609375,19145.900390625,-4688.4794921875
3792.939473128,13784.90234375,20623.26171875,-41617.2734375,-10353.9091796875,-39517.68359375,-9307.087890625,19187.140625,-4712.865234375
3792.939767783,13830.455078125,20667.673828125,-41574.22265625,-10313.6982421875,-39489.87890625,-9257.6005859375,19220.197265625,-4681.103515625
3792.939969083,13891.2734375,20721.69921875,-41717.20703125,-10295.6376953125,-39461.37890625,-9281.8076171875,19222.701171875,-4653.0966796875
3792.940171476,13908.57421875,20729.142578125,-41975.94921875,-10342.0625,-39473.08984375,-9386.97265625,19180.814453125,-4639.97607421875
3792.940371681,13824.53125,20651.828125,-41908.0,-10387.951171875,-39518.53125,-9417.6396484375,19133.853515625,-4694.62646484375
3792.940571886,13794.22265625,20637.65625,-41605.40234375,-10336.720703125,-39506.640625,-9301.701171875,19174.578125,-4715.48046875
3792.940772456,13838.0986328125,20666.580078125,-41567.11328125,-10303.86328125,-39481.921875,-9252.2587890625,19227.39453125,-4675.24755859375
3792.940973026,13883.0927734375,20694.65234375,-41729.5234375,-10319.107421875,-39477.0234375,-9288.6474609375,19229.5859375,-4646.7265625
3792.941222462,13908.88671875,20715.484375,-41984.7578125,-10362.73828125,-39484.984375,-9387.083984375,19177.640625,-4631.482421875
3792.941427772,13841.83203125,20677.62109375,-41894.5,-10366.8955078125,-39505.16796875,-9408.9892578125,19139.12890625,-4685.21630859375
3792.941631624,13804.5048828125,20652.185546875,-41591.09765625,-10317.1630859375,-39493.87890625,-9293.5869140625,19183.49609375,-4696.03466796875
3792.941834747,13843.8212890625,20688.349609375,-41545.38671875,-10280.05859375,-39464.21875,-9234.35546875,19233.005859375,-4669.99462890625
3792.942039328,13890.9609375,20724.849609375,-41696.5546875,-10283.5458984375,-39450.875,-9266.67578125,19234.4140625,-4640.5126953125
3792.94224318,13917.291015625,20731.154296875,-41955.765625,-10332.4287109375,-39466.1171875,-9373.9189453125,19186.6484375,-4630.521484375
3792.942445938,13839.0380859375,20668.79296875,-41883.63671875,-10365.3984375,-39500.49609375,-9396.2490234375,19153.90234375,-4673.97314453125
3792.942648696,13801.375,20644.630859375,-41588.52734375,-10325.09765625,-39493.25390625,-9282.478515625,19196.751953125,-4701.48828125
3792.942851089,13839.8427734375,20679.85546875,-41556.05078125,-10298.9912109375,-39478.5234375,-9242.37890625,19223.259765625,-4681.84130859375
