#3763.163930103,14493.36328125,21399.158203125,-40728.56640625,-9756.2236328125,-39497.85546875,-8616.642578125,19827.986328125,-4418.1796875
3763.164120462,14544.9951171875,21437.916015625,-40841.0859375,-9747.2607421875,-39482.34375,-8632.8916015625,19835.65234375,-4381.0537109375
3763.164310821,14581.6298828125,21458.390625,-41119.07421875,-9789.013671875,-39490.52734375,-8735.642578125,19800.91796875,-4365.54150390625
3763.164612406,14529.259765625,21409.908203125,-41185.81640625,-9841.9423828125,-39527.5625,-8807.90625,19747.38671875,-4400.25390625
3763.165014639,14460.1708984375,21360.958984375,-40865.203125,-9822.0048828125,-39534.671875,-8705.2666015625,19782.92578125,-4418.09033203125
3763.165311483,14484.958984375,21387.04296875,-40732.5234375,-9771.4228515625,-39504.71875,-8615.189453125,19843.1640625,-4403.56201171875
3763.165533568,14547.4541015625,21437.1328125,-40840.234375,-9751.1494140625,-39477.8515625,-8620.77734375,19858.048828125,-4378.8408203125
3763.165769147,14586.0107421875,21454.58984375,-41114.24609375,-9788.6787109375,-39481.8984375,-8721.0029296875,19826.04296875,-4350.52099609375
3763.165996702,14527.3154296875,21409.171875,-41181.01171875,-9838.388671875,-39518.51171875,-8795.12109375,19771.19140625,-4383.69140625
3763.166210765,14458.8740234375,21363.171875,-40864.265625,-9814.9638671875,-39527.33984375,-8699.2763671875,19780.689453125,-4432.73095703125
3763.166418628,14491.708984375,21403.001953125,-40721.2109375,-9749.8310546875,-39487.1953125,-8607.34375,19826.712890625,-4428.90869140625
3763.166700155,14545.46484375,21436.9765625,-40838.9375,-9751.0380859375,-39482.41015625,-8630.5,19831.763671875,-4402.6455078125
3763.166906195,14593.990234375,21454.814453125,-41118.8515625,-9799.98828125,-39495.6875,-8730.3232421875,19808.361328125,-4365.4970703125
3763.167110047,14536.009765625,21402.2421875,-41198.3125,-9862.4609375,-39537.6640625,-8807.4365234375,19757.220703125,-4386.93212890625
3763.167313534,14458.8515625,21364.310546875,-40872.2890625,-9813.220703125,-39534.7578125,-8707.1220703125,19776.623046875,-4427.8134765625
3763.167521398,14495.5751953125,21397.056640625,-40725.19140625,-9755.7763671875,-39501.5,-8611.6796875,19837.955078125,-4409.2392578125
3763.16772452,14548.1025390625,21437.580078125,-40837.73046875,-9757.5869140625,-39487.41796875,-8621.42578125,19851.5234375,-4368.4921875
3763.167926913,14598.3935546875,21457.71875,-41109.53125,-9791.2041015625,-39488.06640625,-8713.5595703125,19822.15234375,-4347.056640625
3763.168128212,14540.5029296875,21399.203125,-41189.8828125,-9854.9287109375,-39532.390625,-8802.162109375,19760.57421875,-4403.15966796875
3763.16833097,14472.6201171875,21374.615234375,-40857.22265625,-9819.5458984375,-39536.45703125,-8703.2548828125,19789.765625,-4428.90869140625
3763.168635107,14500.76171875,21419.36328125,-40701.87890625,-9755.486328125,-39501.2109375,-8604.572265625,19846.806640625,-4398.8681640625
3763.168933409,14543.2744140625,21452.9140625,-40810.640625,-9743.9521484375,-39477.18359375,-8613.625,19857.759765625,-4375.15283203125
3763.169134708,14604.65234375,21474.080078125,-41075.66796875,-9774.5966796875,-39473.0234375,-8703.7919921875,19836.033203125,-4344.6201171875
3763.169335643,14555.142578125,21423.65625,-41155.328125,-9832.46484375,-39516.7890625,-8784.3916015625,19776.265625,-4375.599609375
3763.169542048,14480.197265625,21370.345703125,-40837.7109375,-9807.029296875,-39527.02734375,-8691.8115234375,19786.6796875,-4420.50439453125
3763.169743711,14503.7119140625,21398.263671875,-40690.1875,-9754.2568359375,-39497.4765625,-8599.4091796875,19838.380859375,-4406.84765625
3763.169945375,14552.2373046875,21426.091796875,-40805.3671875,-9759.1962890625,-39488.828125,-8615.390625,19846.091796875,-4379.6455078125
3763.170147039,14600.271484375,21459.642578125,-41072.71484375,-9786.6220703125,-39487.0625,-8707.4794921875,19819.0234375,-4356.8916015625
3763.170348703,14541.552734375,21417.708984375,-41157.49609375,-9841.3837890625,-39524.38671875,-8785.4873046875,19762.474609375,-4392.92236328125
3763.170611632,14459.9248046875,21358.41015625,-40843.4765625,-9822.943359375,-39536.2578125,-8689.732421875,19780.220703125,-4438.654296875
3763.170817307,14483.2373046875,21390.9765625,-40686.74609375,-9765.4326171875,-39508.18359375,-8592.2119140625,19839.029296875,-4431.54638671875
3763.17102043,14537.373046875,21431.232421875,-40784.08984375,-9746.6796875,-39481.65234375,-8599.6767578125,19859.525390625,-4390.486328125
3763.171222458,14593.2529296875,21475.98046875,-41037.01953125,-9761.3193359375,-39466.7890625,-8682.37890625,19841.28515625,-4342.8544921875
3763.171428133,14541.6650390625,21427.634765625,-41118.3125,-9814.986328125,-39502.6640625,-8761.4140625,19787.552734375,-4369.34130859375
3763.171630891,14467.9931640625,21375.0625,-40801.3203125,-9801.2177734375,-39520.4765625,-8672.9912109375,19803.220703125,-4414.0
3763.17183292,14481.740234375,21399.58203125,-40647.40625,-9748.9140625,-39494.6171875,-8583.5615234375,19847.521484375,-4410.71435546875
3763.172034948,14537.9541015625,21437.06640625,-40748.28125,-9740.041015625,-39478.43359375,-8595.85546875,19853.78125,-4381.97021484375
3763.172235883,14598.3486328125,21477.166015625,-41007.8515625,-9765.7001953125,-39475.23828125,-8680.43359375,19837.26171875,-4340.99951171875
3763.172443746,14538.06640625,21423.611328125,-41102.9375,-9828.3525390625,-39519.76171875,-8765.6162109375,19780.935546875,-4382.2158203125
3763.172646504,14453.9345703125,21358.119140625,-40794.37109375,-9815.1875,-39541.28515625,-8685.75390625,19782.412109375,-4444.80078125
3763.172847803,14476.6435546875,21383.04296875,-40638.04296875,-9758.212890625,-39512.05078125,-8592.2783203125,19834.71484375,-4427.14306640625
3763.173049102,14538.423828125,21426.962890625,-40736.76953125,-9744.17578125,-39490.703125,-8597.2412109375,19850.29296875,-4389.52490234375
3763.173250037,14591.8671875,21466.302734375,-41000.49609375,-9769.9697265625,-39482.61328125,-8681.283203125,19829.08203125,-4348.8447265625
3763.173471028,14534.9150390625,21411.875,-41107.09375,-9834.96875,-39525.91015625,-8769.416015625,19765.37890625,-4387.6025390625
3763.173668681,14454.1806640625,21354.56640625,-40801.9453125,-9818.9423828125,-39538.6953125,-8679.919921875,19783.3046875,-4438.72119140625
3763.173864875,14476.2412109375,21381.701171875,-40648.078125,-9763.845703125,-39502.4375,-8576.9677734375,19845.376953125,-4410.982421875
3763.174060704,14532.5234375,21429.01953125,-40755.03125,-9750.0546875,-39480.22265625,-8588.3447265625,19862.05078125,-4374.92919921875
3763.174256168,14580.4228515625,21461.4296875,-41033.2421875,-9781.7265625,-39479.640625,-8681.9091796875,19836.345703125,-4351.3037109375
3763.174479348,14534.0205078125,21417.263671875,-41142.09765625,-9836.623046875,-39515.46875,-8767.046875,19780.421875,-4379.35498046875
3763.174811199,14462.9423828125,21366.234375,-40840.3046875,-9812.9521484375,-39525.953125,-8679.4287109375,19795.845703125,-4425.376953125
3763.175020157,14480.8681640625,21385.791015625,-40702.7734375,-9776.1162109375,-39508.18359375,-8597.1513671875,19840.83984375,-4408.859375
3763.175215257,14526.7568359375,21423.0078125,-40816.4765625,-9773.2333984375,-39492.1796875,-8612.5966796875,19846.248046875,-4393.615234375
3763.175415097,14580.3330078125,21465.095703125,-41083.0859375,-9786.845703125,-39481.94140625,-8700.796875,19821.59375,-4362.0546875
3763.175610197,14530.9365234375,21411.31640625,-41202.3125,-9849.2294921875,-39527.83203125,-8799.9716796875,19754.337890625,-4395.58251953125
3763.628035943,14456.7734375,21356.15234375,-40897.12109375,-9835.2373046875,-39537.33203125,-8708.0380859375,19783.841796875,-4420.8173828125
3763.628236878,14486.0537109375,21385.27734375,-40734.71484375,-9772.115234375,-39499.7109375,-8604.86328125,19853.78125,-4389.97216796875
3763.628683601,14532.0087890625,21419.54296875,-40844.86328125,-9766.013671875,-39486.30078125,-8621.73828125,19855.748046875,-4373.4765625
3763.62887396,14574.1640625,21453.8515625,-41115.6328125,-9797.685546875,-39487.62109375,-8716.5322265625,19827.650390625,-4351.68359375
3763.629062861,14535.25,21408.6796875,-41228.59765625,-9860.94140625,-39524.72265625,-8801.06640625,19770.966796875,-4388.630859375
3763.629250302,14462.3388671875,21353.76171875,-40921.23828125,-9835.68359375,-39534.78125,-8715.2138671875,19776.734375,-4440.48681640625
3763.629476764,14483.2822265625,21391.736328125,-40750.91796875,-9767.3544921875,-39499.7578125,-8620.8662109375,19829.216796875,-4424.17041015625
3763.629663841,14531.115234375,21428.37109375,-40848.26171875,-9760.068359375,-39481.96484375,-8629.740234375,19846.962890625,-4369.36376953125
3763.629852012,14580.244140625,21454.12109375,-41115.609375,-9800.2568359375,-39485.765625,-8718.611328125,19823.8515625,-4336.4619140625
3763.630039818,14539.0048828125,21415.162109375,-41224.4609375,-9850.615234375,-39517.5703125,-8801.8037109375,19766.7421875,-4369.8330078125
3763.630227989,14466.65234375,21372.1796875,-40912.65625,-9815.34375,-39520.38671875,-8713.7607421875,19779.7734375,-4415.408203125
3763.630656114,14487.3505859375,21395.849609375,-40749.15234375,-9759.330078125,-39487.91015625,-8618.1396484375,19834.513671875,-4410.49072265625
3763.631090804,14543.453125,21432.9765625,-40854.85546875,-9756.9609375,-39475.01171875,-8629.5615234375,19853.51171875,-4371.35302734375
3763.631377801,14592.7607421875,21464.46875,-41121.15234375,-9786.80078125,-39472.375,-8716.3759765625,19830.265625,-4342.8994140625
3763.631700901,14548.1689453125,21421.46484375,-41236.2421875,-9841.40625,-39504.02734375,-8797.646484375,19768.46484375,-4367.57568359375
3763.631890531,14463.791015625,21357.91796875,-40942.71875,-9832.6884765625,-39525.015625,-8723.5732421875,19778.58984375,-4426.0029296875
3763.632081619,14480.3984375,21382.818359375,-40777.11328125,-9777.8603515625,-39493.6328125,-8621.0009765625,19834.625,-4424.21484375
3763.632293494,14526.8232421875,21417.330078125,-40875.91015625,-9768.8076171875,-39481.47265625,-8637.3173828125,19844.90625,-4383.04296875
3763.632729277,14586.7265625,21456.9140625,-41133.04296875,-9793.439453125,-39476.2890625,-8723.4609375,19825.193359375,-4333.75732421875
3763.633058212,14552.7294921875,21422.962890625,-41248.37890625,-9846.7705078125,-39508.09375,-8808.1298828125,19771.8828125,-4361.74169921875
3763.633282121,14470.4970703125,21357.248046875,-40950.296875,-9841.115234375,-39529.0390625,-8724.9814453125,19777.91796875,-4416.9951171875
3763.633501289,14486.2998046875,21383.33203125,-40775.3046875,-9780.7880859375,-39494.4609375,-8619.97265625,19838.447265625,-4396.8564453125
3763.633691283,14528.208984375,21430.494140625,-40870.03125,-9770.3046875,-39478.3671875,-8633.3837890625,19853.712890625,-4362.36767578125
3763.633880913,14582.501953125,21476.3828125,-41126.1796875,-9786.6220703125,-39468.30859375,-8717.716796875,19826.7578125,-4339.54638671875
3763.634070907,14545.978515625,21424.572265625,-41247.6171875,-9844.3115234375,-39501.56640625,-8802.921875,19773.783203125,-4361.09375
3763.634294816,14464.88671875,21355.75,-40946.51953125,-9833.1357421875,-39521.52734375,-8723.662109375,19782.2109375,-4405.17138671875
3763.634669335,14486.478515625,21393.615234375,-40764.08203125,-9764.91796875,-39487.30859375,-8620.888671875,19834.513671875,-4412.8154296875
3763.63505297,14542.4697265625,21438.474609375,-40852.73046875,-9748.0205078125,-39465.91796875,-8619.525390625,19850.583984375,-4386.17236328125
3763.635330121,14595.3984375,21465.876953125,-41115.69921875,-9775.9150390625,-39465.40234375,-8709.15625,19834.24609375,-4351.19189453125
3763.635519751,14542.357421875,21417.0625,-41252.04296875,-9845.2060546875,-39510.0625,-8805.5146484375,19775.884765625,-4380.47265625
3763.63571011,14450.0,21348.732421875,-40962.27734375,-9841.16015625,-39535.07421875,-8731.9775390625,19773.560546875,-4428.5732421875
3763.635899739,14479.5498046875,21372.224609375,-40777.2265625,-9781.1455078125,-39502.75390625,-8627.7509765625,19836.771484375,-4401.12548828125
3763.636089004,14528.4326171875,21405.439453125,-40874.078125,-9780.2294921875,-39490.75,-8628.9580078125,19857.580078125,-4366.0556640625
3763.63633844,14569.3583984375,21444.486328125,-41136.23828125,-9803.0732421875,-39483.1484375,-8717.9853515625,19818.7109375,-4339.2783203125
3763.63674505,14535.451171875,21423.900390625,-41259.17578125,-9839.1259765625,-39508.98828125,-8815.572265625,19766.943359375,-4363.77587890625
3763.637060856,14460.953125,21366.501953125,-40961.3359375,-9823.6142578125,-39525.70703125,-8734.837890625,19773.537109375,-4427.03125
3763.637293153,14480.197265625,21388.67578125,-40783.70703125,-9781.16796875,-39506.05859375,-8635.5068359375,19822.912109375,-4425.48876953125
3763.637495546,14538.669921875,21434.763671875,-40865.203125,-9760.0908203125,-39480.01953125,-8636.826171875,19850.78515625,-4372.873046875
3763.637685176,14584.71484375,21468.42578125,-41120.75,-9780.05078125,-39470.87890625,-8717.873046875,19839.765625,-4342.78759765625
3763.637875535,14549.7119140625,21418.537109375,-41259.5546875,-9852.134765625,-39513.37109375,-8810.9677734375,19774.833984375,-4377.90185546875
3763.638065164,14469.3125,21360.244140625,-40958.7890625,-9835.482421875,-39525.9296875,-8735.1064453125,19775.013671875,-4421.0185546875
3763.638311318,14478.23046875,21381.208984375,-40776.734375,-9777.681640625,-39500.203125,-8639.9775390625,19817.81640625,-4422.6279296875
3763.638683649,14531.517578125,21427.34375,-40859.90625,-9759.822265625,-39474.8359375,-8637.65234375,19841.93359375,-4394.46484375
3763.639072754,14580.5341796875,21462.32421875,-41109.640625,-9774.2392578125,-39460.375,-8712.2177734375,19827.40625,-4359.037109375
3763.639376891,14547.029296875,21417.46484375,-41243.015625,-9835.68359375,-39499.265625,-8804.5087890625,19763.859375,-4371.30810546875
3763.639567615,14472.2626953125,21357.427734375,-40950.47265625,-9838.2763671875,-39523.8515625,-8731.2841796875,19771.927734375,-4420.638671875
3763.639757244,14478.8564453125,21374.369140625,-40763.97265625,-9778.5751953125,-39497.07421875,-8625.359375,19831.787109375,-4408.70263671875
3763.639947968,14521.5703125,21420.48046875,-40847.23046875,-9760.2470703125,-39478.56640625,-8626.521484375,19858.20703125,-4370.32470703125
3763.640138327,14577.5615234375,21460.267578125,-41096.41015625,-9782.8447265625,-39465.9609375,-8699.7236328125,19853.490234375,-4318.58056640625
3763.640428971,14547.4541015625,21422.314453125,-41239.75,-9848.603515625,-39507.73828125,-8802.2734375,19782.5234375,-4367.39697265625
3763.640789997,14463.2099609375,21358.076171875,-40951.59375,-9842.0986328125,-39533.015625,-8732.06640625,19776.064453125,-4434.6083984375
3763.64102594,14477.962890625,21377.341796875,-40760.88671875,-9778.7763671875,-39505.8359375,-8635.7978515625,19826.623046875,-4428.88623046875
3763.641230156,14530.2880859375,21416.748046875,-40844.796875,-9763.6220703125,-39487.95703125,-8640.3798828125,19841.77734375,-4388.09423828125
3763.641421245,14582.2333984375,21455.41796875,-41096.609375,-9782.53125,-39478.30078125,-8715.9736328125,19818.15234375,-4358.52294921875
3763.641611239,14548.7060546875,21417.708984375,-41240.5546875,-9849.36328125,-39516.0078125,-8808.3974609375,19762.919921875,-4372.6494140625
3763.641800869,14457.33203125,21355.21484375,-40951.45703125,-9844.087890625,-39539.4296875,-8739.15234375,19765.78125,-4421.2197265625
3763.641990498,14463.92578125,21368.15625,-40758.71875,-9787.806640625,-39511.15625,-8633.2275390625,19828.880859375,-4414.447265625
3763.642181222,14521.615234375,21409.685546875,-40835.4296875,-9766.7509765625,-39485.25,-8624.9794921875,19850.091796875,-4382.595703125
3763.642548082,14574.298828125,21447.728515625,-41088.609375,-9792.1201171875,-39482.48046875,-8712.5986328125,19824.96875,-4352.443359375
3763.64287337,14541.396484375,21413.150390625,-41234.296875,-9851.9111328125,-39521.328125,-8813.1142578125,19763.814453125,-4378.97509765625
3763.643064823,14456.974609375,21355.326171875,-40940.484375,-9837.740234375,-39534.15625,-8734.8828125,19767.078125,-4430.16064453125
3763.643285815,14464.484375,21379.130859375,-40739.36328125,-9768.583984375,-39495.84375,-8619.4365234375,19833.955078125,-4408.61328125
3763.643477997,14517.9052734375,21427.0078125,-40815.203125,-9755.5751953125,-39471.55078125,-8606.4501953125,19863.548828125,-4377.09765625
3763.643668721,14567.4365234375,21450.701171875,-41064.625,-9786.4208984375,-39472.734375,-8692.4150390625,19841.419921875,-4364.17822265625
3763.643859809,14537.7978515625,21418.24609375,-41201.484375,-9838.03125,-39505.390625,-8787.6328125,19781.853515625,-4377.8349609375
3763.644050898,14452.4365234375,21346.1171875,-40908.8125,-9842.5458984375,-39538.828125,-8726.6572265625,19765.625,-4438.52001953125
3763.644433074,14465.6689453125,21363.55078125,-40690.8828125,-9781.16796875,-39507.69140625,-8611.7919921875,19823.11328125,-4424.77392578125
3763.644731741,14517.5478515625,21405.55078125,-40746.203125,-9752.669921875,-39475.28125,-8594.7822265625,19845.3984375,-4391.35791015625
3763.644923194,14569.4482421875,21445.291015625,-40984.96484375,-9772.09375,-39467.14453125,-8668.498046875,19832.79296875,-4358.5009765625
3763.645112094,14533.5732421875,21396.296875,-41139.45703125,-9848.267578125,-39516.69921875,-8775.33984375,19781.091796875,-4379.220703125
3763.645331992,14454.1806640625,21330.6953125,-40857.109375,-9857.3876953125,-39552.6640625,-8715.5263671875,19770.318359375,-4443.794921875
3763.645522351,14481.8740234375,21381.56640625,-40635.2265625,-9758.5703125,-39494.7734375,-8596.078125,19831.31640625,-4421.08544921875
3763.64571198,14539.0498046875,21437.201171875,-40704.671875,-9724.439453125,-39460.28515625,-8587.6298828125,19853.69140625,-4373.16357421875
3763.645901975,14584.267578125,21472.62890625,-40961.828125,-9753.630859375,-39457.78125,-8668.029296875,19831.853515625,-4351.9072265625
3763.646091969,14539.2060546875,21437.736328125,-41132.26171875,-9825.2900390625,-39500.26953125,-8771.96484375,19774.23046875,-4374.54931640625
3763.646357086,14455.3876953125,21376.470703125,-40852.328125,-9812.68359375,-39514.6875,-8697.1083984375,19783.015625,-4429.9814453125
3763.64668128,14470.36328125,21389.14453125,-40658.73828125,-9758.5478515625,-39485.140625,-8586.51171875,19837.375,-4414.33544921875
3763.646869815,14519.7158203125,21423.744140625,-40746.15625,-9748.958984375,-39472.77734375,-8597.28515625,19854.517578125,-4367.44140625
3763.64705908,14582.3447265625,21453.71875,-40997.34765625,-9769.43359375,-39461.69140625,-8669.0791015625,19839.095703125,-4333.6455078125
3763.647276425,14550.5830078125,21403.314453125,-41169.140625,-9846.14453125,-39504.8984375,-8778.3798828125,19777.896484375,-4364.53564453125
3763.64746569,14450.3359375,21324.97265625,-40900.5390625,-9859.5556640625,-39538.828125,-8723.70703125,19773.08984375,-4427.97021484375
3763.647656049,14463.2548828125,21358.09765625,-40687.91015625,-9783.2470703125,-39502.3046875,-8610.1376953125,19830.51171875,-4421.6669921875
3763.647845314,14525.3701171875,21418.58203125,-40749.3984375,-9738.7001953125,-39463.03125,-8597.28515625,19856.462890625,-4377.09765625
3763.648036038,14578.4111328125,21455.57421875,-40998.59765625,-9762.1015625,-39456.91015625,-8676.3212890625,19844.52734375,-4341.98291015625
3763.648387947,14547.38671875,21428.037109375,-41159.5546875,-9821.826171875,-39488.0234375,-8769.2822265625,19786.904296875,-4362.4345703125
3763.648729645,14455.275390625,21368.849609375,-40883.73046875,-9818.16015625,-39509.3671875,-8701.958984375,19789.408203125,-4417.71044921875
3763.648928391,14466.541015625,21387.177734375,-40678.85546875,-9763.845703125,-39485.16015625,-8598.0234375,19844.416015625,-4404.2099609375
3763.649126044,14527.560546875,21420.861328125,-40754.80859375,-9749.49609375,-39467.34765625,-8587.5625,19866.341796875,-4374.77294921875
3763.64936454,14581.25,21458.94921875,-41004.453125,-9767.6455078125,-39459.8828125,-8667.5146484375,19851.947265625,-4327.6552734375
3763.649561098,14554.3603515625,21431.5234375,-41168.94140625,-9826.4970703125,-39492.1796875,-8773.328125,19795.0625,-4332.52783203125
3763.64975875,14465.37890625,21369.02734375,-40901.45703125,-9837.2490234375,-39523.00390625,-8715.75,19780.98046875,-4407.51806640625
3763.649956403,14478.3427734375,21392.83203125,-40689.16015625,-9769.142578125,-39488.76171875,-8600.50390625,19839.990234375,-4395.51513671875
3763.650153691,14526.4208984375,21425.509765625,-40769.6953125,-9754.234375,-39470.83203125,-8596.3466796875,19860.0390625,-4369.36376953125
3763.650457098,14574.5439453125,21452.82421875,-41025.91015625,-9781.4814453125,-39465.73828125,-8677.103515625,19848.595703125,-4350.34228515625
3763.650752483,14535.7421875,21418.8046875,-41202.37890625,-9848.849609375,-39504.94140625,-8780.591796875,19787.10546875,-4359.37255859375
3763.650948677,14457.8232421875,21349.89453125,-40932.234375,-9848.447265625,-39532.2578125,-8728.1103515625,19773.60546875,-4415.16259765625
3763.65114487,14473.8046875,21377.23046875,-40712.921875,-9773.2333984375,-39494.4375,-8614.541015625,19834.69140625,-4409.015625
3763.651342887,14521.7275390625,21411.16015625,-40785.921875,-9754.435546875,-39470.2734375,-8605.3994140625,19851.58984375,-4357.025390625
3763.651539811,14569.73828125,21445.248046875,-41036.73046875,-9780.453125,-39466.96875,-8688.033203125,19835.697265625,-4333.265625
3763.651736004,14547.0966796875,21416.771484375,-41207.140625,-9838.58984375,-39499.6015625,-8788.19140625,19777.13671875,-4356.73486328125
3763.651932927,14459.7236328125,21354.9453125,-40935.41015625,-9835.080078125,-39521.90625,-8726.2548828125,19768.486328125,-4402.68994140625
3763.652129851,14470.876953125,21374.59375,-40718.21875,-9774.529296875,-39489.98828125,-8608.751953125,19829.103515625,-4395.33642578125
3763.652423047,14532.322265625,21423.095703125,-40780.2890625,-9751.015625,-39463.2109375,-8596.0341796875,19858.720703125,-4356.77978515625
3763.652706398,14578.2548828125,21459.126953125,-41024.37109375,-9774.216796875,-39464.5078125,-8682.4453125,19836.591796875,-4329.57763671875
3763.652901862,14542.6708984375,21419.185546875,-41203.7421875,-9843.2392578125,-39503.2890625,-8784.9736328125,19780.48828125,-4350.14111328125
3763.653098421,14457.7119140625,21339.880859375,-40944.125,-9859.734375,-39540.1015625,-8730.904296875,19779.05859375,-4408.97119140625
3763.653362079,14470.162109375,21364.333984375,-40718.9765625,-9787.560546875,-39502.6640625,-8612.373046875,19838.06640625,-4405.998046875
3763.653561919,14521.212890625,21410.46875,-40777.203125,-9757.318359375,-39470.54296875,-8601.2646484375,19857.06640625,-4363.79833984375
3763.653758113,14573.4716796875,21454.34375,-41011.8984375,-9768.5390625,-39459.63671875,-8673.9521484375,19843.095703125,-4324.41455078125
3763.653954307,14553.66796875,21433.04296875,-41182.57421875,-9820.8427734375,-39490.19140625,-8775.0712890625,19787.373046875,-4353.98583984375
3763.654152324,14465.8251953125,21361.31640625,-40919.91796875,-9821.2451171875,-39519.71875,-8723.908203125,19767.97265625,-4417.77783203125
3763.654460472,14468.8876953125,21364.646484375,-40708.5390625,-9782.263671875,-39504.203125,-8617.916015625,19820.052734375,-4406.17724609375
3763.654728506,14512.451171875,21400.275390625,-40771.79296875,-9764.2255859375,-39476.69140625,-8599.6767578125,19845.130859375,-4357.71826171875
3763.6549247,14572.5107421875,21457.853515625,-41000.07421875,-9756.7373046875,-39452.66015625,-8666.4638671875,19838.15625,-4323.095703125
3763.655121259,14546.8056640625,21428.013671875,-41185.90625,-9824.7314453125,-39492.984375,-8773.88671875,19788.669921875,-4342.474609375
3763.655317817,14454.626953125,21351.927734375,-40935.41015625,-9843.57421875,-39530.4921875,-8728.6025390625,19773.291015625,-4410.267578125
3763.65551474,14465.8251953125,21366.904296875,-40716.16015625,-9787.515625,-39507.19921875,-8623.794921875,19828.412109375,-4406.78076171875
3763.655711299,14512.40625,21401.818359375,-40781.78515625,-9771.310546875,-39488.0234375,-8612.5517578125,19844.572265625,-4378.416015625
3763.655907128,14579.126953125,21436.685546875,-41017.05859375,-9786.2421875,-39475.484375,-8682.1103515625,19824.611328125,-4350.07421875
3763.656102957,14560.3955078125,21410.51171875,-41197.73046875,-9844.6474609375,-39510.30859375,-8793.0419921875,19771.81640625,-4356.0419921875
3764.107631609,14461.265625,21342.876953125,-40945.578125,-9853.2080078125,-39539.765625,-8741.23046875,19767.458984375,-4418.1796875
3764.108010868,14470.876953125,21367.306640625,-40719.671875,-9778.9326171875,-39501.94921875,-8623.7724609375,19825.953125,-4411.09423828125
3764.10820378,14529.86328125,21411.271484375,-40781.6953125,-9756.4248046875,-39479.52734375,-8615.837890625,19836.525390625,-4375.37646484375
3764.10839341,14573.7177734375,21433.51171875,-41033.1328125,-9794.556640625,-39486.90625,-8702.00390625,19807.2890625,-4358.4111328125
3764.108583039,14550.2705078125,21421.197265625,-41211.96875,-9839.1708984375,-39511.78125,-8805.7158203125,19750.806640625,-4371.15185546875
3764.108773763,14459.41015625,21356.98046875,-40959.7265625,-9842.166015625,-39539.9453125,-8759.849609375,19743.318359375,-4420.99609375
3764.108962663,14462.0029296875,21369.810546875,-40735.83203125,-9783.4033203125,-39508.69921875,-8643.28515625,19803.287109375,-4417.37548828125
3764.109151199,14522.978515625,21422.783203125,-40777.94140625,-9750.92578125,-39476.35546875,-8621.08984375,19824.052734375,-4394.17431640625
3764.109340099,14576.220703125,21462.837890625,-41006.7109375,-9763.5546875,-39463.43359375,-8684.904296875,19816.69921875,-4355.0810546875
3764.109529729,14554.47265625,21427.1875,-41194.578125,-9823.0771484375,-39494.234375,-8784.6826171875,19766.609375,-4362.703125
3764.109718629,14470.36328125,21364.333984375,-40941.01953125,-9823.4130859375,-39519.359375,-8730.501953125,19759.298828125,-4409.4404296875
3764.110141285,14460.9755859375,21364.06640625,-40730.66796875,-9777.4580078125,-39500.76171875,-8625.26953125,19811.177734375,-4416.458984375
3764.1105468,14509.9033203125,21407.0703125,-40799.9140625,-9763.9345703125,-39480.22265625,-8614.787109375,19837.552734375,-4381.76904296875
3764.110914025,14564.7099609375,21448.197265625,-41055.37109375,-9788.8125,-39477.671875,-8687.1171875,19829.908203125,-4354.34326171875
3764.111319176,14535.4287109375,21416.4140625,-41272.875,-9851.21875,-39511.6015625,-8800.552734375,19764.283203125,-4361.51806640625
3764.111602892,14451.9677734375,21350.251953125,-41041.625,-9858.5498046875,-39533.0390625,-8764.2529296875,19749.0859375,-4422.09130859375
3764.111879313,14452.861328125,21360.4453125,-40831.3828125,-9804.97265625,-39511.89453125,-8662.552734375,19800.6953125,-4424.28173828125
3764.112068214,14502.99609375,21408.27734375,-40888.984375,-9777.0556640625,-39484.421875,-8645.5205078125,19820.923828125,-4383.6015625
3764.112257843,14563.48046875,21446.1640625,-41114.1328125,-9789.1474609375,-39473.16015625,-8718.0078125,19804.65234375,-4347.2353515625
3764.112447108,14539.228515625,21412.546875,-41306.0703125,-9855.353515625,-39510.53125,-8826.3466796875,19747.251953125,-4379.57861328125
3764.112635279,14445.5751953125,21334.896484375,-41062.25390625,-9876.498046875,-39548.26171875,-8782.939453125,19726.912109375,-4450.8359375
3764.112854812,14449.1513671875,21353.806640625,-40823.71875,-9807.8115234375,-39520.43359375,-8670.2861328125,19782.947265625,-4437.3798828125
3764.113044077,14492.4912109375,21400.095703125,-40879.640625,-9780.5869140625,-39492.5390625,-8653.0751953125,19814.822265625,-4404.8583984375
3764.113234071,14542.2236328125,21430.00390625,-41124.57421875,-9800.5693359375,-39487.73046875,-8729.5859375,19791.8671875,-4365.31787109375
3764.113423336,14529.908203125,21408.45703125,-41329.6484375,-9864.607421875,-39520.6796875,-8838.8408203125,19734.310546875,-4376.60546875
3764.113612601,14433.728515625,21335.767578125,-41092.921875,-9878.4873046875,-39550.62890625,-8791.1865234375,19721.302734375,-4434.67529296875
3764.113893764,14433.7734375,21346.69921875,-40853.625,-9816.640625,-39520.96875,-8673.9970703125,19776.15234375,-4441.93994140625
3764.114362003,14488.53515625,21388.33984375,-40892.515625,-9787.359375,-39498.484375,-8661.79296875,19804.583984375,-4421.80078125
3764.11472777,14538.6923828125,21414.9609375,-41110.9140625,-9811.923828125,-39492.11328125,-8722.3212890625,19802.169921875,-4384.451171875
3764.115030083,14526.0859375,21390.798828125,-41287.00390625,-9870.6865234375,-39519.8046875,-8819.6181640625,19745.0625,-4381.8359375
3764.115220077,14436.947265625,21342.541015625,-41018.109375,-9854.146484375,-39538.515625,-8769.6171875,19729.19140625,-4436.4189453125
3764.115410801,14428.2294921875,21356.041015625,-40763.48046875,-9790.287109375,-39512.6328125,-8651.1533203125,19780.556640625,-4438.96728515625
3764.11560189,14474.744140625,21375.978515625,-40799.35546875,-9779.9384765625,-39498.52734375,-8637.2060546875,19807.556640625,-4409.90966796875
3764.115892898,14530.3330078125,21415.564453125,-41008.2109375,-9798.9599609375,-39491.0625,-8696.1923828125,19799.421875,-4384.00390625
3764.116255018,14512.0263671875,21397.83984375,-41179.4453125,-9855.755859375,-39524.0546875,-8793.376953125,19750.248046875,-4395.09033203125
3764.116516488,14410.572265625,21307.716796875,-40916.8125,-9881.125,-39569.26953125,-8748.2939453125,19735.0703125,-4449.830078125
3764.1167094,14429.19140625,21338.697265625,-40621.61328125,-9796.8818359375,-39521.03515625,-8596.81640625,19797.744140625,-4446.70068359375
3764.116900123,14475.6826171875,21385.322265625,-40623.6484375,-9757.8330078125,-39494.4609375,-8580.2314453125,19815.669921875,-4413.642578125
3764.117090847,14510.931640625,21414.53515625,-40804.2265625,-9778.3291015625,-39493.90234375,-8642.9951171875,19804.78515625,-4381.8359375
3764.117280112,14488.1103515625,21383.646484375,-40951.0546875,-9837.13671875,-39527.51953125,-8738.3701171875,19748.212890625,-4402.6455078125
3764.117470471,14409.0517578125,21317.841796875,-40671.859375,-9839.1484375,-39552.0390625,-8678.2216796875,19748.7265625,-4460.89404296875
3764.11766083,14411.578125,21334.494140625,-40417.02734375,-9761.6552734375,-39505.7265625,-8544.826171875,19812.09375,-4450.50048828125
3764.118036078,14469.1337890625,21372.134765625,-40488.8203125,-9748.2216796875,-39489.3203125,-8540.35546875,19826.244140625,-4415.5869140625
3764.118438676,14542.6708984375,21418.447265625,-40753.7109375,-9766.4609375,-39478.859375,-8614.09375,19818.509765625,-4378.4609375
3764.118792773,14538.177734375,21406.287109375,-41001.8828125,-9820.9765625,-39499.51171875,-8724.958984375,19772.8671875,-4388.0048828125
3764.118983497,14446.4462890625,21346.384765625,-40818.62109375,-9838.5673828125,-39528.8828125,-8694.404296875,19753.779296875,-4440.08447265625
3764.119174221,14440.478515625,21354.54296875,-40623.87109375,-9786.5322265625,-39504.2734375,-8602.5380859375,19805.880859375,-4429.28857421875
3764.11936458,14486.880859375,21399.806640625,-40712.13671875,-9767.3544921875,-39482.79296875,-8602.76171875,19827.583984375,-4384.18310546875
3764.119555668,14542.0673828125,21436.126953125,-40974.59375,-9788.65625,-39476.30859375,-8681.9091796875,19811.044921875,-4349.78369140625
3764.119805833,14534.244140625,21418.357421875,-41211.72265625,-9846.63671875,-39502.484375,-8796.841796875,19752.638671875,-4372.26953125
3764.120182905,14450.939453125,21357.44921875,-41001.234375,-9858.5498046875,-39523.94140625,-8754.5078125,19751.6328125,-4413.15087890625
3764.120577116,14456.2587890625,21367.59765625,-40773.0234375,-9797.9091796875,-39494.21484375,-8638.859375,19811.111328125,-4405.39453125
3764.120885264,14500.5380859375,21420.794921875,-40828.90234375,-9763.80078125,-39467.03515625,-8625.6943359375,19833.373046875,-4382.10400390625
3764.121089845,14553.466796875,21443.99609375,-41079.2890625,-9797.57421875,-39471.19140625,-8706.1162109375,19816.453125,-4365.8095703125
3764.121280204,14534.4453125,21400.208984375,-41310.58203125,-9877.2138671875,-39511.53515625,-8820.9814453125,19759.09765625,-4373.36474609375
3764.121470563,14458.3154296875,21358.611328125,-41073.56640625,-9857.9912109375,-39524.1640625,-8771.16015625,19752.99609375,-4414.0
3764.12167478,14461.4443359375,21371.017578125,-40827.7421875,-9790.7119140625,-39493.90234375,-8646.9736328125,19813.435546875,-4404.76904296875
3764.122005537,14499.666015625,21402.2421875,-40880.984375,-9773.724609375,-39478.7890625,-8637.853515625,19819.560546875,-4385.32275390625
3764.122223976,14542.044921875,21427.791015625,-41118.08984375,-9810.60546875,-39484.625,-8720.8017578125,19807.78125,-4352.48828125
3764.122413606,14540.32421875,21423.54296875,-41314.6953125,-9847.75390625,-39496.5625,-8815.169921875,19773.58203125,-4346.498046875
3764.122604694,14458.337890625,21372.15625,-41080.8984375,-9850.3017578125,-39523.65234375,-8770.623046875,19754.896484375,-4412.32373046875
3764.122824592,14437.4833984375,21364.310546875,-40842.26953125,-9812.3037109375,-39512.85546875,-8665.9501953125,19798.705078125,-4416.97314453125
3764.123015315,14488.2666015625,21393.546875,-40883.48828125,-9785.951171875,-39484.58203125,-8642.8603515625,19835.228515625,-4393.5927734375
3764.12320531,14546.984375,21434.16015625,-41108.34375,-9794.3330078125,-39475.28125,-8709.4912109375,19815.46875,-4371.80029296875
3764.123394939,14533.126953125,21417.3515625,-41320.28515625,-9847.84375,-39500.203125,-8820.1552734375,19755.1875,-4380.875
3764.123584934,14443.541015625,21353.44921875,-41097.4140625,-9862.3720703125,-39531.875,-8788.0576171875,19751.185546875,-4417.53173828125
3764.1238898,14445.708984375,21366.033203125,-40841.75390625,-9801.8876953125,-39503.55859375,-8662.552734375,19817.525390625,-4406.78076171875
3764.124231863,14494.0107421875,21400.41015625,-40882.76953125,-9780.9443359375,-39482.14453125,-8645.85546875,19832.994140625,-4375.35400390625
3764.124424045,14540.6142578125,21431.2109375,-41106.01953125,-9800.279296875,-39477.42578125,-8713.4248046875,19814.62109375,-4343.837890625
3764.124615498,14535.697265625,21417.642578125,-41315.61328125,-9855.4208984375,-39502.6171875,-8821.205078125,19756.685546875,-4358.97021484375
3764.124862017,14447.8095703125,21349.134765625,-41095.22265625,-9871.0888671875,-39535.36328125,-8786.7392578125,19742.87109375,-4419.31982421875
3764.12505347,14442.580078125,21354.41015625,-40836.99609375,-9810.44921875,-39509.76953125,-8664.2294921875,19805.43359375,-4411.09423828125
3764.125245287,14488.2216796875,21398.486328125,-40870.9921875,-9791.3603515625,-39492.046875,-8642.2353515625,19828.03125,-4386.77587890625
3764.125436011,14546.58203125,21430.5390625,-41085.25390625,-9808.2587890625,-39485.96484375,-8707.79296875,19818.64453125,-4344.5087890625
3764.125627829,14537.171875,21420.99609375,-41291.203125,-9847.306640625,-39495.80078125,-8805.044921875,19772.666015625,-4345.89453125
3764.125925401,14449.330078125,21350.69921875,-41072.046875,-9860.78515625,-39524.72265625,-8763.6943359375,19764.708984375,-4392.98974609375
#3792.943056399,13891.408203125,20722.794921875,-41710.03125,-10297.4931640625,-39463.81640625,-9279.1474609375,19216.263671875,-4650.1240234375
3792.943260251,13909.333984375,20726.056640625,-41979.2578125,-10351.80859375,-39486.90625,-9390.236328125,19171.5390625,-4636.9140625
3792.943463009,13834.076171875,20665.619140625,-41912.47265625,-10388.4423828125,-39519.5390625,-9410.330078125,19142.32421875,-4673.0791015625
3792.943665038,13797.1953125,20647.490234375,-41609.2265625,-10328.830078125,-39495.6875,-9285.6748046875,19194.046875,-4679.18115234375
3792.943867431,13838.2109375,20681.01953125,-41569.41796875,-10295.8173828125,-39473.4921875,-9238.6689453125,19226.61328125,-4666.99951171875
3792.944108479,13883.6962890625,20713.384765625,-41724.89453125,-10302.5224609375,-39467.83984375,-9284.0654296875,19212.46484375,-4655.62255859375
3792.94431379,13896.8623046875,20723.7109375,-41990.96875,-10353.3056640625,-39486.81640625,-9393.052734375,19165.591796875,-4647.84423828125
3792.944516183,13822.3408203125,20656.341796875,-41927.78125,-10396.7802734375,-39528.859375,-9423.80859375,19119.75,-4702.248046875
3792.944716753,13782.15234375,20623.216796875,-41629.07421875,-10353.08203125,-39522.30859375,-9319.8056640625,19155.736328125,-4727.05859375
3793.396939741,13822.5419921875,20660.8125,-41583.56640625,-10314.234375,-39494.4609375,-9265.3349609375,19197.7578125,-4698.716796875
3793.397169485,13875.4931640625,20694.697265625,-41738.70703125,-10325.1650390625,-39488.73828125,-9305.478515625,19198.31640625,-4672.22998046875
3793.397383183,13900.7509765625,20703.884765625,-42004.40234375,-10375.5908203125,-39505.79296875,-9412.69921875,19156.09375,-4669.32421875
3793.397575001,13828.5546875,20637.09765625,-41937.796875,-10412.626953125,-39543.1875,-9440.6396484375,19111.30078125,-4714.6982421875
3793.397767183,13793.2392578125,20619.439453125,-41630.16796875,-10366.4931640625,-39531.51953125,-9327.62890625,19158.619140625,-4711.99365234375
3793.397957907,13834.4111328125,20660.857421875,-41584.21484375,-10323.130859375,-39501.9921875,-9275.080078125,19193.755859375,-4687.541015625
3793.398189474,13888.994140625,20701.537109375,-41733.96875,-10320.716796875,-39485.9453125,-9309.322265625,19191.677734375,-4651.755859375
3793.398652972,13907.3896484375,20711.9765625,-41993.62890625,-10361.978515625,-39493.90234375,-9407.4248046875,19149.07421875,-4646.63720703125
3793.39902348,13824.4873046875,20638.998046875,-41937.7734375,-10415.6220703125,-39541.109375,-9438.716796875,19108.662109375,-4690.62548828125
3793.399421337,13787.181640625,20617.427734375,-41636.91796875,-10371.9921875,-39528.32421875,-9322.3759765625,19168.095703125,-4703.1201171875
3793.399610967,13829.76171875,20668.79296875,-41581.48828125,-10309.0712890625,-39484.3359375,-9255.208984375,19224.490234375,-4680.16455078125
3793.399804243,13886.53515625,20711.037109375,-41729.56640625,-10308.5126953125,-39462.54296875,-9280.9365234375,19226.3671875,-4636.9140625
3793.399993873,13909.0654296875,20718.994140625,-41991.44140625,-10352.8583984375,-39477.0234375,-9385.318359375,19181.619140625,-4634.947265625
3793.400321349,13837.96484375,20658.755859375,-41927.89453125,-10383.033203125,-39513.97265625,-9416.365234375,19138.32421875,-4697.21923828125
3793.400764791,13798.15625,20631.5546875,-41635.0625,-10349.662109375,-39513.52734375,-9312.7421875,19171.068359375,-4718.251953125
3793.401141497,13832.466796875,20665.373046875,-41588.86328125,-10314.1904296875,-39487.84375,-9257.9580078125,19211.4140625,-4693.84375
3793.401332585,13884.478515625,20720.08984375,-41729.41015625,-10300.3095703125,-39467.37109375,-9285.16015625,19217.44921875,-4657.0751953125
3793.401522215,13908.1494140625,20730.1484375,-41988.82421875,-10347.650390625,-39479.75390625,-9384.71484375,19181.26171875,-4634.09765625
3793.401711845,13828.5546875,20662.35546875,-41932.02734375,-10392.599609375,-39519.42578125,-9413.34765625,19140.603515625,-4674.80029296875
3793.401900016,13783.29296875,20635.64453125,-41630.234375,-10345.68359375,-39510.26171875,-9304.025390625,19185.396484375,-4692.77099609375
3793.402088916,13822.05078125,20669.798828125,-41585.109375,-10313.9892578125,-39488.0234375,-9254.6953125,19220.48828125,-4678.15283203125
3793.402412745,13867.447265625,20714.43359375,-41733.5234375,-10311.2392578125,-39475.90625,-9288.177734375,19215.056640625,-4656.494140625
3793.402798569,13900.28125,20738.1953125,-41981.875,-10341.8388671875,-39471.68359375,-9373.3603515625,19190.6484375,-4628.59912109375
3793.403174181,13829.76171875,20667.607421875,-41931.08984375,-10400.177734375,-39522.4453125,-9417.2373046875,19147.80078125,-4670.19580078125
3793.40353776,13789.55078125,20641.90234375,-41634.03515625,-10362.58203125,-39523.40625,-9314.888671875,19185.373046875,-4707.5234375
3793.403733224,13834.6796875,20667.607421875,-41580.19140625,-10312.1787109375,-39486.3671875,-9261.8701171875,19212.732421875,-4686.892578125
3793.403929418,13884.7021484375,20708.9140625,-41723.98046875,-10308.1552734375,-39468.0390625,-9295.53125,19210.787109375,-4649.00634765625
3793.404142751,13901.8017578125,20717.02734375,-41985.8515625,-10350.7578125,-39481.13671875,-9398.9755859375,19163.537109375,-4640.8701171875
3793.404383435,13826.9677734375,20645.14453125,-41934.48828125,-10399.4619140625,-39527.5390625,-9437.5546875,19114.720703125,-4698.38134765625
3793.404579264,13779.984375,20617.5390625,-41635.84765625,-10360.279296875,-39518.28515625,-9324.052734375,19157.904296875,-4724.13037109375
3793.404773635,13817.6923828125,20661.013671875,-41580.66015625,-10312.111328125,-39485.51953125,-9260.8193359375,19209.78125,-4687.16064453125
3793.404968734,13883.451171875,20701.044921875,-41723.5078125,-10308.736328125,-39471.1015625,-9288.916015625,19215.83984375,-4647.41943359375
3793.405215982,13901.578125,20702.365234375,-41991.23828125,-10362.6484375,-39490.99609375,-9397.03125,19171.716796875,-4635.03662109375
3793.405415093,13822.0283203125,20639.466796875,-41937.1484375,-10401.9208984375,-39527.62890625,-9430.8271484375,19133.33984375,-4679.40478515625
3793.405610193,13780.9013671875,20617.115234375,-41635.46484375,-10359.8544921875,-39518.21875,-9313.994140625,19175.203125,-4709.3115234375
3793.405805293,13814.8759765625,20650.462890625,-41590.203125,-10330.8642578125,-39497.27734375,-9260.23828125,19216.533203125,-4672.744140625
3793.406000028,13862.41796875,20693.69140625,-41738.6875,-10326.0361328125,-39480.69140625,-9294.9951171875,19216.130859375,-4637.38330078125
3793.406297601,13892.6376953125,20713.49609375,-41993.5625,-10350.82421875,-39484.71484375,-9397.142578125,19175.94140625,-4637.04833984375
3793.406594444,13819.3232421875,20637.857421875,-41947.20703125,-10408.291015625,-39529.84375,-9427.4072265625,19142.615234375,-4682.77978515625
3793.406788814,13776.9228515625,20619.26171875,-41644.71875,-10361.53125,-39518.21875,-9314.9326171875,19189.77734375,-4707.8359375
3793.406983185,13817.580078125,20667.943359375,-41584.83984375,-10304.869140625,-39480.15625,-9254.3154296875,19232.73828125,-4688.41259765625
3793.407207458,13866.5302734375,20702.9453125,-41731.3984375,-10309.8310546875,-39474.27734375,-9294.2802734375,19219.728515625,-4649.498046875
3793.407403287,13895.0068359375,20709.181640625,-41994.6796875,-10364.146484375,-39493.54296875,-9403.53515625,19171.740234375,-4639.19384765625
3793.407610057,13823.123046875,20650.955078125,-41940.90234375,-10401.607421875,-39528.63671875,-9433.576171875,19137.384765625,-4678.15283203125
3793.407799686,13783.158203125,20632.001953125,-41635.30859375,-10353.9541015625,-39515.89453125,-9319.5595703125,19175.8515625,-4701.734375
3793.407989316,13823.3916015625,20669.75390625,-41577.953125,-10312.4462890625,-39483.93359375,-9257.5556640625,19220.935546875,-4670.4638671875
3793.408339766,13872.6328125,20716.8046875,-41717.765625,-10303.193359375,-39464.62109375,-9282.2548828125,19224.712890625,-4645.4970703125
3793.408729236,13901.8017578125,20728.626953125,-41977.203125,-10346.0859375,-39478.1640625,-9383.240234375,19187.876953125,-4636.35546875
3793.409005658,13831.9970703125,20666.4453125,-41921.43359375,-10382.1396484375,-39508.51953125,-9408.876953125,19148.6953125,-4675.9404296875
3793.409232849,13783.60546875,20640.740234375,-41619.08203125,-10338.3525390625,-39498.9296875,-9301.455078125,19179.2265625,-4709.53466796875
3793.409422479,13820.552734375,20674.55859375,-41564.25390625,-10299.1474609375,-39474.23046875,-9250.6943359375,19222.34375,-4676.9013671875
3793.409611744,13860.4736328125,20701.134765625,-41714.6796875,-10310.501953125,-39464.5546875,-9282.2099609375,19224.578125,-4638.9033203125
3793.409800644,13893.6875,20726.056640625,-41968.953125,-10342.30859375,-39468.1953125,-9378.2109375,19186.08984375,-4623.3466796875
3793.409989544,13828.1298828125,20670.69140625,-41918.37109375,-10376.23828125,-39503.109375,-9411.4921875,19143.53125,-4681.21533203125
3793.410314467,13793.5078125,20638.28125,-41615.7734375,-10341.548828125,-39500.49609375,-9303.376953125,19186.0,-4700.03564453125
3793.410642308,13821.6484375,20660.43359375,-41565.66015625,-10309.853515625,-39479.19140625,-9249.0625,19225.986328125,-4673.63818359375
3793.410831208,13865.703125,20694.876953125,-41712.421875,-10311.865234375,-39468.53125,-9282.232421875,19222.96875,-4646.36865234375
3793.411019744,13898.5380859375,20717.09375,-41972.10546875,-10347.4716796875,-39472.82421875,-9381.3173828125,19188.50390625,-4625.89453125
3793.411265169,13831.013671875,20661.193359375,-41928.98828125,-10389.359375,-39509.0546875,-9415.5380859375,19144.24609375,-4677.3486328125
3793.411454798,13783.3369140625,20629.453125,-41630.48046875,-10353.685546875,-39506.86328125,-9308.763671875,19180.388671875,-4706.40576171875
3793.411644063,13815.4345703125,20655.560546875,-41578.42578125,-10320.7392578125,-39486.4140625,-9253.7119140625,19220.041015625,-4685.283203125
3793.411832963,13859.712890625,20691.2109375,-41724.4921875,-10322.7734375,-39477.515625,-9288.6923828125,19218.833984375,-4654.1025390625
3793.412022228,13893.1513671875,20720.3125,-41978.1640625,-10346.376953125,-39477.78515625,-9381.9658203125,19184.703125,-4632.1533203125
3793.412405135,13821.9384765625,20657.728515625,-41937.4375,-10392.7568359375,-39517.79296875,-9417.416015625,19139.396484375,-4682.42236328125
3793.412746468,13775.849609375,20632.404296875,-41634.97265625,-10354.6689453125,-39513.5703125,-9314.4638671875,19177.416015625,-4711.59130859375
3793.412941203,13820.6650390625,20667.25,-41573.26171875,-10311.4404296875,-39484.421875,-9254.29296875,19222.544921875,-4680.76806640625
3793.413165841,13864.630859375,20701.849609375,-41720.58203125,-10317.6318359375,-39476.46484375,-9291.240234375,19215.548828125,-4653.45458984375
3793.413360212,13889.7763671875,20711.171875,-41983.55078125,-10362.2685546875,-39488.1328125,-9395.33203125,19172.90234375,-4641.3173828125
3793.413554582,13828.689453125,20664.052734375,-41929.59375,-10386.900390625,-39514.3515625,-9425.1044921875,19135.552734375,-4690.6923828125
3793.413749682,13783.7177734375,20647.55859375,-41626.68359375,-10350.109375,-39514.12890625,-9317.7939453125,19176.25390625,-4714.00537109375
3793.413943323,13818.5859375,20678.404296875,-41563.5625,-10301.181640625,-39479.05859375,-9251.8115234375,19221.673828125,-4681.03662109375
3793.414268611,13881.7744140625,20715.9765625,-41699.16796875,-10295.8388671875,-39459.41015625,-9277.494140625,19225.78515625,-4646.45849609375
3793.414581135,13903.6572265625,20720.513671875,-41967.2109375,-10349.4609375,-39479.328125,-9384.3125,19184.45703125,-4633.5166015625
3793.414796656,13824.8447265625,20659.203125,-41926.0390625,-10389.8056640625,-39514.80078125,-9419.0693359375,19147.419921875,-4673.61572265625
3793.414992485,13789.2158203125,20643.736328125,-41614.07421875,-10338.8662109375,-39500.94140625,-9306.0146484375,19188.078125,-4702.62841796875
3793.415217853,13826.8115234375,20679.4765625,-41552.7421875,-10291.1455078125,-39471.52734375,-9251.5439453125,19223.974609375,-4682.1318359375
3793.415412223,13873.4150390625,20711.595703125,-41701.15625,-10301.0693359375,-39463.8828125,-9283.55078125,19229.1171875,-4648.4697265625
3793.415607688,13899.07421875,20715.640625,-41971.75,-10354.646484375,-39480.37890625,-9384.4248046875,19189.77734375,-4638.25537109375
3793.415803152,13815.412109375,20649.345703125,-41942.9375,-10408.6708984375,-39530.22265625,-9432.01171875,19137.09375,-4693.1064453125
3793.415997887,13772.2958984375,20631.80078125,-41636.1796875,-10358.2900390625,-39513.32421875,-9319.828125,19177.86328125,-4705.02001953125
3793.416346514,13814.517578125,20672.859375,-41571.31640625,-10302.298828125,-39474.58984375,-9258.025390625,19219.52734375,-4676.87890625
3793.416586833,13866.2626953125,20712.736328125,-41712.6484375,-10299.482421875,-39461.58203125,-9287.7529296875,19220.869140625,-4645.7431640625
3793.416782298,13889.1728515625,20717.318359375,-41981.0703125,-10350.01953125,-39475.05859375,-9387.732421875,19180.546875,-4627.1240234375
3793.416977033,13816.529296875,20652.341796875,-41950.3359375,-10398.568359375,-39516.7890625,-9427.18359375,19135.75390625,-4676.00732421875
3793.417201671,13767.9814453125,20615.86328125,-41654.9140625,-10370.001953125,-39523.71875,-9329.1044921875,19167.58203125,-4705.5341796875
3793.417397865,13800.3916015625,20645.92578125,-41598.65234375,-10337.0556640625,-39503.22265625,-9275.951171875,19204.306640625,-4690.267578125
3793.417592235,13851.8896484375,20687.90234375,-41733.703125,-10327.8466796875,-39485.51953125,-9304.8974609375,19204.23828125,-4662.41748046875
3793.41778697,13889.7763671875,20717.005859375,-41986.3203125,-10354.3564453125,-39486.2578125,-9399.84765625,19164.228515625,-4650.1015625
3793.417980976,13816.10546875,20645.478515625,-41956.8828125,-10411.5546875,-39534.0234375,-9443.7236328125,19115.97265625,-4701.0634765625
3793.418311369,13768.5185546875,20614.857421875,-41653.390625,-10375.9482421875,-39531.54296875,-9334.177734375,19159.826171875,-4722.677734375
3793.418578674,13817.1328125,20664.65625,-41576.79296875,-10312.55859375,-39486.859375,-9260.595703125,19219.080078125,-4684.5458984375
3793.418773045,13875.4931640625,20708.578125,-41711.05859375,-10306.0537109375,-39467.078125,-9281.986328125,19230.345703125,-4649.02880859375
3793.418967415,13897.666015625,20726.37109375,-41975.5703125,-10352.9033203125,-39479.3046875,-9382.501953125,19204.439453125,-4649.4755859375
3793.419190594,13822.7431640625,20657.728515625,-41944.2109375,-10405.0048828125,-39522.33203125,-9427.4736328125,19151.17578125,-4694.693359375
3793.419384236,13770.10546875,20624.982421875,-41638.9296875,-10364.794921875,-39523.984375,-9332.0771484375,19175.517578125,-4707.74658203125
3793.419577877,13817.2451171875,20677.62109375,-41560.7890625,-10302.9921875,-39490.03515625,-9265.37890625,19224.69140625,-4678.35400390625
3793.419771882,13874.8681640625,20722.392578125,-41701.0234375,-10310.658203125,-39481.80859375,-9292.044921875,19223.662109375,-4652.873046875
3793.419966253,13893.1513671875,20729.052734375,-41968.328125,-10354.3115234375,-39490.4375,-9401.3896484375,19175.8515625,-4630.85693359375
3793.420266013,13815.9931640625,20674.8046875,-41931.24609375,-10379.3232421875,-39514.5078125,-9432.5029296875,19137.18359375,-4665.97119140625
3793.420533683,13774.28515625,20657.68359375,-41618.078125,-10335.357421875,-39502.125,-9314.486328125,19184.525390625,-4687.5185546875
3793.420727689,13814.6298828125,20687.076171875,-41555.04296875,-10301.6728515625,-39480.0859375,-9256.505859375,19229.83203125,-4669.3017578125
3793.420922424,13855.48828125,20701.3359375,-41712.24609375,-10325.9921875,-39483.375,-9294.3466796875,19222.03125,-4652.22509765625
3793.421163472,13884.12109375,20720.8046875,-41973.46875,-10356.2783203125,-39479.83984375,-9387.017578125,19182.1328125,-4637.115234375
3793.421372065,13816.2841796875,20664.322265625,-41940.72265625,-10386.7890625,-39508.921875,-9422.19921875,19142.5703125,-4671.9169921875
3793.421567529,13771.71484375,20630.615234375,-41640.98828125,-10349.8408203125,-39505.58984375,-9313.5693359375,19176.41015625,-4705.869140625
3793.421761535,13805.0185546875,20659.359375,-41581.48828125,-10314.5927734375,-39483.4609375,-9259.8134765625,19224.869140625,-4681.97509765625
3793.421955176,13848.828125,20695.212890625,-41721.8984375,-10318.392578125,-39473.47265625,-9291.552734375,19228.736328125,-4650.9287109375
3793.42225129,13883.2275390625,20711.640625,-41982.43359375,-10356.591796875,-39480.48828125,-9387.8671875,19192.794921875,-4627.79443359375
3793.422519324,13819.7705078125,20647.24609375,-41953.015625,-10400.8701171875,-39517.83984375,-9424.724609375,19150.4375,-4666.59716796875
3793.422713695,13772.5634765625,20617.181640625,-41647.78125,-10365.263671875,-39516.36328125,-9319.58203125,19184.435546875,-4693.75439453125
3793.422907701,13814.40625,20658.755859375,-41574.4453125,-10319.9345703125,-39483.44140625,-9249.7548828125,19240.29296875,-4655.1083984375
3793.423149843,13863.580078125,20711.640625,-41707.7734375,-10308.2001953125,-39466.96875,-9277.9404296875,19239.64453125,-4632.890625
3793.423387974,13891.318359375,20736.5859375,-41970.78515625,-10353.841796875,-39479.86328125,-9381.787109375,19195.275390625,-4628.46533203125
3793.423583439,13832.5107421875,20679.095703125,-41942.421875,-10392.3095703125,-39517.52734375,-9424.3896484375,19150.080078125,-4675.671875
3793.423777809,13791.71875,20650.6640625,-41630.68359375,-10343.470703125,-39508.85546875,-9315.9169921875,19187.83203125,-4698.38134765625
3793.423972544,13825.58203125,20685.01953125,-41559.8046875,-10297.76171875,-39479.26171875,-9255.6337890625,19229.4296875,-4668.25146484375
3793.424196818,13867.6484375,20717.5859375,-41699.28125,-10300.443359375,-39467.390625,-9285.294921875,19227.193359375,-4641.697265625
3793.424391917,13895.3642578125,20737.14453125,-41962.40625,-10344.3427734375,-39471.55078125,-9378.322265625,19192.638671875,-4617.22216796875
3793.424586288,13816.328125,20664.43359375,-41947.20703125,-10400.69140625,-39516.0078125,-9421.4619140625,19143.375,-4663.9375
3793.424781023,13765.5009765625,20626.390625,-41641.79296875,-10362.2021484375,-39513.83984375,-9317.50390625,19179.96484375,-4709.9150390625
3793.876512068,13805.4658203125,20663.205078125,-41569.52734375,-10317.6767578125,-39488.91796875,-9258.7412109375,19229.072265625,-4686.9375
3793.876727225,13858.7294921875,20695.4140625,-41709.40625,-10326.349609375,-39484.06640625,-9292.7822265625,19224.7578125,-4652.9404296875
3793.87692743,13889.798828125,20710.1875,-41968.7734375,-10358.40234375,-39484.9375,-9387.419921875,19185.708984375,-4627.83935546875
3793.877108672,13826.0517578125,20652.185546875,-41941.73046875,-10398.166015625,-39513.34765625,-9422.154296875,19148.583984375,-4665.0771484375
3793.877289914,13772.4970703125,20623.57421875,-41637.30078125,-10357.1728515625,-39509.43359375,-9317.615234375,19188.8828125,-4697.35302734375
3793.877470427,13800.81640625,20654.93359375,-41570.9140625,-10315.1962890625,-39482.30078125,-9254.13671875,19233.876953125,-4674.2861328125
3793.87765094,13851.5771484375,20694.09375,-41710.94921875,-10320.0908203125,-39473.60546875,-9288.8486328125,19232.24609375,-4650.548828125
3793.877974405,13880.6123046875,20711.685546875,-41972.9765625,-10353.0595703125,-39476.30859375,-9385.6318359375,19193.263671875,-4628.755859375
3793.878398519,13817.1552734375,20648.408203125,-41954.89453125,-10402.904296875,-39518.46484375,-9429.6865234375,19148.91796875,-4664.33984375
3793.878826644,13769.4794921875,20611.21484375,-41654.578125,-10373.4892578125,-39520.54296875,-9327.8076171875,19179.541015625,-4701.15283203125
3793.879175636,13803.54296875,20645.591796875,-41583.8125,-10329.7919921875,-39492.76171875,-9266.51953125,19219.951171875,-4679.98583984375
3793.879364901,13859.9814453125,20693.357421875,-41712.9609375,-10318.1689453125,-39473.984375,-9290.4130859375,19222.90234375,-4650.21337890625
3793.87955453,13895.431640625,20720.6484375,-41968.3515625,-10345.5498046875,-39473.42578125,-9380.333984375,19189.0625,-4634.43310546875
3793.879767864,13824.8896484375,20675.990234375,-41944.25390625,-10385.0673828125,-39508.16015625,-9418.1083984375,19154.751953125,-4678.4658203125
3793.880182861,13772.33984375,20642.8203125,-41643.6015625,-10360.3466796875,-39514.0859375,-9320.4990234375,19187.98828125,-4717.9169921875
3793.880500491,13814.25,20679.9453125,-41565.28125,-10309.65234375,-39482.48046875,-9258.830078125,19227.439453125,-4685.99853515625
3793.880689391,13870.9111328125,20718.771484375,-41691.63671875,-10299.728515625,-39466.2734375,-9285.7197265625,19231.59765625,-4646.79345703125
3793.88090783,13901.48828125,20728.0234375,-41955.765625,-10344.611328125,-39477.0703125,-9383.28515625,19198.025390625,-4628.39794921875
3793.881096365,13824.7998046875,20665.796875,-41943.98828125,-10396.3330078125,-39517.37109375,-9427.18359375,19154.953125,-4671.85009765625
3793.881285266,13764.62890625,20628.626953125,-41641.546875,-10363.20703125,-39516.67578125,-9320.1630859375,19191.85546875,-4688.94873046875
3793.881473801,13800.615234375,20665.8203125,-41558.62109375,-10310.0322265625,-39478.703125,-9245.1513671875,19251.19921875,-4657.4775390625
3793.881663066,13859.958984375,20722.7265625,-41679.609375,-10293.6708984375,-39452.03515625,-9258.986328125,19253.859375,-4628.46533203125
3793.882017528,13904.2822265625,20742.375,-41937.9765625,-10325.857421875,-39456.6171875,-9360.84375,19208.5078125,-4618.3623046875
3793.882416844,13833.181640625,20668.79296875,-41934.578125,-10386.654296875,-39507.55859375,-9419.2705078125,19151.466796875,-4669.48046875
3793.882794645,13786.935546875,20637.07421875,-41627.6875,-10348.90234375,-39504.94140625,-9312.384765625,19186.37890625,-4692.0556640625
3793.88300032,13824.0400390625,20682.337890625,-41550.21484375,-10302.2099609375,-39475.125,-9247.20703125,19232.3125,-4660.98681640625
3793.88318995,13867.3798828125,20725.275390625,-41686.80859375,-10305.607421875,-39464.26171875,-9276.2197265625,19234.458984375,-4629.47119140625
3793.883381038,13899.9462890625,20740.630859375,-41946.6015625,-10336.072265625,-39465.06640625,-9369.4267578125,19200.662109375,-4615.79150390625
3793.883571762,13828.8681640625,20674.693359375,-41934.82421875,-10386.38671875,-39506.6875,-9418.287109375,19161.234375,-4656.20361328125
3793.883821562,13779.783203125,20641.90234375,-41629.41015625,-10353.775390625,-39503.82421875,-9307.556640625,19206.876953125,-4678.42138671875
3793.884169095,13806.8515625,20669.037109375,-41557.5703125,-10311.9775390625,-39478.7890625,-9245.6650390625,19244.875,-4664.42919921875
3793.884483443,13851.8896484375,20712.2890625,-41687.0078125,-10298.0517578125,-39458.29296875,-9274.1630859375,19238.705078125,-4643.5078125
3793.884673072,13890.6259765625,20730.818359375,-41944.546875,-10330.5517578125,-39460.1484375,-9365.9169921875,19207.591796875,-4628.26416015625
3793.88499362,13827.1689453125,20664.76953125,-41940.94921875,-10391.125,-39510.10546875,-9417.37109375,19156.986328125,-4667.35693359375
3793.885183249,13774.8662109375,20630.5703125,-41640.359375,-10361.173828125,-39513.99609375,-9319.6044921875,19186.021484375,-4692.56982421875
3793.885373244,13805.287109375,20669.841796875,-41564.34375,-10313.0947265625,-39479.55078125,-9254.404296875,19227.015625,-4671.134765625
3793.885562873,13860.5625,20709.29296875,-41693.87109375,-10309.0712890625,-39464.5078125,-9279.7958984375,19232.939453125,-4650.2802734375
3793.885753597,13894.4921875,20732.361328125,-41955.98828125,-10345.2138671875,-39467.7265625,-9376.0654296875,19202.138671875,-4626.9677734375
3793.885943956,13826.029296875,20664.388671875,-41950.22265625,-10393.986328125,-39509.43359375,-9430.3798828125,19144.0234375,-4673.16845703125
3793.88613395,13773.7705078125,20628.06640625,-41646.0625,-10360.837890625,-39511.91796875,-9328.2099609375,19172.07421875,-4696.34716796875
3793.886323945,13799.810546875,20655.73828125,-41575.0703125,-10325.25390625,-39492.0,-9268.84375,19212.083984375,-4671.3134765625
3793.88651321,13851.0185546875,20687.388671875,-41709.47265625,-10331.490234375,-39485.140625,-9302.505859375,19217.740234375,-4650.66064453125
3793.886717426,13886.7587890625,20701.359375,-41972.7109375,-10369.6669921875,-39496.31640625,-9401.1435546875,19178.2890625,-4643.26220703125
3793.887101791,13815.92578125,20639.623046875,-41968.4609375,-10419.6455078125,-39535.98828125,-9449.625,19129.203125,-4681.86328125
3793.887502931,13770.6416015625,20615.193359375,-41653.234375,-10371.1875,-39521.97265625,-9334.1328125,19177.013671875,-4702.896484375
3793.887881461,13807.4775390625,20656.9453125,-41565.953125,-10313.1845703125,-39485.71875,-9256.662109375,19238.99609375,-4665.94921875
3793.888170281,13855.7568359375,20688.953125,-41699.1015625,-10316.3134765625,-39475.50390625,-9284.4677734375,19242.86328125,-4636.109375
3793.888359911,13893.21875,20714.5234375,-41955.67578125,-10349.818359375,-39476.51171875,-9379.4853515625,19198.44921875,-4630.365234375
3793.888548811,13829.8740234375,20657.326171875,-41943.94140625,-10394.09765625,-39507.73828125,-9420.6787109375,19155.064453125,-4670.3076171875
3793.888820127,13771.177734375,20615.4609375,-41641.94921875,-10366.716796875,-39509.43359375,-9318.0849609375,19185.955078125,-4683.83056640625
3793.889163649,13797.5302734375,20652.36328125,-41564.8359375,-10314.8603515625,-39480.6015625,-9256.259765625,19227.39453125,-4662.7080078125
3793.889352914,13849.9228515625,20701.849609375,-41695.48046875,-10306.43359375,-39466.609375,-9281.31640625,19229.96484375,-4638.3447265625
3793.889541814,13879.875,20710.970703125,-41965.53515625,-10354.3564453125,-39477.359375,-9374.8583984375,19190.91796875,-4626.7666015625
3793.889787239,13806.806640625,20643.84765625,-41973.37890625,-10418.1708984375,-39528.9921875,-9440.7509765625,19135.73046875,-4672.96728515625
3793.889976139,13754.7275390625,20619.662109375,-41667.8984375,-10380.7978515625,-39526.84765625,-9338.08984375,19174.35546875,-4694.5146484375
3793.890165039,13794.177734375,20654.755859375,-41582.46875,-10326.7744140625,-39490.75,-9267.79296875,19219.68359375,-4680.81298828125
3793.89035394,13845.2294921875,20688.841796875,-41712.46875,-10323.3994140625,-39475.66015625,-9293.564453125,19216.443359375,-4660.31640625
3793.890543205,13883.1826171875,20707.998046875,-41977.3125,-10361.978515625,-39484.6015625,-9390.6826171875,19180.9921875,-4642.14453125
3793.890802487,13821.6484375,20649.390625,-41978.90234375,-10411.509765625,-39524.96875,-9442.2490234375,19131.73046875,-4688.74755859375
3793.89122186,13770.8427734375,20618.9921875,-41671.33984375,-10370.8515625,-39521.6171875,-9339.5419921875,19171.203125,-4710.83154296875
3793.891604401,13800.66015625,20653.99609375,-41593.37890625,-10333.0322265625,-39501.07421875,-9278.1865234375,19209.826171875,-4684.0537109375
3793.891819193,13846.6376953125,20694.048828125,-41722.59375,-10339.1123046875,-39493.140625,-9305.6796875,19213.314453125,-4653.0966796875
3793.892014293,13879.94140625,20707.28125,-41978.0078125,-10371.8125,-39492.625,-9397.8359375,19181.552734375,-4639.1044921875
3793.892209393,13815.2783203125,20647.201171875,-41975.16796875,-10419.376953125,-39532.90625,-9450.0048828125,19135.193359375,-4683.2939453125
3793.892404128,13758.34765625,20623.216796875,-41662.82421875,-10373.466796875,-39521.23828125,-9340.7265625,19167.24609375,-4712.8876953125
3793.892599957,13790.0654296875,20661.416015625,-41573.26171875,-10313.2958984375,-39483.10546875,-9267.345703125,19207.2109375,-4695.60986328125
3793.892970829,13846.32421875,20693.9375,-41701.29296875,-10313.20703125,-39474.43359375,-9295.5537109375,19207.7265625,-4656.65087890625
3793.893297211,13880.791015625,20707.505859375,-41968.44140625,-10357.8203125,-39486.43359375,-9398.6181640625,19176.65625,-4627.1240234375
3793.893498145,13814.25,20651.291015625,-41972.28515625,-10412.0234375,-39527.25,-9451.859375,19126.5,-4682.9365234375
3793.893700539,13762.6845703125,20611.392578125,-41667.18359375,-10382.6533203125,-39524.96875,-9344.59375,19158.10546875,-4721.11328125
3793.893909131,13791.0712890625,20638.439453125,-41582.3359375,-10338.375,-39498.55078125,-9276.935546875,19199.857421875,-4705.0419921875
3793.894103502,13840.8486328125,20688.841796875,-41694.40625,-10313.4970703125,-39472.46484375,-9295.9560546875,19205.53515625,-4672.900390625
3793.894298966,13873.1240234375,20710.25390625,-41953.41796875,-10347.248046875,-39475.171875,-9392.1357421875,19172.185546875,-4653.05224609375
3793.894493336,13818.98828125,20652.029296875,-41955.09765625,-10398.5009765625,-39510.375,-9439.119140625,19122.4765625,-4685.61865234375
3793.894704846,13769.099609375,20620.22265625,-41647.4453125,-10361.4638671875,-39506.84375,-9333.4853515625,19156.451171875,-4705.35498046875
3793.895111821,13804.5263671875,20655.001953125,-41563.11328125,-10312.8486328125,-39477.2265625,-9262.3837890625,19208.59765625,-4683.3388671875
3793.895361257,13847.330078125,20679.275390625,-41703.28125,-10329.61328125,-39476.5546875,-9293.2744140625,19212.509765625,-4664.45166015625
3793.895561827,13878.82421875,20695.234375,-41972.59765625,-10373.5341796875,-39485.05078125,-9389.23046875,19182.06640625,-4637.60693359375
3793.89576349,13815.0322265625,20657.146484375,-41971.3671875,-10401.0263671875,-39513.34765625,-9434.8056640625,19136.892578125,-4670.84423828125
3793.895962602,13764.673828125,20626.97265625,-41662.5546875,-10360.525390625,-39507.17578125,-9325.2822265625,19169.4140625,-4707.21044921875
3793.896162807,13796.234375,20664.478515625,-41583.38671875,-10329.814453125,-39489.80859375,-9268.12890625,19213.42578125,-4688.59130859375
3793.896362647,13845.921875,20703.52734375,-41710.43359375,-10321.9013671875,-39476.265625,-9295.0625,19220.3984375,-4659.4892578125
3793.896563217,13880.232421875,20708.2421875,-41975.94921875,-10362.3583984375,-39486.14453125,-9391.6220703125,19184.345703125,-4644.80419921875
3793.896871365,13813.490234375,20641.791015625,-41991.41796875,-10425.0546875,-39532.32421875,-9447.9033203125,19133.115234375,-4683.15966796875
3793.897072664,13757.4091796875,20617.78515625,-41679.74609375,-10380.5078125,-39531.05078125,-9353.310546875,19156.80859375,-4720.82275390625
3793.897273234,13787.919921875,20648.2734375,-41588.97265625,-10332.3623046875,-39504.31640625,-9286.3896484375,19202.361328125,-4708.7080078125
3793.897473439,13841.1162109375,20677.173828125,-41716.625,-10338.9111328125,-39493.67578125,-9309.859375,19206.228515625,-4679.7177734375
3793.897675468,13873.705078125,20696.6875,-41975.390625,-10367.72265625,-39489.07421875,-9400.8310546875,19169.146484375,-4649.63232421875
3793.897875309,13823.3466796875,20648.51953125,-41975.63671875,-10408.6259765625,-39522.19921875,-9447.4560546875,19119.66015625,-4680.90234375
3793.898074784,13765.4560546875,20610.96875,-41670.671875,-10376.0595703125,-39526.46875,-9350.0927734375,19144.11328125,-4716.4638671875
3793.89827426,13788.544921875,20641.61328125,-41585.51171875,-10336.2509765625,-39506.015625,-9287.060546875,19181.998046875,-4703.8798828125
3793.898474101,13837.09375,20679.365234375,-41711.75390625,-10337.3466796875,-39494.68359375,-9314.44140625,19188.32421875,-4674.21923828125
3793.898703844,13871.4921875,20691.14453125,-41980.01953125,-10379.2109375,-39504.2734375,-9417.125,19146.52734375,-4657.23193359375
3793.898986101,13804.7724609375,20631.576171875,-41993.921875,-10429.8603515625,-39544.4375,-9472.78125,19103.611328125,-4692.1005859375
3793.899187035,13759.443359375,20608.95703125,-41680.34765625,-10390.3203125,-39538.46875,-9362.564453125,19149.56640625,-4721.73876953125
3793.899386511,13800.01171875,20651.380859375,-41579.49609375,-10323.4658203125,-39493.38671875,-9284.400390625,19198.3828125,-4712.35107421875
3793.899585622,13836.4453125,20687.61328125,-41708.64453125,-10321.0078125,-39483.640625,-9313.390625,19192.1015625,-4692.123046875
3793.899788015,13869.056640625,20701.873046875,-41974.9453125,-10366.9404296875,-39493.56640625,-9406.4189453125,19155.087890625,-4661.724609375
3793.899988221,13818.541015625,20652.498046875,-41979.05859375,-10400.84765625,-39518.64453125,-9449.087890625,19116.732421875,-4694.0673828125
3793.900188061,13756.828125,20611.68359375,-41676.81640625,-10372.2373046875,-39521.83984375,-9352.39453125,19155.9140625,-4723.57177734375
3793.900388631,13780.7890625,20645.255859375,-41588.86328125,-10328.5625,-39493.36328125,-9278.1416015625,19207.255859375,-4701.5107421875
3793.900588471,13824.5986328125,20686.40625,-41717.18359375,-10329.2109375,-39480.578125,-9302.326171875,19202.025390625,-4674.64404296875
3793.900791229,13854.0810546875,20694.943359375,-41985.44921875,-10372.953125,-39494.16796875,-9402.3955078125,19157.5234375,-4659.154296875
3793.900992164,13798.4697265625,20636.76171875,-41997.1171875,-10420.16015625,-39530.625,-9450.7646484375,19119.1015625,-4684.83642578125
3793.901192734,13746.1884765625,20604.91015625,-41688.23828125,-10384.5537109375,-39525.86328125,-9342.2470703125,19159.513671875,-4704.75146484375
3793.901392939,13783.896484375,20644.875,-41596.86328125,-10338.93359375,-39500.875,-9281.3603515625,19202.49609375,-4689.61962890625
3793.901592779,13834.8583984375,20677.173828125,-41723.375,-10342.9794921875,-39491.59765625,-9306.193359375,19207.501953125,-4664.40673828125
3793.901795172,13860.8974609375,20685.6015625,-41991.08203125,-10388.15234375,-39504.046875,-9404.18359375,19170.48828125,-4655.6669921875
3793.901996107,13798.89453125,20634.705078125,-42002.90625,-10433.369140625,-39540.1015625,-9460.2861328125,19117.8046875,-4697.01806640625
3793.902195947,13741.5400390625,20614.41015625,-41683.30078125,-10376.08203125,-39524.0078125,-9353.1767578125,19141.564453125,-4733.80908203125
3793.902396153,13775.0224609375,20643.4453125,-41591.45703125,-10338.7548828125,-39502.8203125,-9289.8095703125,19183.541015625,-4713.06640625
3793.902595993,13827.2138671875,20676.279296875,-41712.40234375,-10339.291015625,-39490.79296875,-9310.328125,19195.431640625,-4677.75048828125
3793.902833395,13862.0830078125,20697.357421875,-41970.62890625,-10372.796875,-39496.44921875,-9404.541015625,19157.634765625,-4661.478515625
3793.903038341,13803.7216796875,20650.0390625,-41983.88671875,-10416.494140625,-39532.1015625,-9458.85546875,19110.763671875,-4694.24609375
3793.90323964,13747.619140625,20614.208984375,-41676.8828125,-10378.8310546875,-39526.625,-9352.595703125,19145.87890625,-4720.509765625
3793.90344021,13780.38671875,20650.0390625,-41581.3515625,-10327.421875,-39493.07421875,-9275.548828125,19196.52734375,-4703.6787109375
3793.90366266,13824.576171875,20677.419921875,-41712.01953125,-10339.1123046875,-39491.33203125,-9309.2109375,19190.828125,-4683.5400390625
3793.903871982,13860.71875,20700.912109375,-41970.40625,-10366.3369140625,-39486.8359375,-9398.3720703125,19158.037109375,-4657.142578125
3793.904073646,13796.6142578125,20645.76953125,-41988.78125,-10416.5615234375,-39522.51171875,-9459.638671875,19112.328125,-4694.693359375
3793.904273486,13749.5634765625,20605.267578125,-41680.01171875,-10382.83203125,-39520.296875,-9354.25,19146.236328125,-4724.4658203125
3794.355578594,13780.8115234375,20641.90234375,-41584.1015625,-10332.3623046875,-39487.7109375,-9279.6845703125,19188.16796875,-4701.75634765625
