#3762.20139509,14540.994140625,21434.47265625,-40740.0546875,-9733.1787109375,-39480.265625,-8594.8271484375,19886.234375,-4388.4521484375
3762.201776902,14594.7724609375,21479.423828125,-40925.21875,-9737.6943359375,-39465.359375,-8638.658203125,19882.501953125,-4349.31396484375
3762.202054418,14603.7802734375,21472.068359375,-41187.046875,-9796.45703125,-39488.37890625,-8751.892578125,19823.76171875,-4353.35986328125
3762.202243683,14517.79296875,21395.068359375,-41057.8515625,-9835.68359375,-39536.63671875,-8771.517578125,19782.701171875,-4391.8720703125
3762.202432948,14487.88671875,21384.00390625,-40766.7890625,-9785.5712890625,-39526.84765625,-8652.8740234375,19828.92578125,-4405.77490234375
3762.202622578,14535.8759765625,21431.658203125,-40749.21875,-9738.9228515625,-39493.67578125,-8607.9697265625,19863.7265625,-4385.2783203125
3762.202810749,14589.05078125,21475.466796875,-40927.921875,-9735.8837890625,-39474.8359375,-8652.9638671875,19857.69140625,-4361.49609375
3762.203152811,14602.3720703125,21480.71875,-41184.51953125,-9785.7724609375,-39490.19140625,-8761.9736328125,19811.22265625,-4358.59033203125
3762.203539,14526.4658203125,21413.373046875,-41052.7578125,-9818.361328125,-39524.45703125,-8762.5322265625,19788.37890625,-4404.58984375
3762.203728629,14498.771484375,21396.162109375,-40760.796875,-9773.9033203125,-39510.12890625,-8638.94921875,19841.888671875,-4420.97412109375
3762.203946339,14546.7392578125,21435.724609375,-40754.515625,-9747.037109375,-39486.58984375,-8593.5078125,19881.67578125,-4373.2080078125
3762.204135604,14597.6787109375,21477.544921875,-40937.15234375,-9749.115234375,-39473.26953125,-8647.7783203125,19883.462890625,-4338.2275390625
3762.204324869,14606.0830078125,21485.45703125,-41191.515625,-9789.259765625,-39487.7109375,-8764.275390625,19836.546875,-4343.681640625
3762.204514498,14518.44140625,21406.9140625,-41066.63671875,-9823.189453125,-39526.890625,-8768.5673828125,19795.0625,-4399.69482421875
3762.204703763,14487.39453125,21383.0859375,-40774.85546875,-9781.2802734375,-39521.68359375,-8650.6171875,19834.69140625,-4420.72802734375
3762.204954293,14527.091796875,21417.642578125,-40764.15234375,-9748.7578125,-39496.78515625,-8606.9189453125,19874.544921875,-4382.796875
3762.205367832,14580.9365234375,21454.388671875,-40947.16796875,-9758.2802734375,-39487.28515625,-8656.5625,19861.513671875,-4350.2978515625
3762.205765689,14608.0947265625,21472.515625,-41192.7890625,-9796.3447265625,-39492.08984375,-8759.0224609375,19820.0078125,-4343.39111328125
3762.206023878,14521.5927734375,21401.52734375,-41071.734375,-9836.3994140625,-39535.6328125,-8769.3935546875,19782.724609375,-4406.10986328125
3762.206212413,14487.685546875,21383.712890625,-40772.7109375,-9781.4365234375,-39519.828125,-8643.6435546875,19837.822265625,-4421.64453125
3762.206400949,14535.4736328125,21424.21484375,-40752.86328125,-9745.7177734375,-39489.51953125,-8592.435546875,19878.345703125,-4389.70361328125
3762.20658912,14590.8388671875,21464.291015625,-40929.21875,-9756.849609375,-39480.37890625,-8642.1455078125,19876.4453125,-4346.56494140625
3762.206778385,14606.57421875,21479.22265625,-41181.078125,-9793.5283203125,-39492.11328125,-8757.994140625,19833.44140625,-4337.33349609375
3762.207107684,14522.46484375,21414.111328125,-41056.51171875,-9812.1474609375,-39521.59375,-8760.7890625,19801.5,-4401.32666015625
3762.207481473,14487.193359375,21387.51171875,-40766.05078125,-9778.75390625,-39518.62109375,-8641.474609375,19834.40234375,-4419.029296875
3762.207670738,14529.7294921875,21418.1796875,-40754.046875,-9753.8994140625,-39507.82421875,-8620.3076171875,19857.53515625,-4396.49853515625
3762.207888812,14588.4697265625,21462.212890625,-40924.12109375,-9747.2158203125,-39490.48046875,-8661.9267578125,19850.80859375,-4367.2626953125
3762.208076983,14601.544921875,21471.15234375,-41182.328125,-9792.1650390625,-39499.0625,-8764.923828125,19805.34375,-4347.34716796875
3762.208265154,14511.2890625,21393.8828125,-41079.69140625,-9842.1884765625,-39549.53515625,-8786.873046875,19773.873046875,-4403.36083984375
3762.208469006,14477.42578125,21382.974609375,-40776.7578125,-9794.310546875,-39531.5625,-8651.5556640625,19832.099609375,-4433.4462890625
3762.208663012,14524.6103515625,21414.669921875,-40749.93359375,-9748.400390625,-39494.7265625,-8600.19140625,19883.060546875,-4395.78369140625
3762.208872334,14592.3583984375,21463.3515625,-40918.7109375,-9743.818359375,-39471.1484375,-8632.7353515625,19882.7265625,-4343.14501953125
3762.209148026,14609.7041015625,21462.63671875,-41187.4921875,-9803.6318359375,-39492.625,-8754.2841796875,19825.1484375,-4344.0166015625
3762.209342032,14517.0107421875,21384.181640625,-41083.66796875,-9845.9208984375,-39535.36328125,-8770.9140625,19787.84375,-4391.2685546875
3762.209535673,14486.1875,21378.83984375,-40767.99609375,-9773.2998046875,-39511.06640625,-8639.865234375,19840.2578125,-4404.03125
3762.209780368,14526.4208984375,21416.345703125,-40745.80078125,-9738.275390625,-39485.8984375,-8592.7255859375,19879.26171875,-4380.31591796875
3762.209991878,14577.47265625,21456.1328125,-40928.5703125,-9756.0,-39482.8828125,-8647.1298828125,19879.150390625,-4359.59619140625
3762.210185519,14596.2255859375,21469.654296875,-41192.609375,-9802.3125,-39496.3359375,-8755.759765625,19828.92578125,-4338.0712890625
3762.210411981,14529.259765625,21411.048828125,-41076.0703125,-9827.2578125,-39528.3671875,-8768.5224609375,19797.0078125,-4375.51025390625
3762.210608175,14483.8857421875,21382.169921875,-40768.95703125,-9779.24609375,-39516.07421875,-8645.5654296875,19836.255859375,-4411.11669921875
3762.210801816,14528.0302734375,21424.4609375,-40741.77734375,-9745.13671875,-39487.1953125,-8594.5810546875,19871.953125,-4385.77001953125
3762.211046876,14583.865234375,21462.748046875,-40922.7578125,-9761.9453125,-39482.8125,-8642.212890625,19868.0859375,-4361.2275390625
3762.21135393,14608.83203125,21471.95703125,-41185.97265625,-9801.7763671875,-39490.19140625,-8749.076171875,19833.84375,-4346.98974609375
3762.211555229,14522.755859375,21406.220703125,-41076.8515625,-9822.9658203125,-39519.26953125,-8760.587890625,19789.51953125,-4398.64453125
3762.211757257,14489.40625,21386.6640625,-40762.9453125,-9776.4521484375,-39510.12890625,-8638.4130859375,19835.25,-4421.48779296875
3762.211959651,14530.376953125,21423.0078125,-40733.640625,-9743.9970703125,-39485.33984375,-8595.005859375,19872.779296875,-4388.36279296875
3762.212160221,14582.9482421875,21457.875,-40910.21875,-9753.1611328125,-39475.7734375,-8642.8388671875,19866.498046875,-4347.79443359375
3762.212360426,14598.6845703125,21467.197265625,-41177.63671875,-9797.1044921875,-39490.546875,-8752.8759765625,19822.376953125,-4344.95556640625
3762.212560266,14507.6455078125,21384.80859375,-41090.0390625,-9853.8115234375,-39542.203125,-8775.4736328125,19779.37109375,-4405.39453125
3762.212759742,14471.8154296875,21362.0546875,-40783.59765625,-9813.3544921875,-39542.4921875,-8667.693359375,19821.169921875,-4429.6240234375
3762.213037987,14525.3486328125,21421.64453125,-40738.9609375,-9750.2109375,-39499.9140625,-8607.232421875,19873.896484375,-4382.70751953125
3762.213306751,14584.6923828125,21466.302734375,-40906.59765625,-9740.4658203125,-39472.46484375,-8638.703125,19878.3671875,-4339.01025390625
3762.213518261,14606.5517578125,21471.17578125,-41175.3125,-9791.6064453125,-39483.26171875,-8746.3720703125,19838.46875,-4332.21533203125
3762.213712996,14522.8896484375,21398.2421875,-41086.21484375,-9844.826171875,-39533.3515625,-8770.3994140625,19799.755859375,-4384.89794921875
3762.213965714,14460.013671875,21365.80859375,-40783.57421875,-9803.0947265625,-39526.48828125,-8653.6787109375,19841.0625,-4425.73486328125
3762.214164096,14509.58984375,21418.783203125,-40734.46875,-9735.8837890625,-39479.70703125,-8586.19921875,19882.099609375,-4396.49853515625
3762.214359925,14572.0185546875,21458.748046875,-40910.15234375,-9749.048828125,-39472.7578125,-8636.7138671875,19881.228515625,-4354.208984375
3762.214554295,14598.9521484375,21461.49609375,-41182.21875,-9805.732421875,-39492.76171875,-8752.5185546875,19834.580078125,-4338.0712890625
3762.214748665,14523.5595703125,21394.708984375,-41084.5390625,-9834.0302734375,-39523.359375,-8764.5439453125,19794.1015625,-4386.50732421875
3762.215017794,14482.3876953125,21376.1796875,-40769.8515625,-9784.296875,-39510.015625,-8640.3125,19829.775390625,-4414.0
3762.21522821,14518.486328125,21414.447265625,-40736.48046875,-9750.9482421875,-39488.69140625,-8595.3857421875,19867.19140625,-4388.69775390625
3762.21542258,14574.41015625,21457.228515625,-40905.859375,-9751.3056640625,-39476.95703125,-8641.05078125,19861.89453125,-4358.8583984375
3762.21561695,14600.115234375,21471.01953125,-41167.375,-9789.52734375,-39484.19921875,-8745.947265625,19825.21484375,-4343.1005859375
3762.666699244,14527.4267578125,21411.943359375,-41073.83203125,-9823.8603515625,-39518.0390625,-8759.3359375,19794.8828125,-4382.30517578125
3762.66707048,14485.3388671875,21389.2109375,-40763.76953125,-9779.9384765625,-39512.9453125,-8640.9833984375,19837.486328125,-4405.77490234375
3762.667289284,14523.0009765625,21422.248046875,-40727.94140625,-9750.814453125,-39490.16796875,-8591.6083984375,19875.998046875,-4386.95458984375
3762.667482195,14571.4599609375,21467.041015625,-40892.65234375,-9748.400390625,-39467.68359375,-8623.6162109375,19884.22265625,-4351.19189453125
3762.667673284,14601.791015625,21473.232421875,-41158.30078125,-9787.4931640625,-39474.56640625,-8727.373046875,19852.619140625,-4333.466796875
3762.667917614,14526.7119140625,21414.892578125,-41067.8671875,-9815.03125,-39511.19921875,-8751.400390625,19807.982421875,-4388.94384765625
3762.66830052,14478.521484375,21393.123046875,-40756.19140625,-9775.7587890625,-39505.61328125,-8631.86328125,19847.1875,-4410.73681640625
3762.668706036,14513.7255859375,21418.3125,-40725.19140625,-9749.9873046875,-39485.7421875,-8584.58984375,19887.30859375,-4378.52783203125
3762.669057216,14580.35546875,21462.771484375,-40891.35546875,-9746.1875,-39467.234375,-8622.9453125,19882.234375,-4343.8154296875
3762.669250127,14611.89453125,21474.505859375,-41164.60546875,-9789.7060546875,-39478.65625,-8738.8388671875,19839.6328125,-4326.78369140625
3762.669441945,14520.3193359375,21391.916015625,-41096.90234375,-9849.20703125,-39532.50390625,-8773.171875,19796.984375,-4382.2158203125
3762.669633398,14474.453125,21363.216796875,-40785.36328125,-9813.623046875,-39529.7734375,-8654.439453125,19834.46875,-4407.56298828125
3762.669861318,14520.609375,21407.6953125,-40737.93359375,-9764.650390625,-39494.48046875,-8593.3740234375,19879.373046875,-4363.865234375
3762.670081945,14576.869140625,21464.513671875,-40895.9140625,-9741.9404296875,-39468.77734375,-8633.2939453125,19878.076171875,-4334.271484375
3762.670271575,14601.27734375,21472.2265625,-41175.625,-9793.9306640625,-39487.3515625,-8750.9091796875,19825.841796875,-4352.35400390625
3762.670461204,14511.2666015625,21399.291015625,-41111.71875,-9852.134765625,-39542.76171875,-8787.990234375,19775.6171875,-4408.90380859375
3762.670651199,14468.7978515625,21369.36328125,-40797.25390625,-9813.421875,-39535.20703125,-8661.658203125,19828.076171875,-4430.9873046875
3762.670898447,14521.66015625,21413.1953125,-40734.734375,-9748.2890625,-39484.53515625,-8588.5234375,19878.14453125,-4396.31982421875
3762.67130141,14577.673828125,21459.150390625,-40894.59375,-9742.1640625,-39460.3046875,-8625.8955078125,19878.12109375,-4350.38720703125
3762.671692338,14598.259765625,21458.658203125,-41181.01171875,-9802.447265625,-39485.33984375,-8745.5,19821.9296875,-4342.2958984375
3762.672125934,14529.818359375,21390.798828125,-41110.6015625,-9849.005859375,-39529.6640625,-8772.9033203125,19778.9921875,-4396.8115234375
3762.672472373,14483.662109375,21360.935546875,-40796.76171875,-9815.0087890625,-39530.78125,-8659.04296875,19825.68359375,-4419.07421875
3762.672663461,14521.81640625,21410.400390625,-40741.41796875,-9759.9560546875,-39493.140625,-8595.921875,19878.501953125,-4377.54443359375
3762.672910709,14580.5341796875,21461.697265625,-40894.39453125,-9742.365234375,-39466.83203125,-8628.935546875,19884.849609375,-4331.00830078125
3762.673101433,14598.908203125,21472.203125,-41171.6015625,-9791.2041015625,-39479.4609375,-8739.0400390625,19842.73828125,-4326.56005859375
3762.673291427,14511.1767578125,21397.705078125,-41111.49609375,-9848.2236328125,-39531.49609375,-8776.255859375,19790.546875,-4389.30126953125
3762.673480327,14469.15625,21362.859375,-40795.66796875,-9810.0244140625,-39526.7578125,-8658.216796875,19836.255859375,-4418.984375
3762.673671051,14517.6591796875,21415.49609375,-40734.17578125,-9749.115234375,-39485.2734375,-8589.484375,19881.83203125,-4378.818359375
3762.673911735,14580.0205078125,21464.40234375,-40892.09375,-9743.728515625,-39465.26953125,-8623.1240234375,19878.27734375,-4338.80908203125
3762.674269479,14606.4853515625,21480.787109375,-41165.921875,-9787.1357421875,-39475.1015625,-8734.8603515625,19832.591796875,-4324.81689453125
3762.674654937,14522.576171875,21400.41015625,-41108.34375,-9840.4228515625,-39525.41796875,-8771.0927734375,19783.998046875,-4384.49560546875
3762.674914584,14471.279296875,21360.130859375,-40798.328125,-9811.9462890625,-39529.1484375,-8649.521484375,19820.365234375,-4417.419921875
3762.675110049,14511.19921875,21400.341796875,-40739.31640625,-9755.1279296875,-39489.65234375,-8593.6201171875,19875.57421875,-4387.31201171875
3762.675305148,14579.595703125,21453.62890625,-40893.76953125,-9749.294921875,-39471.55078125,-8629.3154296875,19882.97265625,-4354.72314453125
3762.675499519,14604.2724609375,21462.30078125,-41173.72265625,-9801.8876953125,-39487.53125,-8742.8623046875,19836.279296875,-4342.51904296875
3762.675694254,14517.48046875,21393.078125,-41116.390625,-9848.7822265625,-39530.15625,-8774.4453125,19789.810546875,-4381.232421875
3762.675906493,14475.3916015625,21372.470703125,-40793.6328125,-9800.3232421875,-39521.88671875,-8652.8515625,19832.76953125,-4405.14892578125
3762.676096123,14512.25,21416.63671875,-40735.203125,-9750.322265625,-39488.55859375,-8587.96484375,19874.58984375,-4384.80859375
3762.676285388,14561.06640625,21453.205078125,-40897.2109375,-9757.921875,-39476.7109375,-8629.3154296875,19870.23046875,-4347.19091796875
3762.676473923,14598.8857421875,21465.1171875,-41172.7421875,-9800.390625,-39486.34765625,-8743.287109375,19827.337890625,-4334.0478515625
3762.676663188,14523.314453125,21387.982421875,-41120.21484375,-9847.3291015625,-39526.46875,-8776.0771484375,19776.265625,-4395.49267578125
3762.6769841,14471.279296875,21360.646484375,-40799.51171875,-9798.736328125,-39523.26953125,-8663.3349609375,19817.8828125,-4427.2548828125
3762.677368465,14503.689453125,21400.587890625,-40746.13671875,-9761.4541015625,-39498.3046875,-8600.59375,19863.302734375,-4403.31591796875
3762.677744077,14559.3896484375,21450.3203125,-40901.61328125,-9761.3642578125,-39478.92578125,-8630.0087890625,19870.34375,-4353.53857421875
3762.677989867,14594.99609375,21464.55859375,-41176.96484375,-9806.783203125,-39489.36328125,-8743.98046875,19830.869140625,-4331.2314453125
3762.678184237,14525.638671875,21402.80078125,-41122.4921875,-9842.9482421875,-39529.05859375,-8781.6201171875,19786.009765625,-4391.38037109375
3762.678378243,14475.4814453125,21370.81640625,-40802.37109375,-9801.44140625,-39524.859375,-8665.078125,19827.6953125,-4423.8349609375
3762.678573707,14505.96875,21393.927734375,-40751.23046875,-9775.580078125,-39506.39453125,-8608.0810546875,19865.1796875,-4384.54052734375
3762.678792511,14562.541015625,21446.6328125,-40891.6015625,-9747.0146484375,-39467.01171875,-8630.947265625,19872.7578125,-4339.12158203125
3762.679004385,14597.208984375,21468.671875,-41164.984375,-9782.7548828125,-39474.20703125,-8741.4765625,19824.208984375,-4333.98095703125
3762.67919912,14518.0166015625,21390.59765625,-41131.65625,-9852.9169921875,-39532.7265625,-8786.984375,19774.4765625,-4390.642578125
3762.679392397,14464.4169921875,21354.1640625,-40816.07421875,-9815.6787109375,-39533.0390625,-8669.8388671875,19818.017578125,-4420.4150390625
3762.679585673,14510.126953125,21408.076171875,-40740.27734375,-9746.791015625,-39481.8515625,-8587.0927734375,19872.533203125,-4385.0771484375
3762.679800101,14574.3876953125,21457.875,-40892.65234375,-9745.830078125,-39464.8671875,-8624.7333984375,19867.951171875,-4356.2880859375
3762.68011846,14604.1826171875,21474.68359375,-41171.0625,-9792.3212890625,-39477.0234375,-8738.34765625,19826.130859375,-4344.0615234375
3762.680331064,14515.8935546875,21399.42578125,-41133.82421875,-9846.6142578125,-39524.34375,-8782.1572265625,19779.595703125,-4390.91064453125
3762.680525069,14453.21875,21360.98046875,-40817.66015625,-9815.5224609375,-39529.328125,-8676.74609375,19806.283203125,-4428.8193359375
3762.680718711,14510.484375,21413.8203125,-40741.0625,-9758.01171875,-39490.1015625,-8602.359375,19865.89453125,-4394.17431640625
3762.680973252,14558.8759765625,21438.408203125,-40900.02734375,-9769.791015625,-39479.86328125,-8637.8095703125,19866.23046875,-4355.4384765625
3762.681171634,14589.6318359375,21447.013671875,-41174.23828125,-9807.341796875,-39486.92578125,-8747.5791015625,19820.990234375,-4346.11767578125
3762.681369286,14519.9609375,21386.55078125,-41130.5390625,-9845.09375,-39526.265625,-8785.4873046875,19780.734375,-4391.51416015625
3762.681565845,14471.6591796875,21364.267578125,-40802.41796875,-9789.7060546875,-39512.296875,-8660.541015625,19825.259765625,-4418.93994140625
3762.681790847,14508.78515625,21397.615234375,-40740.34765625,-9751.57421875,-39487.8671875,-8599.8115234375,19867.4375,-4403.6064453125
3762.681995429,14555.478515625,21443.59375,-40896.00390625,-9755.552734375,-39475.86328125,-8628.9580078125,19863.99609375,-4367.2177734375
3762.682206574,14593.2529296875,21468.806640625,-41166.52734375,-9788.611328125,-39479.19140625,-8739.822265625,19828.142578125,-4329.4658203125
3762.682400944,14523.783203125,21408.09765625,-41128.68359375,-9838.1201171875,-39521.19140625,-8784.3701171875,19784.4453125,-4376.494140625
3762.68259568,14471.525390625,21369.7421875,-40811.0,-9808.75,-39524.09765625,-8671.560546875,19817.681640625,-4421.08544921875
3762.682825058,14513.748046875,21412.255859375,-40740.27734375,-9755.3291015625,-39494.05859375,-8603.7451171875,19862.6328125,-4392.16259765625
3762.683020158,14574.9248046875,21457.787109375,-40883.21875,-9741.3818359375,-39473.203125,-8632.84765625,19867.52734375,-4355.34912109375
3762.683214529,14602.39453125,21463.330078125,-41167.82421875,-9795.919921875,-39489.72265625,-8744.5390625,19822.041015625,-4349.8955078125
3762.683409993,14525.03515625,21398.77734375,-41135.75,-9843.619140625,-39526.578125,-8782.1123046875,19778.41015625,-4390.0615234375
3762.683604728,14476.912109375,21384.71875,-40802.41796875,-9780.720703125,-39509.03125,-8656.3837890625,19823.44921875,-4422.7841796875
3762.683842495,14513.501953125,21426.025390625,-40732.38671875,-9742.5888671875,-39486.48046875,-8596.7939453125,19864.7109375,-4408.859375
3762.684193309,14568.7109375,21459.708984375,-40885.0078125,-9745.5166015625,-39474.7890625,-8631.86328125,19860.642578125,-4374.37060546875
3762.684490882,14601.142578125,21469.341796875,-41166.97265625,-9792.298828125,-39489.3203125,-8740.873046875,19822.376953125,-4345.447265625
3762.684687441,14525.0576171875,21404.544921875,-41142.65625,-9846.033203125,-39535.1171875,-8785.509765625,19783.3046875,-4393.8837890625
3762.684889834,14465.69140625,21365.607421875,-40819.671875,-9807.587890625,-39527.71875,-8660.5634765625,19831.875,-4415.74365234375
3762.685085298,14508.8076171875,21414.267578125,-40735.5859375,-9741.9853515625,-39484.40234375,-8589.57421875,19877.875,-4384.78662109375
3762.685281127,14563.4580078125,21462.32421875,-40883.10546875,-9742.701171875,-39470.8125,-8625.7392578125,19877.427734375,-4359.283203125
3762.685475862,14596.5380859375,21485.79296875,-41159.93359375,-9783.984375,-39474.23046875,-8723.1484375,19840.59375,-4344.53076171875
3762.685669868,14527.8515625,21419.85546875,-41138.4765625,-9834.7451171875,-39517.234375,-8777.4404296875,19788.06640625,-4386.35107421875
3762.685956865,14468.7978515625,21362.90234375,-40824.8359375,-9808.9287109375,-39525.125,-8670.3310546875,19817.8828125,-4417.55419921875
3762.686282518,14508.4501953125,21403.314453125,-40741.30859375,-9754.390625,-39488.9609375,-8592.703125,19878.478515625,-4388.51904296875
3762.686490381,14561.78125,21452.109375,-40876.22265625,-9739.884765625,-39466.453125,-8620.330078125,19883.53125,-4348.33056640625
3762.686684751,14596.404296875,21467.912109375,-41151.4609375,-9784.1181640625,-39471.70703125,-8719.5947265625,19841.46484375,-4322.02294921875
3762.686886051,14513.568359375,21396.51953125,-41137.4453125,-9842.6357421875,-39520.43359375,-8775.0712890625,19782.03125,-4372.0009765625
3762.687081515,14456.37109375,21362.412109375,-40814.0625,-9809.5771484375,-39524.09765625,-8670.3759765625,19816.720703125,-4414.17919921875
3762.687275885,14495.6650390625,21397.4375,-40736.09765625,-9760.26953125,-39493.09765625,-8600.1015625,19860.26171875,-4399.248046875
3762.687470621,14560.8427734375,21444.7109375,-40872.87109375,-9745.025390625,-39467.90625,-8620.822265625,19871.796875,-4352.8232421875
3762.687665356,14599.6455078125,21472.494140625,-41144.80078125,-9772.16015625,-39465.6015625,-8722.25390625,19836.681640625,-4334.427734375
3762.687937766,14530.6005859375,21412.322265625,-41132.4609375,-9824.8876953125,-39508.18359375,-8772.27734375,19783.998046875,-4381.478515625
3762.68828931,14477.5380859375,21371.240234375,-40811.87109375,-9793.5732421875,-39514.171875,-8662.1279296875,19820.900390625,-4416.12353515625
3762.688532911,14513.5908203125,21400.900390625,-40735.875,-9759.3525390625,-39491.44140625,-8591.228515625,19869.314453125,-4390.6875
3762.688738587,14557.333984375,21439.63671875,-40881.83203125,-9755.1953125,-39474.7890625,-8622.498046875,19866.833984375,-4353.13623046875
3762.688941344,14590.01171875,21474.013671875,-41154.27734375,-9776.072265625,-39478.0078125,-8737.2744140625,19812.876953125,-4353.046875
3762.689142279,14529.05859375,21409.88671875,-41146.12109375,-9830.2529296875,-39518.35546875,-8783.0283203125,19765.78125,-4391.69287109375
3762.689343214,14464.5517578125,21359.841796875,-40827.13671875,-9802.0673828125,-39522.17578125,-8678.2431640625,19801.923828125,-4422.56103515625
3762.689544877,14499.46484375,21405.505859375,-40739.09375,-9749.294921875,-39490.59375,-8604.416015625,19851.03125,-4397.6162109375
3762.689750553,14562.51953125,21452.712890625,-40873.33984375,-9742.701171875,-39472.6875,-8628.1533203125,19859.591796875,-4363.6416015625
3762.690088969,14605.412109375,21465.072265625,-41149.515625,-9782.62109375,-39479.08203125,-8729.541015625,19820.9453125,-4337.73583984375
3762.690316889,14529.5283203125,21400.677734375,-41150.41015625,-9839.841796875,-39522.82421875,-8784.9287109375,19767.837890625,-4391.93896484375
3762.690518553,14461.220703125,21357.337890625,-40832.92578125,-9811.0078125,-39528.8125,-8679.4951171875,19795.12890625,-4436.30712890625
3762.690719852,14510.283203125,21404.119140625,-40729.7734375,-9744.1083984375,-39484.625,-8594.759765625,19850.205078125,-4406.84765625
3762.69092808,14570.4541015625,21447.302734375,-40864.1953125,-9734.8330078125,-39464.59765625,-8618.7431640625,19859.79296875,-4357.94189453125
3762.691129379,14602.9755859375,21467.46484375,-41149.44921875,-9787.5830078125,-39482.5703125,-8736.8720703125,19821.6171875,-4343.14501953125
3762.691328855,14531.181640625,21396.587890625,-41158.3671875,-9855.8671875,-39537.95703125,-8799.2333984375,19767.97265625,-4395.0458984375
3762.691530154,14470.876953125,21359.283203125,-40831.453125,-9813.4443359375,-39528.14453125,-8676.2099609375,19805.8359375,-4434.787109375
3762.691734735,14511.7138671875,21395.916015625,-40735.83203125,-9752.5576171875,-39490.83984375,-8596.9052734375,19855.076171875,-4409.0380859375
3762.691937129,14556.640625,21438.765625,-40871.6171875,-9744.2880859375,-39473.71875,-8630.7236328125,19857.46875,-4368.693359375
3762.692149368,14591.6435546875,21461.98828125,-41150.72265625,-9785.4599609375,-39479.19140625,-8736.8046875,19816.609375,-4346.453125
3762.692343738,14527.3818359375,21398.845703125,-41150.703125,-9835.080078125,-39515.06640625,-8786.314453125,19773.783203125,-4372.76123046875
3762.692538473,14459.41015625,21351.59375,-40832.63671875,-9804.615234375,-39517.90625,-8676.3212890625,19802.572265625,-4420.2138671875
3762.692752536,14493.4521484375,21389.63671875,-40741.26171875,-9757.966796875,-39486.12109375,-8597.0625,19855.0546875,-4393.50341796875
3762.692964775,14546.7607421875,21431.724609375,-40877.2265625,-9753.18359375,-39468.12890625,-8615.6142578125,19863.234375,-4351.2138671875
3762.693159875,14594.1240234375,21459.41796875,-41148.8671875,-9781.5029296875,-39469.11328125,-8717.2470703125,19826.623046875,-4333.37744140625
3762.69335461,14528.6337890625,21404.8125,-41154.7265625,-9831.2802734375,-39516.296875,-8784.615234375,19771.97265625,-4392.005859375
3762.693548981,14464.328125,21365.83203125,-40834.984375,-9798.826171875,-39522.734375,-8679.4287109375,19792.669921875,-4441.42578125
3762.693795499,14494.8828125,21404.119140625,-40741.375,-9751.9091796875,-39490.03515625,-8604.0361328125,19835.294921875,-4421.9794921875
3762.694009197,14550.5166015625,21432.88671875,-40884.11328125,-9766.169921875,-39486.27734375,-8636.8486328125,19842.404296875,-4386.619140625
3762.694223989,14589.3857421875,21444.732421875,-41163.33203125,-9809.353515625,-39494.68359375,-8742.572265625,19807.982421875,-4362.18896484375
3763.147082602,14530.0869140625,21403.650390625,-41161.4296875,-9840.66796875,-39516.25390625,-8787.96875,19763.724609375,-4391.4248046875
3763.147329485,14463.9033203125,21366.0546875,-40835.02734375,-9801.84375,-39512.921875,-8673.9521484375,19795.21875,-4426.986328125
3763.147590591,14497.54296875,21400.095703125,-40743.453125,-9758.123046875,-39490.59375,-8609.19921875,19835.966796875,-4405.37255859375
3763.148059559,14549.845703125,21431.1875,-40881.23046875,-9764.896484375,-39484.06640625,-8647.7333984375,19835.384765625,-4381.72412109375
3763.148251742,14592.0908203125,21442.876953125,-41161.09375,-9812.4384765625,-39496.62890625,-8754.41796875,19793.341796875,-4352.4658203125
3763.148442101,14523.58203125,21372.537109375,-41183.11328125,-9876.744140625,-39549.6015625,-8824.669921875,19734.421875,-4390.91064453125
3763.148636471,14463.5009765625,21339.34375,-40856.796875,-9831.4375,-39550.359375,-8717.7392578125,19759.1875,-4436.35205078125
3763.148826465,14501.119140625,21384.451171875,-40750.359375,-9773.814453125,-39511.3359375,-8631.9755859375,19819.068359375,-4412.0107421875
3763.149016824,14544.302734375,21424.125,-40887.82421875,-9774.126953125,-39495.7109375,-8657.412109375,19825.349609375,-4386.462890625
3763.149206819,14595.197265625,21448.15234375,-41161.20703125,-9808.8837890625,-39497.453125,-8754.7314453125,19797.431640625,-4358.92529296875
3763.149396448,14543.5205078125,21399.08984375,-41174.57421875,-9849.474609375,-39530.71484375,-8808.2412109375,19746.89453125,-4396.34228515625
3763.149669953,14457.779296875,21349.15625,-40859.4140625,-9821.78125,-39536.81640625,-8695.6552734375,19772.375,-4440.08447265625
3763.149963514,14483.4833984375,21386.505859375,-40757.22265625,-9772.0712890625,-39503.0859375,-8616.7314453125,19829.86328125,-4414.93896484375
3763.150350796,14552.8857421875,21438.408203125,-40885.2734375,-9763.890625,-39487.23828125,-8636.9375,19849.64453125,-4383.4677734375
3763.150688118,14593.3203125,21462.01171875,-41161.765625,-9802.15625,-39495.9140625,-8739.912109375,19816.005859375,-4358.6123046875
3763.150968551,14526.3095703125,21394.978515625,-41189.94921875,-9863.958984375,-39543.05078125,-8809.626953125,19757.890625,-4396.6103515625
3763.15115891,14471.681640625,21354.365234375,-40862.5,-9824.4638671875,-39540.16796875,-8700.70703125,19782.634765625,-4434.49658203125
3763.15134854,14495.9111328125,21379.80078125,-40761.0,-9770.7744140625,-39509.3671875,-8623.951171875,19821.884765625,-4430.16064453125
3763.151585577,14545.77734375,21416.189453125,-40892.875,-9770.2158203125,-39495.890625,-8648.5830078125,19823.671875,-4395.626953125
3763.151776301,14584.78125,21439.8828125,-41168.47265625,-9811.119140625,-39503.0859375,-8748.6064453125,19794.48046875,-4373.31982421875
3763.151966295,14523.1796875,21390.619140625,-41193.3046875,-9863.0205078125,-39542.29296875,-8807.1904296875,19754.673828125,-4395.0009765625
3763.152156654,14453.4423828125,21343.658203125,-40874.25390625,-9833.158203125,-39543.41015625,-8697.01953125,19787.150390625,-4425.95849609375
3763.152347742,14484.8916015625,21370.01171875,-40768.375,-9789.3037109375,-39510.1953125,-8612.484375,19838.71484375,-4403.986328125
3763.152608118,14549.890625,21421.912109375,-40888.58203125,-9768.8525390625,-39486.7265625,-8633.8310546875,19842.73828125,-4371.15185546875
3763.152941429,14588.3134765625,21442.36328125,-41167.12890625,-9810.560546875,-39497.23046875,-8739.822265625,19808.80859375,-4350.6328125
3763.15334658,14532.58984375,21386.619140625,-41200.0078125,-9865.2998046875,-39541.21875,-8805.5146484375,19751.185546875,-4394.0849609375
3763.153802056,14462.8974609375,21352.21875,-40875.10546875,-9819.4345703125,-39536.75,-8696.7734375,19778.9921875,-4440.10693359375
3763.153997156,14478.0068359375,21378.169921875,-40770.296875,-9776.2060546875,-39511.53515625,-8622.4755859375,19829.86328125,-4434.6083984375
3763.154187879,14533.685546875,21425.578125,-40889.03125,-9767.82421875,-39491.3515625,-8639.150390625,19844.458984375,-4397.0576171875
3763.154378238,14579.685546875,21452.130859375,-41157.36328125,-9793.4619140625,-39490.30078125,-8738.5712890625,19812.8984375,-4373.6103515625
3763.154625486,14522.4423828125,21390.26171875,-41193.83984375,-9844.5126953125,-39532.63671875,-8809.380859375,19752.05859375,-4400.208984375
3763.15481621,14454.6044921875,21341.490234375,-40878.2109375,-9826.876953125,-39542.8046875,-8705.9150390625,19774.0078125,-4429.31103515625
3763.155006934,14483.4384765625,21369.966796875,-40770.4765625,-9789.0361328125,-39519.44921875,-8632.7802734375,19826.646484375,-4406.89208984375
3763.155197293,14541.955078125,21417.306640625,-40885.38671875,-9767.6455078125,-39493.72265625,-8647.3310546875,19837.576171875,-4366.92724609375
3763.155388016,14584.2451171875,21453.0703125,-41153.7421875,-9794.8916015625,-39489.6328125,-8735.978515625,19804.583984375,-4341.93798828125
3763.155737737,14529.7734375,21407.271484375,-41194.84765625,-9852.7158203125,-39531.1171875,-8804.44140625,19745.10546875,-4394.71044921875
3763.156108974,14462.1826171875,21356.82421875,-40878.92578125,-9826.8330078125,-39541.12890625,-8710.2958984375,19775.416015625,-4438.67626953125
3763.15657539,14489.2275390625,21384.6953125,-40763.14453125,-9768.4951171875,-39507.8046875,-8629.6953125,19823.181640625,-4430.205078125
3763.156857646,14546.58203125,21425.779296875,-40881.31640625,-9759.7998046875,-39489.140625,-8646.5263671875,19832.234375,-4386.73095703125
3763.157050558,14594.7060546875,21456.1328125,-41151.70703125,-9795.6298828125,-39491.26171875,-8743.779296875,19800.158203125,-4366.36865234375
3763.15724274,14532.5234375,21395.73828125,-41200.234375,-9854.2138671875,-39534.73828125,-8813.5830078125,19741.3515625,-4415.54248046875
3763.15743857,14452.66015625,21341.423828125,-40892.80859375,-9836.01953125,-39550.875,-8719.3935546875,19762.25,-4454.70263671875
3763.157658102,14478.0068359375,21376.404296875,-40775.21484375,-9786.80078125,-39519.24609375,-8632.6240234375,19823.001953125,-4414.55908203125
3763.157849191,14530.6455078125,21420.1015625,-40894.88671875,-9785.392578125,-39506.84375,-8654.505859375,19830.66796875,-4387.06640625
3763.158040279,14580.5791015625,21451.6171875,-41157.16015625,-9809.6884765625,-39502.08203125,-8745.4326171875,19807.244140625,-4362.36767578125
3763.158232461,14524.87890625,21387.087890625,-41204.76953125,-9868.0712890625,-39540.7734375,-8808.7109375,19755.03125,-4397.14697265625
3763.158434125,14457.130859375,21334.271484375,-40894.19140625,-9853.4091796875,-39556.75390625,-8715.146484375,19778.611328125,-4432.55224609375
3763.1588411,14490.904296875,21379.533203125,-40766.85546875,-9783.8505859375,-39509.078125,-8623.34765625,19831.697265625,-4410.423828125
3763.159243698,14552.2373046875,21434.875,-40872.265625,-9757.966796875,-39481.5625,-8635.7529296875,19843.251953125,-4379.53369140625
3763.159632439,14591.93359375,21463.77734375,-41136.53125,-9783.939453125,-39482.09765625,-8729.33984375,19810.08203125,-4360.0654296875
3763.159822798,14527.4716796875,21406.51171875,-41188.9453125,-9842.12109375,-39527.29296875,-8804.1513671875,19761.04296875,-4393.50341796875
3763.160013886,14452.66015625,21359.193359375,-40877.13671875,-9821.669921875,-39540.05859375,-8711.4580078125,19778.142578125,-4437.6259765625
3763.160204975,14481.8515625,21389.45703125,-40754.8984375,-9774.1044921875,-39509.50390625,-8627.52734375,19823.583984375,-4406.4453125
3763.160395698,14540.0107421875,21422.537109375,-40872.19921875,-9772.361328125,-39492.13671875,-8636.1552734375,19842.89453125,-4375.2197265625
3763.160591163,14598.125,21466.794921875,-41133.4921875,-9790.82421875,-39483.484375,-8729.2724609375,19821.1015625,-4353.53857421875
3763.160782251,14538.2900390625,21415.51953125,-41189.50390625,-9841.7861328125,-39521.21484375,-8802.83203125,19761.9375,-4400.9912109375
3763.16097261,14463.1875,21359.125,-40880.625,-9822.8544921875,-39540.390625,-8715.3251953125,19767.16796875,-4442.431640625
3763.161162604,14494.4130859375,21385.322265625,-40756.86328125,-9774.2392578125,-39509.234375,-8624.7783203125,19823.314453125,-4410.87109375
3763.161352599,14547.5439453125,21430.181640625,-40871.9296875,-9766.326171875,-39487.41796875,-8633.3388671875,19842.716796875,-4377.6337890625
3763.161694297,14584.0439453125,21461.83203125,-41142.4296875,-9792.791015625,-39486.2109375,-8728.6689453125,19812.85546875,-4364.35693359375
3763.162096166,14533.037109375,21411.853515625,-41198.890625,-9844.423828125,-39523.515625,-8797.9150390625,19757.779296875,-4393.97314453125
3763.162526115,14468.6865234375,21357.494140625,-40885.7890625,-9828.7099609375,-39537.53125,-8704.7978515625,19781.47265625,-4438.251953125
3763.162917408,14494.6142578125,21390.57421875,-40752.73046875,-9770.9306640625,-39505.16796875,-8615.7255859375,19836.01171875,-4410.11083984375
3763.163119437,14542.9609375,21438.138671875,-40861.87109375,-9755.1279296875,-39481.4296875,-8629.2490234375,19850.0703125,-4376.896484375
3763.163321101,14588.1787109375,21458.970703125,-41128.9296875,-9789.7958984375,-39483.91015625,-8725.4951171875,19835.138671875,-4344.7099609375
3763.163550115,14531.517578125,21410.1328125,-41191.31640625,-9848.87109375,-39528.14453125,-8798.9208984375,19770.005859375,-4390.4638671875
3763.163740838,14460.55078125,21355.392578125,-40873.046875,-9827.2578125,-39538.5390625,-8707.3681640625,19776.17578125,-4440.822265625
#3786.205469575,14054.173828125,20868.99609375,-41860.28125,-10247.58203125,-39518.2421875,-9272.107421875,19293.265625,-4599.564453125
3786.20586014,13968.9462890625,20806.880859375,-41628.9609375,-10252.3876953125,-39543.27734375,-9230.3095703125,19286.314453125,-4643.46337890625
3786.206163547,13960.7880859375,20817.251953125,-41409.734375,-10206.521484375,-39525.19140625,-9128.7431640625,19342.6640625,-4642.41259765625
3786.206419912,13997.958984375,20852.6796875,-41463.515625,-10194.4521484375,-39513.28125,-9121.2548828125,19360.1640625,-4620.46337890625
3786.206611365,14052.876953125,20897.3828125,-41674.515625,-10200.486328125,-39496.671875,-9175.3017578125,19351.783203125,-4586.82373046875
3786.206801359,14044.6513671875,20889.29296875,-41857.7109375,-10243.201171875,-39513.68359375,-9269.8720703125,19293.421875,-4599.36328125
3786.206992083,13966.107421875,20825.09765625,-41630.99609375,-10252.3876953125,-39545.5546875,-9235.1376953125,19281.84375,-4662.61865234375
3786.207182807,13968.833984375,20821.455078125,-41409.9375,-10202.4091796875,-39524.5234375,-9127.423828125,19346.1953125,-4650.81689453125
3786.207544926,14010.251953125,20856.435546875,-41455.6015625,-10185.3994140625,-39503.17578125,-9110.392578125,19364.412109375,-4618.25048828125
3786.207824995,14064.2314453125,20898.92578125,-41663.5625,-10191.2109375,-39490.59375,-9174.1171875,19344.7421875,-4584.02978515625
3786.208015354,14058.5322265625,20883.189453125,-41849.640625,-10242.150390625,-39514.3515625,-9270.810546875,19300.328125,-4590.64599609375
3786.208205713,13971.9638671875,20817.990234375,-41619.8203125,-10246.6435546875,-39534.26953125,-9220.98828125,19299.078125,-4639.3505859375
3786.208408835,13963.24609375,20821.857421875,-41402.94140625,-10196.1953125,-39511.22265625,-9115.6220703125,19342.619140625,-4650.63818359375
3786.208604664,14012.95703125,20856.681640625,-41452.33984375,-10183.1416015625,-39495.98046875,-9114.7734375,19360.923828125,-4612.751953125
3786.208800493,14070.580078125,20896.087890625,-41666.35546875,-10196.3291015625,-39490.125,-9178.85546875,19345.345703125,-4584.23095703125
3786.208996687,14043.7353515625,20874.09375,-41863.02734375,-10251.3369140625,-39523.359375,-9278.8349609375,19288.392578125,-4603.85595703125
3786.209192516,13958.396484375,20814.591796875,-41642.26171875,-10263.384765625,-39548.52734375,-9237.7529296875,19291.076171875,-4649.25244140625
3786.209482796,13959.2451171875,20841.302734375,-41414.6328125,-10192.7080078125,-39514.171875,-9124.6748046875,19354.888671875,-4632.5556640625
3786.209765417,14013.224609375,20865.46484375,-41464.49609375,-10184.169921875,-39502.19140625,-9116.4052734375,19366.84765625,-4604.23583984375
3786.209961975,14073.8876953125,20888.53125,-41679.0078125,-10208.130859375,-39494.8828125,-9177.603515625,19348.4296875,-4583.1806640625
3786.21015744,14053.8828125,20876.88671875,-41865.80078125,-10246.822265625,-39507.82421875,-9268.798828125,19296.529296875,-4600.3466796875
3786.210354363,13963.626953125,20804.556640625,-41645.2109375,-10259.271484375,-39539.38671875,-9231.4716796875,19290.78515625,-4649.9228515625
3786.210550556,13964.54296875,20811.060546875,-41420.734375,-10207.0810546875,-39515.91796875,-9121.322265625,19344.7421875,-4638.00927734375
3786.210746021,14010.140625,20855.02734375,-41460.2265625,-10175.408203125,-39488.04296875,-9102.658203125,19365.193359375,-4606.87353515625
3786.210941485,14059.9404296875,20890.341796875,-41672.5234375,-10190.0712890625,-39482.9921875,-9164.9970703125,19343.04296875,-4584.1640625
3786.211137679,14046.796875,20867.275390625,-41871.6328125,-10252.56640625,-39519.515625,-9273.26953125,19285.95703125,-4611.67919921875
3786.211414101,13962.5537109375,20805.763671875,-41647.40234375,-10260.3447265625,-39546.80859375,-9241.216796875,19278.916015625,-4663.40087890625
3786.211739389,13961.32421875,20821.767578125,-41416.375,-10200.017578125,-39523.31640625,-9136.431640625,19339.244140625,-4651.59912109375
3786.211933759,14006.02734375,20861.396484375,-41458.93359375,-10183.208984375,-39507.4453125,-9117.6787109375,19363.2265625,-4619.81494140625
3786.212128494,14054.6201171875,20886.7890625,-41675.921875,-10210.544921875,-39507.46875,-9184.8681640625,19342.640625,-4598.111328125
3786.212324688,14056.69921875,20889.873046875,-41850.87109375,-10236.7412109375,-39507.55859375,-9266.2060546875,19301.267578125,-4603.69921875
3786.212520152,13968.0078125,20843.806640625,-41622.6796875,-10229.5888671875,-39522.51171875,-9218.2392578125,19299.79296875,-4651.19677734375
3786.212715617,13975.271484375,20853.373046875,-41395.38671875,-10177.375,-39498.1484375,-9106.4580078125,19361.6171875,-4635.79638671875
3786.212910716,14026.748046875,20873.421875,-41438.3671875,-10161.416015625,-39480.1328125,-9095.0146484375,19372.861328125,-4619.79248046875
3786.21310691,14074.2001953125,20900.1328125,-41654.421875,-10183.96875,-39478.92578125,-9158.158203125,19354.80078125,-4602.24658203125
3786.213354158,14062.130859375,20881.916015625,-41848.76953125,-10234.1708984375,-39505.63671875,-9260.08203125,19309.470703125,-4606.64990234375
3786.21368054,13973.70703125,20811.6875,-41631.82421875,-10245.458984375,-39534.55859375,-9224.5869140625,19303.189453125,-4642.41259765625
3786.213876004,13962.1064453125,20813.005859375,-41413.3359375,-10195.3232421875,-39514.77734375,-9121.4560546875,19345.748046875,-4644.916015625
3786.214071833,14004.4853515625,20853.6640625,-41460.18359375,-10179.4765625,-39492.9609375,-9103.1279296875,19370.669921875,-4607.1416015625
3786.214269121,14057.3701171875,20882.765625,-41679.74609375,-10205.716796875,-39494.234375,-9170.607421875,19350.10546875,-4581.1689453125
3786.214464586,14043.556640625,20858.513671875,-41880.15234375,-10263.02734375,-39521.99609375,-9269.603515625,19298.09375,-4599.9443359375
3786.214660415,13969.125,20800.958984375,-41655.08984375,-10260.9931640625,-39539.02734375,-9227.58203125,19292.013671875,-4648.5595703125
3786.214856608,13968.6328125,20816.783203125,-41422.1171875,-10195.94921875,-39509.9921875,-9116.3603515625,19349.63671875,-4638.7470703125
3786.215052802,14002.8759765625,20847.583984375,-41469.99609375,-10182.0244140625,-39499.7578125,-9108.537109375,19363.94140625,-4623.9052734375
3786.215270147,14058.15234375,20889.158203125,-41675.921875,-10192.3955078125,-39488.06640625,-9166.4501953125,19348.2734375,-4596.39013671875
3786.215582671,14048.09375,20877.2890625,-41869.46484375,-10241.4794921875,-39509.63671875,-9261.5126953125,19301.1328125,-4598.06689453125
3786.215849976,13964.05078125,20815.46484375,-41647.53515625,-10243.7822265625,-39536.234375,-9228.275390625,19292.70703125,-4645.98876953125
3786.216045441,13960.408203125,20831.53515625,-41413.06640625,-10187.5224609375,-39510.59765625,-9114.080078125,19351.044921875,-4644.669921875
3786.21625221,14011.1015625,20877.1328125,-41446.7265625,-10167.205078125,-39486.16796875,-9095.0146484375,19385.48828125,-4605.80029296875
3786.216448404,14065.013671875,20910.32421875,-41651.046875,-10176.6376953125,-39475.6171875,-9157.1748046875,19368.994140625,-4577.7939453125
3786.216644597,14051.7822265625,20886.85546875,-41853.6640625,-10240.4736328125,-39507.6484375,-9261.35546875,19313.6953125,-4593.1044921875
3786.216840427,13968.41015625,20819.3984375,-41641.6796875,-10253.8408203125,-39540.05859375,-9227.0234375,19307.7265625,-4640.7587890625
3786.217035162,13966.263671875,20840.744140625,-41401.421875,-10182.76171875,-39508.62890625,-9118.7294921875,19366.69140625,-4633.29296875
3786.217278033,14019.2822265625,20882.36328125,-41432.01953125,-10149.8603515625,-39478.14453125,-9097.80859375,19377.755859375,-4600.1455078125
3786.21759931,14067.025390625,20910.34765625,-41646.08203125,-10175.095703125,-39476.7109375,-9164.193359375,19349.48046875,-4588.45556640625
3786.21783817,14054.5087890625,20881.89453125,-41854.89453125,-10240.8095703125,-39513.5703125,-9273.068359375,19289.0859375,-4609.46630859375
3786.218034729,13969.28125,20813.609375,-41641.5234375,-10251.671875,-39543.43359375,-9237.5068359375,19280.546875,-4649.38623046875
3786.218232746,13959.5361328125,20814.16796875,-41410.046875,-10196.0615234375,-39516.67578125,-9125.7255859375,19337.388671875,-4649.43115234375
3786.218428575,14006.072265625,20858.669921875,-41446.2578125,-10164.3662109375,-39490.61328125,-9105.1845703125,19355.73828125,-4637.62939453125
3786.218624039,14060.9013671875,20898.166015625,-41648.2734375,-10170.625,-39472.84375,-9162.8291015625,19345.681640625,-4600.86083984375
3786.218818045,14049.94921875,20875.814453125,-41852.45703125,-10229.4990234375,-39498.70703125,-9265.6025390625,19296.55078125,-4602.380859375
3786.21901351,13965.2138671875,20805.71875,-41646.6640625,-10247.8505859375,-39530.51171875,-9234.7353515625,19283.275390625,-4653.96826171875
3786.219231948,13961.279296875,20808.2890625,-41421.1796875,-10200.1513671875,-39514.0625,-9130.576171875,19336.62890625,-4648.38037109375
3786.219517851,14012.0849609375,20846.869140625,-41464.02734375,-10182.8740234375,-39496.8515625,-9111.3310546875,19371.138671875,-4608.37109375
3786.21978625,14058.0849609375,20883.14453125,-41675.87890625,-10200.7998046875,-39495.0625,-9173.4013671875,19356.56640625,-4577.65966796875
3786.219982444,14044.271484375,20856.94921875,-41880.57421875,-10258.466796875,-39525.55078125,-9279.818359375,19294.205078125,-4602.9169921875
3786.220179003,13959.46875,20810.123046875,-41660.27734375,-10257.7294921875,-39543.72265625,-9240.904296875,19283.029296875,-4647.03955078125
3786.220410205,13950.2822265625,20820.984375,-41423.8828125,-10198.005859375,-39517.66015625,-9132.4091796875,19336.560546875,-4646.45849609375
3786.220606034,14001.2666015625,20851.294921875,-41462.171875,-10181.3759765625,-39498.171875,-9113.4541015625,19355.783203125,-4623.279296875
3786.220801134,14060.3203125,20887.81640625,-41667.453125,-10194.943359375,-39491.0390625,-9171.501953125,19335.443359375,-4600.3466796875
3786.220996598,14049.45703125,20876.931640625,-41868.640625,-10243.8935546875,-39513.4140625,-9270.251953125,19275.83203125,-4613.556640625
3786.221193886,13963.7158203125,20810.994140625,-41660.41015625,-10259.4951171875,-39545.64453125,-9249.375,19267.203125,-4673.83935546875
3786.221527926,13961.6591796875,20818.4375,-41419.7265625,-10199.01171875,-39516.87890625,-9134.1748046875,19335.5546875,-4663.8701171875
3786.221795595,14011.59375,20856.546875,-41453.90234375,-10177.8896484375,-39495.3984375,-9112.001953125,19366.1328125,-4629.716796875
3786.221991425,14064.34375,20889.671875,-41658.0859375,-10191.9931640625,-39489.609375,-9177.044921875,19345.14453125,-4600.23486328125
3786.673536122,14060.2978515625,20883.435546875,-41855.7421875,-10230.3486328125,-39508.54296875,-9278.6337890625,19283.251953125,-4605.42041015625
3786.673746903,13966.4423828125,20805.583984375,-41657.37109375,-10259.0927734375,-39548.70703125,-9254.9853515625,19265.974609375,-4658.7294921875
3786.67408386,13949.298828125,20798.208984375,-41430.23046875,-10214.76953125,-39532.7265625,-9149.798828125,19317.80859375,-4674.42041015625
3786.674280419,14011.615234375,20851.25,-41456.71875,-10181.2646484375,-39500.31640625,-9120.3837890625,19345.904296875,-4634.3212890625
3786.674471872,14066.35546875,20892.041015625,-41660.703125,-10191.1435546875,-39492.37890625,-9177.6708984375,19334.013671875,-4607.9013671875
3786.674664054,14056.744140625,20879.79296875,-41863.8125,-10235.2880859375,-39506.57421875,-9272.5322265625,19288.19140625,-4616.06005859375
3786.674910937,13972.9248046875,20810.927734375,-41657.4375,-10247.4033203125,-39533.7109375,-9243.876953125,19265.83984375,-4662.529296875
3786.675337239,13972.34375,20813.251953125,-41422.34375,-10195.7255859375,-39512.98828125,-9137.4150390625,19318.478515625,-4654.37060546875
3786.67573145,14001.3564453125,20838.576171875,-41468.54296875,-10186.94140625,-39504.44921875,-9124.451171875,19332.224609375,-4645.720703125
3786.67600459,14056.3193359375,20876.595703125,-41673.8203125,-10205.91796875,-39505.0078125,-9192.2216796875,19319.193359375,-4625.58154296875
3786.676195678,14058.822265625,20862.08984375,-41877.9375,-10255.896484375,-39522.82421875,-9287.2841796875,19273.484375,-4629.1357421875
3786.676386767,13976.8359375,20811.462890625,-41664.65625,-10248.4091796875,-39542.8515625,-9254.0693359375,19267.62890625,-4656.65087890625
3786.676576761,13955.2666015625,20802.6796875,-41434.14453125,-10207.5947265625,-39528.90234375,-9147.40625,19327.53125,-4656.5166015625
3786.67676712,13992.080078125,20829.658203125,-41472.07421875,-10194.98828125,-39513.45703125,-9127.9384765625,19348.876953125,-4629.47119140625
3786.67716279,14053.4130859375,20884.0390625,-41665.88671875,-10197.71484375,-39489.23046875,-9172.7763671875,19346.955078125,-4588.9921875
3786.677573411,14044.115234375,20875.904296875,-41870.78515625,-10245.525390625,-39512.85546875,-9276.130859375,19288.908203125,-4609.01904296875
3786.677870254,13962.822265625,20802.322265625,-41669.10546875,-10266.357421875,-39548.55078125,-9252.3037109375,19265.4609375,-4662.41748046875
3786.678061343,13959.2451171875,20803.439453125,-41426.96875,-10208.17578125,-39522.3984375,-9139.740234375,19317.583984375,-4656.56103515625
3786.678251337,14001.177734375,20838.375,-41463.6484375,-10187.4111328125,-39505.97265625,-9126.5751953125,19342.70703125,-4637.919921875
3786.678440967,14050.41796875,20874.00390625,-41673.41796875,-10207.7509765625,-39506.86328125,-9194.6357421875,19323.888671875,-4620.5751953125
3786.678630961,14054.642578125,20875.27734375,-41874.67578125,-10247.4697265625,-39520.25390625,-9289.541015625,19281.6875,-4607.1640625
3786.678882585,13961.212890625,20801.427734375,-41676.2578125,-10268.5029296875,-39553.1328125,-9260.5732421875,19273.775390625,-4666.17236328125
3786.679329673,13949.232421875,20801.44921875,-41437.51953125,-10219.7763671875,-39530.9375,-9147.451171875,19328.134765625,-4661.0986328125
3786.679645844,13997.9140625,20852.6796875,-41459.35546875,-10182.6943359375,-39501.03125,-9121.7021484375,19356.611328125,-4623.927734375
3786.679881058,14046.126953125,20887.28125,-41661.57421875,-10198.4755859375,-39493.07421875,-9176.888671875,19351.201171875,-4592.92578125
3786.680085275,14035.7333984375,20869.197265625,-41875.63671875,-10255.3603515625,-39518.12890625,-9277.6279296875,19299.63671875,-4601.79931640625
3786.680276728,13954.8203125,20803.953125,-41678.4921875,-10272.0126953125,-39552.73046875,-9255.2314453125,19273.55078125,-4657.0751953125
3786.680466357,13950.3046875,20814.548828125,-41429.00390625,-10205.1357421875,-39522.6015625,-9139.7626953125,19328.24609375,-4658.349609375
3786.680656352,14005.5810546875,20854.087890625,-41450.81640625,-10173.2626953125,-39490.859375,-9109.1630859375,19358.912109375,-4636.19873046875
3786.680906881,14057.705078125,20879.255859375,-41656.20703125,-10194.2734375,-39489.3203125,-9174.6083984375,19340.271484375,-4602.5595703125
3786.681295622,14046.796875,20865.755859375,-41870.98828125,-10248.6103515625,-39519.359375,-9284.7138671875,19287.38671875,-4599.2958984375
3786.681666129,13950.349609375,20810.099609375,-41674.53515625,-10258.646484375,-39549.625,-9262.8759765625,19267.271484375,-4656.6728515625
3786.681996523,13942.7724609375,20809.09375,-41431.21484375,-10206.8125,-39524.0546875,-9148.45703125,19318.724609375,-4673.83935546875
3786.682186882,13994.8291015625,20832.921875,-41465.48046875,-10196.8212890625,-39513.01171875,-9134.8671875,19338.08203125,-4651.7333984375
3786.682377241,14048.138671875,20866.068359375,-41668.48046875,-10212.4228515625,-39507.55859375,-9192.69140625,19327.978515625,-4613.958984375
3786.682568329,14041.65625,20854.982421875,-41882.98828125,-10262.6689453125,-39531.36328125,-9292.759765625,19277.3515625,-4625.40283203125
3786.682759053,13952.6513671875,20799.482421875,-41683.3671875,-10270.7607421875,-39557.42578125,-9263.255859375,19262.353515625,-4677.97412109375
3786.683108044,13938.97265625,20792.12890625,-41445.09765625,-10226.7724609375,-39541.33203125,-9156.19140625,19312.33203125,-4679.38232421875
3786.683479645,13979.9208984375,20822.326171875,-41480.14453125,-10207.9072265625,-39528.90234375,-9143.2490234375,19329.05078125,-4651.77783203125
3786.683761537,14037.7001953125,20871.25390625,-41670.37890625,-10203.705078125,-39507.06640625,-9191.529296875,19321.09375,-4612.4833984375
3786.683982164,14039.9580078125,20871.322265625,-41876.796875,-10242.7763671875,-39521.03515625,-9283.796875,19273.41796875,-4616.9541015625
3786.68420352,13958.2841796875,20804.869140625,-41687.92578125,-10267.4970703125,-39559.703125,-9266.630859375,19251.625,-4679.4716796875
3786.684519691,13952.71875,20805.5625,-41444.24609375,-10217.5859375,-39542.0703125,-9160.884765625,19305.603515625,-4680.20947265625
3786.684761469,13995.9248046875,20834.8203125,-41472.7890625,-10199.3017578125,-39522.82421875,-9139.2255859375,19331.419921875,-4650.9287109375
3786.685132706,14046.08203125,20862.068359375,-41674.6484375,-10222.5029296875,-39517.48046875,-9190.388671875,19330.19140625,-4617.3564453125
3786.685387976,14044.2939453125,20856.94921875,-41883.83984375,-10262.826171875,-39529.75390625,-9282.6572265625,19286.203125,-4617.87060546875
3786.685585629,13957.2783203125,20807.306640625,-41680.32421875,-10257.0146484375,-39551.30078125,-9257.0869140625,19276.703125,-4665.59130859375
3786.68581756,13954.1044921875,20807.328125,-41431.4609375,-10206.1640625,-39528.27734375,-9143.673828125,19332.939453125,-4668.20654296875
3786.686014119,14008.4189453125,20853.8203125,-41453.58984375,-10175.4306640625,-39501.23046875,-9119.8466796875,19356.431640625,-4639.7080078125
3786.686210677,14057.8388671875,20886.38671875,-41657.1015625,-10194.02734375,-39498.640625,-9180.0625,19343.087890625,-4614.763671875
3786.686407965,14049.0546875,20867.09765625,-41881.4453125,-10256.2763671875,-39531.765625,-9291.75390625,19282.40234375,-4621.82666015625
3786.686603794,13954.9765625,20795.37109375,-41692.62109375,-10274.0908203125,-39563.1015625,-9274.2080078125,19257.66015625,-4674.46484375
3786.68687037,13953.3447265625,20801.740234375,-41442.859375,-10221.4970703125,-39540.75,-9159.3203125,19311.482421875,-4670.19580078125
3786.687256923,13995.5,20836.384765625,-41471.62890625,-10204.041015625,-39524.56640625,-9140.8798828125,19331.822265625,-4640.1552734375
3786.687590598,14044.2041015625,20868.28125,-41670.37890625,-10221.0947265625,-39520.38671875,-9200.447265625,19325.005859375,-4607.00732421875
3786.687794814,14042.4384765625,20852.859375,-41886.1875,-10271.431640625,-39535.7890625,-9295.2412109375,19280.525390625,-4614.9423828125
3786.687995384,13962.0615234375,20784.931640625,-41691.58984375,-10278.3828125,-39550.96484375,-9260.328125,19273.462890625,-4652.6943359375
3786.688197413,13944.11328125,20784.126953125,-41444.73828125,-10229.119140625,-39531.609375,-9150.1787109375,19327.6875,-4659.466796875
3786.688397983,13982.6923828125,20826.908203125,-41466.6640625,-10198.3408203125,-39505.0546875,-9124.5185546875,19354.46484375,-4640.62451171875
3786.688598552,14038.884765625,20866.001953125,-41660.34375,-10200.576171875,-39487.57421875,-9169.490234375,19350.330078125,-4609.578125
3786.688827931,14036.962890625,20861.53125,-41884.5078125,-10261.1943359375,-39514.2421875,-9268.642578125,19304.1953125,-4607.40966796875
3786.689031054,13954.328125,20798.611328125,-41694.80859375,-10275.56640625,-39547.74609375,-9254.7841796875,19282.470703125,-4664.0712890625
3786.689231988,13941.7890625,20792.912109375,-41441.4765625,-10211.0146484375,-39523.49609375,-9146.4677734375,19324.9375,-4670.2626953125
3786.689432923,13988.3251953125,20827.958984375,-41468.36328125,-10194.6083984375,-39509.703125,-9136.5439453125,19342.23828125,-4648.58154296875
3786.689633857,14042.4384765625,20857.84375,-41670.8046875,-10216.580078125,-39509.66015625,-9197.0498046875,19330.794921875,-4619.9716796875
3786.689847191,14042.3271484375,20846.287109375,-41888.35546875,-10268.4580078125,-39530.78125,-9295.3974609375,19284.212890625,-4606.962890625
3786.690041926,13956.1611328125,20782.78515625,-41700.62109375,-10283.5234375,-39553.421875,-9267.3681640625,19272.412109375,-4652.7392578125
3786.690236661,13940.73828125,20784.462890625,-41453.03125,-10230.884765625,-39533.0625,-9156.861328125,19321.65234375,-4666.44091796875
3786.690431031,13989.2197265625,20839.4921875,-41470.5546875,-10193.7138671875,-39506.171875,-9128.6533203125,19349.16796875,-4634.25439453125
3786.690625766,14044.62890625,20883.16796875,-41661.796875,-10199.3017578125,-39492.22265625,-9174.36328125,19339.421875,-4607.9013671875
3786.690899271,14040.1142578125,20858.939453125,-41887.3046875,-10261.41796875,-39522.48828125,-9284.1767578125,19283.833984375,-4619.5244140625
3786.691129744,13950.259765625,20783.9921875,-41706.58984375,-10289.4912109375,-39559.1015625,-9268.59765625,19260.005859375,-4668.7431640625
3786.691344171,13940.89453125,20790.85546875,-41447.3984375,-10222.861328125,-39530.265625,-9150.3349609375,19320.267578125,-4664.138671875
3786.69154,13991.5439453125,20827.35546875,-41468.140625,-10195.681640625,-39510.9765625,-9129.6142578125,19337.1875,-4643.37353515625
3786.691750781,14040.806640625,20854.9375,-41665.796875,-10212.8701171875,-39511.6015625,-9201.8330078125,19318.90234375,-4617.9599609375
3786.691988547,14034.056640625,20837.75,-41889.203125,-10268.4140625,-39535.296875,-9308.697265625,19267.806640625,-4622.1396484375
3786.692182918,13949.544921875,20770.447265625,-41704.6015625,-10286.787109375,-39558.1171875,-9278.6337890625,19253.63671875,-4678.9130859375
3786.692378017,13932.1552734375,20771.095703125,-41452.671875,-10236.00390625,-39539.5,-9164.1708984375,19304.75390625,-4673.83935546875
3786.692572753,13976.6572265625,20816.89453125,-41472.6328125,-10210.478515625,-39517.078125,-9137.236328125,19328.73828125,-4640.3115234375
3786.692784263,14035.5546875,20871.142578125,-41660.2109375,-10202.4091796875,-39496.0703125,-9182.8564453125,19322.8828125,-4621.82666015625
3786.69298775,14042.86328125,20860.16796875,-41881.1328125,-10254.3544921875,-39514.21875,-9281.919921875,19281.8671875,-4623.61474609375
3786.69319926,13950.4833984375,20784.6640625,-41703.4609375,-10282.0263671875,-39548.68359375,-9264.4853515625,19257.234375,-4673.548828125
3786.693393995,13931.7978515625,20772.1015625,-41453.58984375,-10234.505859375,-39534.8046875,-9157.666015625,19306.564453125,-4683.00341796875
3786.693589459,13975.5625,20806.0546875,-41476.92578125,-10214.61328125,-39518.53125,-9136.6328125,19327.306640625,-4659.7578125
3786.693814462,14033.85546875,20849.998046875,-41665.84375,-10218.4580078125,-39504.18359375,-9190.6796875,19321.919921875,-4618.697265625
3786.694009927,14036.962890625,20845.86328125,-41884.0390625,-10258.400390625,-39516.54296875,-9284.646484375,19281.552734375,-4621.42431640625
3786.694208673,13950.2158203125,20778.404296875,-41706.5234375,-10277.376953125,-39550.51953125,-9267.123046875,19262.755859375,-4670.24072265625
3786.694404138,13939.12890625,20778.47265625,-41457.30078125,-10230.818359375,-39537.46484375,-9163.8349609375,19315.39453125,-4677.326171875
3786.694597779,13976.814453125,20816.158203125,-41479.3828125,-10207.0810546875,-39516.67578125,-9140.388671875,19334.9296875,-4650.79443359375
3786.694834816,14026.748046875,20847.896484375,-41677.01953125,-10223.888671875,-39511.42578125,-9196.15625,19323.708984375,-4624.21826171875
3786.695044867,14027.3515625,20827.623046875,-41912.0234375,-10296.8232421875,-39546.96484375,-9305.74609375,19267.494140625,-4629.515625
3786.695256012,13955.0654296875,20767.69921875,-41726.37109375,-10309.384765625,-39574.0078125,-9287.1279296875,19246.7734375,-4671.3359375
3786.695452571,13950.4169921875,20779.947265625,-41455.7578125,-10229.923828125,-39540.81640625,-9168.373046875,19305.3359375,-4662.0595703125
3786.6956484,13995.052734375,20817.005859375,-41473.125,-10205.046875,-39518.6875,-9139.4052734375,19342.26171875,-4623.16796875
3786.695878873,14045.0087890625,20862.42578125,-41663.2265625,-10209.494140625,-39507.78125,-9190.4111328125,19336.2265625,-4596.05517578125
3786.696074702,14033.810546875,20843.76171875,-41892.17578125,-10272.056640625,-39534.37890625,-9292.4921875,19284.146484375,-4603.9228515625
3786.696270531,13954.619140625,20767.810546875,-41720.671875,-10296.3759765625,-39569.671875,-9283.595703125,19248.49609375,-4673.5263671875
3786.696465631,13938.1904296875,20770.671875,-41465.1015625,-10242.2841796875,-39551.94921875,-9177.783203125,19291.1875,-4691.8994140625
3786.696660366,13982.3798828125,20816.693359375,-41473.99609375,-10203.28125,-39516.56640625,-9141.796875,19324.625,-4664.0712890625
3786.69688391,14039.197265625,20851.048828125,-41665.3515625,-10219.5302734375,-39506.1953125,-9184.7568359375,19328.357421875,-4622.65380859375
3786.697102714,14036.91796875,20845.4375,-41889.828125,-10266.2900390625,-39521.08203125,-9284.5341796875,19285.93359375,-4622.60888671875
3786.697299272,13946.3486328125,20780.349609375,-41711.6171875,-10271.69921875,-39545.2890625,-9273.0908203125,19262.509765625,-4672.98974609375
3786.697495101,13937.8544921875,20785.4453125,-41456.5859375,-10226.50390625,-39531.02734375,-9166.0478515625,19307.4375,-4672.498046875
3786.697691659,13985.0390625,20822.05859375,-41472.3671875,-10200.0400390625,-39509.50390625,-9137.9521484375,19333.23046875,-4644.9609375
3786.69792505,14027.708984375,20847.673828125,-41667.13671875,-10217.4072265625,-39505.234375,-9193.697265625,19318.478515625,-4613.60107421875
3786.698120879,14022.2548828125,20836.072265625,-41892.4453125,-10271.2080078125,-39527.78515625,-9296.716796875,19268.9921875,-4615.1435546875
3786.698318167,13939.7998046875,20772.66015625,-41717.54296875,-10291.32421875,-39560.33203125,-9282.6572265625,19246.88671875,-4671.537109375
3786.69851509,13931.4619140625,20774.5390625,-41453.6796875,-10233.6123046875,-39534.58203125,-9165.3330078125,19308.375,-4685.9091796875
3786.698732799,13978.69140625,20819.3984375,-41461.27734375,-10199.7490234375,-39498.796875,-9124.697265625,19345.234375,-4645.22900390625
3786.699033654,14033.38671875,20858.55859375,-41647.19921875,-10206.052734375,-39487.46484375,-9176.2177734375,19336.962890625,-4609.64501953125
3786.699380093,14035.1748046875,20845.1484375,-41876.4609375,-10254.7119140625,-39511.91796875,-9279.7734375,19284.615234375,-4620.86572265625
3786.699643386,13944.91796875,20778.94140625,-41707.39453125,-10281.6015625,-39548.4375,-9265.46875,19263.046875,-4672.22998046875
3786.699868754,13927.3720703125,20779.724609375,-41450.484375,-10235.6904296875,-39534.89453125,-9160.6611328125,19319.41796875,-4666.552734375
3786.700063489,13970.3095703125,20815.666015625,-41467.87109375,-10210.8583984375,-39517.2578125,-9140.1201171875,19345.009765625,-4645.05029296875
3786.700259318,14037.3203125,20871.5234375,-41647.69140625,-10201.3583984375,-39493.7890625,-9183.236328125,19340.31640625,-4615.07666015625
3786.700454053,14037.1865234375,20854.826171875,-41887.28125,-10266.9609375,-39528.3671875,-9299.7783203125,19275.18359375,-4626.27490234375
3786.700648059,13947.5107421875,20768.861328125,-41728.76171875,-10307.08203125,-39573.47265625,-9294.5703125,19242.818359375,-4672.9453125
3786.700932503,13929.31640625,20770.783203125,-41468.1171875,-10249.1015625,-39553.3125,-9184.48828125,19291.58984375,-4678.04150390625
3786.701203455,13981.59765625,20822.505859375,-41470.51171875,-10208.421875,-39519.13671875,-9144.6572265625,19331.64453125,-4643.5302734375
3786.701400013,14037.833984375,20872.751953125,-41646.12890625,-10197.5810546875,-39497.09765625,-9184.935546875,19332.42578125,-4612.86376953125
3786.701612617,14039.7568359375,20871.1640625,-41869.33203125,-10240.7646484375,-39512.54296875,-9281.8525390625,19288.638671875,-4617.177734375
3787.155188176,13948.0029296875,20802.478515625,-41701.91796875,-10266.40234375,-39542.046875,-9262.9208984375,19281.552734375,-4658.8857421875
3787.15538984,13919.458984375,20801.71875,-41449.2109375,-10223.0400390625,-39531.67578125,-9159.1865234375,19328.111328125,-4656.4716796875
3787.155582022,13978.04296875,20845.37109375,-41462.53125,-10197.447265625,-39508.69921875,-9125.9716796875,19349.904296875,-4629.962890625
3787.15577384,14039.98046875,20878.16015625,-41646.1484375,-10204.2197265625,-39493.18359375,-9169.6240234375,19342.39453125,-4601.03955078125
3787.156083447,14035.1298828125,20860.63671875,-41880.15234375,-10260.0322265625,-39520.5,-9291.6650390625,19281.486328125,-4618.63037109375
3787.156510114,13956.943359375,20788.150390625,-41711.9296875,-10277.4658203125,-39548.55078125,-9277.1142578125,19262.599609375,-4667.42431640625
3787.156842695,13935.708984375,20786.1171875,-41447.421875,-10217.541015625,-39525.015625,-9159.3203125,19316.623046875,-4670.44189453125
3787.157062228,13974.51171875,20818.458984375,-41463.24609375,-10198.3857421875,-39508.98828125,-9138.64453125,19333.095703125,-4649.96728515625
3787.157253681,14031.7099609375,20856.30078125,-41648.2734375,-10206.1640625,-39496.24609375,-9189.9423828125,19317.583984375,-4617.87060546875
3787.157446228,14031.5087890625,20849.193359375,-41879.6796875,-10258.712890625,-39517.05859375,-9292.1123046875,19272.58984375,-4621.0888671875
3787.157637681,13947.0419921875,20790.20703125,-41715.0625,-10280.998046875,-39547.6328125,-9275.884765625,19251.53515625,-4665.14453125
3787.157828404,13932.1552734375,20785.22265625,-41454.75390625,-10231.779296875,-39531.69921875,-9166.830078125,19301.603515625,-4679.5166015625
3787.158163903,13980.6142578125,20822.1484375,-41463.91796875,-10202.9677734375,-39507.73828125,-9135.91796875,19329.029296875,-4661.59033203125
3787.158549362,14025.697265625,20851.40625,-41654.01953125,-10214.658203125,-39501.87890625,-9187.21484375,19322.12109375,-4624.9560546875
3787.158922786,14024.78125,20834.373046875,-41889.94140625,-10271.0068359375,-39525.86328125,-9292.1123046875,19269.283203125,-4625.00048828125
3787.159114239,13946.728515625,20769.666015625,-41723.5546875,-10293.6708984375,-39555.4140625,-9276.80078125,19249.412109375,-4662.0595703125
3787.159304963,13931.8642578125,20771.87890625,-41460.9453125,-10242.2177734375,-39540.125,-9172.2841796875,19299.970703125,-4673.43701171875
3787.159495687,13962.9560546875,20813.810546875,-41468.09765625,-10207.0810546875,-39512.140625,-9141.8857421875,19332.224609375,-4648.42529296875
3787.159687504,14017.740234375,20858.4921875,-41648.20703125,-10206.8125,-39494.078125,-9184.33203125,19329.564453125,-4627.03466796875
3787.159907767,14033.005859375,20845.52734375,-41881.11328125,-10260.4345703125,-39517.390625,-9290.0556640625,19278.849609375,-4627.50390625
3787.160276815,13943.7333984375,20767.654296875,-41725.296875,-10293.783203125,-39561.3359375,-9289.3623046875,19245.03125,-4676.18603515625
3787.160636747,13926.791015625,20762.4453125,-41464.36328125,-10249.90625,-39551.703125,-9183.3037109375,19288.52734375,-4686.62451171875
3787.160827106,13969.0576171875,20794.72265625,-41478.48828125,-10232.7626953125,-39531.609375,-9152.2119140625,19313.78515625,-4661.56787109375
3787.161154217,14027.4853515625,20834.015625,-41658.5546875,-10230.884765625,-39512.38671875,-9191.3056640625,19312.890625,-4617.7587890625
3787.161345305,14029.36328125,20843.158203125,-41885.3828125,-10260.1435546875,-39522.4453125,-9295.4423828125,19267.158203125,-4619.6806640625
3787.161536029,13947.443359375,20781.51171875,-41724.6953125,-10273.15234375,-39549.51171875,-9282.791015625,19240.73828125,-4676.521484375
3787.161727117,13930.8583984375,20779.43359375,-41457.12109375,-10219.396484375,-39528.58984375,-9164.5283203125,19299.703125,-4680.052734375
3787.161946285,13971.8740234375,20813.1171875,-41467.22265625,-10197.8720703125,-39510.640625,-9139.3603515625,19332.560546875,-4653.25341796875
3787.162138103,14026.5244140625,20853.931640625,-41650.0390625,-10205.046875,-39497.74609375,-9185.5166015625,19324.177734375,-4625.85009765625
3787.162329191,14030.837890625,20841.458984375,-41890.69921875,-10265.642578125,-39523.1796875,-9293.85546875,19265.951171875,-4632.0859375
3787.162519551,13946.21484375,20774.583984375,-41736.2734375,-10293.4033203125,-39561.11328125,-9288.580078125,19237.521484375,-4680.544921875
3787.162710639,13931.529296875,20783.166015625,-41464.56640625,-10226.9736328125,-39537.12890625,-9174.6982421875,19288.9296875,-4693.4638671875
3787.162930901,13975.0703125,20819.62109375,-41468.9453125,-10194.7197265625,-39513.546875,-9146.490234375,19311.3046875,-4676.3427734375
3787.163345169,14020.421875,20854.580078125,-41657.4140625,-10211.3271484375,-39509.32421875,-9199.7763671875,19299.94921875,-4648.693359375
3787.163735733,14024.9375,20845.080078125,-41900.2890625,-10273.7333984375,-39538.359375,-9309.92578125,19247.154296875,-4649.85595703125
3787.164141978,13940.626953125,20772.794921875,-41748.9921875,-10305.7861328125,-39579.953125,-9310.41796875,19217.60546875,-4698.671875
3787.164381933,13930.4560546875,20772.236328125,-41476.8125,-10241.435546875,-39555.75,-9195.7763671875,19268.947265625,-4710.16064453125
3787.164577397,13986.5595703125,20821.275390625,-41472.92578125,-10200.8671875,-39519.96484375,-9151.2060546875,19310.857421875,-4661.65771484375
3787.164772497,14033.1630859375,20850.623046875,-41654.30859375,-10207.28125,-39499.35546875,-9191.126953125,19309.783203125,-4612.19287109375
3787.165038343,14030.5029296875,20837.705078125,-41893.828125,-10262.9150390625,-39524.34375,-9302.86328125,19259.357421875,-4621.71484375
3787.165324611,13938.4140625,20759.16015625,-41747.29296875,-10301.896484375,-39570.0078125,-9302.21484375,19230.970703125,-4677.3486328125
3787.165545967,13917.6708984375,20755.025390625,-41480.97265625,-10249.59375,-39553.265625,-9189.025390625,19284.548828125,-4682.62353515625
3787.165781545,13966.509765625,20802.12109375,-41480.16796875,-10208.578125,-39524.07421875,-9153.5537109375,19321.16015625,-4664.7421875
3787.166008007,14016.7119140625,20835.71484375,-41671.4765625,-10227.80078125,-39524.6796875,-9209.1865234375,19305.0,-4643.03857421875
3787.166203836,14025.7197265625,20829.9921875,-41910.79296875,-10285.625,-39550.60546875,-9322.2197265625,19240.716796875,-4643.03857421875
3787.16640003,13941.587890625,20761.306640625,-41754.98046875,-10301.427734375,-39575.8203125,-9310.931640625,19213.40234375,-4691.83251953125
3787.166595494,13918.4541015625,20759.80859375,-41487.609375,-10251.8291015625,-39556.75390625,-9189.16015625,19270.869140625,-4689.21728515625
3787.166790959,13962.083984375,20790.9453125,-41496.86328125,-10234.0595703125,-39538.44921875,-9161.0185546875,19308.95703125,-4655.48828125
3787.167096554,14022.9482421875,20834.240234375,-41671.4296875,-10233.34375,-39519.203125,-9205.0068359375,19306.341796875,-4632.22021484375
3787.167397409,14025.8984375,20830.439453125,-41905.9453125,-10274.76171875,-39533.640625,-9305.12109375,19262.173828125,-4643.9326171875
3787.167595791,13937.3857421875,20761.462890625,-41759.921875,-10303.6845703125,-39572.890625,-9303.4443359375,19233.67578125,-4691.63134765625
3787.167793079,13921.404296875,20761.865234375,-41490.24609375,-10247.828125,-39551.8359375,-9187.9970703125,19279.072265625,-4698.82861328125
3787.168019175,13962.4638671875,20802.232421875,-41489.64453125,-10209.5166015625,-39522.9140625,-9152.6591796875,19311.974609375,-4670.1513671875
3787.168215005,14012.7333984375,20839.693359375,-41670.625,-10220.3798828125,-39515.06640625,-9204.6044921875,19305.89453125,-4638.63525390625
