#3776.128619966,14269.3310546875,21140.99609375,-41196.140625,-9958.1943359375,-39478.38671875,-8860.25390625,19598.58984375,-4492.3876953125
3776.128886542,14321.791015625,21183.619140625,-41343.5078125,-9955.3779296875,-39460.1953125,-8891.859375,19601.2734375,-4455.88720703125
3776.129205995,14341.1923828125,21187.509765625,-41596.73046875,-10004.685546875,-39476.84765625,-8996.7333984375,19561.0625,-4443.34814453125
3776.12940547,14258.5576171875,21121.21484375,-41519.4140625,-10052.943359375,-39522.33203125,-9021.5439453125,19524.3828125,-4483.201171875
3776.129602394,14216.447265625,21096.359375,-41236.51171875,-10011.369140625,-39512.40625,-8907.4609375,19566.091796875,-4502.06591796875
3776.129798587,14258.8037109375,21130.7578125,-41203.1171875,-9973.5947265625,-39484.109375,-8856.431640625,19601.474609375,-4489.48193359375
3776.129994781,14310.5029296875,21173.8515625,-41354.1484375,-9974.443359375,-39471.4140625,-8895.5693359375,19598.3671875,-4464.91748046875
3776.130190975,14334.4423828125,21186.97265625,-41602.9453125,-10015.1689453125,-39478.07421875,-8989.6923828125,19562.044921875,-4441.0458984375
3776.130402849,14258.22265625,21120.453125,-41519.796875,-10052.33984375,-39516.02734375,-9014.8828125,19532.318359375,-4484.52001953125
3776.130750747,14220.8955078125,21094.1015625,-41237.0703125,-10016.0625,-39514.5546875,-8913.1376953125,19571.208984375,-4507.564453125
3776.131058166,14253.595703125,21132.03125,-41208.4140625,-9987.8994140625,-39495.17578125,-8867.205078125,19609.4765625,-4484.54248046875
3776.131255089,14300.154296875,21165.716796875,-41362.125,-9991.4306640625,-39485.765625,-8901.0458984375,19613.029296875,-4461.34130859375
3776.131453471,14336.6103515625,21168.578125,-41608.62109375,-10026.8359375,-39489.7890625,-9001.5390625,19564.99609375,-4450.07568359375
3776.131650759,14256.568359375,21105.34375,-41527.6171875,-10058.53125,-39522.7109375,-9024.4716796875,19523.48828125,-4493.84033203125
3776.131846588,14216.5810546875,21091.26171875,-41237.60546875,-10010.474609375,-39509.3671875,-8909.7626953125,19566.5390625,-4506.71533203125
3776.132042781,14258.982421875,21129.751953125,-41201.23828125,-9973.482421875,-39481.78515625,-8859.203125,19599.328125,-4471.4443359375
3776.132238246,14309.564453125,21164.0390625,-41351.8671875,-9979.5849609375,-39470.36328125,-8891.7919921875,19597.31640625,-4447.30419921875
3776.132487317,14325.0986328125,21169.494140625,-41607.1015625,-10025.47265625,-39487.3515625,-9003.595703125,19551.31640625,-4452.6240234375
3776.132814064,14264.7265625,21120.744140625,-41520.1328125,-10050.685546875,-39512.765625,-9013.9892578125,19532.80859375,-4473.85791015625
3776.133009893,14225.7900390625,21091.865234375,-41235.79296875,-10014.4306640625,-39506.91015625,-8903.7060546875,19576.3515625,-4497.6181640625
3776.133206816,14251.181640625,21109.703125,-41208.16796875,-9990.201171875,-39487.10546875,-8854.2861328125,19605.162109375,-4481.10009765625
3776.133433277,14303.8427734375,21169.181640625,-41350.37109375,-9975.203125,-39465.76171875,-8884.9521484375,19607.5546875,-4441.828125
3776.133629836,14328.7646484375,21194.169921875,-41595.3671875,-10005.53515625,-39470.51953125,-8989.40234375,19572.259765625,-4429.95947265625
3776.13382603,14242.53125,21105.544921875,-41539.8671875,-10073.640625,-39528.09765625,-9028.47265625,19521.07421875,-4500.88134765625
3776.134023317,14202.208984375,21076.287109375,-41254.97265625,-10032.2900390625,-39519.6953125,-8920.0,19558.849609375,-4520.55078125
3776.134219876,14247.560546875,21126.0859375,-41201.55078125,-9966.642578125,-39477.25,-8857.9296875,19613.74609375,-4476.205078125
3776.134482075,14304.892578125,21157.9375,-41348.8046875,-9973.1025390625,-39469.08984375,-8894.072265625,19612.224609375,-4443.99609375
3776.134845289,14324.47265625,21164.12890625,-41604.84375,-10025.271484375,-39486.66015625,-8994.54296875,19566.494140625,-4438.07275390625
3776.135195375,14245.34765625,21104.3828125,-41534.9296875,-10058.1953125,-39519.16015625,-9014.681640625,19530.595703125,-4483.55859375
3776.135393392,14201.158203125,21082.9921875,-41248.40234375,-10019.03515625,-39511.515625,-8914.009765625,19562.783203125,-4500.68017578125
3776.13558995,14240.1171875,21124.6328125,-41206.71484375,-9978.9814453125,-39481.65234375,-8860.5,19604.22265625,-4474.48388671875
3776.135787603,14294.3427734375,21162.85546875,-41351.2421875,-9976.2314453125,-39465.984375,-8891.5458984375,19603.330078125,-4450.43359375
3776.13598489,14330.3740234375,21182.279296875,-41600.41796875,-10019.8623046875,-39476.21875,-8988.8876953125,19567.90234375,-4433.8037109375
3776.136181449,14247.091796875,21112.853515625,-41538.83984375,-10066.80078125,-39520.3671875,-9021.4326171875,19523.689453125,-4489.66064453125
3776.136424321,14206.7021484375,21085.18359375,-41247.39453125,-10025.181640625,-39514.44140625,-8914.568359375,19565.80078125,-4508.65966796875
3776.136778053,14245.4150390625,21119.134765625,-41203.94140625,-9989.1953125,-39489.51953125,-8864.27734375,19601.294921875,-4481.0107421875
3776.136977164,14294.7001953125,21162.990234375,-41344.66796875,-9980.724609375,-39471.21484375,-8894.6982421875,19600.357421875,-4456.78125
3776.137175911,14318.818359375,21168.533203125,-41597.55859375,-10022.34375,-39482.65625,-8994.9228515625,19559.228515625,-4444.2421875
3776.137375022,14248.611328125,21108.943359375,-41529.40625,-10060.4306640625,-39517.52734375,-9016.73828125,19524.919921875,-4488.65478515625
3776.13757158,14204.9140625,21086.8359375,-41236.46484375,-10015.7939453125,-39506.55078125,-8902.140625,19579.904296875,-4513.7333984375
3776.137767409,14238.708984375,21120.54296875,-41199.203125,-9986.2900390625,-39484.4453125,-8856.87890625,19608.0234375,-4487.31396484375
3776.137963603,14299.908203125,21160.150390625,-41342.58984375,-9987.5419921875,-39473.42578125,-8901.5595703125,19597.048828125,-4461.05078125
3776.13816162,14330.8876953125,21178.791015625,-41590.31640625,-10016.509765625,-39475.6171875,-8996.6669921875,19558.111328125,-4451.93115234375
3776.138402304,14257.8203125,21115.380859375,-41528.40234375,-10054.0380859375,-39510.6875,-9022.4384765625,19520.76171875,-4491.27001953125
3776.138688207,14217.453125,21084.310546875,-41242.6796875,-10022.5224609375,-39510.53125,-8914.45703125,19563.341796875,-4513.2197265625
3776.138928162,14238.083984375,21106.3046875,-41210.8046875,-9996.392578125,-39495.62109375,-8867.80859375,19595.39453125,-4502.625
3776.139125085,14295.4609375,21150.517578125,-41347.0390625,-9985.306640625,-39470.9921875,-8890.5185546875,19606.123046875,-4461.89990234375
3776.139321278,14324.4287109375,21162.140625,-41600.796875,-10030.61328125,-39484.6484375,-8994.029296875,19567.96875,-4435.10009765625
3776.139555398,14242.77734375,21106.283203125,-41542.125,-10064.4091796875,-39518.77734375,-9023.734375,19525.568359375,-4483.4248046875
3776.139751592,14201.7841796875,21095.80078125,-41246.41015625,-10011.48046875,-39507.9609375,-8915.6865234375,19554.177734375,-4521.71337890625
3776.591588028,14244.3193359375,21114.75390625,-41205.91015625,-9985.6865234375,-39485.40625,-8855.716796875,19594.1875,-4498.66845703125
3776.591782033,14298.232421875,21155.61328125,-41345.71875,-9984.345703125,-39470.9921875,-8889.490234375,19601.138671875,-4461.92236328125
3776.591965099,14324.853515625,21182.14453125,-41590.8984375,-10004.6181640625,-39473.6484375,-8993.1572265625,19560.279296875,-4453.00390625
3776.592149258,14250.0419921875,21118.419921875,-41537.1171875,-10050.1494140625,-39513.79296875,-9026.2158203125,19525.9921875,-4482.5751953125
3776.592328677,14211.775390625,21092.626953125,-41243.8203125,-10010.765625,-39507.06640625,-8918.033203125,19562.560546875,-4504.70361328125
3776.592506637,14250.82421875,21122.21875,-41195.31640625,-9970.5986328125,-39478.45703125,-8862.01953125,19602.837890625,-4483.4248046875
3776.592685692,14294.7900390625,21155.412109375,-41342.30078125,-9981.08203125,-39472.265625,-8895.8828125,19608.0234375,-4454.92626953125
3776.592863652,14320.4501953125,21165.24609375,-41599.1875,-10022.298828125,-39485.67578125,-8999.52734375,19560.212890625,-4451.88623046875
3776.593094125,14248.7001953125,21101.23046875,-41549.48046875,-10062.0849609375,-39522.82421875,-9033.435546875,19506.345703125,-4506.04443359375
3776.593516051,14209.1826171875,21075.638671875,-41257.9453125,-10021.650390625,-39517.32421875,-8927.8681640625,19537.705078125,-4536.21923828125
3776.593933236,14253.88671875,21116.20703125,-41205.375,-9979.763671875,-39485.05078125,-8867.9873046875,19581.71484375,-4511.11865234375
3776.594252324,14301.25,21149.712890625,-41350.48046875,-9990.3134765625,-39480.06640625,-8904.7333984375,19584.353515625,-4477.70263671875
3776.594615538,14329.79296875,21161.24609375,-41603.30078125,-10031.26171875,-39490.9296875,-9003.4169921875,19552.0546875,-4450.12060546875
3776.594794228,14254.7802734375,21105.857421875,-41547.51171875,-10065.3037109375,-39521.7734375,-9028.40625,19520.5390625,-4476.6298828125
3776.594972188,14209.1376953125,21083.328125,-41255.15234375,-10029.205078125,-39520.3671875,-8918.435546875,19559.921875,-4506.9384765625
3776.595188074,14246.443359375,21115.669921875,-41206.4453125,-9993.7333984375,-39494.79296875,-8860.6337890625,19603.330078125,-4482.53076171875
3776.595366399,14298.7685546875,21152.23828125,-41344.24609375,-9988.97265625,-39478.1875,-8893.177734375,19605.83203125,-4454.72509765625
3776.595544723,14333.9501953125,21186.390625,-41583.90234375,-9999.3212890625,-39469.203125,-8984.931640625,19578.720703125,-4443.6611328125
3776.595723048,14255.1376953125,21125.28125,-41539.98046875,-10043.2197265625,-39506.484375,-9020.046875,19532.25,-4486.48681640625
3776.595901373,14203.37109375,21089.384765625,-41249.2265625,-10009.4912109375,-39504.3828125,-8915.306640625,19562.91796875,-4515.9912109375
3776.59614935,14245.146484375,21119.3359375,-41198.2421875,-9974.1533203125,-39479.4375,-8859.44921875,19604.3125,-4494.421875
3776.596622695,14297.1591796875,21148.416015625,-41341.71875,-9984.5693359375,-39474.03125,-8894.072265625,19603.240234375,-4457.5859375
3776.597040974,14331.46875,21159.5703125,-41598.02734375,-10031.955078125,-39483.375,-8990.51953125,19568.080078125,-4433.71435546875
3776.597405647,14260.837890625,21103.265625,-41556.02734375,-10073.529296875,-39521.37109375,-9020.76171875,19525.455078125,-4475.244140625
3776.597588348,14211.462890625,21084.490234375,-41256.203125,-10017.6494140625,-39511.671875,-8917.98828125,19566.13671875,-4500.72509765625
3776.597768131,14238.2177734375,21112.921875,-41204.45703125,-9984.2333984375,-39490.59375,-8866.8701171875,19600.177734375,-4490.8232421875
3776.597949009,14293.1357421875,21160.10546875,-41341.7421875,-9983.5859375,-39479.57421875,-8900.9560546875,19593.271484375,-4465.47607421875
3776.598161613,14322.841796875,21165.693359375,-41600.46484375,-10027.9091796875,-39492.3359375,-8999.013671875,19552.166015625,-4445.71728515625
3776.598341396,14243.6943359375,21094.705078125,-41562.64453125,-10078.8935546875,-39533.6875,-9035.7373046875,19508.9375,-4486.173828125
3776.598542331,14197.1572265625,21068.59765625,-41268.09375,-10036.6708984375,-39527.25,-8936.607421875,19543.896484375,-4522.0263671875
3776.598733055,14245.705078125,21117.771484375,-41204.01171875,-9978.8466796875,-39491.53125,-8876.5478515625,19581.939453125,-4502.22265625
3776.598923778,14292.5771484375,21153.958984375,-41341.6953125,-9982.53515625,-39481.31640625,-8907.1923828125,19579.009765625,-4468.158203125
3776.599240314,14321.0087890625,21160.240234375,-41598.83203125,-10028.0654296875,-39491.734375,-9003.2158203125,19549.283203125,-4440.666015625
3776.599665522,14246.80078125,21105.701171875,-41562.109375,-10072.9033203125,-39528.45703125,-9037.3017578125,19513.966796875,-4498.89208984375
3776.600086719,14204.9580078125,21084.04296875,-41260.8046875,-10028.8701171875,-39517.37109375,-8926.884765625,19559.095703125,-4529.62548828125
3776.600396325,14240.5869140625,21113.591796875,-41200.48046875,-9984.255859375,-39486.0546875,-8865.5068359375,19596.7578125,-4508.25732421875
3776.600588143,14289.6494140625,21141.599609375,-41339.6640625,-9990.4248046875,-39474.3203125,-8891.1220703125,19600.4453125,-4456.13330078125
3776.600778502,14316.8291015625,21149.869140625,-41596.328125,-10032.22265625,-39482.7265625,-8990.564453125,19569.109375,-4438.52001953125
3776.600968497,14246.0634765625,21098.458984375,-41562.35546875,-10071.78515625,-39517.234375,-9027.51171875,19521.544921875,-4492.611328125
3776.601235801,14187.0771484375,21068.53125,-41268.62890625,-10032.1337890625,-39514.0625,-8922.123046875,19549.70703125,-4519.50048828125
3776.601427254,14219.5986328125,21094.8828125,-41218.3359375,-10005.244140625,-39499.80078125,-8874.89453125,19588.978515625,-4495.025390625
3776.601617978,14285.3125,21155.76953125,-41333.875,-9975.6279296875,-39464.6640625,-8893.78125,19607.375,-4449.49462890625
3776.601809066,14326.41796875,21185.228515625,-41575.47265625,-9997.9580078125,-39456.328125,-8977.265625,19574.853515625,-4433.55810546875
3776.602015471,14249.4609375,21113.123046875,-41549.03125,-10053.3896484375,-39506.08203125,-9020.1357421875,19527.51171875,-4475.69091796875
3776.602397648,14199.5712890625,21078.43359375,-41257.0078125,-10020.5771484375,-39511.08984375,-8928.6279296875,19546.376953125,-4511.65478515625
3776.602787118,14234.775390625,21115.267578125,-41198.82421875,-9982.9599609375,-39489.23046875,-8879.4765625,19585.537109375,-4495.427734375
3776.603147414,14282.943359375,21151.65625,-41335.125,-9987.2509765625,-39481.44921875,-8907.8857421875,19586.1640625,-4463.375
3776.603338138,14319.287109375,21172.197265625,-41584.99609375,-10026.9921875,-39484.109375,-8993.291015625,19554.400390625,-4446.11962890625
3776.603528497,14261.955078125,21106.73046875,-41554.796875,-10072.4560546875,-39521.81640625,-9036.67578125,19504.310546875,-4487.42578125
3776.603718491,14211.015625,21076.533203125,-41253.921875,-10028.736328125,-39518.53125,-8936.919921875,19547.3828125,-4509.375
3776.60390885,14241.4365234375,21116.9453125,-41184.921875,-9974.845703125,-39480.2890625,-8865.7744140625,19598.2109375,-4491.53857421875
3776.604134947,14286.2958984375,21152.373046875,-41322.02734375,-9977.9306640625,-39466.140625,-8889.7578125,19597.271484375,-4461.20703125
3776.604325306,14317.25390625,21166.23046875,-41585.2421875,-10022.208984375,-39479.9765625,-8995.548828125,19560.81640625,-4458.2568359375
3776.604515665,14253.283203125,21115.40234375,-41557.5703125,-10057.3681640625,-39513.8828125,-9032.2509765625,19530.9765625,-4500.76953125
3776.604705295,14206.791015625,21091.59765625,-41259.8671875,-10021.2705078125,-39509.9921875,-8923.3974609375,19563.767578125,-4516.25927734375
3776.604895654,14242.77734375,21124.4765625,-41195.96484375,-9980.5458984375,-39479.59375,-8859.76171875,19600.267578125,-4494.68994140625
3776.605150195,14290.140625,21154.138671875,-41328.0625,-9979.7412109375,-39464.57421875,-8885.9580078125,19594.052734375,-4456.7587890625
3776.605537842,14316.7841796875,21160.26171875,-41590.44921875,-10029.7646484375,-39484.40234375,-8996.95703125,19548.455078125,-4440.978515625
3776.605926948,14253.1484375,21100.248046875,-41571.47265625,-10080.3681640625,-39528.859375,-9047.13671875,19508.625,-4481.07763671875
3776.606331734,14202.25390625,21067.14453125,-41278.30859375,-10046.7294921875,-39531.16015625,-8948.029296875,19538.888671875,-4518.986328125
3776.606527563,14232.9873046875,21094.033203125,-41211.85546875,-10007.0546875,-39504.046875,-8886.025390625,19584.12890625,-4497.64013671875
3776.606723028,14284.75390625,21133.6640625,-41336.109375,-9997.0185546875,-39484.84765625,-8903.5048828125,19602.748046875,-4451.72998046875
3776.606918127,14316.2255859375,21159.5703125,-41586.9609375,-10025.0029296875,-39483.6640625,-8994.431640625,19560.8828125,-4439.30224609375
3776.607175951,14246.5546875,21107.4453125,-41561.1015625,-10060.296875,-39518.6875,-9036.9892578125,19518.28125,-4491.962890625
3776.607372144,14202.0302734375,21083.259765625,-41258.1015625,-10018.56640625,-39514.33203125,-8930.8857421875,19557.5078125,-4516.32666015625
3776.607568703,14233.9033203125,21111.423828125,-41193.88671875,-9980.6572265625,-39486.76953125,-8867.80859375,19589.76171875,-4507.20703125
3776.607763803,14284.8662109375,21154.98828125,-41321.26953125,-9976.455078125,-39472.0859375,-8894.3623046875,19592.01953125,-4475.13232421875
3776.607958538,14319.33203125,21171.59375,-41578.46875,-10020.443359375,-39484.9375,-8999.6396484375,19560.34765625,-4457.5859375
3776.608318834,14250.7119140625,21106.953125,-41567.359375,-10072.478515625,-39526.22265625,-9043.560546875,19507.619140625,-4486.2412109375
3776.608583586,14192.6875,21080.400390625,-41265.09765625,-10022.5,-39509.75,-8930.2373046875,19542.30859375,-4518.2265625
3776.608779415,14221.7216796875,21109.27734375,-41198.5546875,-9985.6640625,-39485.65234375,-8877.0849609375,19579.525390625,-4498.26611328125
3776.608995301,14281.0439453125,21151.34375,-41323.8828125,-9979.2939453125,-39467.390625,-8899.8388671875,19582.720703125,-4463.77734375
3776.609207176,14313.4541015625,21156.9765625,-41579.00390625,-10017.5380859375,-39472.1953125,-8992.2412109375,19553.484375,-4449.8525390625
3776.609403005,14240.251953125,21093.095703125,-41572.03125,-10072.3447265625,-39517.63671875,-9037.32421875,19500.041015625,-4510.44775390625
3776.60959774,14185.1318359375,21056.326171875,-41283.3359375,-10045.9912109375,-39527.7421875,-8944.4755859375,19540.341796875,-4528.3291015625
3776.609792475,14215.8662109375,21092.24609375,-41214.47265625,-10001.9365234375,-39497.74609375,-8878.0908203125,19591.505859375,-4506.26806640625
3776.609990128,14268.2138671875,21135.51953125,-41340.46875,-9993.7333984375,-39478.9921875,-8899.7265625,19592.376953125,-4471.421875
3776.610185592,14308.4912109375,21155.345703125,-41597.06640625,-10027.193359375,-39485.02734375,-8997.158203125,19551.541015625,-4455.8427734375
3776.610381421,14245.1240234375,21097.095703125,-41592.73046875,-10078.6474609375,-39527.60546875,-9049.23828125,19493.24609375,-4510.1796875
3776.610576521,14187.501953125,21059.009765625,-41301.8203125,-10049.0986328125,-39530.9609375,-8954.98046875,19523.154296875,-4542.63427734375
3776.61077235,14230.55078125,21104.025390625,-41222.4296875,-9999.2763671875,-39495.80078125,-8884.7734375,19574.7421875,-4499.51806640625
3776.610986413,14279.76953125,21145.509765625,-41346.7265625,-9992.7275390625,-39477.40625,-8904.041015625,19582.095703125,-4461.67626953125
3776.611228555,14312.626953125,21161.693359375,-41605.91796875,-10036.4697265625,-39493.0078125,-9010.501953125,19531.4453125,-4466.794921875
3776.611507894,14252.3662109375,21102.349609375,-41596.70703125,-10088.4375,-39535.72265625,-9061.822265625,19478.96484375,-4517.26513671875
3776.611804738,14197.91796875,21073.984375,-41287.3828125,-10037.3642578125,-39519.203125,-8946.7099609375,19521.58984375,-4524.9990234375
3776.612017342,14226.326171875,21106.775390625,-41208.8828125,-9991.2294921875,-39491.21875,-8878.6943359375,19564.326171875,-4513.0185546875
3776.612212077,14277.646484375,21142.26953125,-41338.1875,-9995.8564453125,-39486.14453125,-8912.4677734375,19563.56640625,-4490.48779296875
3776.612406812,14316.806640625,21163.1015625,-41591.27734375,-10030.45703125,-39489.49609375,-9005.3388671875,19537.548828125,-4466.14697265625
3776.612602276,14241.97265625,21091.083984375,-41590.91796875,-10087.6552734375,-39535.83203125,-9055.294921875,19491.234375,-4510.73828125
3776.612797741,14188.2392578125,21066.787109375,-41287.671875,-10038.6376953125,-39524.6328125,-8944.9892578125,19525.43359375,-4535.68310546875
3776.61303806,14222.03515625,21108.33984375,-41207.83203125,-9979.271484375,-39486.63671875,-8879.7890625,19572.88671875,-4510.626953125
3776.613341832,14275.1875,21138.201171875,-41335.7734375,-9985.10546875,-39477.11328125,-8906.09765625,19584.12890625,-4482.150390625
3776.613540214,14312.5146484375,21152.171875,-41592.6640625,-10025.763671875,-39484.46875,-9001.583984375,19542.578125,-4473.85791015625
3776.613736772,14243.8955078125,21085.787109375,-41594.49609375,-10083.966796875,-39531.65234375,-9053.775390625,19488.552734375,-4519.65673828125
3776.613933331,14183.9248046875,21046.626953125,-41299.07421875,-10056.0947265625,-39535.20703125,-8959.5400390625,19520.78515625,-4556.04541015625
3776.614164898,14221.0517578125,21091.53125,-41215.8359375,-9997.3544921875,-39498.59375,-8890.7861328125,19571.25390625,-4538.208984375
3776.614361092,14272.818359375,21140.81640625,-41337.49609375,-9988.591796875,-39478.6328125,-8910.232421875,19573.736328125,-4484.564453125
3776.614556556,14305.8544921875,21155.994140625,-41604.62109375,-10040.11328125,-39494.4140625,-9015.28515625,19525.58984375,-4475.91455078125
3776.61475275,14247.4716796875,21090.01171875,-41611.640625,-10096.3056640625,-39539.56640625,-9068.9296875,19473.734375,-4526.5634765625
3776.614948214,14195.2802734375,21055.1875,-41309.578125,-10060.609375,-39541.62109375,-8968.7041015625,19508.759765625,-4533.73828125
3776.615251986,14231.1318359375,21085.205078125,-41232.1953125,-10016.1298828125,-39520.09765625,-8909.71875,19544.275390625,-4510.24658203125
3776.61552075,14275.90234375,21123.001953125,-41354.5703125,-10010.318359375,-39499.82421875,-8927.197265625,19554.87109375,-4469.74560546875
3776.615716944,14313.0732421875,21142.001953125,-41611.21484375,-10049.0537109375,-39504.13671875,-9021.5439453125,19513.341796875,-4468.4267578125
3776.615913137,14238.5751953125,21066.228515625,-41625.67578125,-10113.0693359375,-39555.4140625,-9084.0615234375,19449.6171875,-4538.83447265625
3776.616115895,14182.94140625,21050.515625,-41319.92578125,-10065.7724609375,-39553.40234375,-8985.490234375,19484.640625,-4574.7763671875
3776.616312089,14225.1865234375,21098.416015625,-41222.4296875,-10004.0595703125,-39505.25390625,-8897.55859375,19568.125,-4496.58984375
3776.616508648,14271.5439453125,21131.09375,-41343.73046875,-10001.310546875,-39485.69921875,-8912.9150390625,19578.5859375,-4460.5810546875
3776.616703747,14306.94921875,21151.970703125,-41597.82421875,-10036.0,-39492.71484375,-9008.9599609375,19540.140625,-4453.89794921875
3776.616898482,14244.275390625,21088.40234375,-41601.4921875,-10084.7490234375,-39531.78515625,-9058.0888671875,19503.908203125,-4489.92919921875
3776.617169434,14185.7138671875,21044.45703125,-41306.73828125,-10060.744140625,-39539.8125,-8964.994140625,19529.009765625,-4532.86669921875
3776.617440386,14214.279296875,21082.03125,-41222.359375,-10011.7490234375,-39510.77734375,-8898.5419921875,19578.5859375,-4518.5615234375
3776.61763585,14263.720703125,21125.6171875,-41342.45703125,-10000.9970703125,-39491.44140625,-8915.91015625,19577.400390625,-4489.146484375
3776.61783022,14311.732421875,21150.71875,-41596.93359375,-10036.6708984375,-39495.15234375,-9010.7705078125,19532.921875,-4466.392578125
3776.618028238,14243.5595703125,21096.537109375,-41608.15234375,-10091.7236328125,-39538.359375,-9065.0185546875,19491.75,-4484.52001953125
3776.618222608,14178.359375,21053.64453125,-41315.0546875,-10068.544921875,-39548.26171875,-8963.4521484375,19514.705078125,-4515.5888671875
3776.618416978,14216.9609375,21090.32421875,-41225.1328125,-10011.837890625,-39511.71484375,-8896.0166015625,19562.359375,-4504.72607421875
3776.618611713,14272.5048828125,21132.904296875,-41339.3046875,-9998.3154296875,-39489.8984375,-8915.708984375,19571.142578125,-4481.27880859375
3776.618806449,14301.7861328125,21146.046875,-41598.62890625,-10042.7060546875,-39501.41015625,-9015.419921875,19533.994140625,-4466.48193359375
3776.619029628,14244.2529296875,21084.9140625,-41610.38671875,-10092.5498046875,-39543.43359375,-9072.1708984375,19479.052734375,-4508.212890625
3776.619388466,14185.69140625,21044.45703125,-41310.76171875,-10061.548828125,-39545.69140625,-8971.498046875,19508.513671875,-4540.734375
3777.071507887,14210.2109375,21078.833984375,-41225.40234375,-10017.1357421875,-39516.25390625,-8899.2578125,19556.501953125,-4515.70068359375
3777.071733619,14262.6259765625,21119.806640625,-41345.16015625,-10007.3896484375,-39498.796875,-8917.474609375,19555.451171875,-4490.3984375
3777.07192726,14301.2275390625,21144.794921875,-41599.97265625,-10036.4248046875,-39499.265625,-9016.0458984375,19522.37109375,-4480.25048828125
3777.072332047,14237.8154296875,21090.390625,-41619.3515625,-10093.6904296875,-39545.890625,-9081.2451171875,19472.974609375,-4525.5576171875
3777.07270146,14177.845703125,21040.501953125,-41325.3359375,-10073.7744140625,-39554.67578125,-8983.568359375,19499.326171875,-4566.1259765625
3777.07289036,14211.865234375,21090.0546875,-41229.19921875,-10008.9326171875,-39515.11328125,-8905.0693359375,19548.25390625,-4548.44580078125
3777.073176628,14260.5693359375,21136.859375,-41347.57421875,-9996.974609375,-39497.20703125,-8921.7880859375,19548.634765625,-4518.11474609375
3777.073645232,14298.701171875,21146.068359375,-41609.31640625,-10045.142578125,-39511.78125,-9030.8642578125,19511.486328125,-4486.26318359375
3777.074027044,14229.58984375,21082.03125,-41630.52734375,-10096.931640625,-39556.75390625,-9098.3671875,19458.064453125,-4515.02978515625
3777.074398646,14183.7021484375,21059.43359375,-41319.5703125,-10047.421875,-39545.2890625,-8984.88671875,19502.76953125,-4537.89599609375
3777.074605415,14213.4296875,21082.90234375,-41234.453125,-10008.3291015625,-39515.06640625,-8905.44921875,19556.681640625,-4526.27294921875
3777.074797233,14265.46484375,21123.404296875,-41352.3828125,-10006.5849609375,-39500.0234375,-8925.6552734375,19558.06640625,-4503.630859375
3777.075024788,14297.8740234375,21136.79296875,-41613.1796875,-10047.712890625,-39510.796875,-9025.09765625,19516.470703125,-4481.435546875
3777.075401859,14235.9599609375,21093.38671875,-41624.55859375,-10082.3359375,-39538.3125,-9072.193359375,19480.283203125,-4506.91650390625
3777.075605711,14178.6728515625,21049.041015625,-41322.83203125,-10049.724609375,-39540.59375,-8970.783203125,19515.3984375,-4536.9794921875
3777.07579607,14208.958984375,21077.986328125,-41230.296875,-10011.16796875,-39514.62109375,-8897.24609375,19565.666015625,-4505.68701171875
3777.07605754,14267.341796875,21115.71484375,-41343.26171875,-10006.0263671875,-39496.24609375,-8915.373046875,19572.439453125,-4469.72314453125
3777.076263945,14301.451171875,21132.94921875,-41600.39453125,-10045.7900390625,-39502.4375,-9010.501953125,19532.65234375,-4465.8115234375
3777.076453939,14231.84765625,21070.9453125,-41626.63671875,-10102.2734375,-39546.671875,-9075.7919921875,19478.5390625,-4509.576171875
3777.076643934,14175.3642578125,21045.306640625,-41323.81640625,-10062.576171875,-39543.9453125,-8978.427734375,19511.486328125,-4547.5966796875
3777.076832469,14204.1982421875,21082.5234375,-41228.28515625,-10014.744140625,-39516.56640625,-8909.9189453125,19556.7265625,-4536.9345703125
3777.077095034,14250.533203125,21120.251953125,-41346.63671875,-10010.787109375,-39501.5,-8929.3427734375,19558.58203125,-4504.4130859375
3777.077418498,14297.427734375,21155.43359375,-41594.33984375,-10037.765625,-39497.3671875,-9012.6923828125,19529.79296875,-4476.65185546875
3777.077714977,14235.78125,21101.34375,-41613.515625,-10079.2060546875,-39527.02734375,-9068.52734375,19479.970703125,-4500.05419921875
3777.078011091,14178.6728515625,21061.580078125,-41311.41015625,-10044.76171875,-39527.25,-8969.9560546875,19505.294921875,-4533.24658203125
3777.078201085,14209.7861328125,21087.9765625,-41216.70703125,-10006.3623046875,-39502.41796875,-8892.619140625,19555.228515625,-4526.5859375
3777.078389985,14260.9267578125,21118.888671875,-41337.29296875,-10009.111328125,-39496.5625,-8921.8330078125,19556.0546875,-4494.01953125
3777.078578886,14301.1376953125,21144.080078125,-41589.265625,-10034.234375,-39498.37109375,-9017.38671875,19532.65234375,-4467.71142578125
3777.078767421,14230.103515625,21082.166015625,-41627.64453125,-10100.2392578125,-39547.3671875,-9079.1669921875,19468.234375,-4517.220703125
3777.078985495,14172.9287109375,21037.193359375,-41330.96875,-10075.763671875,-39552.08203125,-8983.2333984375,19495.1015625,-4555.86669921875
3777.079294373,14207.193359375,21081.115234375,-41219.54296875,-10002.9423828125,-39503.84765625,-8901.716796875,19561.173828125,-4514.29248046875
3777.079575535,14270.0244140625,21140.146484375,-41325.828125,-9981.640625,-39481.765625,-8917.7421875,19567.4765625,-4489.32568359375
3777.07977647,14306.3681640625,21153.01953125,-41591.1875,-10031.10546875,-39493.54296875,-9013.36328125,19535.357421875,-4466.0126953125
3777.079978134,14244.744140625,21097.7890625,-41624.9375,-10085.6435546875,-39535.296875,-9074.47265625,19488.12890625,-4503.09423828125
3777.080177974,14181.0869140625,21062.228515625,-41324.328125,-10055.87109375,-39539.765625,-8978.091796875,19511.619140625,-4533.22412109375
3777.08037745,14198.9677734375,21079.818359375,-41234.18359375,-10018.7001953125,-39518.0859375,-8910.34375,19549.373046875,-4520.1708984375
3777.080577291,14252.34375,21107.982421875,-41347.88671875,-10014.5654296875,-39503.17578125,-8928.359375,19553.6640625,-4497.10400390625
3777.080776766,14288.330078125,21127.361328125,-41601.26953125,-10048.181640625,-39507.40234375,-9022.3486328125,19514.861328125,-4479.91552734375
3777.081010157,14227.533203125,21079.662109375,-41632.44921875,-10095.7021484375,-39543.6796875,-9079.255859375,19460.009765625,-4524.26123046875
3777.081305177,14171.900390625,21041.91015625,-41328.84375,-10058.6201171875,-39539.5,-8976.37109375,19488.619140625,-4557.69970703125
3777.081560083,14201.962890625,21071.615234375,-41229.828125,-10012.396484375,-39513.390625,-8908.01953125,19541.482421875,-4527.4130859375
3777.081754818,14249.0810546875,21113.189453125,-41340.9375,-10005.333984375,-39498.9296875,-8926.6611328125,19561.15234375,-4479.37890625
3777.081965234,14296.376953125,21144.951171875,-41587.56640625,-10024.4443359375,-39489.3203125,-9003.998046875,19541.7734375,-4455.6416015625
3777.082176014,14238.708984375,21096.60546875,-41626.75,-10081.84375,-39532.8359375,-9068.125,19486.49609375,-4508.9501953125
3777.08237002,14172.6376953125,21051.185546875,-41331.55078125,-10059.447265625,-39543.03125,-8970.783203125,19516.3359375,-4539.43798828125
3777.082565485,14208.490234375,21092.916015625,-41225.53515625,-10005.892578125,-39511.9609375,-8892.3955078125,19578.474609375,-4504.92724609375
3777.082760584,14263.720703125,21136.814453125,-41332.7578125,-9994.1806640625,-39491.375,-8913.80859375,19582.85546875,-4464.11279296875
3777.082971365,14299.1708984375,21159.435546875,-41584.7734375,-10020.0634765625,-39490.50390625,-9007.2392578125,19533.501953125,-4461.609375
3777.083282795,14239.044921875,21104.046875,-41624.9375,-10078.5576171875,-39532.2109375,-9068.326171875,19480.57421875,-4500.1435546875
3777.083497587,14177.689453125,21052.705078125,-41328.421875,-10053.345703125,-39539.38671875,-8974.2919921875,19503.55078125,-4535.548828125
3777.083692322,14208.5126953125,21081.607421875,-41225.84765625,-10007.4345703125,-39515.6953125,-8905.404296875,19547.875,-4523.5458984375
3777.083885964,14256.724609375,21114.978515625,-41335.328125,-9999.4775390625,-39494.390625,-8916.37890625,19560.2578125,-4489.5712890625
3777.084110602,14298.544921875,21143.72265625,-41586.8046875,-10032.267578125,-39496.58203125,-9005.875,19533.859375,-4471.3994140625
3777.084305701,14242.263671875,21097.453125,-41627.5546875,-10086.984375,-39537.26171875,-9068.3037109375,19483.3671875,-4512.72802734375
3777.084500437,14184.39453125,21062.5625,-41323.1015625,-10050.685546875,-39534.4453125,-8964.2568359375,19509.02734375,-4543.48388671875
3777.084695172,14220.7607421875,21093.51953125,-41211.56640625,-9994.224609375,-39498.05859375,-8886.4052734375,19562.068359375,-4510.224609375
3777.084889907,14259.98828125,21125.52734375,-41329.6953125,-9996.4599609375,-39494.125,-8919.1064453125,19560.32421875,-4493.30419921875
3777.085107981,14297.494140625,21146.337890625,-41585.21875,-10029.80859375,-39504.16015625,-9018.302734375,19521.96875,-4485.45849609375
3777.085322408,14239.201171875,21088.423828125,-41630.14453125,-10087.275390625,-39542.76171875,-9077.892578125,19481.35546875,-4523.52392578125
3777.085517143,14169.5751953125,21045.75390625,-41333.828125,-10064.23046875,-39547.12109375,-8978.2490234375,19505.49609375,-4553.09521484375
3777.085711149,14200.0185546875,21088.04296875,-41223.5234375,-10014.2744140625,-39518.01953125,-8902.029296875,19559.05078125,-4516.5498046875
3777.085905884,14248.923828125,21124.5,-41328.82421875,-10002.025390625,-39497.1640625,-8916.6474609375,19568.349609375,-4478.373046875
3777.086101713,14290.2529296875,21142.560546875,-41585.578125,-10035.6875,-39502.73046875,-9013.720703125,19532.1171875,-4468.158203125
3777.086297542,14239.4697265625,21089.005859375,-41634.01171875,-10095.7685546875,-39543.5234375,-9073.66796875,19484.59765625,-4503.49658203125
3777.086493371,14175.87890625,21046.603515625,-41336.35546875,-10067.6728515625,-39547.546875,-8973.7783203125,19508.111328125,-4541.65087890625
3777.086688471,14210.7470703125,21089.966796875,-41211.56640625,-9995.029296875,-39504.1171875,-8895.681640625,19565.130859375,-4519.29931640625
3777.086883936,14258.2001953125,21128.052734375,-41322.20703125,-9995.119140625,-39492.8046875,-8918.033203125,19565.80078125,-4485.30224609375
3777.087102374,14310.16796875,21150.337890625,-41576.30078125,-10031.462890625,-39496.73828125,-9008.5576171875,19533.0546875,-4454.412109375
3777.087318625,14258.490234375,21102.908203125,-41623.88671875,-10078.982421875,-39534.8046875,-9073.400390625,19482.541015625,-4491.404296875
3777.08751409,14172.1240234375,21047.162109375,-41332.84765625,-10060.9892578125,-39541.77734375,-8979.1650390625,19504.400390625,-4541.181640625
3777.087709189,14206.076171875,21079.05859375,-41216.08203125,-10017.2470703125,-39510.640625,-8896.8212890625,19557.486328125,-4521.958984375
3777.087904654,14254.51171875,21123.94140625,-41321.1796875,-10007.3681640625,-39496.29296875,-8915.306640625,19563.38671875,-4491.44873046875
3777.088128927,14291.0126953125,21152.259765625,-41573.23828125,-10035.6875,-39495.98046875,-9006.1435546875,19529.12109375,-4477.0322265625
3777.088323662,14241.5478515625,21095.599609375,-41626.4140625,-10094.7626953125,-39535.49609375,-9069.533203125,19477.712890625,-4520.1708984375
3777.088519491,14174.515625,21054.359375,-41327.81640625,-10063.7607421875,-39540.32421875,-8974.4267578125,19507.150390625,-4548.49072265625
3777.088714591,14199.9072265625,21089.02734375,-41205.08203125,-9997.9580078125,-39496.24609375,-8885.82421875,19574.96484375,-4506.3798828125
3777.088909326,14247.5380859375,21115.669921875,-41317.734375,-10000.55078125,-39487.171875,-8906.90234375,19575.724609375,-4492.67822265625
3777.089135058,14296.287109375,21132.79296875,-41569.39453125,-10034.927734375,-39491.375,-8998.923828125,19544.611328125,-4466.34814453125
3777.089349851,14245.9736328125,21080.712890625,-41621.765625,-10086.91796875,-39526.9140625,-9062.380859375,19497.896484375,-4496.52294921875
3777.08954495,14173.1513671875,21032.052734375,-41330.58984375,-10072.2548828125,-39541.62109375,-8977.287109375,19515.509765625,-4537.001953125
#3790.054704146,14008.330078125,20827.490234375,-41777.51171875,-10222.615234375,-39452.66015625,-9249.912109375,19279.02734375,-4610.98583984375
3790.054901434,13971.427734375,20786.65234375,-41898.546875,-10293.8056640625,-39490.48046875,-9331.5625,19230.904296875,-4630.0966796875
3790.05510018,13898.203125,20730.103515625,-41618.703125,-10284.4619140625,-39504.60546875,-9252.7724609375,19254.0390625,-4659.9365234375
3790.055298562,13912.1728515625,20765.59765625,-41456.875,-10217.7197265625,-39466.80859375,-9152.4580078125,19319.08203125,-4648.08984375
3790.055552374,13966.2861328125,20800.623046875,-41546.68359375,-10209.3603515625,-39453.35546875,-9162.0693359375,19321.25,-4616.03759765625
3790.055749297,14013.359375,20819.509765625,-41791.97265625,-10236.40625,-39457.578125,-9251.23046875,19288.75,-4583.44873046875
3790.055983782,13968.0302734375,20770.89453125,-41909.3203125,-10295.4375,-39491.48828125,-9331.1376953125,19232.423828125,-4622.564453125
3790.056181799,13891.1171875,20719.083984375,-41628.203125,-10279.43359375,-39504.18359375,-9257.779296875,19240.896484375,-4677.03564453125
3790.056377993,13912.708984375,20748.431640625,-41461.5234375,-10223.2412109375,-39474.3671875,-9157.7998046875,19296.953125,-4659.5341796875
3790.056573457,13956.943359375,20785.9609375,-41543.7109375,-10216.1552734375,-39463.3671875,-9171.345703125,19307.458984375,-4633.44970703125
3790.056768922,14008.083984375,20823.7578125,-41776.75,-10232.6513671875,-39452.21484375,-9244.9501953125,19290.515625,-4601.978515625
3790.056965845,13976.5458984375,20788.1953125,-41890.140625,-10282.4951171875,-39479.57421875,-9325.9970703125,19234.861328125,-4626.43115234375
3790.057218563,13897.509765625,20733.58984375,-41612.0859375,-10273.0625,-39496.984375,-9253.3095703125,19244.427734375,-4677.84033203125
3790.057497537,13913.8046875,20757.505859375,-41447.265625,-10214.009765625,-39464.796875,-9154.8046875,19299.681640625,-4662.283203125
3790.057753172,13967.0908203125,20808.84765625,-41528.24609375,-10199.212890625,-39446.78515625,-9161.1083984375,19315.6171875,-4619.748046875
3790.057964682,14016.4208984375,20831.736328125,-41773.19921875,-10227.4658203125,-39448.83984375,-9242.916015625,19285.48828125,-4610.7626953125
3790.058174734,13977.8642578125,20783.634765625,-41899.28515625,-10291.6591796875,-39490.48046875,-9331.65234375,19230.48046875,-4647.77685546875
3790.058370928,13894.3134765625,20721.38671875,-41627.53125,-10288.9775390625,-39508.47265625,-9261.736328125,19233.921875,-4689.23974609375
3790.058567486,13924.1982421875,20772.03515625,-41444.87109375,-10205.6728515625,-39458.47265625,-9152.0107421875,19297.669921875,-4667.0888671875
3790.058764044,13968.96875,20811.171875,-41524.1328125,-10192.2841796875,-39441.80078125,-9152.837890625,19318.5234375,-4626.85595703125
3790.058987589,14016.3095703125,20837.2578125,-41764.45703125,-10218.2568359375,-39439.02734375,-9229.83984375,19298.71875,-4589.908203125
3790.059300842,13974.5341796875,20791.056640625,-41890.12109375,-10275.6337890625,-39473.47265625,-9316.7431640625,19237.654296875,-4621.02197265625
3790.059498859,13888.9267578125,20726.28125,-41623.41796875,-10277.3994140625,-39494.66015625,-9249.7548828125,19238.68359375,-4673.34765625
3790.059696147,13906.00390625,20751.896484375,-41464.18359375,-10226.8173828125,-39472.1953125,-9164.6845703125,19286.716796875,-4660.98681640625
3790.059892706,13954.283203125,20786.966796875,-41554.5546875,-10222.279296875,-39465.6015625,-9177.2236328125,19293.779296875,-4635.66259765625
3790.060119532,14002.943359375,20817.810546875,-41800.421875,-10242.44140625,-39464.21875,-9258.9638671875,19268.388671875,-4613.35546875
3790.06031682,13967.470703125,20779.322265625,-41925.97265625,-10296.5771484375,-39497.92578125,-9342.4931640625,19220.3984375,-4634.5
3790.060512284,13886.6474609375,20719.10546875,-41654.28515625,-10291.5029296875,-39519.8046875,-9271.5263671875,19226.61328125,-4678.84619140625
3790.060708113,13905.5341796875,20741.703125,-41490.46875,-10243.06640625,-39495.01953125,-9178.54296875,19283.029296875,-4662.19384765625
3790.060903578,13954.931640625,20779.0078125,-41571.09375,-10232.3828125,-39480.55859375,-9183.0576171875,19302.498046875,-4629.78369140625
3790.061153378,14001.6689453125,20813.005859375,-41805.96484375,-10251.046875,-39475.3046875,-9259.4560546875,19276.79296875,-4615.9033203125
3790.061369994,13961.078125,20772.1015625,-41928.20703125,-10312.357421875,-39511.04296875,-9341.9560546875,19222.12109375,-4633.3154296875
3790.061566917,13871.224609375,20705.60546875,-41660.23046875,-10316.8720703125,-39539.69921875,-9280.4892578125,19228.53515625,-4675.02392578125
3790.061762381,13903.142578125,20748.654296875,-41479.3828125,-10241.5244140625,-39494.83984375,-9174.876953125,19290.8515625,-4667.06640625
3790.061960034,13957.904296875,20792.107421875,-41547.890625,-10221.408203125,-39464.10546875,-9163.4326171875,19310.8125,-4626.78857421875
3790.062155863,14000.529296875,20823.197265625,-41781.98046875,-10236.9873046875,-39455.94921875,-9237.08203125,19291.56640625,-4607.83447265625
3790.062351327,13964.6767578125,20791.7265625,-41908.22265625,-10292.576171875,-39493.87890625,-9328.388671875,19225.80859375,-4631.81787109375
3790.514673142,13887.7646484375,20727.3984375,-41639.2421875,-10292.3525390625,-39523.40625,-9276.935546875,19218.923828125,-4684.83642578125
3790.514879182,13907.658203125,20743.357421875,-41472.5234375,-10239.0654296875,-39492.3125,-9183.37109375,19270.646484375,-4685.2607421875
3790.515070999,13951.4228515625,20770.447265625,-41556.67578125,-10231.1982421875,-39474.3671875,-9182.119140625,19288.794921875,-4646.97216796875
3790.515304025,13992.728515625,20798.185546875,-41803.26171875,-10263.2509765625,-39475.9296875,-9258.5615234375,19265.59375,-4618.40673828125
3790.515639524,13957.5693359375,20775.275390625,-41926.21875,-10307.57421875,-39505.8828125,-9347.5439453125,19213.759765625,-4643.03857421875
3790.515984869,13883.6298828125,20719.6875,-41650.5546875,-10299.7060546875,-39522.33203125,-9276.80078125,19229.09375,-4677.79541015625
3790.516172675,13894.4482421875,20729.767578125,-41485.484375,-10250.041015625,-39493.67578125,-9178.7880859375,19290.986328125,-4661.9482421875
3790.516363034,13952.8310546875,20784.796875,-41555.06640625,-10221.0283203125,-39464.23828125,-9168.7080078125,19304.21875,-4627.21337890625
3790.516552663,14002.18359375,20820.203125,-41793.6484375,-10243.7373046875,-39462.54296875,-9245.1064453125,19276.30078125,-4600.07861328125
3790.516740105,13959.6923828125,20772.482421875,-41930.890625,-10307.8203125,-39502.28125,-9338.8046875,19217.873046875,-4628.353515625
3790.516927911,13883.1826171875,20712.37890625,-41655.8046875,-10295.458984375,-39516.765625,-9266.51953125,19229.2734375,-4679.42724609375
3790.517115718,13900.9521484375,20739.15625,-41483.65234375,-10239.2001953125,-39487.5078125,-9170.0712890625,19288.908203125,-4672.76611328125
3790.517390316,13944.9404296875,20786.787109375,-41562.35546875,-10227.6669921875,-39474.92578125,-9179.1015625,19302.654296875,-4638.3671875
3790.517846886,13989.3310546875,20811.12890625,-41801.5859375,-10258.3330078125,-39473.11328125,-9255.052734375,19280.591796875,-4588.9921875
3790.518202806,13961.7939453125,20780.193359375,-41924.16015625,-10305.763671875,-39497.7890625,-9333.8203125,19236.15625,-4614.8974609375
3790.518582795,13885.41796875,20722.705078125,-41651.15625,-10295.7275390625,-39514.6640625,-9268.798828125,19244.919921875,-4660.4951171875
3790.518776071,13896.8837890625,20745.033203125,-41477.5078125,-10236.4287109375,-39484.9609375,-9173.021484375,19289.734375,-4660.1376953125
3790.518966795,13950.193359375,20784.865234375,-41549.79296875,-10217.228515625,-39462.25,-9172.015625,19302.318359375,-4634.701171875
3790.519157519,14011.1689453125,20823.51171875,-41784.8203125,-10238.08203125,-39456.796875,-9243.787109375,19286.783203125,-4599.25146484375
3790.519476972,13975.62890625,20778.986328125,-41923.69140625,-10305.47265625,-39498.03515625,-9334.625,19235.978515625,-4629.515625
3790.519848208,13888.94921875,20729.857421875,-41653.4375,-10295.861328125,-39516.69921875,-9269.5146484375,19237.990234375,-4668.45263671875
3790.520041849,13900.6396484375,20748.87890625,-41478.71484375,-10237.478515625,-39488.91796875,-9178.5654296875,19286.560546875,-4650.86181640625
3790.52025263,13952.47265625,20779.25390625,-41557.078125,-10228.5830078125,-39472.44140625,-9174.6982421875,19305.044921875,-4630.7451171875
3790.520548744,14005.06640625,20815.44140625,-41788.77734375,-10246.12890625,-39462.2265625,-9244.3017578125,19283.498046875,-4603.25244140625
3790.520740926,13963.7607421875,20775.4765625,-41926.1953125,-10303.5283203125,-39498.2578125,-9345.197265625,19218.208984375,-4638.97021484375
3790.520931285,13883.1826171875,20711.931640625,-41657.7734375,-10301.1591796875,-39519.359375,-9281.2490234375,19233.02734375,-4675.6943359375
3790.521121644,13896.4814453125,20733.455078125,-41483.00390625,-10248.54296875,-39489.6328125,-9177.603515625,19296.529296875,-4653.00732421875
3790.521419946,13949.3662109375,20772.951171875,-41557.50390625,-10232.6953125,-39473.3828125,-9179.3916015625,19307.525390625,-4624.330078125
3790.521793006,13999.5458984375,20802.724609375,-41798.72265625,-10263.4072265625,-39481.40625,-9260.9091796875,19278.06640625,-4597.5078125
3790.52213434,13962.4638671875,20769.173828125,-41934.93359375,-10313.7431640625,-39507.3125,-9343.990234375,19222.96875,-4629.40380859375
3790.522503024,13875.6943359375,20710.701171875,-41673.3984375,-10316.24609375,-39532.43359375,-9288.53515625,19225.763671875,-4676.38720703125
3790.522695571,13900.7958984375,20740.09375,-41498.26953125,-10261.216796875,-39504.00390625,-9189.4501953125,19279.228515625,-4664.6748046875
3790.522886294,13957.94921875,20782.49609375,-41564.85546875,-10233.5673828125,-39474.34375,-9183.884765625,19296.1484375,-4632.9580078125
3790.523078112,14006.630859375,20816.40234375,-41796.2421875,-10244.251953125,-39465.22265625,-9254.3154296875,19275.02734375,-4602.64892578125
3790.523330465,13970.0859375,20772.75,-41943.1171875,-10314.1455078125,-39511.22265625,-9355.3671875,19217.76171875,-4625.62646484375
3790.523722123,13894.8720703125,20730.37109375,-41667.98828125,-10298.119140625,-39519.4921875,-9279.0361328125,19235.62109375,-4665.94921875
3790.523914671,13909.0439453125,20757.037109375,-41489.15234375,-10242.7314453125,-39491.0859375,-9181.0458984375,19290.181640625,-4651.9345703125
3790.524105394,13947.8017578125,20781.6015625,-41573.9765625,-10247.08984375,-39489.20703125,-9197.720703125,19294.427734375,-4639.77490234375
3790.524340243,14000.9990234375,20809.51953125,-41809.765625,-10266.9609375,-39484.15625,-9269.4697265625,19276.345703125,-4619.9716796875
3790.524530967,13973.193359375,20775.029296875,-41942.734375,-10318.50390625,-39509.58984375,-9352.283203125,19224.35546875,-4633.78466796875
3790.524720597,13896.1689453125,20717.853515625,-41667.16015625,-10310.14453125,-39525.3515625,-9284.400390625,19231.462890625,-4667.7373046875
3790.524910956,13910.294921875,20746.978515625,-41478.22265625,-10235.2880859375,-39484.109375,-9179.90625,19287.41015625,-4659.064453125
3790.525100585,13959.4462890625,20791.66015625,-41546.1484375,-10212.9814453125,-39460.10546875,-9175.2119140625,19309.560546875,-4631.37109375
3790.52539597,14006.005859375,20815.5546875,-41785.4453125,-10248.900390625,-39462.54296875,-9247.85546875,19292.640625,-4607.07470703125
3790.525801486,13964.54296875,20770.314453125,-41932.90234375,-10319.3310546875,-39506.8203125,-9347.90234375,19226.3671875,-4621.82666015625
3790.526209919,13889.240234375,20714.2109375,-41662.15234375,-10303.908203125,-39520.5,-9283.640625,19228.625,-4667.02197265625
3790.526472118,13900.05859375,20735.421875,-41483.02734375,-10246.3076171875,-39488.515625,-9183.83984375,19292.37109375,-4647.64306640625
3790.526663936,13940.8720703125,20770.8046875,-41558.21875,-10233.7236328125,-39472.01953125,-9187.3271484375,19301.044921875,-4626.85595703125
3790.526854295,14001.892578125,20820.337890625,-41776.86328125,-10233.4560546875,-39449.9140625,-9248.369140625,19292.7734375,-4585.7060546875
3790.527045748,13966.107421875,20790.876953125,-41918.88671875,-10289.9833984375,-39482.14453125,-9337.9775390625,19238.90625,-4609.130859375
3790.527266375,13893.419921875,20727.7109375,-41656.5,-10294.341796875,-39504.5390625,-9273.9619140625,19243.3984375,-4661.59033203125
3790.527741543,13909.7587890625,20740.49609375,-41479.16015625,-10244.7880859375,-39481.046875,-9179.1240234375,19300.126953125,-4664.20556640625
3790.528006295,13954.373046875,20779.03125,-41553.14453125,-10229.41015625,-39463.43359375,-9173.8037109375,19310.185546875,-4631.43798828125
3790.528198478,13996.4384765625,20809.4296875,-41788.9765625,-10242.4638671875,-39456.10546875,-9250.0009765625,19280.033203125,-4604.34765625
3790.528480005,13968.07421875,20777.466796875,-41935.3828125,-10306.6572265625,-39495.33203125,-9349.4892578125,19227.88671875,-4638.63525390625
3790.528679116,13892.5703125,20721.990234375,-41665.59765625,-10299.68359375,-39513.8828125,-9278.25390625,19237.005859375,-4674.509765625
3790.528877862,13895.095703125,20742.375,-41487.65234375,-10247.7158203125,-39488.76171875,-9181.2470703125,19295.74609375,-4660.36083984375
3790.529074421,13951.51171875,20785.982421875,-41555.6015625,-10231.734375,-39470.07421875,-9182.1416015625,19307.771484375,-4626.83349609375
3790.529316199,14005.8046875,20825.74609375,-41785.2890625,-10245.6376953125,-39462.09375,-9252.52734375,19287.431640625,-4588.83544921875
3790.529581315,13973.8857421875,20786.18359375,-41930.77734375,-10304.2216796875,-39496.1796875,-9347.1865234375,19231.306640625,-4614.04833984375
3790.52986029,13892.369140625,20722.705078125,-41664.2109375,-10298.72265625,-39508.51953125,-9277.60546875,19240.8515625,-4652.716796875
3790.530073623,13902.2041015625,20734.328125,-41491.921875,-10255.4501953125,-39488.58203125,-9187.1708984375,19285.93359375,-4668.5419921875
3790.530312119,13956.09375,20774.068359375,-41555.9375,-10230.2373046875,-39465.2890625,-9183.392578125,19305.1796875,-4641.85400390625
3790.530509407,14017.986328125,20822.169921875,-41774.515625,-10228.6943359375,-39445.0625,-9246.357421875,19287.677734375,-4600.16796875
3790.530705236,13983.20703125,20783.30078125,-41924.18359375,-10289.0888671875,-39479.39453125,-9342.537109375,19229.361328125,-4621.87158203125
3790.5309007,13887.2060546875,20716.40234375,-41661.34765625,-10294.453125,-39504.62890625,-9282.2099609375,19235.107421875,-4660.31640625
3790.531096529,13903.0751953125,20738.865234375,-41475.60546875,-10241.5693359375,-39476.51171875,-9174.8544921875,19295.703125,-4638.23291015625
3790.531349977,13937.6533203125,20768.32421875,-41555.84765625,-10240.2509765625,-39469.29296875,-9184.197265625,19303.056640625,-4622.7431640625
3790.531644997,13998.673828125,20805.49609375,-41790.67578125,-10263.9658203125,-39468.2421875,-9265.2001953125,19285.197265625,-4603.7216796875
3790.531911572,13974.8251953125,20785.244140625,-41927.26953125,-10295.6376953125,-39483.015625,-9347.09765625,19228.84765625,-4624.1064453125
3790.532105943,13890.111328125,20715.73046875,-41666.51171875,-10293.291015625,-39503.71484375,-9285.0712890625,19229.228515625,-4672.140625
3790.532330581,13896.0791015625,20728.314453125,-41494.26953125,-10261.3955078125,-39487.640625,-9186.4775390625,19281.6875,-4660.38330078125
3790.532526045,13951.310546875,20783.345703125,-41554.84375,-10227.5771484375,-39456.171875,-9176.59765625,19307.123046875,-4623.18994140625
3790.532721874,14001.6025390625,20827.466796875,-41787.12109375,-10238.2392578125,-39447.296875,-9251.923828125,19285.173828125,-4605.64404296875
3790.532918068,13964.0068359375,20781.01953125,-41940.1875,-10300.845703125,-39482.25390625,-9344.28125,19235.150390625,-4622.63134765625
3790.533112803,13887.7197265625,20719.978515625,-41674.29296875,-10294.69921875,-39500.6953125,-9278.5888671875,19236.55859375,-4661.3447265625
3790.533449396,13902.427734375,20736.875,-41489.26171875,-10244.005859375,-39478.4765625,-9183.59375,19287.833984375,-4651.21923828125
3790.533705396,13944.001953125,20765.53125,-41565.6171875,-10241.546875,-39468.3515625,-9186.701171875,19306.20703125,-4614.4951171875
3790.533902684,13992.728515625,20805.361328125,-41792.77734375,-10253.3935546875,-39457.35546875,-9254.8740234375,19287.3203125,-4597.7314453125
3790.534097783,13958.8876953125,20776.080078125,-41941.73046875,-10307.216796875,-39490.234375,-9351.0537109375,19226.27734375,-4636.64599609375
3790.534373841,13887.9658203125,20718.123046875,-41680.99609375,-10308.8037109375,-39517.1484375,-9296.2470703125,19226.703125,-4677.01318359375
3790.534656097,13903.2548828125,20735.2890625,-41493.77734375,-10254.8017578125,-39491.6875,-9196.267578125,19280.123046875,-4661.43408203125
3790.534851926,13955.37890625,20768.66015625,-41563.5390625,-10240.4072265625,-39474.56640625,-9193.853515625,19299.92578125,-4629.962890625
3790.535047391,14000.8642578125,20802.166015625,-41796.48828125,-10262.7587890625,-39469.73828125,-9265.0888671875,19277.775390625,-4608.9521484375
3790.535274217,13976.412109375,20777.376953125,-41939.984375,-10309.7197265625,-39488.9375,-9342.537109375,19226.76953125,-4628.39794921875
3790.535470411,13897.5322265625,20736.697265625,-41665.4609375,-10287.79296875,-39498.484375,-9283.037109375,19239.80078125,-4663.84814453125
3790.535665875,13907.009765625,20745.279296875,-41480.3671875,-10241.3232421875,-39476.66796875,-9182.4091796875,19294.271484375,-4654.5498046875
3790.535861704,13952.2490234375,20771.341796875,-41553.2109375,-10233.232421875,-39464.21875,-9179.0341796875,19307.99609375,-4634.38818359375
3790.536058262,13994.091796875,20802.58984375,-41785.46875,-10252.9013671875,-39459.5234375,-9249.5322265625,19293.400390625,-4620.306640625
3790.536307334,13961.5927734375,20783.45703125,-41932.8125,-10303.0146484375,-39482.16796875,-9339.498046875,19248.8984375,-4611.00830078125
3790.536697533,13883.80859375,20721.474609375,-41670.06640625,-10298.07421875,-39498.81640625,-9282.7685546875,19248.25,-4643.75390625
3790.536989636,13907.2333984375,20739.84765625,-41475.3828125,-10234.39453125,-39464.26171875,-9172.6865234375,19298.787109375,-4636.1318359375
3790.537193488,13947.48828125,20773.130859375,-41550.75390625,-10225.4541015625,-39453.21875,-9182.8564453125,19307.1015625,-4618.09375
3790.537395152,13995.947265625,20807.26171875,-41780.08203125,-10243.3798828125,-39446.78515625,-9253.33203125,19295.544921875,-4587.24853515625
3790.537597545,13969.5048828125,20771.900390625,-41941.953125,-10309.65234375,-39486.94921875,-9349.7568359375,19231.53125,-4618.5185546875
3790.537799209,13890.87109375,20699.34765625,-41691.09765625,-10320.560546875,-39517.81640625,-9294.2353515625,19230.501953125,-4660.36083984375
3790.538001237,13905.7578125,20727.689453125,-41497.82421875,-10256.298828125,-39483.21484375,-9184.734375,19287.90234375,-4644.84912109375
3790.538219311,13953.3671875,20779.5,-41554.796875,-10219.6865234375,-39447.41015625,-9173.9609375,19308.017578125,-4609.890625
3790.538530377,13998.7861328125,20813.02734375,-41785.265625,-10243.2900390625,-39446.046875,-9250.8505859375,19286.3359375,-4590.19873046875
3790.538727665,13969.416015625,20775.208984375,-41944.61328125,-10311.6640625,-39487.171875,-9348.818359375,19234.90625,-4603.00634765625
3790.538923858,13887.0712890625,20713.71875,-41687.8359375,-10317.7216796875,-39510.46484375,-9288.2001953125,19243.935546875,-4663.3115234375
3790.539132086,13887.6533203125,20733.166015625,-41496.28125,-10257.193359375,-39480.9140625,-9188.3330078125,19287.1640625,-4676.99072265625
3790.539389545,13948.0693359375,20788.1953125,-41547.17578125,-10218.5693359375,-39450.24609375,-9180.509765625,19299.748046875,-4632.17529296875
3790.539589021,14007.078125,20830.865234375,-41767.296875,-10224.8505859375,-39438.51171875,-9250.4482421875,19282.8046875,-4595.5185546875
3790.539785944,13979.138671875,20787.009765625,-41928.87890625,-10290.2294921875,-39476.04296875,-9348.259765625,19227.841796875,-4618.697265625
3790.539982503,13898.3818359375,20721.162109375,-41675.296875,-10296.353515625,-39502.1484375,-9293.095703125,19224.064453125,-4680.56689453125
3790.540195471,13898.962890625,20734.126953125,-41487.453125,-10246.173828125,-39479.3515625,-9194.5244140625,19276.0546875,-4665.5244140625
3790.540398594,13944.1357421875,20777.64453125,-41549.3671875,-10218.435546875,-39450.5390625,-9178.7880859375,19301.044921875,-4625.5146484375
3790.540610468,13992.83984375,20816.0234375,-41779.43359375,-10237.45703125,-39447.453125,-9252.1474609375,19286.8515625,-4599.51953125
3790.540806298,13956.18359375,20774.626953125,-41945.6875,-10314.4140625,-39492.94140625,-9357.9150390625,19221.271484375,-4634.5224609375
3790.541002856,13878.5107421875,20704.263671875,-41696.30859375,-10324.6953125,-39525.21484375,-9306.5732421875,19219.68359375,-4674.15185546875
3790.541228588,13897.3310546875,20743.267578125,-41488.0546875,-10239.8037109375,-39479.4609375,-9193.138671875,19284.1015625,-4654.63916015625
3790.541424417,13950.6845703125,20792.5546875,-41541.87890625,-10207.3037109375,-39444.125,-9180.7333984375,19308.197265625,-4620.39599609375
3790.541620611,13996.7294921875,20818.728515625,-41774.3828125,-10236.1826171875,-39443.140625,-9251.7666015625,19291.208984375,-4595.1162109375
3790.54181644,13968.2529296875,20784.216796875,-41937.7734375,-10297.6943359375,-39478.30078125,-9347.96875,19230.009765625,-4620.708984375
3790.542013363,13880.4111328125,20711.505859375,-41694.05078125,-10313.564453125,-39512.33984375,-9301.3212890625,19221.2265625,-4674.64404296875
3790.542226697,13885.619140625,20716.982421875,-41504.86328125,-10263.0048828125,-39488.9609375,-9199.44140625,19279.33984375,-4662.64111328125
3790.54242909,13946.728515625,20774.60546875,-41557.50390625,-10229.7900390625,-39459.5234375,-9189.0478515625,19304.21875,-4606.62744140625
3790.542640965,14001.5126953125,20795.81640625,-41792.1953125,-10261.3505859375,-39462.25,-9265.6923828125,19279.810546875,-4591.5849609375
3790.542836064,13968.0078125,20759.875,-41956.81640625,-10322.5048828125,-39495.3984375,-9359.501953125,19220.578125,-4614.04833984375
3790.996145412,13882.4453125,20704.666015625,-41700.21875,-10316.6484375,-39516.0078125,-9305.0986328125,19219.28125,-4667.64794921875
3790.99637625,13889.9775390625,20716.736328125,-41504.21484375,-10263.8095703125,-39494.21484375,-9210.1708984375,19271.205078125,-4659.84716796875
3790.996572808,13940.2021484375,20759.31640625,-41559.515625,-10239.1328125,-39471.81640625,-9200.3583984375,19291.052734375,-4625.98388671875
3790.996766449,13987.6767578125,20798.521484375,-41780.08203125,-10253.7060546875,-39460.375,-9265.669921875,19271.0703125,-4598.24560546875
3790.996996922,13961.9501953125,20778.361328125,-41934.59765625,-10295.1689453125,-39482.41015625,-9358.0498046875,19218.90234375,-4616.3505859375
3790.997189469,13884.322265625,20723.263671875,-41676.59375,-10290.0498046875,-39499.5546875,-9298.6162109375,19220.353515625,-4663.5126953125
3790.997414472,13882.9365234375,20748.923828125,-41475.5625,-10226.9736328125,-39466.56640625,-9192.892578125,19275.16015625,-4664.138671875
3790.997639475,13934.837890625,20779.09765625,-41539.62109375,-10218.14453125,-39452.99609375,-9190.0986328125,19293.623046875,-4643.86572265625
3790.997831293,13997.6455078125,20816.76171875,-41764.703125,-10239.423828125,-39449.3984375,-9259.8359375,19276.30078125,-4614.96484375
3790.998152934,13966.666015625,20791.75,-41922.57421875,-10287.63671875,-39474.7890625,-9351.5673828125,19222.12109375,-4624.84423828125
3790.998455612,13901.8681640625,20732.919921875,-41666.4921875,-10283.5009765625,-39490.19140625,-9290.9052734375,19222.27734375,-4665.703125
3790.99874735,13910.5185546875,20751.873046875,-41471.0234375,-10234.7294921875,-39467.03515625,-9187.4833984375,19275.384765625,-4657.45556640625
3790.998943179,13950.3271484375,20780.013671875,-41543.04296875,-10227.912109375,-39457.33203125,-9185.29296875,19287.7890625,-4640.3115234375
3790.999168182,13993.1083984375,20802.74609375,-41775.23046875,-10252.1416015625,-39456.10546875,-9256.0810546875,19269.416015625,-4615.81396484375
3790.999392455,13969.7509765625,20780.88671875,-41934.64453125,-10303.103515625,-39483.484375,-9353.958984375,19228.513671875,-4615.18798828125
3790.99958245,13887.6748046875,20727.755859375,-41678.55859375,-10295.9287109375,-39500.44921875,-9294.4140625,19240.380859375,-4644.06640625
3790.999773173,13903.5,20749.326171875,-41479.36328125,-10238.08203125,-39472.3984375,-9189.6064453125,19292.505859375,-4638.6796875
3791.000064547,13948.8515625,20783.45703125,-41548.13671875,-10229.5888671875,-39461.08984375,-9190.4560546875,19292.7734375,-4619.9716796875
3791.000402233,13997.8916015625,20815.732421875,-41768.99609375,-10235.19921875,-39447.51953125,-9254.6728515625,19278.333984375,-4597.5302734375
3791.000658233,13962.3076171875,20780.126953125,-41938.66796875,-10293.783203125,-39481.921875,-9351.478515625,19233.072265625,-4614.42822265625
3791.00085078,13869.97265625,20707.505859375,-41700.3984375,-10308.7587890625,-39516.98828125,-9306.5732421875,19221.494140625,-4680.25390625
3791.001157834,13876.119140625,20716.759765625,-41501.55859375,-10252.56640625,-39491.17578125,-9209.6337890625,19267.62890625,-4669.279296875
3791.001350382,13932.53515625,20758.82421875,-41555.78125,-10228.650390625,-39466.4765625,-9200.1123046875,19284.615234375,-4628.19677734375
3791.001575749,13993.4658203125,20787.412109375,-41782.51953125,-10257.6845703125,-39466.609375,-9266.1611328125,19268.90234375,-4595.7421875
3791.001767931,13964.3193359375,20756.857421875,-41950.58203125,-10308.0654296875,-39490.32421875,-9351.544921875,19221.404296875,-4611.65673828125
3791.00212604,13872.677734375,20704.62109375,-41703.6171875,-10305.4501953125,-39510.59765625,-9300.8740234375,19214.408203125,-4662.6630859375
3791.002456798,13883.0927734375,20731.64453125,-41497.48828125,-10243.7373046875,-39484.22265625,-9203.46484375,19272.076171875,-4657.38818359375
3791.002697117,13942.99609375,20783.904296875,-41547.78125,-10220.40234375,-39455.6796875,-9184.64453125,19302.7421875,-4619.03271484375
3791.002957493,13986.849609375,20815.15234375,-41774.78515625,-10246.1962890625,-39449.84375,-9248.97265625,19294.875,-4596.43505859375
3791.00321714,13960.4970703125,20783.880859375,-41941.8203125,-10292.888671875,-39474.9453125,-9347.96875,19228.513671875,-4625.04541015625
3791.00342865,13882.8701171875,20702.744140625,-41697.6953125,-10303.4833984375,-39506.1484375,-9299.599609375,19220.01953125,-4669.5478515625
3791.00363469,13885.462890625,20715.955078125,-41499.9921875,-10258.154296875,-39487.95703125,-9200.9619140625,19277.126953125,-4654.01318359375
3791.003826872,13939.28515625,20773.353515625,-41551.265625,-10227.30859375,-39463.63671875,-9194.0546875,19290.494140625,-4639.484375
3791.004178781,13997.109375,20816.314453125,-41764.16796875,-10231.935546875,-39450.3828125,-9258.517578125,19271.517578125,-4606.2919921875
3791.00444098,13981.0830078125,20781.712890625,-41932.34375,-10290.9892578125,-39477.49609375,-9351.2099609375,19224.802734375,-4612.03662109375
3791.004699898,13892.458984375,20722.1015625,-41685.9140625,-10291.97265625,-39499.8671875,-9298.080078125,19223.529296875,-4668.1396484375
3791.004917607,13893.0400390625,20737.658203125,-41482.2890625,-10237.658203125,-39470.9921875,-9188.35546875,19279.921875,-4662.5068359375
3791.005122918,13939.1513671875,20771.833984375,-41539.890625,-10224.42578125,-39454.5390625,-9182.677734375,19305.6484375,-4620.708984375
3791.005314736,13982.9384765625,20804.064453125,-41765.44140625,-10244.2734375,-39451.43359375,-9254.091796875,19291.634765625,-4587.5615234375
3791.005506918,13968.3427734375,20783.634765625,-41930.734375,-10288.1953125,-39472.421875,-9345.0185546875,19238.68359375,-4614.78564453125
3791.005735203,13896.0576171875,20732.361328125,-41677.48828125,-10280.841796875,-39488.0234375,-9290.591796875,19241.38671875,-4661.3447265625
3791.005978439,13896.03515625,20740.876953125,-41476.703125,-10235.2666015625,-39469.58203125,-9186.8349609375,19291.923828125,-4655.3544921875
3791.006343841,13941.2080078125,20772.794921875,-41535.7109375,-10221.0283203125,-39452.9765625,-9177.134765625,19305.1796875,-4618.9658203125
3791.006606405,13993.6220703125,20805.96484375,-41755.44921875,-10236.65234375,-39441.26171875,-9239.80859375,19291.767578125,-4579.3359375
3791.00680187,13976.009765625,20783.12109375,-41926.015625,-10288.6640625,-39468.33203125,-9337.9326171875,19247.958984375,-4594.40087890625
3791.007034531,13892.4140625,20725.07421875,-41684.03515625,-10289.6474609375,-39493.0078125,-9288.580078125,19239.77734375,-4648.8720703125
3791.007227442,13890.669921875,20737.345703125,-41484.48046875,-10238.865234375,-39473.31640625,-9191.0146484375,19287.365234375,-4650.97314453125
3791.00741926,13934.189453125,20773.287109375,-41544.29296875,-10225.23046875,-39458.31640625,-9185.8291015625,19298.4296875,-4629.22509765625
3791.007612537,13986.6044921875,20805.427734375,-41764.81640625,-10245.5703125,-39452.52734375,-9249.21875,19280.81640625,-4603.095703125
3791.007837904,13965.75,20785.9609375,-41932.67578125,-10291.771484375,-39472.66796875,-9339.20703125,19236.716796875,-4615.970703125
3791.008177049,13891.453125,20731.64453125,-41687.90234375,-10290.4306640625,-39497.1640625,-9297.4990234375,19233.095703125,-4653.4990234375
3791.008439249,13899.3427734375,20742.396484375,-41482.3125,-10237.6357421875,-39474.34375,-9195.4404296875,19285.599609375,-4645.51953125
3791.008631067,13952.71875,20780.751953125,-41535.6640625,-10218.5244140625,-39449.93359375,-9182.2978515625,19308.80078125,-4618.78662109375
3791.008823249,13999.2548828125,20812.291015625,-41757.84375,-10239.826171875,-39446.6953125,-9249.0849609375,19294.427734375,-4602.5146484375
3791.009093471,13963.0009765625,20765.6875,-41951.85546875,-10320.0458984375,-39493.90234375,-9357.0888671875,19224.6015625,-4635.77392578125
3791.009286383,13886.7138671875,20716.736328125,-41703.39453125,-10305.9873046875,-39505.2109375,-9301.365234375,19217.60546875,-4677.99658203125
3791.009477836,13898.158203125,20747.849609375,-41483.51953125,-10229.0966796875,-39470.09765625,-9194.9931640625,19273.931640625,-4665.5244140625
3791.009670018,13942.146484375,20771.69921875,-41544.91796875,-10232.6513671875,-39463.3671875,-9190.634765625,19296.708984375,-4624.59814453125
3791.009928206,13988.34765625,20807.841796875,-41761.59765625,-10243.46875,-39448.01171875,-9250.0458984375,19288.4609375,-4578.44189453125
3791.010315489,13961.97265625,20794.453125,-41934.35546875,-10286.5859375,-39468.59765625,-9343.9677734375,19230.927734375,-4599.1396484375
3791.010762577,13888.79296875,20732.31640625,-41695.546875,-10297.470703125,-39498.05859375,-9297.677734375,19227.037109375,-4652.60498046875
3791.011092241,13901.82421875,20736.517578125,-41488.52734375,-10246.6875,-39475.90625,-9191.685546875,19286.671875,-4652.04638671875
3791.011287341,13935.865234375,20773.041015625,-41546.953125,-10231.0419921875,-39459.1875,-9182.8115234375,19302.921875,-4637.38330078125
3791.011479888,13982.4248046875,20801.115234375,-41770.359375,-10252.96875,-39461.84765625,-9260.349609375,19279.498046875,-4615.76953125
3791.011672799,13966.0625,20775.7890625,-41945.10546875,-10306.7919921875,-39488.73828125,-9356.4853515625,19228.06640625,-4620.1279296875
3791.011868628,13879.4052734375,20711.662109375,-41704.7578125,-10308.7138671875,-39510.10546875,-9303.0419921875,19229.4296875,-4669.078125
3791.012123899,13881.841796875,20727.935546875,-41493.80078125,-10256.544921875,-39484.984375,-9200.6708984375,19278.8046875,-4657.09765625
3791.012315352,13922.6552734375,20769.77734375,-41549.3671875,-10244.7431640625,-39469.1796875,-9191.9541015625,19298.384765625,-4615.79150390625
3791.012506805,13974.6455078125,20816.716796875,-41760.48046875,-10240.8759765625,-39452.3046875,-9253.353515625,19281.955078125,-4591.04833984375
3791.012697894,13964.990234375,20793.068359375,-41933.16796875,-10282.2275390625,-39473.875,-9348.5498046875,19228.6015625,-4603.87841796875
3791.012920344,13888.4580078125,20734.73046875,-41692.62109375,-10287.234375,-39493.4296875,-9291.3076171875,19228.22265625,-4644.3349609375
3791.013299968,13888.345703125,20737.232421875,-41483.80859375,-10238.529296875,-39470.2734375,-9187.103515625,19277.552734375,-4638.5009765625
3791.013708036,13936.7822265625,20765.59765625,-41540.8046875,-10227.30859375,-39458.25,-9190.166015625,19293.646484375,-4616.59619140625
3791.014193415,13978.9599609375,20796.912109375,-41760.74609375,-10243.447265625,-39453.53515625,-9260.5732421875,19281.017578125,-4606.91796875
3791.014580697,13955.04296875,20774.5390625,-41938.84765625,-10300.130859375,-39479.6171875,-9351.3662109375,19232.87109375,-4609.46630859375
3791.014844355,13878.890625,20715.798828125,-41696.8203125,-10301.2705078125,-39499.19921875,-9300.091796875,19233.4296875,-4652.20263671875
3791.015040549,13890.0224609375,20733.947265625,-41477.6171875,-10238.015625,-39466.7890625,-9188.51171875,19287.140625,-4646.03369140625
3791.015230908,13941.431640625,20767.54296875,-41530.27734375,-10225.296875,-39450.08984375,-9177.0224609375,19305.71484375,-4614.31640625
3791.015421632,13989.1298828125,20799.169921875,-41753.3046875,-10249.9736328125,-39446.9609375,-9242.2900390625,19290.6953125,-4589.5283203125
3791.015612356,13970.1083984375,20772.4375,-41937.70703125,-10308.087890625,-39477.671875,-9343.9013671875,19233.943359375,-4613.35546875
3791.015803809,13894.693359375,20725.7890625,-41689.89453125,-10287.7705078125,-39493.1640625,-9294.66015625,19234.994140625,-4654.728515625
3791.016167752,13895.431640625,20743.044921875,-41475.42578125,-10228.8291015625,-39465.828125,-9182.767578125,19295.166015625,-4640.60205078125
3791.016554669,13933.5185546875,20770.89453125,-41537.18359375,-10216.892578125,-39450.47265625,-9175.7041015625,19302.69921875,-4616.39501953125
3791.016829632,13979.8759765625,20794.677734375,-41762.625,-10246.173828125,-39450.73828125,-9252.52734375,19279.810546875,-4595.7646484375
3791.017026191,13962.6650390625,20769.330078125,-41946.04296875,-10302.0751953125,-39481.02734375,-9356.373046875,19221.181640625,-4625.73828125
3791.017218008,13874.353515625,20706.1875,-41713.5859375,-10309.3173828125,-39506.796875,-9310.6416015625,19217.314453125,-4668.25146484375
3791.01741092,13885.1494140625,20727.62109375,-41492.21484375,-10250.9794921875,-39475.68359375,-9195.865234375,19284.66015625,-4643.7314453125
3791.017602008,13942.1689453125,20769.107421875,-41538.81640625,-10230.259765625,-39452.73046875,-9181.6943359375,19308.12890625,-4612.86376953125
3791.017792732,13989.2197265625,20802.5234375,-41753.55078125,-10241.501953125,-39443.98828125,-9245.0615234375,19292.37109375,-4593.81982421875
3791.018101974,13960.720703125,20767.787109375,-41945.484375,-10310.2119140625,-39482.03125,-9346.76171875,19231.060546875,-4610.5166015625
3791.018489986,13881.6181640625,20704.107421875,-41710.74609375,-10312.15625,-39502.10546875,-9300.203125,19227.10546875,-4653.36474609375
3791.018742704,13877.7734375,20722.99609375,-41491.921875,-10247.4033203125,-39474.03125,-9198.591796875,19285.0625,-4641.7421875
3791.018944732,13923.37109375,20756.41015625,-41549.390625,-10236.517578125,-39461.35546875,-9189.181640625,19302.810546875,-4612.8857421875
