#3780.940702074,14029.162109375,20894.8359375,-41502.40625,-10178.5595703125,-39571.5078125,-9114.8623046875,19385.244140625,-4622.25146484375
3780.940984331,14050.955078125,20925.099609375,-41337.8515625,-10120.19921875,-39545.1328125,-9019.3984375,19444.51953125,-4591.763671875
3780.941282268,14095.748046875,20958.29296875,-41425.62890625,-10112.95703125,-39529.73046875,-9023.1982421875,19454.48828125,-4572.89892578125
3781.392826236,14139.1103515625,20996.736328125,-41666.265625,-10132.2021484375,-39522.69140625,-9100.8251953125,19430.572265625,-4545.763671875
3781.3930279,14094.0712890625,20946.9140625,-41791.52734375,-10199.7490234375,-39569.3828125,-9198.3017578125,19367.517578125,-4573.5244140625
3781.393223,14019.1259765625,20889.671875,-41506.0703125,-10186.4501953125,-39578.63671875,-9119.712890625,19377.12890625,-4622.47509765625
3781.394520869,14040.091796875,20933.525390625,-41331.078125,-10107.369140625,-39532.45703125,-9017.0068359375,19433.634765625,-4617.22216796875
3781.394768117,14095.0771484375,20964.662109375,-41416.30859375,-10101.333984375,-39518.1953125,-9024.2041015625,19444.966796875,-4585.61669921875
3781.394960664,14141.4794921875,20977.6484375,-41670.06640625,-10143.0205078125,-39525.41796875,-9110.392578125,19414.12109375,-4569.5234375
3781.39515394,14101.1787109375,20942.04296875,-41787.8828125,-10191.7021484375,-39556.375,-9196.357421875,19361.68359375,-4590.06494140625
3781.395430727,14027.955078125,20900.19921875,-41497.21875,-10163.7177734375,-39566.34375,-9120.0927734375,19375.587890625,-4626.900390625
3781.395752733,14041.208984375,20915.95703125,-41338.74609375,-10118.6123046875,-39548.10546875,-9033.390625,19420.267578125,-4620.39599609375
3781.39594528,14095.2333984375,20953.173828125,-41425.08984375,-10114.5,-39540.28125,-9042.666015625,19436.384765625,-4581.99609375
3781.396135639,14139.892578125,20989.740234375,-41664.703125,-10128.9384765625,-39525.640625,-9113.23046875,19419.10546875,-4545.00390625
3781.396348972,14097.759765625,20960.34765625,-41783.90234375,-10182.806640625,-39551.8125,-9192.84765625,19372.234375,-4570.373046875
3781.396552824,14019.953125,20898.076171875,-41505.0,-10179.185546875,-39571.55078125,-9117.0751953125,19381.935546875,-4627.1689453125
3781.396743548,14046.998046875,20924.072265625,-41333.13671875,-10118.6796875,-39533.7109375,-9013.1396484375,19433.03125,-4617.1328125
3781.396933542,14098.072265625,20974.251953125,-41404.75,-10088.8173828125,-39505.90234375,-9015.0400390625,19448.341796875,-4591.0927734375
3781.397123901,14139.802734375,21003.888671875,-41642.21484375,-10113.5166015625,-39505.234375,-9097.16015625,19437.837890625,-4543.08154296875
3781.397368961,14102.744140625,20955.900390625,-41768.6171875,-10180.7724609375,-39546.40625,-9189.1376953125,19388.529296875,-4556.1123046875
3781.397847046,14034.99609375,20905.630859375,-41484.76953125,-10169.2841796875,-39559.34765625,-9112.224609375,19400.77734375,-4597.955078125
3781.398253656,14048.8984375,20938.755859375,-41313.78125,-10104.12890625,-39524.546875,-9014.9501953125,19452.96875,-4591.16015625
3781.398718614,14096.9326171875,20983.90625,-41392.01171875,-10085.576171875,-39502.55078125,-9015.9111328125,19461.037109375,-4562.21435546875
3781.399029679,14157.05859375,21010.728515625,-41630.86328125,-10113.9404296875,-39501.3671875,-9094.8349609375,19435.892578125,-4533.87255859375
3781.399219309,14121.18359375,20960.259765625,-41760.34375,-10174.7822265625,-39539.1640625,-9183.2587890625,19380.99609375,-4554.771484375
3781.39947932,14034.3251953125,20893.919921875,-41490.359375,-10173.150390625,-39561.44921875,-9111.5322265625,19393.8046875,-4597.01611328125
3781.399672232,14042.1259765625,20911.576171875,-41328.3515625,-10122.970703125,-39537.3515625,-9013.453125,19458.490234375,-4584.25341796875
3781.399862956,14083.2978515625,20956.392578125,-41413.40234375,-10105.1787109375,-39522.04296875,-9022.974609375,19450.509765625,-4584.3203125
3781.400053679,14131.1748046875,20984.578125,-41658.7578125,-10133.07421875,-39523.1796875,-9110.2138671875,19427.263671875,-4558.01220703125
3781.400244768,14102.3642578125,20944.2109375,-41790.25,-10198.2294921875,-39561.1796875,-9197.720703125,19380.951171875,-4569.65771484375
3781.400437679,14028.111328125,20888.755859375,-41509.78125,-10180.482421875,-39572.19921875,-9125.591796875,19390.09375,-4605.7783203125
3781.400628403,14039.130859375,20911.8671875,-41338.90234375,-10123.7529296875,-39543.54296875,-9027.4892578125,19445.59375,-4592.5234375
3781.400818033,14087.74609375,20953.0625,-41415.2578125,-10109.8056640625,-39521.37109375,-9021.767578125,19464.81640625,-4570.23876953125
3781.401008392,14139.69140625,20987.998046875,-41652.9453125,-10132.671875,-39518.35546875,-9101.787109375,19435.466796875,-4543.5732421875
3781.401199845,14105.671875,20960.548828125,-41783.390625,-10191.2998046875,-39556.77734375,-9195.8427734375,19373.3515625,-4573.25634765625
3781.401454021,14036.9404296875,20912.046875,-41497.80078125,-10168.5234375,-39565.5390625,-9118.5283203125,19383.1640625,-4613.5341796875
3781.40181687,14055.1796875,20931.470703125,-41327.4375,-10119.9091796875,-39542.42578125,-9027.400390625,19430.728515625,-4607.78955078125
3781.402161121,14100.0166015625,20971.033203125,-41402.89453125,-10097.3779296875,-39523.09375,-9033.748046875,19443.224609375,-4576.9443359375
3781.402537828,14142.9990234375,21003.30859375,-41646.93359375,-10125.876953125,-39526.69140625,-9115.1533203125,19416.177734375,-4560.7841796875
3781.402852905,14109.046875,20958.693359375,-41781.51171875,-10193.267578125,-39564.15234375,-9199.330078125,19362.265625,-4581.794921875
3781.403043264,14042.2373046875,20905.85546875,-41497.5546875,-10174.3125,-39574.30078125,-9126.9775390625,19381.041015625,-4607.119140625
3781.403233623,14058.3974609375,20934.599609375,-41317.421875,-10109.716796875,-39536.90625,-9020.359375,19444.900390625,-4582.01806640625
3781.403574956,14102.7880859375,20968.216796875,-41395.87890625,-10099.0546875,-39517.52734375,-9020.314453125,19467.720703125,-4565.67919921875
3781.403764951,14156.56640625,21002.212890625,-41629.02734375,-10118.880859375,-39509.859375,-9092.443359375,19443.8046875,-4542.07568359375
3781.40395531,14121.2958984375,20966.427734375,-41762.53515625,-10182.1357421875,-39551.1640625,-9186.5673828125,19381.48828125,-4557.3193359375
3781.404145669,14043.154296875,20910.212890625,-41482.58203125,-10166.712890625,-39559.61328125,-9110.59375,19397.828125,-4595.7646484375
3781.404373224,14064.34375,20937.34765625,-41303.69921875,-10104.8662109375,-39522.7109375,-9009.9658203125,19441.390625,-4595.384765625
3781.404565042,14108.890625,20989.31640625,-41380.05078125,-10090.2705078125,-39506.10546875,-9017.2744140625,19455.94140625,-4566.88623046875
3781.40475613,14145.48046875,21006.974609375,-41627.890625,-10124.4462890625,-39511.8046875,-9098.76953125,19434.685546875,-4547.06005859375
3781.404946854,14115.841796875,20967.9921875,-41762.0234375,-10172.2119140625,-39542.046875,-9186.0302734375,19378.068359375,-4577.07861328125
3781.405136848,14029.072265625,20896.958984375,-41497.51171875,-10171.138671875,-39566.41015625,-9122.6630859375,19376.302734375,-4620.41845703125
3781.405399777,14039.3095703125,20911.53125,-41330.09765625,-10131.6435546875,-39548.41796875,-9027.4892578125,19434.23828125,-4599.00537109375
3781.405797999,14086.4716796875,20961.64453125,-41408.55078125,-10122.814453125,-39533.28515625,-9024.8740234375,19461.3515625,-4561.9462890625
3781.40615866,14140.138671875,21005.677734375,-41638.4375,-10125.2509765625,-39519.94140625,-9100.490234375,19433.142578125,-4542.5224609375
3781.406416119,14117.0263671875,20965.130859375,-41774.3828125,-10185.4443359375,-39556.015625,-9194.3896484375,19373.173828125,-4571.80322265625
3781.406605749,14037.87890625,20896.154296875,-41505.82421875,-10182.29296875,-39575.44140625,-9126.5751953125,19380.013671875,-4616.1044921875
3781.406795379,14046.5517578125,20906.861328125,-41328.28515625,-10134.5712890625,-39552.28515625,-9030.9091796875,19434.685546875,-4600.86083984375
3781.406984279,14106.4990234375,20951.98828125,-41393.015625,-10119.1484375,-39529.5078125,-9023.8466796875,19455.046875,-4561.96875
3781.407174273,14152.7666015625,20988.466796875,-41622.8359375,-10134.1025390625,-39518.48828125,-9096.0419921875,19438.75390625,-4530.05029296875
3781.407491538,14120.021484375,20967.61328125,-41753.640625,-10172.9716796875,-39544.125,-9182.96875,19389.333984375,-4550.390625
3781.407893772,14049.099609375,20909.162109375,-41485.77734375,-10172.748046875,-39572.84765625,-9129.0107421875,19386.47265625,-4604.59326171875
3781.408166547,14051.826171875,20924.048828125,-41309.21875,-10122.3896484375,-39546.42578125,-9029.9931640625,19432.62890625,-4623.771484375
3781.408384986,14100.1728515625,20965.109375,-41379.60546875,-10112.041015625,-39529.12890625,-9027.3330078125,19447.60546875,-4579.00048828125
3781.408593214,14153.03515625,21003.3984375,-41608.3515625,-10129.609375,-39520.85546875,-9102.6357421875,19430.05859375,-4541.29345703125
3781.408805818,14118.0771484375,20960.83984375,-41749.39453125,-10189.6904296875,-39553.4453125,-9192.4453125,19373.10546875,-4563.48876953125
3781.409003835,14039.890625,20902.658203125,-41476.90234375,-10173.7763671875,-39567.1015625,-9121.9033203125,19380.326171875,-4605.64404296875
3781.409249259,14058.3310546875,20923.982421875,-41296.90234375,-10120.8701171875,-39537.59765625,-9027.958984375,19437.076171875,-4603.60986328125
3781.409541727,14105.26953125,20955.453125,-41374.62109375,-10112.0634765625,-39520.41015625,-9027.400390625,19451.404296875,-4573.904296875
3781.409830912,14152.8115234375,20989.091796875,-41607.2578125,-10129.810546875,-39508.85546875,-9092.779296875,19435.712890625,-4539.572265625
3781.410272165,14116.646484375,20957.912109375,-41751.515625,-10177.93359375,-39536.63671875,-9182.833984375,19377.419921875,-4570.57421875
3781.410796929,14036.470703125,20897.853515625,-41488.99609375,-10173.798828125,-39558.33984375,-9120.80859375,19380.169921875,-4621.4912109375
3781.411561647,14046.5068359375,20924.630859375,-41311.2109375,-10122.255859375,-39539.65625,-9026.8193359375,19436.31640625,-4625.04541015625
3781.412692496,14089.8017578125,20960.6171875,-41385.55078125,-10108.1513671875,-39521.3046875,-9021.521484375,19458.04296875,-4593.59619140625
3781.413379539,14143.6474609375,20999.486328125,-41614.90234375,-10120.490234375,-39509.390625,-9090.0966796875,19441.904296875,-4546.09912109375
3781.413626058,14114.8134765625,20963.34375,-41766.87109375,-10184.4609375,-39545.64453125,-9182.8564453125,19386.65234375,-4550.05517578125
3781.413824075,14038.8623046875,20904.693359375,-41504.26171875,-10177.0625,-39562.51953125,-9117.2099609375,19387.03125,-4603.38623046875
3781.414020998,14049.3681640625,20914.505859375,-41325.1796875,-10120.6015625,-39537.53125,-9024.427734375,19440.33984375,-4597.3515625
3781.414217557,14094.3173828125,20950.357421875,-41401.30859375,-10117.919921875,-39526.53515625,-9027.04296875,19462.916015625,-4573.01025390625
3781.414487414,14145.32421875,20980.8671875,-41634.52734375,-10142.283203125,-39524.6796875,-9102.1669921875,19439.201171875,-4553.408203125
3781.414683608,14119.060546875,20952.81640625,-41777.578125,-10189.9140625,-39554.62890625,-9196.22265625,19379.23046875,-4576.9443359375
3781.414880166,14033.296875,20886.69921875,-41515.4140625,-10192.7080078125,-39582.078125,-9141.86328125,19374.26953125,-4624.12890625
3781.41515987,14036.962890625,20904.111328125,-41329.0,-10138.9521484375,-39556.7109375,-9044.0966796875,19424.3359375,-4608.01318359375
3781.415357523,14088.05859375,20950.333984375,-41391.875,-10111.638671875,-39530.6015625,-9033.703125,19443.626953125,-4576.87744140625
3781.415551893,14142.4853515625,20983.4375,-41628.203125,-10141.5009765625,-39532.390625,-9108.9169921875,19425.23046875,-4552.69287109375
3781.415746263,14116.5126953125,20961.7109375,-41769.93359375,-10175.8330078125,-39549.37890625,-9193.9208984375,19370.37890625,-4579.44775390625
3781.415940269,14043.01953125,20908.58203125,-41501.82421875,-10166.490234375,-39564.51171875,-9131.0224609375,19374.0,-4622.58642578125
3781.416135369,14052.7431640625,20926.3515625,-41317.9375,-10118.9033203125,-39541.9140625,-9030.775390625,19437.166015625,-4604.3251953125
3781.416508793,14094.33984375,20969.6015625,-41387.921875,-10104.798828125,-39521.9296875,-9020.76171875,19460.03125,-4557.02880859375
3781.416710457,14142.9541015625,20996.357421875,-41619.55078125,-10125.5859375,-39515.625,-9089.0908203125,19439.892578125,-4531.9501953125
3781.417014594,14123.8212890625,20967.03125,-41763.05078125,-10173.1279296875,-39539.18359375,-9181.8955078125,19388.865234375,-4564.49462890625
3781.417211517,14046.841796875,20909.119140625,-41501.51171875,-10172.5244140625,-39562.23046875,-9125.4130859375,19384.505859375,-4626.25244140625
3781.41740917,14053.0556640625,20928.251953125,-41316.68359375,-10120.35546875,-39539.85546875,-9031.0439453125,19430.259765625,-4618.1611328125
3781.417605728,14099.5029296875,20966.115234375,-41378.19921875,-10094.875,-39513.2109375,-9018.9287109375,19456.34375,-4569.68017578125
3781.417801192,14151.314453125,20998.525390625,-41607.50390625,-10117.6513671875,-39508.09375,-9085.849609375,19453.70703125,-4533.51513671875
3781.417996292,14120.8037109375,20959.744140625,-41766.2890625,-10180.1240234375,-39540.4609375,-9178.654296875,19400.5546875,-4554.32421875
3781.418192121,14052.3408203125,20909.990234375,-41501.82421875,-10164.142578125,-39549.22265625,-9114.169921875,19398.654296875,-4595.98828125
3781.418446663,14057.3251953125,20926.240234375,-41315.546875,-10110.1630859375,-39524.25390625,-9017.900390625,19444.36328125,-4589.66259765625
3781.418714332,14094.5849609375,20958.134765625,-41388.74609375,-10099.5458984375,-39511.37890625,-9019.6220703125,19456.166015625,-4573.65869140625
3781.419042173,14152.521484375,20987.9296875,-41624.1796875,-10128.2236328125,-39517.05859375,-9095.953125,19436.8984375,-4551.798828125
3781.419244566,14120.916015625,20947.7421875,-41791.81640625,-10203.794921875,-39563.2578125,-9197.4970703125,19380.9296875,-4567.9365234375
3781.419446594,14039.890625,20898.388671875,-41523.08203125,-10180.83984375,-39561.625,-9120.5625,19392.775390625,-4602.40283203125
3781.419647164,14054.93359375,20926.015625,-41323.94921875,-10110.4765625,-39528.58984375,-9016.6044921875,19442.865234375,-4600.45849609375
3781.419848464,14100.732421875,20956.16796875,-41396.99609375,-10106.5869140625,-39524.34375,-9027.6015625,19445.615234375,-4579.380859375
3781.420049763,14151.4931640625,20987.86328125,-41626.078125,-10131.2861328125,-39521.7734375,-9101.25,19427.0625,-4551.5302734375
3781.420265649,14121.6533203125,20960.638671875,-41781.98046875,-10189.4228515625,-39549.69140625,-9190.6123046875,19377.599609375,-4573.7705078125
3781.420584737,14038.080078125,20897.181640625,-41524.87109375,-10188.841796875,-39571.70703125,-9129.9052734375,19384.125,-4610.181640625
3781.420785672,14047.53515625,20919.466796875,-41324.77734375,-10125.720703125,-39538.40234375,-9029.009765625,19445.59375,-4582.5771484375
3781.420986971,14100.1728515625,20961.064453125,-41386.109375,-10100.619140625,-39515.06640625,-9024.181640625,19459.96484375,-4555.9111328125
3781.421193375,14152.275390625,20989.3828125,-41620.78125,-10120.6240234375,-39513.4375,-9099.216796875,19441.615234375,-4542.07568359375
3781.421424578,14129.38671875,20967.568359375,-41782.20703125,-10181.9794921875,-39546.42578125,-9194.14453125,19385.802734375,-4560.02392578125
3781.421629159,14044.4052734375,20898.501953125,-41530.03125,-10188.5732421875,-39573.7421875,-9142.01953125,19376.32421875,-4607.9462890625
3781.421831552,14049.7705078125,20911.287109375,-41338.90234375,-10135.4658203125,-39549.87109375,-9041.03515625,19427.17578125,-4595.9658203125
3781.422033945,14093.9599609375,20957.173828125,-41404.03515625,-10112.9130859375,-39529.640625,-9037.525390625,19439.4453125,-4565.03076171875
3781.422291039,14141.8818359375,20991.640625,-41632.29296875,-10129.900390625,-39522.95703125,-9107.5537109375,19420.267578125,-4541.7177734375
3781.422590071,14117.80859375,20958.0234375,-41795.05859375,-10191.61328125,-39555.9921875,-9199.888671875,19365.060546875,-4570.68603515625
3781.422791735,14041.5224609375,20890.857421875,-41541.41015625,-10194.1611328125,-39578.1015625,-9139.583984375,19367.474609375,-4610.44970703125
3781.422993399,14046.7529296875,20894.12109375,-41350.19140625,-10153.7265625,-39559.48046875,-9043.001953125,19427.041015625,-4604.1015625
3781.423196521,14089.869140625,20938.3984375,-41407.25390625,-10132.7607421875,-39536.79296875,-9033.099609375,19452.07421875,-4577.65966796875
3781.42339782,14147.1123046875,20993.697265625,-41621.09375,-10125.33984375,-39511.9609375,-9090.0302734375,19444.251953125,-4536.42041015625
3781.423599119,14125.5869140625,20968.26171875,-41779.3671875,-10172.837890625,-39539.67578125,-9186.7236328125,19388.796875,-4559.95703125
3781.423800783,14050.216796875,20909.07421875,-41522.8125,-10166.7353515625,-39559.50390625,-9133.1240234375,19387.61328125,-4604.951171875
3781.424002083,14056.9228515625,20922.126953125,-41331.34765625,-10120.5791015625,-39538.0234375,-9034.708984375,19430.4609375,-4607.365234375
3781.424205934,14097.71484375,20955.966796875,-41398.3125,-10111.080078125,-39523.33984375,-9029.970703125,19443.1796875,-4588.23193359375
3781.872571418,14151.2470703125,20992.19921875,-41620.734375,-10124.7587890625,-39512.72265625,-9091.884765625,19435.958984375,-4549.7421875
3781.872855862,14122.2568359375,20959.07421875,-41793.55859375,-10197.8046875,-39557.91796875,-9199.173828125,19383.74609375,-4564.13671875
3781.873049503,14035.1748046875,20879.166015625,-41556.05078125,-10226.4599609375,-39602.30859375,-9157.4423828125,19364.568359375,-4627.1689453125
3781.873240592,14050.0830078125,20903.798828125,-41348.15625,-10150.75390625,-39563.94921875,-9051.47265625,19411.484375,-4608.23681640625
3781.873432045,14107.9521484375,20970.763671875,-41390.69140625,-10098.607421875,-39519.6484375,-9028.2939453125,19439.9609375,-4573.21142578125
3781.87366033,14164.166015625,21012.96484375,-41611.97265625,-10118.947265625,-39512.921875,-9098.232421875,19421.36328125,-4548.7138671875
3781.873947692,14139.7802734375,20974.630859375,-41779.07421875,-10182.091796875,-39546.47265625,-9195.4404296875,19369.484375,-4559.5546875
3781.874234689,14057.1240234375,20910.525390625,-41528.53515625,-10183.2763671875,-39570.90234375,-9139.13671875,19367.4296875,-4607.02978515625
3781.874425048,14062.578125,20926.8203125,-41326.07421875,-10123.4853515625,-39541.33203125,-9035.5810546875,19420.8046875,-4609.39892578125
3781.874620512,14106.23046875,20961.2421875,-41389.1953125,-10110.341796875,-39522.890625,-9027.802734375,19444.296875,-4583.42626953125
3781.874811236,14150.7548828125,20991.88671875,-41614.27734375,-10129.20703125,-39513.16796875,-9089.873046875,19435.064453125,-4551.50830078125
3781.87500196,14130.951171875,20961.3984375,-41784.70703125,-10191.3671875,-39546.33984375,-9187.9306640625,19376.794921875,-4562.30419921875
3781.875191589,14045.4111328125,20902.681640625,-41538.75,-10191.2783203125,-39570.9921875,-9141.8408203125,19364.232421875,-4610.091796875
3781.875381219,14047.6015625,20922.41796875,-41336.265625,-10126.994140625,-39541.62109375,-9041.548828125,19420.9609375,-4606.560546875
3781.875571943,14095.814453125,20954.1796875,-41396.75,-10115.9970703125,-39524.1640625,-9031.8037109375,19448.3203125,-4568.1376953125
3781.875856752,14150.3974609375,20991.171875,-41619.7734375,-10133.2529296875,-39510.73046875,-9084.44140625,19437.435546875,-4537.69482421875
3781.876283419,14118.5244140625,20962.875,-41791.21484375,-10187.34375,-39540.50390625,-9186.7685546875,19378.962890625,-4566.10400390625
3781.876809641,14030.2119140625,20885.716796875,-41551.04296875,-10200.375,-39572.5546875,-9146.3564453125,19383.58984375,-4604.61572265625
3781.877136752,14038.572265625,20902.859375,-41347.64453125,-10145.1884765625,-39550.2265625,-9047.2705078125,19423.7109375,-4597.23974609375
3781.877328205,14086.9853515625,20937.548828125,-41411.34375,-10136.650390625,-39539.36328125,-9043.650390625,19432.3828125,-4579.134765625
3781.877517835,14147.8046875,20992.400390625,-41622.66015625,-10134.9287109375,-39519.31640625,-9104.8486328125,19420.9609375,-4555.08447265625
3781.877770917,14129.185546875,20965.01953125,-41785.55859375,-10182.5380859375,-39542.94140625,-9199.1064453125,19368.92578125,-4574.88818359375
3781.87796237,14044.7861328125,20894.92578125,-41540.24609375,-10194.228515625,-39571.88671875,-9147.384765625,19375.654296875,-4615.166015625
3781.878153823,14041.25390625,20910.01171875,-41338.92578125,-10139.2880859375,-39550.96484375,-9044.4326171875,19433.568359375,-4601.79931640625
3781.878344912,14088.9970703125,20956.392578125,-41391.0703125,-10108.576171875,-39521.73046875,-9030.1494140625,19456.90234375,-4566.26025390625
3781.878535635,14149.7490234375,20994.435546875,-41608.1953125,-10123.0830078125,-39510.30859375,-9091.0576171875,19445.837890625,-4528.5302734375
3781.878934587,14126.771484375,20955.408203125,-41792.48828125,-10194.33984375,-39549.82421875,-9191.0146484375,19381.5546875,-4551.30712890625
3781.879323328,14036.7392578125,20901.205078125,-41551.8046875,-10186.740234375,-39573.2265625,-9144.2548828125,19365.462890625,-4623.39111328125
3781.879687636,14046.0595703125,20918.4609375,-41345.69921875,-10129.498046875,-39545.578125,-9044.677734375,19426.302734375,-4617.62451171875
3781.880035898,14095.2783203125,20960.302734375,-41398.94140625,-10115.0361328125,-39523.49609375,-9030.373046875,19453.52734375,-4580.140625
3781.880226622,14145.63671875,20989.896484375,-41616.3125,-10135.9345703125,-39517.03515625,-9094.1650390625,19432.361328125,-4538.67822265625
3781.880415887,14125.9892578125,20969.958984375,-41775.25390625,-10171.1162109375,-39529.1953125,-9181.91796875,19381.95703125,-4545.71875
3781.880610986,14044.919921875,20906.435546875,-41529.51953125,-10173.3740234375,-39554.36328125,-9131.134765625,19380.728515625,-4603.78857421875
3781.880800981,14049.9931640625,20919.66796875,-41321.4921875,-10120.69140625,-39531.18359375,-9024.6513671875,19438.75390625,-4606.9404296875
3781.88099134,14093.333984375,20966.583984375,-41376.41015625,-10101.2900390625,-39508.98828125,-9010.8154296875,19461.283203125,-4579.64892578125
3781.881181699,14139.2890625,20996.849609375,-41597.22265625,-10123.73046875,-39505.97265625,-9088.15234375,19435.154296875,-4543.2158203125
3781.881372058,14128.380859375,20962.025390625,-41771.43359375,-10182.404296875,-39537.21875,-9189.4501953125,19383.65625,-4553.5419921875
3781.881562781,14048.8310546875,20895.974609375,-41536.4921875,-10190.31640625,-39565.31640625,-9141.4833984375,19378.873046875,-4606.3818359375
3781.881960274,14053.525390625,20915.5546875,-41328.46484375,-10128.5146484375,-39537.33203125,-9030.41796875,19431.35546875,-4607.521484375
3781.882349015,14100.1064453125,20959.857421875,-41380.72265625,-10104.955078125,-39515.8046875,-9025.2763671875,19449.794921875,-4572.20556640625
3781.88276146,14139.0654296875,20987.349609375,-41607.59375,-10131.3525390625,-39514.6640625,-9094.58984375,19440.33984375,-4536.89013671875
3781.88295583,14115.439453125,20964.23828125,-41786.69921875,-10185.130859375,-39542.89453125,-9194.814453125,19382.068359375,-4552.3349609375
3781.883146554,14036.4033203125,20902.255859375,-41546.73046875,-10187.34375,-39561.8515625,-9149.708984375,19378.068359375,-4597.708984375
3781.883336548,14047.1328125,20908.671875,-41336.625,-10132.0234375,-39531.33984375,-9037.4140625,19431.7578125,-4594.892578125
3781.883527272,14088.818359375,20945.216796875,-41393.95703125,-10121.4736328125,-39516.74609375,-9027.66796875,19453.326171875,-4559.68896484375
3781.883843078,14136.2939453125,20969.7578125,-41620.6015625,-10154.7998046875,-39521.55078125,-9100.2001953125,19433.232421875,-4534.0068359375
3781.884037084,14112.82421875,20944.970703125,-41800.578125,-10208.869140625,-39547.65625,-9197.0048828125,19380.28125,-4561.5888671875
3781.884228901,14030.1005859375,20889.58203125,-41560.9453125,-10203.1015625,-39568.265625,-9147.65234375,19375.990234375,-4615.7021484375
3781.884420354,14037.2080078125,20898.859375,-41345.80859375,-10143.6240234375,-39538.06640625,-9035.55859375,19439.4453125,-4607.119140625
3781.884654839,14090.517578125,20950.24609375,-41386.24609375,-10101.8486328125,-39502.3515625,-9015.666015625,19464.591796875,-4576.27392578125
3781.885063637,14153.4375,20993.517578125,-41596.57421875,-10114.41015625,-39491.48828125,-9074.8310546875,19456.634765625,-4542.1875
3781.885450189,14133.7900390625,20966.451171875,-41776.4609375,-10174.15625,-39522.7109375,-9173.0439453125,19396.59765625,-4561.1640625
3781.885827625,14043.220703125,20902.748046875,-41539.578125,-10178.5595703125,-39549.5546875,-9133.2802734375,19379.3203125,-4609.7568359375
3781.886021631,14041.142578125,20920.337890625,-41321.6484375,-10120.1103515625,-39525.640625,-9031.982421875,19434.484375,-4600.7041015625
3781.886213814,14087.74609375,20967.1875,-41368.51953125,-10096.126953125,-39500.78515625,-9011.5751953125,19463.228515625,-4573.88232421875
3781.886405996,14140.96484375,20997.966796875,-41582.5390625,-10113.0693359375,-39491.64453125,-9076.6630859375,19450.17578125,-4541.1591796875
3781.886601096,14127.4423828125,20970.361328125,-41765.73046875,-10172.703125,-39524.1875,-9180.822265625,19390.98828125,-4545.87548828125
3781.886793278,14047.244140625,20907.6875,-41533.56640625,-10176.8837890625,-39546.42578125,-9134.62109375,19381.734375,-4596.1669921875
3781.886983637,14050.955078125,20927.22265625,-41316.59765625,-10118.478515625,-39518.98046875,-9026.751953125,19434.05859375,-4591.07080078125
3781.887175455,14102.54296875,20964.05859375,-41363.84765625,-10099.0546875,-39499.890625,-9014.81640625,19451.740234375,-4571.3115234375
3781.887366178,14153.8623046875,21001.005859375,-41574.9140625,-10111.1689453125,-39486.50390625,-9074.7861328125,19445.50390625,-4528.9326171875
3781.887563466,14127.5986328125,20972.529296875,-41764.79296875,-10176.3916015625,-39522.04296875,-9178.453125,19396.12890625,-4531.05615234375
3781.887951842,14042.349609375,20903.10546875,-41535.0390625,-10187.9921875,-39549.48828125,-9133.6376953125,19392.10546875,-4582.7783203125
3781.888369392,14042.39453125,20915.578125,-41316.88671875,-10130.50390625,-39519.94140625,-9021.7451171875,19448.453125,-4582.48779296875
3781.888847478,14094.294921875,20952.390625,-41365.63671875,-10105.3798828125,-39498.4609375,-9012.513671875,19460.748046875,-4560.515625
3781.88904039,14152.07421875,20993.16015625,-41584.8828125,-10128.044921875,-39497.03125,-9083.9951171875,19456.052734375,-4522.0263671875
3781.889231843,14137.92578125,20978.36328125,-41771.453125,-10175.6767578125,-39523.515625,-9183.59375,19395.97265625,-4543.64013671875
3781.889422202,14047.9150390625,20911.8671875,-41545.12109375,-10179.7666015625,-39549.19921875,-9148.30078125,19370.06640625,-4609.98046875
3781.889619854,14052.1171875,20917.5,-41329.359375,-10125.8095703125,-39522.69140625,-9041.59375,19422.90625,-4603.65478515625
3781.889810213,14095.9267578125,20953.732421875,-41378.04296875,-10109.828125,-39505.16796875,-9027.9814453125,19442.1953125,-4573.47998046875
3781.889999843,14150.3310546875,21002.8828125,-41589.4453125,-10122.6357421875,-39496.0,-9085.2685546875,19437.880859375,-4535.88427734375
3781.890190202,14130.3701171875,20978.20703125,-41780.9765625,-10183.9013671875,-39530.78125,-9191.9541015625,19374.537109375,-4559.01806640625
3781.890380196,14050.75390625,20908.044921875,-41544.515625,-10186.2265625,-39549.6015625,-9145.5068359375,19370.603515625,-4597.61962890625
3781.890574931,14050.1279296875,20904.201171875,-41330.765625,-10139.064453125,-39529.86328125,-9040.54296875,19424.1796875,-4595.47412109375
3781.890964037,14089.4892578125,20952.189453125,-41377.52734375,-10112.95703125,-39510.10546875,-9027.244140625,19440.451171875,-4580.5205078125
3781.891365541,14146.6201171875,20992.333984375,-41586.89453125,-10124.177734375,-39498.68359375,-9091.6171875,19427.64453125,-4558.68310546875
3781.891769233,14133.41015625,20973.513671875,-41770.46875,-10171.9208984375,-39515.60546875,-9185.806640625,19386.25,-4554.9501953125
3781.89201794,14044.2265625,20911.912109375,-41547.35546875,-10181.689453125,-39545.8671875,-9146.3564453125,19372.435546875,-4610.00244140625
3781.892207934,14046.3505859375,20912.380859375,-41333.78515625,-10140.2939453125,-39532.94921875,-9045.6171875,19424.76171875,-4606.9404296875
3781.892397564,14093.736328125,20947.138671875,-41380.23046875,-10118.076171875,-39512.40625,-9037.3916015625,19443.24609375,-4573.3681640625
3781.89259084,14146.486328125,20982.990234375,-41591.8125,-10131.53125,-39501.65625,-9097.2490234375,19426.59375,-4540.10888671875
3781.892781199,14123.6201171875,20963.1640625,-41784.84375,-10188.9755859375,-39532.32421875,-9199.4638671875,19368.099609375,-4563.7568359375
3781.892970464,14042.8857421875,20903.41796875,-41556.609375,-10185.8017578125,-39550.80859375,-9152.7490234375,19364.724609375,-4617.736328125
3781.893160094,14050.5966796875,20912.314453125,-41327.5703125,-10123.6865234375,-39516.56640625,-9034.7763671875,19428.494140625,-4590.64599609375
3781.893349359,14089.2431640625,20948.546875,-41379.71875,-10116.33203125,-39505.76953125,-9026.8193359375,19438.484375,-4576.09521484375
3781.893557587,14139.9814453125,20970.31640625,-41598.7421875,-10142.7080078125,-39508.36328125,-9098.9931640625,19424.0234375,-4550.189453125
3781.893945963,14128.068359375,20952.458984375,-41788.84375,-10194.541015625,-39534.40234375,-9197.0498046875,19373.486328125,-4547.529296875
3781.894315741,14039.935546875,20897.673828125,-41565.328125,-10201.4033203125,-39560.84375,-9154.4921875,19364.232421875,-4592.1884765625
3781.894670932,14037.7001953125,20906.302734375,-41343.0625,-10144.49609375,-39536.45703125,-9043.5380859375,19421.140625,-4595.3173828125
3781.894904322,14086.1591796875,20943.09375,-41387.62890625,-10123.015625,-39516.6328125,-9026.0146484375,19453.125,-4567.89208984375
3781.895093952,14142.306640625,20981.08984375,-41599.078125,-10133.7666015625,-39504.3828125,-9087.458984375,19435.021484375,-4547.775390625
3781.895283946,14134.169921875,20976.59765625,-41783.234375,-10172.3681640625,-39521.03515625,-9185.6728515625,19381.98046875,-4561.63330078125
3781.895473941,14047.087890625,20918.39453125,-41554.10546875,-10171.7646484375,-39536.48046875,-9132.498046875,19383.96875,-4602.24658203125
3781.895712436,14041.1650390625,20920.025390625,-41331.19140625,-10128.849609375,-39519.08984375,-9029.0546875,19439.37890625,-4588.41064453125
3781.895902431,14095.009765625,20956.97265625,-41371.6484375,-10099.6357421875,-39495.62109375,-9014.01171875,19455.361328125,-4557.67724609375
3781.89609206,14152.3203125,20995.240234375,-41579.38671875,-10108.375,-39486.390625,-9077.53515625,19435.35546875,-4532.12890625
3781.896281325,14136.4951171875,20975.615234375,-41777.37890625,-10168.76953125,-39519.875,-9184.4658203125,19368.970703125,-4555.24072265625
3781.896470955,14048.8759765625,20900.06640625,-41561.75,-10185.33203125,-39549.625,-9148.0546875,19361.751953125,-4605.7783203125
3781.896806089,14037.56640625,20915.287109375,-41336.17578125,-10127.955078125,-39524.7890625,-9039.58203125,19428.78515625,-4599.5869140625
3781.89710038,14081.46484375,20966.919921875,-41372.54296875,-10093.82421875,-39497.5234375,-9019.107421875,19453.482421875,-4575.15625
3781.897395035,14149.5703125,21000.671875,-41579.921875,-10110.7890625,-39487.39453125,-9077.0654296875,19439.267578125,-4539.52734375
3781.89760618,14134.0810546875,20957.95703125,-41789.3125,-10187.09765625,-39527.47265625,-9189.8974609375,19381.95703125,-4549.18359375
3781.897807115,14042.7294921875,20896.490234375,-41573.953125,-10190.8310546875,-39553.8046875,-9154.537109375,19366.556640625,-4608.28173828125
3781.898008779,14043.6455078125,20920.294921875,-41345.40625,-10127.083984375,-39524.1875,-9042.3759765625,19425.521484375,-4601.64306640625
3781.898219924,14082.11328125,20954.58203125,-41393.75390625,-10116.712890625,-39506.23828125,-9026.7744140625,19448.498046875,-4571.89306640625
3781.898415024,14138.998046875,20988.623046875,-41600.75390625,-10125.4296875,-39491.62109375,-9086.296875,19428.29296875,-4545.16015625
3781.898678682,14127.77734375,20966.919921875,-41794.5,-10174.7373046875,-39515.29296875,-9186.4326171875,19379.208984375,-4550.23388671875
3781.8990594,14044.0703125,20900.19921875,-41581.0859375,-10186.0029296875,-39543.1640625,-9149.59765625,19371.4296875,-4598.04443359375
3781.899267628,14044.16015625,20912.515625,-41359.84765625,-10135.15234375,-39522.421875,-9038.0615234375,19422.1015625,-4600.927734375
3781.899462363,14091.76953125,20955.587890625,-41403.7890625,-10113.6728515625,-39500.671875,-9018.794921875,19443.984375,-4566.43896484375
3781.899692471,14144.0947265625,20988.130859375,-41612.17578125,-10120.646484375,-39494.28125,-9086.2080078125,19430.4609375,-4536.197265625
3781.899887571,14130.3486328125,20953.263671875,-41818.078125,-10186.8525390625,-39530.421875,-9193.138671875,19378.26953125,-4554.927734375
3781.900082306,14038.52734375,20878.474609375,-41612.01953125,-10211.9306640625,-39569.60546875,-9169.69140625,19365.3046875,-4596.61376953125
3781.900277041,14032.6708984375,20886.7890625,-41381.37109375,-10160.41015625,-39547.12109375,-9059.0947265625,19416.201171875,-4599.47509765625
3781.90047287,14088.259765625,20935.8515625,-41409.3125,-10124.78125,-39520.609375,-9037.32421875,19441.837890625,-4563.89111328125
3781.900796335,14147.6259765625,20983.884765625,-41602.09375,-10121.7861328125,-39497.05078125,-9084.77734375,19434.751953125,-4536.89013671875
3781.901120528,14131.48828125,20962.673828125,-41801.00390625,-10182.001953125,-39524.703125,-9189.2939453125,19378.716796875,-4556.1123046875
3781.901387469,14034.7724609375,20891.416015625,-41594.8515625,-10206.1416015625,-39565.984375,-9164.416015625,19359.2265625,-4621.02197265625
3781.901616118,14033.1630859375,20915.33203125,-41352.76171875,-10136.9853515625,-39536.3671875,-9049.5283203125,19410.634765625,-4622.02783203125
3781.901811583,14084.1025390625,20953.10546875,-41382.9375,-10112.890625,-39512.6328125,-9029.724609375,19442.6640625,-4582.08544921875
3782.352865796,14148.162109375,20987.482421875,-41584.50390625,-10133.833984375,-39505.6796875,-9084.732421875,19429.701171875,-4546.27783203125
3782.353118149,14139.6240234375,20973.15625,-41775.6796875,-10173.5078125,-39522.0625,-9184.8232421875,19382.716796875,-4543.1484375
3782.353448178,14058.6435546875,20920.16015625,-41559.8046875,-10172.345703125,-39543.5,-9147.9208984375,19373.62109375,-4593.59619140625
3782.353630879,14050.5966796875,20924.048828125,-41330.23046875,-10121.697265625,-39522.9375,-9041.302734375,19426.66015625,-4594.08837890625
3782.353812486,14087.41015625,20961.01953125,-41372.09375,-10107.5478515625,-39508.36328125,-9025.0751953125,19450.15234375,-4570.03759765625
3782.353993363,14135.712890625,20979.81640625,-41584.63671875,-10133.4091796875,-39508.51953125,-9085.1123046875,19436.96484375,-4552.82666015625
3782.354291301,14131.4208984375,20964.23828125,-41783.61328125,-10179.0068359375,-39526.71484375,-9180.017578125,19391.390625,-4559.62158203125
#3784.279381748,14038.728515625,20860.90625,-41784.88671875,-10250.7783203125,-39549.109375,-9243.5634765625,19310.767578125,-4621.4912109375
3784.279701201,13976.412109375,20814.4140625,-41483.20703125,-10227.4873046875,-39557.71484375,-9147.607421875,19333.6328125,-4662.37255859375
3784.280054204,14013.7392578125,20861.84375,-41390.4921875,-10176.1005859375,-39529.21484375,-9077.021484375,19379.07421875,-4620.306640625
3784.280371834,14067.7412109375,20902.3671875,-41509.42578125,-10165.0595703125,-39513.234375,-9097.96484375,19384.818359375,-4584.23095703125
3784.280662113,14106.7890625,20926.060546875,-41770.5390625,-10194.2060546875,-39515.91796875,-9193.7421875,19348.20703125,-4573.748046875
3784.280853202,14050.3740234375,20875.501953125,-41779.2109375,-10237.5908203125,-39547.7890625,-9240.8818359375,19311.794921875,-4601.08447265625
3784.281043196,13993.4658203125,20836.5859375,-41477.91015625,-10209.583984375,-39551.94921875,-9141.6396484375,19342.57421875,-4633.7177734375
3784.28123392,14019.998046875,20866.91796875,-41391.5859375,-10163.875,-39522.84765625,-9072.998046875,19381.33203125,-4625.85009765625
3784.281423549,14070.244140625,20906.189453125,-41516.35546875,-10162.869140625,-39507.08984375,-9092.6669921875,19385.130859375,-4598.6923828125
3784.281783846,14107.7724609375,20926.91015625,-41778.5625,-10203.2138671875,-39513.2578125,-9184.9130859375,19352.51953125,-4578.12890625
3784.282169305,14042.8857421875,20863.966796875,-41796.46484375,-10259.1826171875,-39555.7265625,-9241.462890625,19298.919921875,-4626.43115234375
3784.282490946,13978.84765625,20821.56640625,-41494.94140625,-10228.11328125,-39558.18359375,-9142.0419921875,19330.369140625,-4665.3232421875
3784.282694797,14007.078125,20861.419921875,-41397.91015625,-10170.53515625,-39519.875,-9069.01953125,19389.22265625,-4622.98876953125
3784.282885156,14054.8662109375,20899.685546875,-41519.9765625,-10167.49609375,-39508.36328125,-9094.052734375,19394.765625,-4587.40478515625
3784.28307588,14091.4560546875,20921.8359375,-41777.04296875,-10201.4921875,-39508.67578125,-9180.7998046875,19365.908203125,-4564.80712890625
3784.283265875,14029.921875,20864.81640625,-41792.84375,-10251.11328125,-39548.21484375,-9237.88671875,19309.537109375,-4612.5283203125
3784.283491971,13977.3505859375,20824.115234375,-41492.01171875,-10225.6328125,-39559.2109375,-9149.060546875,19336.62890625,-4648.6708984375
3784.283891652,14010.251953125,20853.373046875,-41402.44921875,-10185.734375,-39538.6484375,-9084.732421875,19379.119140625,-4631.41552734375
3784.284196519,14062.287109375,20904.46875,-41513.24609375,-10160.767578125,-39508.296875,-9097.5400390625,19381.578125,-4600.59228515625
3784.284387607,14106.9677734375,20930.21875,-41766.515625,-10192.1494140625,-39507.84765625,-9185.7626953125,19352.005859375,-4567.69091796875
3784.284642148,14042.2373046875,20851.763671875,-41794.609375,-10263.49609375,-39556.75390625,-9245.9775390625,19306.51953125,-4611.41064453125
3784.284833237,13982.267578125,20810.279296875,-41493.7109375,-10234.55078125,-39557.91796875,-9146.802734375,19335.064453125,-4645.83251953125
3784.285023596,14005.7822265625,20861.642578125,-41394.22265625,-10166.2666015625,-39523.47265625,-9081.71484375,19365.841796875,-4639.01513671875
3784.28521359,14053.7041015625,20898.724609375,-41516.15234375,-10166.0654296875,-39509.30078125,-9098.634765625,19376.861328125,-4605.80029296875
3784.285404314,14100.8662109375,20918.23828125,-41771.7890625,-10200.93359375,-39511.1328125,-9184.8681640625,19346.5078125,-4590.5341796875
3784.285806912,14040.986328125,20857.84375,-41791.0546875,-10252.72265625,-39549.9375,-9240.5908203125,19298.115234375,-4629.40380859375
3784.2861931,13978.646484375,20822.080078125,-41484.97265625,-10218.5244140625,-39546.58203125,-9141.5732421875,19340.740234375,-4640.8701171875
3784.286473533,14018.2763671875,20868.75,-41384.07421875,-10158.353515625,-39509.703125,-9065.2421875,19388.908203125,-4616.283203125
3784.286663892,14076.3466796875,20914.03515625,-41503.2109375,-10152.720703125,-39495.48828125,-9083.16796875,19393.24609375,-4589.01416015625
3784.286854616,14106.1630859375,20929.14453125,-41769.6875,-10196.1953125,-39507.69140625,-9182.6552734375,19358.64453125,-4577.27978515625
3784.287045704,14045.568359375,20878.49609375,-41789.53515625,-10244.4970703125,-39548.08203125,-9244.1669921875,19311.548828125,-4618.5185546875
3784.287234969,13983.6533203125,20839.0,-41484.1015625,-10215.6416015625,-39549.7578125,-9144.478515625,19345.12109375,-4639.26123046875
3784.287440645,14012.95703125,20866.828125,-41385.8203125,-10167.6748046875,-39516.25390625,-9067.1416015625,19393.669921875,-4613.22119140625
3784.287827197,14069.8642578125,20916.13671875,-41500.39453125,-10155.8955078125,-39493.5859375,-9082.51953125,19399.03515625,-4581.19140625
3784.288094138,14105.224609375,20937.974609375,-41764.83984375,-10193.6474609375,-39501.27734375,-9177.4248046875,19364.232421875,-4563.64501953125
3784.288285226,14044.361328125,20878.541015625,-41792.98046875,-10244.8994140625,-39538.91796875,-9232.1640625,19319.796875,-4600.39111328125
3784.288536485,13979.853515625,20831.802734375,-41492.953125,-10218.0771484375,-39542.60546875,-9137.03515625,19348.408203125,-4647.8662109375
3784.28883187,14007.5703125,20857.5078125,-41398.5390625,-10176.8388671875,-39517.125,-9064.392578125,19391.478515625,-4623.3466796875
3784.289028428,14060.365234375,20900.177734375,-41518.5234375,-10174.3349609375,-39504.4296875,-9088.197265625,19396.865234375,-4592.92578125
3784.289224987,14103.81640625,20925.30078125,-41775.09765625,-10202.6328125,-39506.015625,-9182.833984375,19367.115234375,-4583.314453125
3784.289420816,14045.12109375,20871.8125,-41798.90234375,-10248.4541015625,-39542.203125,-9239.16015625,19314.90234375,-4621.82666015625
3784.289617739,13983.474609375,20827.7578125,-41494.2265625,-10220.3349609375,-39548.41796875,-9145.9765625,19342.908203125,-4644.60302734375
3784.289813203,14001.5576171875,20861.6875,-41398.203125,-10175.9443359375,-39525.86328125,-9076.57421875,19383.5,-4639.66357421875
3784.290008668,14049.658203125,20898.03125,-41519.08203125,-10182.4716796875,-39519.71875,-9100.490234375,19386.00390625,-4613.9365234375
3784.290204497,14091.2998046875,20911.576171875,-41777.265625,-10215.060546875,-39523.78515625,-9197.8095703125,19344.451171875,-4592.63525390625
3784.290399961,14038.52734375,20862.0,-41799.68359375,-10256.5673828125,-39555.8828125,-9256.2822265625,19293.421875,-4623.43603515625
3784.290680759,13989.9794921875,20828.3828125,-41488.50390625,-10223.1064453125,-39553.87109375,-9150.22265625,19328.15625,-4645.072265625
3784.290977967,14018.298828125,20871.5234375,-41382.2890625,-10164.1650390625,-39513.7265625,-9066.8955078125,19378.3359375,-4622.47509765625
3784.29131456,14071.048828125,20915.33203125,-41495.43359375,-10149.837890625,-39497.96875,-9090.07421875,19396.865234375,-4586.1533203125
3784.291555973,14102.251953125,20932.564453125,-41757.4609375,-10191.6357421875,-39507.87109375,-9173.357421875,19366.580078125,-4566.21533203125
3784.291755449,14048.7646484375,20875.947265625,-41786.33984375,-10244.4970703125,-39544.75,-9240.8369140625,19313.6953125,-4616.46240234375
3784.291953466,13994.8740234375,20838.44140625,-41475.18359375,-10208.3544921875,-39534.55859375,-9140.298828125,19346.462890625,-4652.2919921875
3784.292150389,14016.5107421875,20861.62109375,-41380.8125,-10175.8994140625,-39514.375,-9068.080078125,19400.443359375,-4615.41162109375
3784.292346583,14066.6005859375,20900.423828125,-41494.203125,-10159.1806640625,-39490.2578125,-9079.345703125,19413.115234375,-4576.20654296875
3784.292629204,14109.2255859375,20929.48046875,-41754.30859375,-10185.5107421875,-39496.26953125,-9172.2841796875,19374.693359375,-4568.62939453125
3784.292907814,14048.98828125,20864.4140625,-41798.5234375,-10251.470703125,-39546.49609375,-9241.708984375,19318.76953125,-4605.26416015625
3784.293159438,13987.9453125,20815.6875,-41505.40234375,-10234.2822265625,-39560.41796875,-9154.3583984375,19341.0546875,-4650.01220703125
3784.293354537,14015.0576171875,20870.203125,-41394.76171875,-10166.490234375,-39523.71875,-9074.271484375,19389.19921875,-4629.18017578125
3784.29357954,14062.33203125,20906.50390625,-41513.78515625,-10165.6181640625,-39512.96875,-9096.310546875,19383.41015625,-4603.9228515625
3784.29377464,14102.296875,20930.396484375,-41769.98046875,-10194.8984375,-39509.90625,-9185.2255859375,19346.73046875,-4591.02587890625
3784.29396974,14036.8505859375,20868.125,-41809.25,-10247.1796875,-39549.04296875,-9249.6435546875,19298.80859375,-4622.921875
3784.294165204,13982.201171875,20830.5078125,-41507.27734375,-10222.279296875,-39558.05078125,-9156.861328125,19331.330078125,-4657.18701171875
3784.294360669,14008.0166015625,20856.345703125,-41405.2890625,-10182.5380859375,-39534.71484375,-9080.865234375,19377.53125,-4640.98193359375
3784.294699814,14058.7783203125,20902.14453125,-41513.55859375,-10172.591796875,-39513.5703125,-9098.3896484375,19389.892578125,-4597.46337890625
3784.29499921,14102.005859375,20929.48046875,-41764.859375,-10200.486328125,-39510.62109375,-9184.80078125,19357.662109375,-4566.3271484375
3784.295197227,14038.4375,20864.03515625,-41804.4453125,-10262.580078125,-39553.84765625,-9250.515625,19302.453125,-4617.177734375
3784.29539415,13982.6474609375,20825.208984375,-41494.40234375,-10228.2705078125,-39547.90234375,-9146.4228515625,19338.037109375,-4648.9169921875
3784.295592897,14023.171875,20869.599609375,-41375.1796875,-10159.203125,-39503.82421875,-9059.765625,19396.576171875,-4618.58544921875
3784.29578909,14073.619140625,20904.55859375,-41493.66796875,-10161.416015625,-39494.5703125,-9080.8212890625,19404.845703125,-4585.37109375
3784.295985649,14110.298828125,20929.97265625,-41751.42578125,-10190.8974609375,-39494.70703125,-9168.037109375,19365.060546875,-4570.68603515625
3784.296182572,14048.4287109375,20874.025390625,-41792.6875,-10244.67578125,-39540.28125,-9247.296875,19302.072265625,-4615.79150390625
3784.29637913,13977.5068359375,20826.1484375,-41494.6953125,-10227.509765625,-39557.0234375,-9164.1484375,19318.255859375,-4662.39501953125
3784.29671317,14013.203125,20861.62109375,-41382.82421875,-10179.5205078125,-39526.01953125,-9080.9326171875,19373.486328125,-4633.091796875
3784.297049398,14070.7138671875,20901.2734375,-41492.3046875,-10170.2900390625,-39505.546875,-9092.6005859375,19387.544921875,-4592.03173828125
3784.297318891,14110.3876953125,20940.58984375,-41740.7421875,-10180.638671875,-39491.578125,-9169.9599609375,19362.578125,-4574.150390625
3784.297517273,14046.57421875,20885.26953125,-41788.0625,-10238.484375,-39535.5625,-9235.8974609375,19311.7734375,-4619.05517578125
3784.297713467,13971.3828125,20829.94921875,-41497.890625,-10228.8515625,-39553.06640625,-9151.765625,19345.5234375,-4647.53125
3784.297910025,14004.91015625,20867.052734375,-41383.60546875,-10169.1943359375,-39515.91796875,-9073.7802734375,19388.484375,-4630.365234375
3784.298106584,14055.4248046875,20902.904296875,-41493.80078125,-10163.0029296875,-39495.12890625,-9082.0947265625,19395.01171875,-4602.42529296875
3784.298301684,14098.0498046875,20923.04296875,-41751.58203125,-10193.78125,-39495.2421875,-9172.619140625,19366.802734375,-4571.5126953125
3784.298623325,14041.7685546875,20876.529296875,-41793.6484375,-10241.2119140625,-39535.23046875,-9239.5625,19316.01953125,-4601.79931640625
3784.298839575,13975.0703125,20833.30078125,-41498.3828125,-10223.9111328125,-39548.3046875,-9149.462890625,19341.27734375,-4632.86865234375
3784.299036863,14002.0263671875,20861.375,-41393.5078125,-10178.4482421875,-39523.359375,-9073.958984375,19390.8984375,-4615.568359375
3784.299233786,14055.9619140625,20902.322265625,-41503.92578125,-10164.3662109375,-39505.3671875,-9088.4873046875,19401.560546875,-4596.45751953125
3784.299431074,14099.8603515625,20924.49609375,-41764.50390625,-10203.99609375,-39510.484375,-9173.7822265625,19363.517578125,-4575.9833984375
3784.299627268,14044.2490234375,20863.833984375,-41813.33984375,-10262.1328125,-39556.21875,-9248.66015625,19300.373046875,-4613.82470703125
3784.299823097,13982.2900390625,20821.5,-41510.02734375,-10241.099609375,-39567.81640625,-9165.4892578125,19325.138671875,-4648.2685546875
3784.300018561,14011.4814453125,20863.296875,-41388.8828125,-10173.7314453125,-39525.5078125,-9081.111328125,19375.990234375,-4628.42041015625
3784.30021512,14059.671875,20911.12890625,-41493.84375,-10156.4990234375,-39501.5,-9091.169921875,19384.3046875,-4599.36328125
3784.30042663,14101.0673828125,20930.732421875,-41754.5546875,-10195.994140625,-39507.9140625,-9181.626953125,19356.41015625,-4581.90625
3784.300630117,14048.65234375,20873.376953125,-41800.7109375,-10251.1806640625,-39546.1796875,-9248.2578125,19311.326171875,-4619.23388671875
3784.300844544,13984.0556640625,20828.31640625,-41498.60546875,-10225.38671875,-39554.54296875,-9159.923828125,19326.97265625,-4653.23095703125
3784.301041467,14012.8896484375,20865.419921875,-41385.125,-10174.7822265625,-39526.3125,-9086.6767578125,19366.556640625,-4635.9306640625
3784.301237661,14064.90234375,20907.330078125,-41492.078125,-10159.91796875,-39506.375,-9100.53515625,19378.046875,-4607.521484375
3784.753795784,14097.3125,20922.8203125,-41758.421875,-10202.431640625,-39518.64453125,-9196.22265625,19346.9765625,-4589.61767578125
3784.754069288,14042.818359375,20867.65625,-41811.57421875,-10258.109375,-39555.94921875,-9261.087890625,19288.28125,-4628.06298828125
3784.75426767,13981.5302734375,20826.05859375,-41503.9921875,-10224.0458984375,-39550.2265625,-9160.5048828125,19316.265625,-4664.7197265625
3784.754460582,14007.123046875,20856.546875,-41388.8359375,-10175.8994140625,-39520.58984375,-9077.5126953125,19370.55859375,-4645.43017578125
3784.754653493,14058.0400390625,20891.146484375,-41501.0859375,-10175.8330078125,-39505.43359375,-9089.314453125,19386.025390625,-4602.984375
3784.75484604,14097.7373046875,20919.712890625,-41753.41796875,-10192.4853515625,-39501.27734375,-9174.36328125,19358.533203125,-4575.26806640625
3784.755317197,14038.1923828125,20865.845703125,-41810.97265625,-10254.130859375,-39546.515625,-9242.8037109375,19306.564453125,-4599.85498046875
3784.755759909,13978.9150390625,20835.537109375,-41507.97265625,-10227.80078125,-39551.1640625,-9151.8544921875,19339.01953125,-4634.41064453125
3784.756134063,14004.8427734375,20880.955078125,-41386.51171875,-10158.5771484375,-39510.375,-9067.119140625,19392.171875,-4606.22509765625
3784.756325516,14057.302734375,20904.982421875,-41498.62890625,-10155.0234375,-39494.4609375,-9082.3857421875,19397.044921875,-4586.17578125
3784.756516605,14100.12890625,20918.974609375,-41760.45703125,-10196.91015625,-39506.6875,-9177.5595703125,19365.193359375,-4579.40283203125
3784.756707693,14038.8623046875,20861.8671875,-41820.2265625,-10263.630859375,-39558.05078125,-9251.1416015625,19320.736328125,-4608.43798828125
3784.756948012,13964.7216796875,20807.439453125,-41528.15625,-10250.3310546875,-39572.33203125,-9166.763671875,19332.29296875,-4651.44287109375
3784.757153687,14000.7529296875,20849.88671875,-41399.69921875,-10176.9951171875,-39523.875,-9079.4130859375,19376.7265625,-4622.0947265625
3784.757344046,14055.7607421875,20893.5390625,-41503.45703125,-10161.2373046875,-39502.86328125,-9092.287109375,19384.05859375,-4592.43408203125
3784.757535135,14099.32421875,20914.03515625,-41762.71484375,-10200.5537109375,-39509.8828125,-9180.62109375,19361.05859375,-4575.67041015625
3784.757726223,14042.8408203125,20861.642578125,-41820.6484375,-10258.109375,-39548.52734375,-9248.5703125,19308.732421875,-4623.05615234375
3784.757954508,13975.919921875,20823.041015625,-41517.58203125,-10229.0302734375,-39555.16796875,-9159.87890625,19333.341796875,-4658.86328125
3784.758377163,14001.6025390625,20851.607421875,-41398.08984375,-10177.732421875,-39525.171875,-9076.1044921875,19393.177734375,-4627.79443359375
3784.758772833,14057.9736328125,20893.986328125,-41501.35546875,-10161.52734375,-39502.88671875,-9085.380859375,19397.08984375,-4586.734375
3784.759141517,14103.771484375,20921.30078125,-41754.30859375,-10191.9931640625,-39502.125,-9174.2509765625,19361.169921875,-4560.3369140625
3784.75948832,14048.697265625,20866.470703125,-41817.25390625,-10257.103515625,-39548.70703125,-9252.68359375,19300.1953125,-4601.5537109375
3784.759679044,13983.609375,20825.58984375,-41514.0078125,-10225.38671875,-39550.78515625,-9161.197265625,19325.20703125,-4637.7412109375
3784.759874873,14004.060546875,20860.63671875,-41396.01171875,-10169.7978515625,-39520.609375,-9080.8212890625,19375.720703125,-4627.50390625
3784.760102429,14047.9599609375,20887.75,-41513.8046875,-10175.095703125,-39516.69921875,-9103.3740234375,19377.576171875,-4606.42626953125
3784.760293152,14091.5009765625,20902.435546875,-41777.7578125,-10220.8271484375,-39526.64453125,-9192.400390625,19345.412109375,-4573.88232421875
3784.760483147,14034.951171875,20862.24609375,-41834.26171875,-10261.216796875,-39554.16015625,-9258.583984375,19290.8515625,-4613.26611328125
3784.760674235,13969.52734375,20819.576171875,-41531.26171875,-10226.34765625,-39559.45703125,-9169.9599609375,19314.58984375,-4664.42919921875
3784.760883922,13997.623046875,20841.458984375,-41409.109375,-10179.0068359375,-39531.65234375,-9088.4208984375,19370.9375,-4639.685546875
3784.761271204,14045.92578125,20884.375,-41515.83984375,-10176.66015625,-39517.6171875,-9098.2548828125,19387.27734375,-4598.22314453125
3784.761656663,14087.8125,20902.8828125,-41773.21875,-10216.87109375,-39522.17578125,-9186.1650390625,19357.90625,-4577.5478515625
3784.761989244,14043.064453125,20864.16796875,-41827.1328125,-10255.3828125,-39546.60546875,-9247.564453125,19310.41015625,-4604.90625
3784.762186167,13979.8095703125,20823.2421875,-41523.05859375,-10225.2744140625,-39550.33984375,-9150.267578125,19337.43359375,-4629.42626953125
3784.762381267,14001.580078125,20854.7578125,-41402.8515625,-10179.5654296875,-39525.3515625,-9073.9140625,19386.31640625,-4624.59814453125
3784.76257746,14052.83203125,20896.51171875,-41502.02734375,-10165.283203125,-39503.2890625,-9087.0341796875,19396.017578125,-4594.9375
3784.762771831,14087.34375,20909.05078125,-41763.25,-10208.82421875,-39518.375,-9187.3046875,19356.7890625,-4582.1748046875
3784.763019079,14032.291015625,20853.775390625,-41832.609375,-10267.3857421875,-39558.921875,-9261.154296875,19300.150390625,-4625.939453125
3784.763297689,13968.365234375,20815.978515625,-41529.453125,-10235.2216796875,-39560.33203125,-9169.1103515625,19325.408203125,-4653.923828125
3784.763488777,13997.6455078125,20850.98046875,-41400.81640625,-10174.55859375,-39527.96484375,-9085.8720703125,19369.75390625,-4640.9150390625
3784.763679136,14048.0263671875,20884.396484375,-41507.8828125,-10172.30078125,-39514.91015625,-9099.328125,19376.2578125,-4607.43212890625
3784.763905597,14088.1259765625,20907.017578125,-41764.61328125,-10208.6455078125,-39518.109375,-9184.64453125,19356.275390625,-4589.01416015625
3784.76425313,14033.900390625,20857.552734375,-41829.3671875,-10259.271484375,-39548.83984375,-9250.671875,19305.291015625,-4628.17431640625
3784.764547786,13974.7353515625,20820.984375,-41524.55859375,-10227.3984375,-39550.98828125,-9161.0185546875,19332.939453125,-4651.107421875
3784.764816549,13996.8408203125,20847.8515625,-41400.48046875,-10186.0478515625,-39527.921875,-9081.4912109375,19382.671875,-4623.525390625
3784.765045199,14043.265625,20892.109375,-41498.0234375,-10172.7705078125,-39508.921875,-9093.3154296875,19388.060546875,-4599.45263671875
3784.765241757,14084.080078125,20923.78125,-41745.50390625,-10194.9208984375,-39508.36328125,-9181.828125,19358.82421875,-4569.3447265625
3784.765436492,14023.1044921875,20862.0234375,-41820.94140625,-10255.4716796875,-39554.54296875,-9258.8974609375,19296.8203125,-4611.9697265625
3784.765631957,13960.072265625,20823.98046875,-41520.69140625,-10228.962890625,-39556.73046875,-9169.2666015625,19321.541015625,-4648.60400390625
3784.765848937,14004.8427734375,20871.8125,-41376.07421875,-10157.4599609375,-39509.0546875,-9072.103515625,19383.07421875,-4630.05224609375
3784.766138487,14049.94921875,20900.958984375,-41484.66015625,-10163.740234375,-39502.171875,-9091.9296875,19390.18359375,-4595.85400390625
3784.76635182,14092.5732421875,20924.451171875,-41741.63671875,-10200.576171875,-39505.90234375,-9178.5654296875,19365.015625,-4569.21044921875
3784.76654692,14049.0771484375,20887.34765625,-41802.94921875,-10234.5283203125,-39532.16796875,-9241.1279296875,19325.05078125,-4595.87646484375
3784.76674202,13981.8876953125,20843.783203125,-41502.36328125,-10207.6171875,-39536.16796875,-9149.8427734375,19352.564453125,-4625.44775390625
3784.766942589,14009.4697265625,20862.873046875,-41375.3359375,-10161.1474609375,-39509.2109375,-9073.7353515625,19398.140625,-4611.65673828125
3784.767138419,14057.5927734375,20899.998046875,-41480.5,-10152.9892578125,-39490.50390625,-9080.8427734375,19416.603515625,-4586.33203125
3784.767338259,14095.5908203125,20923.267578125,-41738.3046875,-10189.1767578125,-39494.390625,-9165.9140625,19381.287109375,-4566.505859375
3784.767534453,14041.8798828125,20870.337890625,-41816.60546875,-10252.052734375,-39539.765625,-9247.6318359375,19314.119140625,-4595.7646484375
3784.767730282,13973.7294921875,20821.6328125,-41522.74609375,-10235.466796875,-39548.9296875,-9156.7724609375,19333.208984375,-4637.271484375
3784.768056664,14000.73046875,20846.443359375,-41392.90625,-10180.146484375,-39516.02734375,-9075.009765625,19385.84765625,-4615.07666015625
3784.768400185,14043.2880859375,20881.24609375,-41496.08203125,-10168.1884765625,-39502.9296875,-9095.0146484375,19390.607421875,-4595.04931640625
3784.768653633,14083.3427734375,20910.34765625,-41753.57421875,-10201.7158203125,-39507.87109375,-9185.9853515625,19354.80078125,-4580.3642578125
3784.768854567,14045.568359375,20877.556640625,-41816.0,-10240.2060546875,-39533.30859375,-9250.828125,19305.916015625,-4606.4931640625
3784.769051125,13975.1376953125,20825.58984375,-41520.8671875,-10226.03515625,-39545.4453125,-9166.1376953125,19332.11328125,-4644.3349609375
3784.769247319,13997.9814453125,20854.1328125,-41385.6171875,-10167.517578125,-39508.00390625,-9076.3056640625,19387.701171875,-4634.23193359375
3784.769442784,14050.8203125,20889.224609375,-41485.53125,-10161.818359375,-39493.5,-9088.107421875,19395.703125,-4604.3251953125
3784.769638248,14093.7802734375,20917.298828125,-41737.12109375,-10194.943359375,-39495.9140625,-9175.2119140625,19362.734375,-4574.82080078125
3784.769855228,14047.19921875,20874.830078125,-41810.390625,-10246.576171875,-39533.375,-9250.2919921875,19307.7265625,-4605.4873046875
3784.77012618,13983.0498046875,20829.94921875,-41512.46484375,-10226.75,-39544.37109375,-9165.8466796875,19325.318359375,-4650.705078125
3784.770379992,14001.5576171875,20857.775390625,-41382.51171875,-10178.9619140625,-39516.07421875,-9080.10546875,19386.853515625,-4632.64501953125
3784.770575821,14047.37890625,20899.619140625,-41484.390625,-10167.6748046875,-39499.82421875,-9089.3818359375,19401.4921875,-4599.05029296875
3784.77077165,14092.7529296875,20920.294921875,-41742.57421875,-10207.0810546875,-39506.6875,-9173.46875,19374.24609375,-4564.65087890625
3784.77097222,14049.658203125,20878.294921875,-41820.16015625,-10255.13671875,-39536.79296875,-9245.5537109375,19323.91015625,-4586.1083984375
3784.771167684,13968.9013671875,20819.845703125,-41530.75,-10236.607421875,-39551.43359375,-9170.1611328125,19338.908203125,-4632.48828125
3784.771362419,13991.029296875,20845.21484375,-41397.21875,-10183.9912109375,-39521.21484375,-9085.939453125,19384.595703125,-4614.60693359375
3784.771557154,14047.7138671875,20881.982421875,-41494.94140625,-10174.2236328125,-39504.40625,-9097.361328125,19384.86328125,-4596.5693359375
3784.771752254,14105.4033203125,20929.705078125,-41735.3125,-10181.15234375,-39491.62109375,-9172.3955078125,19358.779296875,-4573.07763671875
3784.772053838,14056.7216796875,20885.470703125,-41816.0234375,-10239.021484375,-39529.6171875,-9246.8720703125,19307.68359375,-4599.65380859375
3784.772393348,13987.587890625,20834.015625,-41523.484375,-10220.15625,-39540.390625,-9162.896484375,19331.5546875,-4638.99267578125
3784.772632209,13998.763671875,20848.43359375,-41397.48828125,-10180.19140625,-39519.08984375,-9083.837890625,19376.302734375,-4634.23193359375
3784.772847365,14041.4326171875,20877.2890625,-41501.19921875,-10178.1123046875,-39507.40234375,-9098.970703125,19382.158203125,-4612.5283203125
3784.773057052,14087.4326171875,20907.0625,-41752.54296875,-10203.75,-39507.625,-9184.1083984375,19349.099609375,-4595.5634765625
3784.773253611,14038.52734375,20858.826171875,-41834.95703125,-10258.6904296875,-39546.26953125,-9258.271484375,19298.5625,-4626.3642578125
3784.77344871,13972.6787109375,20816.42578125,-41536.11328125,-10236.6962890625,-39550.96484375,-9171.45703125,19324.669921875,-4654.7060546875
3784.773642716,13992.482421875,20843.873046875,-41400.1484375,-10186.1142578125,-39523.0234375,-9091.728515625,19371.630859375,-4647.19580078125
3784.773858967,14040.4716796875,20879.904296875,-41498.78515625,-10178.537109375,-39510.59765625,-9105.005859375,19371.384765625,-4630.275390625
3784.774198842,14087.701171875,20909.431640625,-41748.25390625,-10206.8125,-39510.8671875,-9186.5888671875,19340.494140625,-4605.509765625
3784.77442822,14042.103515625,20871.90234375,-41823.734375,-10247.42578125,-39536.19140625,-9257.3544921875,19298.18359375,-4621.04443359375
3784.774629155,13970.98046875,20820.046875,-41527.93359375,-10230.1025390625,-39548.6640625,-9174.5869140625,19322.94921875,-4644.84912109375
3784.774836289,14000.7080078125,20851.607421875,-41383.71875,-10172.591796875,-39516.7890625,-9082.921875,19382.248046875,-4618.65283203125
3784.775038317,14054.5087890625,20896.556640625,-41473.37109375,-10161.7958984375,-39498.73046875,-9087.6826171875,19396.1953125,-4584.65576171875
3784.775238887,14097.3125,20925.234375,-41719.171875,-10184.3935546875,-39495.21875,-9167.0986328125,19370.759765625,-4564.7626953125
3784.775439457,14048.98828125,20878.921875,-41804.84765625,-10232.8740234375,-39525.015625,-9237.6630859375,19316.466796875,-4598.1787109375
3784.775640027,13977.1044921875,20833.412109375,-41514.609375,-10211.103515625,-39536.34765625,-9160.3037109375,19322.3671875,-4652.3369140625
3784.77584789,13997.310546875,20857.888671875,-41380.6796875,-10160.0751953125,-39507.82421875,-9073.9140625,19372.30078125,-4644.3125
3784.776050648,14038.28125,20892.82421875,-41486.3125,-10159.4716796875,-39496.89453125,-9085.2685546875,19385.66796875,-4611.58935546875
3784.776251218,14084.8623046875,20921.142578125,-41736.5390625,-10185.533203125,-39494.16796875,-9164.103515625,19368.76953125,-4583.27001953125
3784.776451058,14040.2255859375,20872.037109375,-41828.62890625,-10245.861328125,-39537.0859375,-9246.0,19319.9765625,-4610.62841796875
3784.776650899,13972.2099609375,20829.30078125,-41532.24609375,-10220.044921875,-39540.28125,-9158.671875,19346.083984375,-4632.734375
3784.776866785,13997.7353515625,20865.30859375,-41389.9765625,-10164.3662109375,-39507.01953125,-9069.3544921875,19397.15625,-4614.67431640625
3784.777068814,14041.052734375,20890.8125,-41494.58203125,-10171.630859375,-39502.73046875,-9088.6435546875,19391.880859375,-4590.22119140625
3784.777269019,14082.984375,20915.64453125,-41748.296875,-10199.369140625,-39507.01953125,-9180.8447265625,19351.9609375,-4577.927734375
3784.777481987,14043.8466796875,20888.890625,-41832.65234375,-10244.1171875,-39539.74609375,-9254.8740234375,19301.201171875,-4599.63134765625
3784.777676722,13975.1826171875,20846.599609375,-41542.81640625,-10226.9736328125,-39548.4375,-9173.625,19316.109375,-4643.1279296875
3784.778128916,14012.3759765625,20874.31640625,-41393.5078125,-10164.3212890625,-39511.87109375,-9082.2734375,19364.166015625,-4634.20947265625
3784.778534067,14062.80078125,20892.533203125,-41493.17578125,-10171.541015625,-39506.484375,-9096.958984375,19369.708984375,-4610.06982421875
3784.778735002,14101.447265625,20919.33203125,-41739.42578125,-10191.814453125,-39505.90234375,-9183.7734375,19343.84765625,-4583.89599609375
3784.779022728,14050.3740234375,20873.01953125,-41831.9375,-10243.4912109375,-39545.265625,-9268.6650390625,19285.330078125,-4616.43994140625
3784.77922111,13964.6103515625,20826.931640625,-41541.43359375,-10228.3369140625,-39557.87109375,-9188.82421875,19305.626953125,-4656.18115234375
3784.779417669,13997.0869140625,20856.279296875,-41397.44140625,-10176.6826171875,-39527.18359375,-9096.400390625,19364.9921875,-4643.39599609375
3784.779614227,14046.3505859375,20885.939453125,-41493.421875,-10173.75390625,-39515.11328125,-9108.693359375,19368.3671875,-4623.97265625
3784.779810421,14087.208984375,20915.755859375,-41738.9765625,-10198.2744140625,-39512.20703125,-9189.8974609375,19347.53515625,-4598.5361328125
3784.780037976,14032.380859375,20863.36328125,-41836.4296875,-10255.5615234375,-39549.265625,-9270.3193359375,19290.62890625,-4629.7392578125
3784.78023417,13964.9228515625,20820.42578125,-41536.89453125,-10229.8349609375,-39552.6875,-9185.494140625,19308.330078125,-4661.65771484375
3784.780428905,13995.4775390625,20851.919921875,-41383.40625,-10170.4013671875,-39517.03515625,-9089.9853515625,19364.0546875,-4640.82568359375
3784.780624005,14046.5068359375,20885.828125,-41476.90234375,-10162.3544921875,-39501.0546875,-9096.0205078125,19377.576171875,-4604.61572265625
3784.780818375,14084.2587890625,20913.431640625,-41726.55078125,-10186.896484375,-39501.30078125,-9180.8896484375,19353.212890625,-4583.962890625
3784.781157521,14039.287109375,20876.462890625,-41824.0703125,-10240.83203125,-39534.78125,-9254.8740234375,19303.48046875,-4604.90625
3784.78155939,13963.3359375,20821.74609375,-41538.19140625,-10229.5888671875,-39548.6640625,-9177.1572265625,19316.220703125,-4638.478515625
3784.781807367,13982.9833984375,20837.369140625,-41395.7890625,-10181.755859375,-39522.21875,-9085.3134765625,19367.763671875,-4631.1474609375
3784.782167299,14033.005859375,20871.947265625,-41490.73828125,-10172.4130859375,-39506.88671875,-9096.2880859375,19381.0859375,-4608.28173828125
3784.782470706,14075.4296875,20899.953125,-41742.91015625,-10198.5869140625,-39506.171875,-9182.7890625,19349.212890625,-4587.740234375
3785.234449,14028.87109375,20855.853515625,-41846.80078125,-10264.7255859375,-39548.52734375,-9265.0439453125,19292.037109375,-4615.85888671875
3785.234639359,13962.44140625,20818.66015625,-41549.14453125,-10232.3828125,-39551.6796875,-9178.69921875,19316.66796875,-4646.7490234375
3785.234820236,13989.80078125,20859.498046875,-41393.3515625,-10161.9970703125,-39509.859375,-9082.5419921875,19371.83203125,-4638.81396484375
3785.23499929,14037.7451171875,20901.361328125,-41488.01171875,-10160.5888671875,-39494.68359375,-9089.359375,19381.48828125,-4605.84521484375
3785.235177615,14091.5009765625,20921.388671875,-41737.61328125,-10194.787109375,-39496.91796875,-9174.4521484375,19363.65234375,-4562.43798828125
3785.235384384,14049.390625,20875.478515625,-41834.80078125,-10240.1611328125,-39525.52734375,-9249.978515625,19313.0703125,-4592.1884765625
3785.235788441,13983.005859375,20827.869140625,-41540.5390625,-10218.14453125,-39537.2421875,-9173.15625,19322.703125,-4638.9482421875
3785.236175723,13996.4169921875,20853.306640625,-41392.50390625,-10168.166015625,-39512.72265625,-9090.365234375,19366.6015625,-4632.44384765625
3785.236564464,14040.091796875,20886.654296875,-41483.7890625,-10161.3486328125,-39496.5390625,-9094.857421875,19381.130859375,-4607.72265625
3785.236756647,14085.3544921875,20922.529296875,-41729.25390625,-10180.638671875,-39492.89453125,-9173.625,19358.98046875,-4581.83935546875
3785.236934607,14042.103515625,20877.958984375,-41833.16796875,-10235.109375,-39531.5625,-9254.7841796875,19299.279296875,-4606.85107421875
3785.237112202,13972.1875,20823.310546875,-41549.0078125,-10223.486328125,-39546.984375,-9174.0947265625,19312.220703125,-4647.28515625
3785.237289798,13990.001953125,20850.51171875,-41400.48046875,-10175.0283203125,-39521.9296875,-9090.7001953125,19371.20703125,-4628.42041015625
3785.237545798,14036.0908203125,20888.21875,-41489.7109375,-10166.1767578125,-39507.37890625,-9099.529296875,19383.119140625,-4603.9228515625
3785.237724487,14078.693359375,20910.4140625,-41740.02734375,-10200.375,-39512.36328125,-9182.2529296875,19361.1484375,-4580.54296875
3785.237902447,14036.671875,20861.798828125,-41846.51171875,-10260.6572265625,-39549.01953125,-9261.646484375,19309.0234375,-4613.6904296875
3785.238080043,13958.5751953125,20813.900390625,-41554.23828125,-10236.4951171875,-39558.5625,-9183.59375,19327.552734375,-4644.60302734375
3785.238256909,13975.96484375,20846.265625,-41399.05078125,-10182.5380859375,-39530.06640625,-9093.5166015625,19382.2265625,-4620.03857421875
3785.238555576,14030.3916015625,20881.916015625,-41486.359375,-10170.46875,-39509.14453125,-9097.8974609375,19388.796875,-4600.32421875
3785.238984066,14076.033203125,20897.830078125,-41739.22265625,-10207.6396484375,-39512.38671875,-9184.4208984375,19359.650390625,-4579.58203125
3785.239397969,14032.8271484375,20855.205078125,-41847.65234375,-10262.0654296875,-39544.34765625,-9266.02734375,19299.345703125,-4614.5625
3785.239791815,13961.7490234375,20807.75390625,-41561.86328125,-10240.2060546875,-39555.90625,-9192.0205078125,19310.857421875,-4662.39501953125
3785.240118197,13976.7470703125,20825.791015625,-41412.55078125,-10192.1943359375,-39529.23828125,-9101.138671875,19361.169921875,-4630.2978515625
3785.240305639,14018.9697265625,20867.521484375,-41501.3125,-10178.73828125,-39508.16015625,-9101.451171875,19368.703125,-4604.01220703125
3785.240495268,14063.5390625,20906.32421875,-41754.64453125,-10210.9697265625,-39511.625,-9189.3828125,19336.13671875,-4579.9169921875
3785.24068271,14025.18359375,20851.25,-41870.29296875,-10274.5830078125,-39555.03125,-9275.4375,19280.5703125,-4598.60302734375
3785.240869787,13960.564453125,20791.951171875,-41586.0234375,-10267.20703125,-39569.16015625,-9195.9990234375,19294.361328125,-4655.5556640625
3785.241056864,13982.3798828125,20828.49609375,-41422.05078125,-10194.83203125,-39531.140625,-9102.501953125,19347.53515625,-4651.107421875
3785.241244306,14031.642578125,20875.2109375,-41505.71484375,-10180.080078125,-39512.38671875,-9107.7099609375,19366.892578125,-4621.64794921875
3785.241501035,14084.4375,20921.658203125,-41736.4296875,-10184.662109375,-39498.4140625,-9177.1123046875,19355.939453125,-4589.41650390625
3785.241871907,14048.80859375,20881.87109375,-41843.3828125,-10242.9326171875,-39534.53515625,-9253.9130859375,19310.56640625,-4602.3134765625
3785.242260283,13973.86328125,20823.2421875,-41560.8125,-10237.724609375,-39553.82421875,-9175.7265625,19322.724609375,-4642.36767578125
3785.242527953,13989.4873046875,20841.34765625,-41405.7109375,-10184.9970703125,-39524.45703125,-9093.8076171875,19373.62109375,-4625.9619140625
3785.242720864,14034.458984375,20883.591796875,-41488.45703125,-10164.388671875,-39503.1328125,-9099.216796875,19380.28125,-4604.25830078125
3785.242913411,14079.3857421875,20910.03515625,-41732.60546875,-10191.412109375,-39503.9609375,-9178.6767578125,19351.1796875,-4581.81689453125
