#57088.872965721,52463.8359375,51872.5859375,-8206.353515625,10781.9453125,-43283.125,-371.0836486816406,44257.99609375,9170.2275390625
57088.877008842,52572.84375,51990.6953125,-8073.830078125,10898.4423828125,-43167.72265625,-284.6941833496094,44362.24609375,9276.890625
57088.881902742,52633.77734375,52049.58984375,-8009.99365234375,10951.7509765625,-43105.71875,-219.96351623535156,44427.01953125,9345.3310546875
57088.885965555,52533.73046875,51944.42578125,-8137.28662109375,10841.736328125,-43213.07421875,-290.9526672363281,44331.17578125,9252.52734375
57088.888988322,52416.875,51823.1015625,-8269.6318359375,10726.8037109375,-43330.21875,-389.009765625,44212.95703125,9132.609375
57088.893931454,52456.81640625,51866.53125,-8211.5166015625,10776.7373046875,-43284.69140625,-369.8096008300781,44255.1796875,9165.3330078125
57088.897069458,52557.578125,51974.2890625,-8091.2197265625,10877.0068359375,-43183.16796875,-293.1878356933594,44361.1953125,9266.0048828125
57088.900990413,52618.33203125,52031.3515625,-8032.34521484375,10925.6220703125,-43127.55859375,-233.73219299316406,44419.5546875,9331.31640625
57088.904975185,52532.23046875,51944.89453125,-8141.33251953125,10835.611328125,-43221.0078125,-299.31219482421875,44326.55078125,9247.3857421875
57088.909064619,52413.41015625,51825.78125,-8270.078125,10723.16015625,-43338.625,-399.49273681640625,44214.0546875,9136.23046875
57088.912557084,52440.30078125,51851.0859375,-8223.474609375,10752.9775390625,-43307.375,-389.34503173828125,44246.26171875,9165.01953125
57088.91605502,52551.27734375,51951.5546875,-8099.69091796875,10849.5595703125,-43203.88671875,-309.8398742675781,44347.11328125,9266.98828125
57088.920985752,52624.2109375,52021.0703125,-8028.0986328125,10911.7861328125,-43134.75390625,-241.39883422851562,44413.87890625,9334.826171875
57088.925000793,52542.0234375,51949.43359375,-8133.6435546875,10842.33984375,-43218.7734375,-303.2461242675781,44322.68359375,9246.9833984375
57088.929048289,52425.5703125,51831.52734375,-8270.3466796875,10728.5693359375,-43339.29296875,-408.2769775390625,44198.85546875,9127.3349609375
57088.933019569,52442.71484375,51842.14453125,-8238.8310546875,10740.8623046875,-43320.453125,-409.796875,44218.56640625,9149.015625
57088.936991578,52547.07421875,51948.4921875,-8110.1962890625,10844.5078125,-43207.1953125,-320.6134338378906,44336.44921875,9260.1044921875
57088.941572955,52617.7734375,52017.671875,-8036.10009765625,10915.318359375,-43132.0703125,-249.84779357910156,44406.12109375,9330.5341796875
57088.944554514,52521.48046875,51920.5546875,-8155.1904296875,10819.6748046875,-43229.4140625,-315.0701904296875,44315.328125,9241.7978515625
57088.948488233,52405.65234375,51810.71875,-8284.80859375,10707.40234375,-43345.5546875,-410.2439270019531,44204.84375,9125.2119140625
57088.953045176,52448.03125,51859.9140625,-8224.16796875,10758.2080078125,-43303.46484375,-392.0048828125,44240.00390625,9149.1279296875
57088.957014268,52556.41796875,51966.26171875,-8095.220703125,10863.7744140625,-43193.00390625,-307.4482421875,44342.57421875,9259.388671875
57088.960957103,52621.83984375,52031.328125,-8026.17626953125,10927.5,-43121.6796875,-237.5990447998047,44409.80859375,9333.126953125
57088.964692805,52519.76171875,51937.49609375,-8151.4130859375,10831.9013671875,-43224.0703125,-310.10809326171875,44310.8125,9237.4619140625
57088.969996962,52400.73828125,51809.21875,-8294.2626953125,10706.5751953125,-43353.80078125,-418.3352355957031,44192.39453125,9119.421875
57088.972995296,52463.0546875,51850.01171875,-8226.2685546875,10750.5859375,-43304.203125,-386.6181335449219,44247.1796875,9167.3671875
57088.97805257,52558.00390625,51955.53515625,-8104.4521484375,10852.5322265625,-43198.92578125,-304.5201721191406,44350.33203125,9271.01171875
57088.982035884,52600.78515625,52009.40234375,-8050.18212890625,10902.041015625,-43143.76171875,-250.026611328125,44404.80078125,9328.2548828125
57088.98604983,52518.6875,51926.6796875,-8158.23046875,10819.7646484375,-43227.84765625,-301.59210205078125,44320.60546875,9247.900390625
57088.991030158,52404.69140625,51808.7265625,-8289.8369140625,10704.6083984375,-43348.078125,-402.5325622558594,44205.91796875,9131.380859375
57088.995061609,52418.21484375,51807.453125,-8262.3896484375,10707.2900390625,-43333.41796875,-403.5830993652344,44238.640625,9151.4521484375
57088.998975271,52523.22265625,51912.39453125,-8135.23046875,10813.4609375,-43219.9375,-318.04296875,44342.1953125,9257.82421875
57089.00176793,52608.8984375,52022.5234375,-8038.71533203125,10926.560546875,-43121.3671875,-237.3084716796875,44413.67578125,9332.814453125
57089.006086743,52519.08984375,51943.64453125,-8147.12158203125,10842.697265625,-43208.671875,-295.24420166015625,44328.2265625,9251.2978515625
57089.009086901,52399.73046875,51817.0,-8281.544921875,10720.4111328125,-43329.7265625,-392.92132568359375,44218.61328125,9141.8857421875
57089.013043229,52426.484375,51841.47265625,-8235.74609375,10752.552734375,-43297.51953125,-381.0301818847656,44250.26171875,9169.6240234375
57089.017093278,52547.98828125,51957.3671875,-8098.90869140625,10861.9638671875,-43185.5390625,-293.97015380859375,44360.63671875,9280.265625
57089.020671806,52609.94921875,52019.19140625,-8038.2685546875,10913.3291015625,-43126.7734375,-236.41439819335938,44419.265625,9341.6435546875
57089.02593439,52520.20703125,51937.96484375,-8148.48486328125,10838.919921875,-43207.0859375,-293.3219299316406,44331.2421875,9253.5771484375
57089.028991437,52409.05078125,51825.1796875,-8278.1025390625,10731.4970703125,-43325.6171875,-395.04473876953125,44212.82421875,9135.224609375
57089.032139287,52431.046875,51847.12890625,-8239.2333984375,10751.0546875,-43302.9296875,-387.10986328125,44237.74609375,9163.34375
57089.03703027,52528.6328125,51937.609375,-8125.10498046875,10841.6015625,-43201.20703125,-302.91082763671875,44350.0390625,9267.5693359375
57089.041079225,52586.2109375,51998.83203125,-8064.017578125,10903.091796875,-43138.46484375,-246.40562438964844,44412.19921875,9327.8076171875
57089.045064362,52516.7421875,51930.0546875,-8161.76171875,10827.7666015625,-43224.0703125,-302.8214416503906,44329.8359375,9246.2685546875
57089.049053511,52421.01171875,51828.2421875,-8278.68359375,10726.84765625,-43331.80859375,-391.1778869628906,44224.0234375,9141.0361328125
57089.053040837,52440.5,51847.41796875,-8238.6962890625,10752.216796875,-43301.05078125,-380.6949157714844,44253.37109375,9168.9091796875
57089.057951512,52548.19140625,51949.41015625,-8112.90087890625,10855.5048828125,-43189.73828125,-294.5289306640625,44360.3671875,9276.5107421875
57089.061256536,52598.34765625,52007.01171875,-8052.037109375,10908.3662109375,-43132.02734375,-240.54946899414062,44414.8828125,9334.5576171875
57089.066161741,52505.9921875,51916.91015625,-8168.6015625,10813.0810546875,-43231.40234375,-309.996337890625,44319.5546875,9240.6806640625
57089.070191733,52386.9921875,51787.60546875,-8307.71875,10685.609375,-43361.578125,-418.13409423828125,44198.7421875,9120.9423828125
57089.075043332,52408.78515625,51808.4609375,-8266.9267578125,10716.0078125,-43327.4921875,-407.6734619140625,44225.85546875,9146.4677734375
57089.093167903,52517.2109375,51920.7109375,-8138.1806640625,10832.6162109375,-43210.90625,-320.6134338378906,44328.5625,9248.548828125
57089.096194682,52603.2890625,52010.69921875,-8051.70166015625,10910.0205078125,-43131.35546875,-243.20933532714844,44400.95703125,9330.5791015625
57089.099179888,52515.6015625,51918.4296875,-8173.8095703125,10803.8046875,-43237.328125,-315.2266540527344,44310.30078125,9238.1767578125
57089.103216809,52388.0625,51783.5390625,-8318.4697265625,10671.080078125,-43369.0234375,-421.4197998046875,44198.13671875,9116.94140625
57089.105714813,52419.734375,51822.67578125,-8257.8740234375,10727.18359375,-43315.22265625,-397.7269287109375,44234.21484375,9150.3798828125
57089.108773319,52524.67578125,51945.58984375,-8117.21484375,10858.2314453125,-43190.8125,-309.6163635253906,44336.44921875,9255.9248046875
57089.111756702,52611.515625,52038.1484375,-8028.56787109375,10938.8544921875,-43109.05078125,-232.68165588378906,44410.48046875,9333.7978515625
57089.11572397,52521.75,51945.90234375,-8142.29345703125,10844.6865234375,-43202.50390625,-294.7971496582031,44323.84375,9247.453125
57089.11890063,52408.203125,51821.40234375,-8276.7392578125,10722.9814453125,-43330.0625,-401.750244140625,44206.07421875,9128.2958984375
57089.122082759,52412.4921875,51823.92578125,-8255.1474609375,10730.625,-43320.40625,-409.7298278808594,44218.30078125,9140.4775390625
57089.125120843,52519.04296875,51927.39453125,-8130.603515625,10833.443359375,-43209.38671875,-319.1605529785156,44326.21484375,9246.044921875
57089.129065866,52591.2421875,52006.09375,-8056.77587890625,10904.5,-43136.1171875,-248.57374572753906,44395.9296875,9318.912109375
57089.13208134,52511.87109375,51928.4453125,-8164.91357421875,10819.6748046875,-43224.2265625,-304.05078125,44326.81640625,9248.81640625
57089.135102649,52409.58984375,51818.96484375,-8292.765625,10710.1962890625,-43342.84765625,-403.3595886230469,44215.28125,9136.8115234375
57089.138175012,52429.83984375,51832.5546875,-8260.466796875,10728.4130859375,-43322.015625,-401.2585144042969,44237.140625,9150.3125
57089.142056947,52545.0625,51939.84375,-8125.619140625,10840.9541015625,-43201.85546875,-305.9953918457031,44350.77734375,9263.76953125
57089.145122382,52598.03515625,52004.1953125,-8059.94970703125,10902.4658203125,-43139.55859375,-252.66412353515625,44403.328125,9324.3203125
57089.148215896,52510.03515625,51925.0234375,-8165.44970703125,10816.8134765625,-43231.4921875,-315.5395812988281,44313.96484375,9244.9052734375
57089.152175871,52398.0546875,51795.20703125,-8297.8388671875,10684.267578125,-43361.46875,-418.245849609375,44198.98828125,9128.609375
57089.155132633,52405.69921875,51799.296875,-8270.1904296875,10698.2822265625,-43344.4140625,-421.95623779296875,44215.34765625,9143.830078125
57089.158172175,52530.04296875,51934.58984375,-8126.49072265625,10833.4658203125,-43214.16796875,-326.0225524902344,44327.5546875,9259.6572265625
57089.16310546,52593.36328125,52002.96484375,-8053.802734375,10900.185546875,-43141.078125,-255.9498291015625,44392.57421875,9324.5
57089.167128888,52536.25390625,51959.6015625,-8128.94970703125,10857.94140625,-43190.8359375,-280.64849853515625,44331.15234375,9257.17578125
57089.170197969,52428.98828125,51847.44140625,-8258.5,10748.08203125,-43309.2109375,-383.064208984375,44225.875,9143.4951171875
57089.173247358,52436.87890625,51848.22265625,-8232.8623046875,10754.228515625,-43299.21875,-391.4237365722656,44239.6015625,9154.537109375
57089.177190923,52545.77734375,51964.69921875,-8100.51806640625,10871.1953125,-43176.44140625,-295.802978515625,44348.38671875,9257.6904296875
57089.181180071,52606.0390625,52031.10546875,-8028.90283203125,10936.2392578125,-43102.25390625,-223.338623046875,44420.046875,9332.5908203125
57089.185215898,52537.75390625,51957.078125,-8128.47998046875,10853.4033203125,-43189.1796875,-277.87689208984375,44342.30859375,9261.35546875
57089.18921307,52399.93359375,51816.1484375,-8281.3212890625,10717.6171875,-43330.46484375,-397.7269287109375,44207.81640625,9125.546875
57089.193271142,52431.76171875,51844.69140625,-8239.2998046875,10747.3896484375,-43300.26953125,-385.3887634277344,44241.390625,9156.951171875
57089.197194649,52537.53125,51942.37109375,-8121.75244140625,10844.3291015625,-43197.5390625,-304.78839111328125,44344.20703125,9260.796875
57089.200260448,52598.4609375,52002.8515625,-8059.56982421875,10897.369140625,-43141.234375,-250.42893981933594,44402.703125,9321.7724609375
57089.2040968,52498.546875,51913.89453125,-8175.64208984375,10801.078125,-43235.13671875,-311.2256774902344,44318.50390625,9239.7421875
57089.209278062,52393.47265625,51801.84375,-8305.6171875,10700.31640625,-43344.97265625,-404.4548034667969,44206.140625,9125.2333984375
57089.213253353,52419.17578125,51822.65234375,-8265.8759765625,10729.4189453125,-43316.7421875,-397.9281005859375,44226.2578125,9145.126953125
57089.217295379,52537.75390625,51941.9453125,-8124.30029296875,10844.9326171875,-43196.625,-303.71551513671875,44350.0390625,9266.8994140625
57089.221286351,52592.8515625,51998.78515625,-8062.18505859375,10897.66015625,-43136.87890625,-247.65733337402344,44414.61328125,9333.4853515625
57089.22533093,52516.40625,51921.8046875,-8162.9462890625,10814.3994140625,-43219.9375,-298.7981262207031,44335.109375,9257.1533203125
57089.230256922,52396.87109375,51798.0234375,-8302.8017578125,10693.2529296875,-43346.55859375,-404.90185546875,44212.7578125,9136.029296875
57089.234232213,52421.390625,51826.9453125,-8260.1318359375,10727.8095703125,-43315.6484375,-397.30224609375,44237.43359375,9157.7109375
57089.238309248,52538.46875,51946.97265625,-8128.30126953125,10846.4970703125,-43198.30078125,-308.5434875488281,44343.4453125,9262.7861328125
57089.242319913,52617.21484375,52023.26171875,-8052.0146484375,10915.6083984375,-43124.16015625,-239.7671661376953,44412.46875,9333.865234375
57089.246364127,52530.8671875,51946.68359375,-8152.4189453125,10837.1982421875,-43203.5546875,-291.9137878417969,44332.875,9257.01953125
57089.251337161,52405.02734375,51814.203125,-8295.6044921875,10708.6318359375,-43337.70703125,-406.4441223144531,44204.88671875,9129.7265625
57089.254359564,52400.3125,51791.5390625,-8283.064453125,10694.2587890625,-43339.921875,-416.65887451171875,44219.73046875,9142.623046875
57089.257360087,52536.546875,51931.88671875,-8125.55224609375,10834.7626953125,-43194.72265625,-298.3287353515625,44351.13671875,9270.1181640625
57089.26042698,52627.80859375,52041.87890625,-8023.20361328125,10939.3681640625,-43096.6015625,-213.99560546875,44425.74609375,9340.7490234375
57089.265308846,52536.74609375,51964.3203125,-8126.0439453125,10859.7958984375,-43181.69140625,-274.16650390625,44346.41796875,9258.517578125
57089.268966872,52410.3046875,51837.02734375,-8270.7939453125,10730.669921875,-43316.4296875,-389.7920837402344,44219.88671875,9136.6328125
57089.272960397,52425.81640625,51840.1328125,-8242.138671875,10738.806640625,-43301.07421875,-385.29937744140625,44242.953125,9160.6611328125
57089.277151574,52524.0078125,51931.3046875,-8122.802734375,10835.4775390625,-43191.6171875,-294.7748107910156,44351.3359375,9265.580078125
57089.281110455,52603.35546875,52011.28125,-8039.2294921875,10916.8828125,-43111.015625,-226.5125732421875,44420.94140625,9336.345703125
57089.284139058,52519.671875,51937.921875,-8146.45068359375,10834.1591796875,-43199.75390625,-285.9682312011719,44335.84765625,9254.1806640625
57089.288060742,52409.36328125,51828.2421875,-8280.337890625,10724.43359375,-43320.51953125,-386.37225341796875,44217.80859375,9140.208984375
57089.292277446,52429.7734375,51841.13671875,-8245.71484375,10748.1943359375,-43299.328125,-386.9310607910156,44230.79296875,9149.3291015625
57089.296939415,52527.96484375,51940.78125,-8124.61328125,10845.37890625,-43196.625,-308.498779296875,44330.83984375,9248.9951171875
57089.301212279,52609.7265625,52024.71484375,-8041.6884765625,10923.7666015625,-43118.5703125,-239.38717651367188,44411.26171875,9328.7236328125
57089.305190488,52528.3671875,51940.42578125,-8150.65283203125,10834.806640625,-43209.3203125,-298.1275634765625,44326.21484375,9252.0126953125
57089.30943126,52412.0234375,51822.18359375,-8287.4013671875,10720.857421875,-43328.1171875,-397.3469543457031,44209.08984375,9135.1357421875
57089.313424785,52425.2578125,51831.21484375,-8261.0703125,10734.0009765625,-43310.75,-397.1011047363281,44227.30859375,9148.1220703125
57089.318399278,52520.65234375,51924.64453125,-8142.2265625,10827.5869140625,-43208.3359375,-316.5901184082031,44329.05078125,9251.7666015625
57089.322438752,52593.5,51993.0625,-8060.57568359375,10892.921875,-43133.3671875,-245.95860290527344,44403.03515625,9326.82421875
57089.326487342,52536.5234375,51938.99609375,-8148.28369140625,10826.9833984375,-43205.38671875,-288.15869140625,44333.3671875,9257.1533203125
57089.330485973,52412.58203125,51825.55859375,-8285.27734375,10718.5556640625,-43325.34765625,-390.37322998046875,44212.95703125,9133.3251953125
57089.334469651,52429.390625,51846.75,-8249.6708984375,10751.5693359375,-43297.9453125,-387.8027648925781,44233.72265625,9146.177734375
57089.338454789,52530.0859375,51942.30078125,-8125.9990234375,10846.9443359375,-43188.265625,-297.36761474609375,44344.453125,9254.896484375
57089.341441089,52605.3671875,52015.4609375,-8049.93603515625,10906.7568359375,-43121.140625,-231.85464477539062,44412.22265625,9337.1953125
57089.344502877,52541.375,51958.39453125,-8139.05224609375,10846.630859375,-43193.31640625,-280.6932067871094,44345.9296875,9269.40234375
57089.3485088,52414.55078125,51831.08203125,-8281.90234375,10728.904296875,-43317.03125,-383.82415771484375,44225.6328125,9146.7587890625
57089.353416558,52423.9140625,51832.890625,-8257.6953125,10739.2978515625,-43303.33203125,-385.8805236816406,44242.5078125,9159.3876953125
57089.357413365,52530.51171875,51935.953125,-8129.86572265625,10840.7744140625,-43191.1484375,-294.9759826660156,44356.23046875,9269.5146484375
57089.361386468,52597.43359375,52009.46875,-8053.91455078125,10909.6181640625,-43119.82421875,-228.68069458007812,44421.96875,9335.0498046875
57089.364175481,52531.671875,51949.0078125,-8146.5849609375,10844.865234375,-43194.92578125,-278.212158203125,44342.9765625,9258.5615234375
57089.368535137,52407.26171875,51823.28125,-8292.318359375,10719.091796875,-43327.3125,-387.8027648925781,44217.359375,9135.224609375
57089.372509699,52415.265625,51821.91796875,-8270.9951171875,10723.205078125,-43317.74609375,-395.7599792480469,44230.8828125,9146.7587890625
57089.376540785,52524.20703125,51927.37109375,-8143.634765625,10829.509765625,-43204.19921875,-309.68341064453125,44335.80078125,9257.376953125
57089.381497044,52593.96875,51994.58203125,-8067.236328125,10896.453125,-43131.15625,-244.3045654296875,44402.2109375,9323.76171875
57089.385494216,52519.0,51925.26953125,-8162.8125,10820.7919921875,-43211.33203125,-294.19366455078125,44326.68359375,9250.515625
57089.389503422,52405.4296875,51815.859375,-8301.37109375,10701.9482421875,-43340.63671875,-402.26434326171875,44201.0234375,9125.658203125
57089.393505699,52415.46484375,51819.4140625,-8274.5263671875,10716.9462890625,-43321.94921875,-401.951416015625,44212.93359375,9136.7451171875
57089.3974974,52532.8359375,51939.9765625,-8135.14111328125,10841.1767578125,-43196.109375,-306.15185546875,44336.33984375,9252.8623046875
57089.401414709,52600.16015625,52007.27734375,-8062.85546875,10902.5107421875,-43127.17578125,-241.71176147460938,44408.8046875,9325.908203125
57089.406447549,52523.42578125,51926.3671875,-8168.35546875,10810.7119140625,-43216.515625,-297.14410400390625,44330.08203125,9254.2255859375
57089.410460402,52405.7421875,51814.16015625,-8303.0244140625,10713.146484375,-43328.23046875,-398.0622253417969,44206.41015625,9122.3505859375
57089.414565516,52414.3046875,51821.2890625,-8277.0966796875,10726.9375,-43313.078125,-401.19146728515625,44221.33984375,9131.939453125
57089.419418938,52531.80859375,51938.32421875,-8139.07470703125,10847.3017578125,-43188.7578125,-305.2577819824219,44334.953125,9245.888671875
57089.42204239,52609.79296875,52015.55078125,-8056.75341796875,10914.916015625,-43113.25,-231.54171752929688,44411.21875,9324.9462890625
57089.425554183,52529.86328125,51935.12890625,-8157.51513671875,10825.84375,-43201.54296875,-287.6893005371094,44331.35546875,9251.4990234375
57089.428456973,52404.78125,51814.31640625,-8297.2802734375,10709.369140625,-43329.01171875,-397.36932373046875,44203.8828125,9123.78125
57089.432446851,52425.703125,51839.5078125,-8261.763671875,10739.8125,-43310.7734375,-401.1244201660156,44213.65234375,9129.1005859375
57089.437335646,52531.875,51937.5859375,-8138.69482421875,10834.001953125,-43207.28515625,-316.74658203125,44321.65234375,9238.6015625
57089.440984556,52605.96875,52012.82421875,-8058.876953125,10906.3544921875,-43130.6171875,-246.78561401367188,44403.015625,9310.7529296875
57089.445108269,52536.16796875,51947.19921875,-8151.92724609375,10836.974609375,-43206.5703125,-296.8088073730469,44324.203125,9238.2666015625
57089.448576666,52418.21484375,51827.21484375,-8288.943359375,10719.896484375,-43327.62890625,-391.9378356933594,44213.046875,9130.486328125
57089.452387855,52425.01171875,51828.15234375,-8271.240234375,10725.57421875,-43319.2890625,-399.0233459472656,44227.08203125,9141.818359375
57089.456646496,52532.5,51930.96875,-8144.640625,10829.3310546875,-43206.5703125,-309.3928527832031,44337.32421875,9253.935546875
57089.460656067,52600.78515625,51998.80859375,-8067.92919921875,10894.1064453125,-43132.25,-239.23072814941406,44410.75,9333.931640625
57089.4655744,52519.46875,51920.59765625,-8168.0205078125,10808.6552734375,-43215.51171875,-292.8302001953125,44333.8125,9257.98046875
57089.469497908,52397.62890625,51802.58203125,-8313.75390625,10689.6767578125,-43345.77734375,-404.99127197265625,44203.03515625,9123.9150390625
57089.4735888,52420.78515625,51823.63671875,-8280.3828125,10719.4052734375,-43319.46875,-400.78912353515625,44223.0390625,9140.7236328125
57089.477627545,52518.9765625,51917.53515625,-8157.69384765625,10817.23828125,-43209.98828125,-314.53375244140625,44330.9296875,9247.6767578125
57089.481711508,52600.25,51996.125,-8069.73974609375,10892.02734375,-43125.94921875,-236.1238250732422,44413.1171875,9333.708984375
57089.486606138,52539.7421875,51937.47265625,-8160.9794921875,10814.35546875,-43207.0390625,-285.92352294921875,44334.59765625,9265.2001953125
57089.490521988,52408.046875,51807.07421875,-8310.4013671875,10691.8671875,-43342.19921875,-405.2594909667969,44203.1015625,9130.486328125
57089.493553143,52412.60546875,51820.39453125,-8286.484375,10717.125,-43322.10546875,-410.6909484863281,44216.0625,9135.203125
57089.497495978,52524.7890625,51940.87109375,-8151.2119140625,10836.013671875,-43200.3359375,-315.0254821777344,44328.78515625,9246.3134765625
57089.500645652,52610.41796875,52026.234375,-8057.06640625,10919.3408203125,-43111.3515625,-228.85951232910156,44417.9453125,9334.2001953125
57089.504423291,52541.6640625,51950.19140625,-8148.171875,10845.357421875,-43184.3984375,-271.2384338378906,44351.24609375,9269.73828125
57089.509263584,52415.5546875,51825.671875,-8291.3125,10723.3388671875,-43314.640625,-379.2867431640625,44223.84375,9141.751953125
57089.513596254,52439.11328125,51845.7421875,-8256.17578125,10745.6904296875,-43294.32421875,-376.5374755859375,44243.9140625,9161.7568359375
57089.516605894,52536.8828125,51940.87109375,-8134.2021484375,10843.814453125,-43190.03125,-295.06536865234375,44346.5546875,9261.958984375
57089.520700433,52607.46875,52014.453125,-8053.0205078125,10911.294921875,-43119.0390625,-229.57476806640625,44418.32421875,9336.8603515625
57089.524649832,52530.578125,51936.1328125,-8153.46923828125,10825.4638671875,-43206.03515625,-286.2587890625,44342.9765625,9266.0048828125
57089.528671437,52390.05078125,51799.07421875,-8311.4736328125,10693.07421875,-43348.32421875,-408.41107177734375,44203.61328125,9128.2734375
57089.532665326,52413.96875,51823.390625,-8272.5146484375,10721.998046875,-43323.37890625,-402.1302490234375,44220.890625,9146.78125
57089.537543546,52529.6171875,51935.015625,-8140.1923828125,10831.0966796875,-43203.62109375,-307.2917785644531,44342.9765625,9263.009765625
57089.541623133,52600.2265625,52006.5625,-8061.2685546875,10899.4931640625,-43126.41796875,-239.38717651367188,44420.875,9337.6201171875
57089.545595872,52521.703125,51921.78515625,-8166.232421875,10808.185546875,-43215.66796875,-295.91473388671875,44341.19140625,9264.216796875
57089.549334491,52411.01953125,51810.96484375,-8297.66015625,10706.708984375,-43325.703125,-384.5393981933594,44232.2265625,9154.984375
57089.553659138,52413.9921875,51813.98046875,-8280.0693359375,10718.17578125,-43316.83203125,-392.5413513183594,44239.109375,9152.97265625
57089.558582212,52519.24609375,51925.96484375,-8148.30615234375,10828.2353515625,-43203.5078125,-305.41424560546875,44343.3359375,9253.755859375
57089.562686598,52599.890625,52019.328125,-8053.98193359375,10913.3505859375,-43113.96875,-223.85272216796875,44428.5390625,9339.609375
57089.566664806,52548.59375,51963.984375,-8130.9833984375,10855.99609375,-43172.99609375,-257.0450744628906,44369.3515625,9285.49609375
57089.570610924,52415.01953125,51827.94921875,-8285.7470703125,10724.2998046875,-43311.2890625,-372.8494567871094,44234.078125,9149.9326171875
57089.574688323,52424.453125,51828.80078125,-8267.6201171875,10726.8037109375,-43305.8359375,-379.465576171875,44245.92578125,9158.91796875
57089.578645016,52543.09375,51952.2265625,-8122.9814453125,10849.24609375,-43177.3359375,-276.8710632324219,44366.91796875,9274.54296875
57089.581355989,52610.93359375,52022.27734375,-8038.0673828125,10921.107421875,-43099.1015625,-206.6642303466797,44437.45703125,9347.3427734375
57089.584718996,52532.3203125,51944.58203125,-8139.85693359375,10838.71875,-43185.40234375,-264.3987731933594,44350.95703125,9267.7265625
57089.588778891,52410.125,51825.625,-8282.4609375,10725.685546875,-43310.39453125,-372.3130187988281,44232.0,9137.6611328125
57089.592747983,52430.59765625,51841.921875,-8252.4423828125,10746.673828125,-43291.73046875,-373.6988220214844,44248.4296875,9145.9091796875
57089.597338841,52533.4609375,51935.640625,-8133.0400390625,10834.7177734375,-43188.7109375,-288.5833740234375,44357.55078125,9256.21484375
57089.601696309,52601.0546875,52008.08203125,-8055.09912109375,10905.7294921875,-43111.84375,-220.8575897216797,44428.02734375,9333.171875
57089.604736216,52549.53125,51968.2734375,-8127.74267578125,10861.9423828125,-43166.4921875,-252.75352478027344,44368.45703125,9284.2216796875
57089.608694367,52421.97265625,51843.21875,-8275.5771484375,10737.0625,-43299.0390625,-361.3382873535156,44241.5,9156.5263671875
57089.612692998,52431.24609375,51844.3359375,-8252.912109375,10746.7412109375,-43287.55078125,-365.4286804199219,44253.859375,9162.94140625
57089.616754716,52534.6015625,51939.75390625,-8129.798828125,10841.9150390625,-43183.1015625,-284.4259338378906,44356.58984375,9263.45703125
57089.620807683,52612.33984375,52021.5390625,-8045.6220703125,10921.30859375,-43102.92578125,-214.62144470214844,44430.41796875,9338.0224609375
57089.625737686,52544.32421875,51956.765625,-8137.755859375,10848.2626953125,-43178.85546875,-262.4765319824219,44360.16796875,9273.4033203125
57089.629690003,52412.40625,51822.2734375,-8292.474609375,10713.75,-43317.5,-375.1963806152344,44226.50390625,9146.0654296875
57089.633776154,52416.875,51826.7421875,-8275.15234375,10727.541015625,-43303.578125,-380.7843322753906,44242.328125,9148.703125
57089.637692369,52521.078125,51923.50390625,-8151.85986328125,10831.5439453125,-43190.43359375,-292.49493408203125,44352.6328125,9255.142578125
57089.641670577,52606.6640625,52024.40234375,-8056.14990234375,10928.70703125,-43095.99609375,-212.296875,44432.140625,9334.736328125
57089.647651201,52553.9375,51980.5,-8130.201171875,10873.20703125,-43158.671875,-249.87014770507812,44368.859375,9273.4033203125
57089.650635678,52426.44140625,51849.6328125,-8275.5322265625,10745.400390625,-43295.23828125,-361.0030212402344,44239.734375,9141.39453125
57089.654844359,52430.0390625,51844.4453125,-8258.947265625,10745.712890625,-43293.7421875,-372.3576965332031,44246.23828125,9143.16015625
57089.658397725,52531.09375,51940.515625,-8136.236328125,10841.4453125,-43189.13671875,-290.7291259765625,44349.90625,9248.01171875
57089.662852925,52623.875,52033.54296875,-8040.16845703125,10928.4609375,-43098.0078125,-210.6204833984375,44433.16796875,9336.5244140625
57089.665822815,52551.05078125,51966.33203125,-8131.005859375,10850.3193359375,-43175.14453125,-258.4532165527344,44361.6171875,9269.89453125
57089.668918517,52413.69921875,51823.83984375,-8287.04296875,10710.419921875,-43316.67578125,-374.615234375,44228.22265625,9138.8017578125
57089.672877398,52426.1953125,51841.16015625,-8257.2265625,10743.947265625,-43293.36328125,-374.90582275390625,44235.0625,9143.96484375
57089.676947504,52540.92578125,51958.84375,-8117.8408203125,10865.048828125,-43167.6796875,-278.2568664550781,44350.9140625,9252.728515625
57089.681793997,52625.70703125,52044.8984375,-8021.79541015625,10948.755859375,-43078.62890625,-200.33868408203125,44440.9453125,9341.3076171875
57089.685836753,52551.85546875,51972.03125,-8115.73974609375,10869.1611328125,-43159.296875,-252.0606231689453,44366.1796875,9274.4765625
57089.688832899,52421.8828125,51832.2890625,-8270.525390625,10728.4794921875,-43302.21484375,-368.066162109375,44233.05078125,9142.5791015625
57089.692842834,52433.4140625,51836.9140625,-8251.392578125,10736.861328125,-43293.5625,-374.6376037597656,44242.10546875,9147.6298828125
57089.696804268,52541.12890625,51944.24609375,-8125.8203125,10846.787109375,-43180.171875,-289.4327392578125,44345.390625,9248.6376953125
57089.700899901,52613.45703125,52019.90625,-8043.96826171875,10918.2236328125,-43102.79296875,-221.2822723388672,44420.1796875,9328.8583984375
57089.704873369,52563.0546875,51981.53125,-8115.29248046875,10873.5205078125,-43156.90625,-252.03826904296875,44365.0625,9275.1025390625
57089.709824158,52445.8203125,51868.4765625,-8253.91796875,10761.001953125,-43283.97265625,-356.4656066894531,44240.71875,9144.9482421875
57089.713873478,52450.22265625,51866.0625,-8239.61328125,10765.046875,-43277.42578125,-363.4393615722656,44248.83203125,9145.8193359375
57089.71788086,52548.2578125,51959.19921875,-8123.5849609375,10857.94140625,-43173.87109375,-283.8671569824219,44349.21484375,9243.98828125
57089.721907935,52618.66796875,52029.47265625,-8044.03515625,10922.224609375,-43100.01953125,-214.37557983398438,44418.59375,9329.640625
57089.725909847,52538.73828125,51943.3515625,-8146.29443359375,10835.298828125,-43183.28125,-266.56689453125,44353.1484375,9268.59765625
57089.730832192,52419.33203125,51816.73046875,-8289.501953125,10715.7392578125,-43307.5546875,-365.2498474121094,44240.26953125,9148.255859375
57089.734854526,52439.44921875,51854.796875,-8259.23828125,10747.12109375,-43292.9140625,-373.31884765625,44246.6875,9147.205078125
57089.738908587,52549.98046875,51964.296875,-8132.70458984375,10852.263671875,-43185.08984375,-291.6231994628906,44347.71484375,9249.419921875
57089.742936026,52631.18359375,52042.1484375,-8039.96728515625,10931.2998046875,-43098.6796875,-214.88966369628906,44428.875,9334.3564453125
57089.746896001,52569.37890625,51980.63671875,-8120.03125,10863.1708984375,-43165.77734375,-253.7593536376953,44366.4453125,9275.236328125
57089.749949766,52424.38671875,51833.73828125,-8282.3046875,10719.0029296875,-43313.56640625,-375.33050537109375,44226.703125,9136.7001953125
57089.752984932,52426.57421875,51827.81640625,-8268.8486328125,10721.3046875,-43310.8203125,-388.04864501953125,44229.609375,9135.7841796875
57089.756916463,52532.27734375,51932.734375,-8139.52197265625,10827.8779296875,-43194.65625,-297.904052734375,44337.8359375,9241.7978515625
57089.760604757,52608.296875,52015.234375,-8047.72314453125,10914.0439453125,-43104.71484375,-222.3328094482422,44411.9765625,9317.8388671875
57089.764865587,52564.953125,51977.70703125,-8110.08447265625,10874.3916015625,-43151.8515625,-247.6126251220703,44358.69140625,9273.0234375
57089.769915567,52425.75,51837.44921875,-8267.1728515625,10733.9560546875,-43294.63671875,-361.80767822265625,44238.7734375,9149.6416015625
57089.772775326,52413.90234375,51833.875,-8260.1767578125,10742.78515625,-43291.015625,-379.2420349121094,44236.80859375,9143.6064453125
57089.776750617,52519.73828125,51936.265625,-8133.1513671875,10848.9111328125,-43177.46875,-289.8350830078125,44347.06640625,9254.8291015625
57089.780720074,52606.015625,52013.22265625,-8046.001953125,10918.291015625,-43094.2734375,-208.85470581054688,44434.62109375,9343.677734375
57089.784754807,52534.9609375,51940.8515625,-8143.7685546875,10837.958984375,-43175.0546875,-260.3307800292969,44362.08984375,9272.8671875
57089.788739944,52423.7578125,51834.9453125,-8279.9580078125,10731.4296875,-43297.09375,-363.1040954589844,44240.96484375,9146.4228515625
57089.792808956,52429.28125,51837.2265625,-8267.0380859375,10736.302734375,-43294.6796875,-377.6103820800781,44241.96875,9144.7470703125
57089.797905614,52521.59375,51926.1875,-8151.2119140625,10826.939453125,-43192.8671875,-298.7310791015625,44340.4296875,9248.66015625
57089.800974331,52604.7421875,52012.2421875,-8055.14404296875,10915.1171875,-43097.44921875,-215.18023681640625,44425.859375,9331.9873046875
57089.806038898,52536.390625,51947.19921875,-8142.427734375,10848.9560546875,-43167.03125,-257.96148681640625,44359.18359375,9268.150390625
57089.810032058,52422.75390625,51834.45703125,-8279.7119140625,10734.044921875,-43290.76953125,-353.4704895019531,44244.80859375,9155.5205078125
57089.814074084,52425.45703125,51838.8125,-8266.7255859375,10741.3095703125,-43288.84765625,-368.021484375,44238.41796875,9142.154296875
57089.818943916,52528.3671875,51941.453125,-8141.5556640625,10844.462890625,-43179.390625,-284.35888671875,44340.67578125,9242.3564453125
57089.823020586,52614.57421875,52026.27734375,-8046.60546875,10924.03515625,-43091.45703125,-206.55247497558594,44432.47265625,9328.544921875
57089.827139923,52552.796875,51963.6484375,-8133.30810546875,10851.3916015625,-43165.6875,-253.46878051757812,44366.1796875,9268.84375
57089.830037243,52415.33203125,51824.44140625,-8294.6650390625,10711.134765625,-43311.734375,-371.9330139160156,44231.15234375,9134.80078125
57089.834023475,52412.40625,51814.47265625,-8287.1328125,10708.0283203125,-43314.3046875,-388.8309326171875,44230.48046875,9134.6884765625
57089.837051348,52512.765625,51927.70703125,-8151.52490234375,10826.8271484375,-43192.7578125,-296.74176025390625,44340.25,9242.1337890625
57089.840974126,52607.22265625,52021.94140625,-8047.79052734375,10919.498046875,-43098.27734375,-215.3590545654297,44426.21484375,9328.3212890625
57089.845072312,52569.046875,51974.22265625,-8117.7958984375,10862.2099609375,-43161.75390625,-253.826416015625,44365.8671875,9275.080078125
57089.848604527,52435.94140625,51844.0,-8266.6142578125,10736.0791015625,-43294.6796875,-362.0758972167969,44239.33203125,9151.474609375
57089.853927282,52427.69140625,51839.6875,-8263.484375,10738.7392578125,-43298.0546875,-385.4781799316406,44228.53515625,9135.560546875
57089.857066744,52534.80078125,51942.37109375,-8137.89013671875,10840.5732421875,-43186.7890625,-298.5969543457031,44335.48828125,9239.1826171875
57089.86095889,52609.2109375,52011.5703125,-8052.50634765625,10904.365234375,-43109.40625,-225.17147827148438,44409.62890625,9324.5
57089.865042125,52549.51171875,51959.265625,-8131.31884765625,10850.85546875,-43170.359375,-264.7117004394531,44350.30859375,9262.16015625
57089.86900684,52430.2421875,51840.89453125,-8275.80078125,10732.5029296875,-43296.984375,-366.970947265625,44235.35546875,9138.7568359375
#57119.876681001,52605.63671875,51961.2109375,-7938.19970703125,10924.392578125,-42390.953125,-21.43532371520996,44410.45703125,9275.75
57119.880574971,52689.921875,52043.6015625,-7828.51953125,11007.67578125,-42298.46484375,45.06111526489258,44500.71484375,9365.89453125
57119.884122866,52787.84765625,52140.5390625,-7719.041015625,11099.4296875,-42202.05859375,124.07453155517578,44600.1796875,9462.767578125
57119.886735742,52761.16015625,52118.5703125,-7761.08447265625,11071.7353515625,-42232.03515625,111.95988464355469,44569.51171875,9441.376953125
57119.890708481,52640.21484375,51992.66015625,-7912.4951171875,10942.1396484375,-42366.34765625,10.125340461730957,44442.75390625,9318.3974609375
57119.895932045,52598.01171875,51948.44921875,-7951.38720703125,10905.5498046875,-42407.47265625,-38.601463317871094,44399.2578125,9267.5029296875
57119.900014915,52687.93359375,52036.671875,-7839.896484375,10998.6455078125,-42309.75,31.627717971801758,44490.34375,9355.0771484375
57119.903769215,52781.09765625,52127.64453125,-7735.0224609375,11087.11328125,-42213.34765625,112.40692138671875,44581.1796875,9449.37890625
57119.907082261,52755.05859375,52098.140625,-7778.1611328125,11052.2890625,-42245.17578125,103.22035217285156,44550.04296875,9429.0615234375
57119.911049894,52632.234375,51973.88671875,-7927.11328125,10927.6787109375,-42378.9296875,1.3187528848648071,44432.16015625,9305.9033203125
57119.915048889,52598.37109375,51944.0,-7959.8359375,10897.9287109375,-42418.3359375,-47.318641662597656,44392.75390625,9259.8359375
57119.919106232,52685.140625,52031.46484375,-7847.5185546875,10989.32421875,-42322.2890625,21.949413299560547,44484.80078125,9348.9296875
57119.924036599,52780.62890625,52128.91796875,-7738.10693359375,11082.083984375,-42223.0703125,107.62364959716797,44584.109375,9449.580078125
57119.927932392,52755.05859375,52103.5703125,-7779.345703125,11046.9921875,-42256.28515625,97.52066040039062,44557.84375,9429.0615234375
57119.932033131,52625.21484375,51969.03515625,-7931.00244140625,10917.9111328125,-42387.53515625,-1.8998982906341553,44433.63671875,9305.2998046875
57119.935024901,52589.921875,51930.65625,-7964.060546875,10887.3779296875,-42421.62109375,-44.01058578491211,44393.26953125,9261.7578125
57119.940015075,52687.84375,52035.3984375,-7845.84228515625,10992.07421875,-42316.41015625,30.644241333007812,44488.64453125,9355.9033203125
57119.943985261,52788.203125,52144.49609375,-7728.16015625,11103.1171875,-42205.390625,118.64305877685547,44595.10546875,9459.19140625
57119.949190956,52773.23046875,52129.07421875,-7761.24072265625,11080.1171875,-42228.43359375,116.09496307373047,44574.85546875,9440.7958984375
57119.953197609,52636.546875,51994.31640625,-7922.330078125,10946.4091796875,-42368.671875,7.331372261047363,44442.890625,9306.998046875
57119.957205356,52595.28515625,51951.109375,-7957.310546875,10914.37890625,-42403.00390625,-34.01935577392578,44407.55078125,9267.5693359375
57119.961197787,52675.55078125,52027.171875,-7854.06787109375,10991.1572265625,-42318.53515625,24.944547653198242,44489.203125,9350.1591796875
57119.965140623,52770.01171875,52121.875,-7744.52197265625,11080.810546875,-42220.92578125,106.01432037353516,44582.140625,9445.5341796875
57119.96826878,52772.04296875,52124.625,-7758.6259765625,11077.703125,-42222.15625,123.33692932128906,44579.4375,9443.701171875
57119.970717189,52642.5390625,51992.2578125,-7915.4677734375,10945.626953125,-42359.26171875,19.133092880249023,44448.6328125,9315.40234375
57119.974829233,52591.0390625,51940.78125,-7961.2890625,10900.7890625,-42408.6796875,-36.50040054321289,44394.9453125,9259.947265625
57119.979127623,52676.35546875,52026.2109375,-7853.978515625,10987.513671875,-42319.47265625,20.630661010742188,44483.28125,9341.4423828125
57119.98408753,52776.4921875,52124.359375,-7741.45947265625,11080.51953125,-42220.74609375,102.28158569335938,44578.0078125,9439.923828125
57119.988015413,52761.11328125,52111.171875,-7766.5380859375,11062.7275390625,-42235.90234375,107.44483184814453,44565.6015625,9431.4970703125
57119.991274489,52638.22265625,51985.88671875,-7913.5009765625,10937.625,-42365.765625,8.895994186401367,44441.97265625,9308.697265625
57119.995259626,52596.6953125,51944.359375,-7950.76123046875,10901.080078125,-42406.82421875,-36.6345100402832,44401.6953125,9265.78125
57119.999278313,52694.796875,52046.484375,-7828.81005859375,11007.228515625,-42299.73828125,40.43430709838867,44498.48046875,9359.703125
57120.003306482,52794.953125,52146.23828125,-7716.7607421875,11101.91015625,-42199.734375,125.70620727539062,44595.59765625,9456.330078125
57120.007292349,52776.8046875,52130.1484375,-7752.009765625,11077.6142578125,-42226.37890625,116.87727355957031,44565.4453125,9436.90625
57120.012213964,52650.7421875,51998.7421875,-7906.52734375,10945.8505859375,-42362.14453125,13.098122596740723,44444.38671875,9315.291015625
57120.016188526,52591.80078125,51933.2734375,-7960.21630859375,10890.5302734375,-42412.5234375,-36.79096984863281,44404.71484375,9268.84375
57120.020236023,52689.609375,52035.21875,-7844.47900390625,10991.380859375,-42311.31640625,33.84054183959961,44496.625,9360.1953125
57120.023284682,52784.4921875,52127.2421875,-7737.25732421875,11081.2353515625,-42214.5546875,114.12800598144531,44589.5625,9457.2021484375
57120.028280326,52755.8828125,52094.00390625,-7780.5751953125,11039.90625,-42250.20703125,102.88507843017578,44564.59375,9439.3427734375
57120.033274876,52629.59765625,51965.5703125,-7937.64111328125,10905.169921875,-42391.1328125,-2.950430154800415,44434.93359375,9311.6025390625
57120.036261541,52596.671875,51943.734375,-7963.7255859375,10896.4755859375,-42414.984375,-41.1272087097168,44399.50390625,9269.357421875
57120.041249527,52681.65234375,52023.125,-7856.68310546875,10978.4619140625,-42323.67578125,25.0116024017334,44488.93359375,9360.5302734375
57120.044261354,52786.73046875,52134.1484375,-7735.46923828125,11091.046875,-42206.95703125,121.01234436035156,44586.72265625,9460.0625
57120.048257796,52773.33984375,52132.11328125,-7759.966796875,11086.0849609375,-42218.890625,120.20767974853516,44575.28125,9445.0205078125
57120.050899846,52642.40234375,52003.25390625,-7913.322265625,10957.115234375,-42356.7578125,13.992192268371582,44447.00390625,9316.1396484375
57120.054886442,52603.35546875,51962.12890625,-7948.7275390625,10925.287109375,-42395.91796875,-33.79583740234375,44401.6953125,9268.396484375
57120.059200149,52690.640625,52043.890625,-7841.193359375,11006.9375,-42307.8046875,27.470293045043945,44485.515625,9349.82421875
57120.063345743,52784.2265625,52133.38671875,-7731.93798828125,11094.19921875,-42207.6484375,114.01625061035156,44584.98046875,9451.6806640625
57120.067373547,52767.57421875,52117.18359375,-7763.45361328125,11070.439453125,-42228.76953125,112.56338500976562,44568.171875,9442.29296875
57120.072269635,52652.4609375,52001.890625,-7904.9404296875,10954.0537109375,-42352.5546875,19.781293869018555,44449.03515625,9321.6162109375
57120.07535622,52594.7734375,51939.93359375,-7960.01513671875,10900.677734375,-42408.0078125,-38.80262756347656,44395.953125,9263.4345703125
57120.07930562,52672.98046875,52009.4453125,-7862.87451171875,10971.353515625,-42327.3203125,20.1389217376709,44474.4296875,9343.6552734375
57120.083301333,52767.484375,52105.984375,-7753.12744140625,11065.455078125,-42225.28515625,104.6732177734375,44574.38671875,9443.857421875
57120.086910493,52759.1484375,52104.734375,-7776.1943359375,11057.05078125,-42236.3046875,110.6411361694336,44570.25,9438.716796875
57120.091367881,52634.6484375,51978.78125,-7929.1025390625,10932.3056640625,-42368.73828125,8.337201118469238,44442.48828125,9314.3076171875
57120.09627491,52586.703125,51923.7265625,-7977.76220703125,10887.7802734375,-42414.4921875,-41.82011413574219,44396.01953125,9263.6357421875
57120.100259683,52669.44921875,52005.4453125,-7871.1220703125,10971.9794921875,-42322.2890625,27.40323829650879,44487.7265625,9353.2216796875
57120.103286462,52776.91796875,52119.75390625,-7753.06005859375,11073.3671875,-42218.46484375,114.39622497558594,44587.34765625,9452.396484375
57120.108314926,52769.5390625,52124.37890625,-7771.52294921875,11075.0654296875,-42226.58203125,114.97737121582031,44569.9609375,9438.5830078125
57120.112360234,52647.03125,51999.61328125,-7918.462890625,10956.1103515625,-42351.28125,19.803646087646484,44447.5390625,9317.81640625
57120.116384027,52590.703125,51932.9140625,-7977.4716796875,10892.5859375,-42415.23046875,-44.16704559326172,44390.80859375,9257.376953125
57120.121304184,52672.78125,52015.1015625,-7871.85986328125,10974.7734375,-42329.48828125,13.36634349822998,44472.08203125,9337.28515625
57120.124348102,52781.5,52124.359375,-7746.376953125,11081.2568359375,-42216.25390625,110.99876403808594,44578.07421875,9446.9873046875
57120.129348852,52767.953125,52113.8515625,-7770.94140625,11064.248046875,-42233.375,110.95405578613281,44560.03515625,9433.8447265625
57120.132316189,52643.07421875,51983.47265625,-7920.5419921875,10936.10546875,-42366.66015625,6.146729946136475,44440.87890625,9306.4619140625
57120.13631482,52590.0546875,51932.06640625,-7962.5185546875,10893.48046875,-42410.55859375,-42.490665435791016,44397.29296875,9257.2880859375
57120.139366396,52673.203125,52019.66015625,-7850.62548828125,10984.4296875,-42314.9375,25.2127685546875,44486.5859375,9345.3759765625
57120.143289904,52767.57421875,52114.90234375,-7739.42578125,11078.1728515625,-42211.515625,111.93753814697266,44586.3203125,9449.9150390625
57120.147248056,52757.24609375,52106.05078125,-7763.744140625,11063.353515625,-42226.2890625,114.82090759277344,44573.6484375,9440.326171875
57120.151292635,52647.2109375,52000.91015625,-7900.80517578125,10956.1767578125,-42346.9453125,23.15640640258789,44456.63671875,9322.7119140625
57120.156212792,52597.58984375,51951.0625,-7947.36376953125,10917.2626953125,-42389.92578125,-25.346878051757812,44410.66015625,9272.9345703125
57120.159232277,52681.02734375,52032.4921875,-7841.59521484375,10998.4892578125,-42304.1640625,34.35462951660156,44494.5234375,9355.2333984375
57120.164216252,52777.140625,52123.26171875,-7732.29541015625,11085.3701171875,-42207.06640625,116.0726089477539,44586.34375,9452.462890625
57120.167468033,52758.74609375,52109.3828125,-7761.08447265625,11065.4326171875,-42226.66796875,113.41275024414062,44570.83203125,9442.6953125
57120.17152647,52639.20703125,51985.30859375,-7911.7578125,10936.10546875,-42360.71484375,13.92513656616211,44453.44140625,9324.6787109375
57120.17509661,52577.2265625,51908.6640625,-7973.873046875,10871.0615234375,-42420.68359375,-47.09512710571289,44396.93359375,9266.943359375
57120.179903719,52664.59765625,52005.06640625,-7858.85107421875,10973.0078125,-42321.77734375,17.68022918701172,44482.16015625,9349.0419921875
57120.184387363,52794.55078125,52152.65625,-7716.69384765625,11111.6552734375,-42192.6953125,119.40301513671875,44591.0390625,9454.9892578125
57120.188387452,52781.20703125,52139.80078125,-7739.7607421875,11094.6455078125,-42203.0234375,131.24945068359375,44585.203125,9448.5966796875
57120.192320806,52654.02734375,52008.62109375,-7893.0712890625,10960.423828125,-42340.88671875,30.71129608154297,44461.6640625,9325.505859375
57120.195276474,52597.4765625,51950.4609375,-7945.6650390625,10912.0322265625,-42393.03515625,-27.13501739501953,44407.59765625,9266.9658203125
57120.20034724,52687.10546875,52044.00390625,-7829.7939453125,11011.2744140625,-42290.05859375,45.06111526489258,44500.89453125,9357.0888671875
57120.203980469,52789.9921875,52147.55859375,-7712.0,11107.9453125,-42185.3203125,132.74700927734375,44602.83984375,9461.716796875
57120.209423566,52782.21484375,52140.47265625,-7731.177734375,11095.361328125,-42196.91796875,137.9326171875,44592.6484375,9455.0341796875
57120.213524669,52655.76953125,52007.5703125,-7889.07080078125,10960.267578125,-42339.9921875,27.671459197998047,44459.25,9323.560546875
57120.216506958,52597.85546875,51946.796875,-7946.15673828125,10906.6005859375,-42398.82421875,-34.1311149597168,44399.640625,9261.0205078125
57120.219957121,52684.58203125,52037.41015625,-7835.5380859375,10999.2041015625,-42303.40234375,30.979516983032227,44483.79296875,9344.0126953125
57120.223444481,52780.26953125,52130.66015625,-7726.7744140625,11086.8896484375,-42205.45703125,113.16688537597656,44591.1953125,9447.5234375
57120.227467909,52772.04296875,52123.1953125,-7746.71240234375,11077.255859375,-42213.83984375,119.85005187988281,44583.7734375,9446.5849609375
57120.231497172,52653.53515625,52006.96484375,-7893.22802734375,10961.1611328125,-42340.171875,24.676326751708984,44460.48046875,9323.91796875
57120.235520235,52596.9609375,51946.640625,-7954.0693359375,10903.8740234375,-42402.734375,-38.310890197753906,44401.6953125,9261.2216796875
57120.23951376,52669.60546875,52016.265625,-7858.80615234375,10976.1142578125,-42320.58984375,19.021333694458008,44483.2578125,9341.0400390625
57120.243447844,52768.40234375,52114.27734375,-7745.93017578125,11071.5341796875,-42216.8125,106.21549224853516,44586.65625,9447.12109375
57120.247498257,52758.96875,52102.609375,-7770.65087890625,11055.306640625,-42232.19140625,108.24949645996094,44574.5625,9442.4501953125
57120.251581127,52639.7890625,51977.7734375,-7921.6591796875,10927.7451171875,-42364.9375,9.70065689086914,44451.78515625,9322.755859375
57120.25548239,52573.71875,51903.76953125,-7988.2451171875,10864.4228515625,-42426.8984375,-50.55964660644531,44388.9765625,9261.1328125
57120.259532074,52672.01953125,52019.39453125,-7865.24365234375,10986.7314453125,-42316.14453125,21.368267059326172,44484.1953125,9345.48828125
57120.263544197,52784.875,52136.33984375,-7745.169921875,11089.52734375,-42212.25390625,106.5731201171875,44587.328125,9446.919921875
57120.268476753,52762.87890625,52112.51171875,-7776.619140625,11061.0517578125,-42232.63671875,105.9025650024414,44571.58984375,9439.07421875
57120.272542483,52639.65625,51988.2578125,-7928.8564453125,10935.7919921875,-42366.8359375,2.436340093612671,44443.44921875,9315.3134765625
57120.276541113,52591.10546875,51943.421875,-7974.78955078125,10901.125,-42413.21875,-50.15731430053711,44390.07421875,9254.896484375
57120.280578034,52684.984375,52041.27734375,-7855.3193359375,11002.8916015625,-42309.4375,22.619964599609375,44483.546875,9346.29296875
57120.284590157,52778.4375,52134.05859375,-7744.85693359375,11094.4228515625,-42207.2890625,107.98127746582031,44580.28515625,9443.2099609375
57120.289513231,52766.1875,52115.83984375,-7773.400390625,11067.3095703125,-42228.7265625,105.9025650024414,44563.65625,9436.8173828125
57120.293582243,52631.2265625,51973.57421875,-7937.64111328125,10921.912109375,-42374.7265625,-3.218651294708252,44428.25,9307.9150390625
57120.296564168,52574.58984375,51914.8984375,-7996.15771484375,10867.9326171875,-42434.62890625,-65.40120697021484,44379.3671875,9249.3974609375
57120.299606628,52663.16796875,52006.98828125,-7885.44970703125,10964.4921875,-42340.4609375,-5.409121990203857,44460.390625,9328.076171875
57120.303554568,52766.79296875,52118.6796875,-7760.12353515625,11078.5078125,-42220.0546875,93.38558959960938,44566.76171875,9431.251953125
57120.307577632,52765.44921875,52119.1484375,-7771.34375,11072.5625,-42223.31640625,106.70722961425781,44564.3046875,9433.7099609375
57120.311597778,52643.0078125,51996.2578125,-7920.51953125,10948.3984375,-42352.66796875,10.438264846801758,44441.4375,9313.3681640625
57120.315573069,52577.13671875,51924.7578125,-7987.865234375,10880.8740234375,-42423.43359375,-59.47799301147461,44377.109375,9246.08984375
57120.319672714,52661.1328125,52000.23828125,-7881.0908203125,10957.40625,-42337.80078125,3.4868721961975098,44466.55859375,9336.234375
57120.324508631,52766.79296875,52099.43359375,-7765.7333984375,11048.5341796875,-42235.03125,91.64215087890625,44568.86328125,9441.578125
57120.327543068,52760.51171875,52102.18359375,-7778.9658203125,11050.4345703125,-42236.21484375,99.53231811523438,44556.50390625,9436.03515625
57120.330560366,52644.66015625,51992.8828125,-7917.501953125,10944.732421875,-42353.0703125,10.527671813964844,44449.8203125,9323.91796875
57120.335506779,52582.92578125,51932.0859375,-7978.2763671875,10888.451171875,-42413.12890625,-49.66557693481445,44396.82421875,9266.228515625
57120.339488999,52669.96484375,52019.08203125,-7871.4794921875,10975.5107421875,-42325.30859375,9.8571195602417,44476.91015625,9345.2197265625
57120.343514615,52772.87109375,52124.58203125,-7749.953125,11081.7939453125,-42214.375,101.20870208740234,44579.83984375,9449.78125
57120.34752455,52762.9921875,52111.52734375,-7769.17578125,11061.7666015625,-42226.40234375,108.6518325805664,44575.01171875,9450.1162109375
57120.352418451,52642.26953125,51988.125,-7915.736328125,10940.0390625,-42353.31640625,15.534461975097656,44455.36328125,9329.2607421875
57120.355462004,52587.08203125,51931.10546875,-7975.37060546875,10886.0146484375,-42415.23046875,-47.139827728271484,44394.90234375,9264.7529296875
57120.360432121,52660.57421875,52003.92578125,-7881.716796875,10960.0439453125,-42339.27734375,-0.37997967004776,44463.72265625,9329.9755859375
57120.363456712,52769.875,52114.74609375,-7756.27880859375,11068.94140625,-42226.58203125,91.86566925048828,44569.8046875,9438.44921875
57120.368462203,52773.54296875,52117.71875,-7766.359375,11065.0966796875,-42226.9140625,107.86952209472656,44567.94921875,9444.4833984375
57120.372468126,52646.42578125,51985.26171875,-7922.2626953125,10927.611328125,-42368.26953125,2.6375057697296143,44440.54296875,9319.626953125
57120.376480979,52579.328125,51907.8359375,-7991.5087890625,10853.0908203125,-42443.03515625,-69.69274139404297,44380.91015625,9251.3642578125
57120.381254173,52660.6640625,51993.2421875,-7882.72265625,10949.8515625,-42346.18359375,-8.18073844909668,44461.10546875,9330.7353515625
57120.384246308,52768.421875,52110.27734375,-7753.84228515625,11068.6513671875,-42228.078125,85.07073974609375,44564.4609375,9434.4921875
57120.3872523,52776.359375,52117.02734375,-7762.3359375,11064.0244140625,-42231.96875,97.81123352050781,44561.8671875,9436.1015625
57120.391176902,52644.50390625,51986.53515625,-7916.5185546875,10932.439453125,-42366.078125,-1.51991868019104,44436.51953125,9314.240234375
57120.395186108,52572.48828125,51903.56640625,-7991.55322265625,10850.85546875,-42445.4921875,-75.34773254394531,44370.42578125,9248.75
57120.399202607,52649.04296875,51980.58984375,-7891.9091796875,10930.5390625,-42362.5234375,-21.25650978088379,44449.10546875,9325.0361328125
57120.403197226,52768.71484375,52116.01953125,-7750.6015625,11068.7626953125,-42224.25390625,92.15624237060547,44569.40234375,9436.705078125
57120.407486136,52785.03125,52143.625,-7742.13037109375,11097.0595703125,-42200.80859375,123.60514831542969,44575.0546875,9445.35546875
57120.411521598,52670.61328125,52027.84375,-7885.85205078125,10979.3330078125,-42325.17578125,33.728782653808594,44466.4921875,9330.7578125
57120.414770462,52599.82421875,51953.63671875,-7960.328125,10908.2998046875,-42399.13671875,-38.80262756347656,44402.546875,9263.859375
57120.41877201,52676.78125,52021.5859375,-7866.38330078125,10977.3662109375,-42321.328125,12.58403205871582,44479.1015625,9339.1171875
57120.423648771,52777.921875,52113.13671875,-7752.166015625,11062.0576171875,-42222.35546875,97.23008728027344,44581.8515625,9446.048828125
57120.427757897,52766.0078125,52101.3125,-7770.51708984375,11046.9697265625,-42233.7109375,103.6450424194336,44578.09375,9449.22265625
57120.431694168,52660.41796875,52015.50390625,-7901.05126953125,10961.228515625,-42340.6875,20.518901824951172,44463.85546875,9333.775390625
57120.435793448,52608.765625,51966.95703125,-7954.29296875,10922.0234375,-42389.2578125,-32.54413986206055,44408.73828125,9272.8671875
57120.439804477,52683.64453125,52035.30859375,-7857.2861328125,10994.8232421875,-42309.21484375,20.7647705078125,44483.83984375,9347.1416015625
57120.444807779,52784.16015625,52133.27734375,-7742.5771484375,11089.7958984375,-42204.65234375,107.98127746582031,44583.50390625,9449.892578125
57120.44827727,52788.18359375,52133.27734375,-7755.49658203125,11080.876953125,-42209.94921875,119.17950439453125,44582.296875,9453.0
57120.452768937,52657.15625,51996.03515625,-7916.294921875,10940.798828125,-42352.9140625,10.862947463989258,44448.54296875,9319.1572265625
57120.456766473,52591.8671875,51926.41015625,-7985.294921875,10876.7607421875,-42421.0859375,-57.779258728027344,44380.26171875,9249.5537109375
57120.460785161,52668.64453125,51994.359375,-7889.0927734375,10944.7998046875,-42344.640625,-4.872680187225342,44458.91796875,9327.8974609375
57120.46478999,52760.77734375,52083.98828125,-7777.6025390625,11031.2119140625,-42244.57421875,80.82390594482422,44560.75,9433.822265625
57120.467754775,52759.66015625,52089.80078125,-7786.744140625,11032.552734375,-42241.46484375,96.31366729736328,44555.609375,9435.4755859375
57120.470770249,52648.8203125,51990.58203125,-7922.330078125,10938.630859375,-42357.671875,2.861023187637329,44435.71484375,9315.3349609375
57120.474807535,52588.69140625,51933.8984375,-7986.2783203125,10888.6298828125,-42421.6875,-68.64220428466797,44373.7578125,9246.6708984375
57120.479762335,52667.953125,52004.59765625,-7888.24365234375,10958.970703125,-42340.44140625,-13.05341911315918,44453.3515625,9326.779296875
57120.483785034,52750.140625,52070.421875,-7790.5439453125,11021.8466796875,-42258.36328125,57.8239631652832,44540.23046875,9417.416015625
57120.487831072,52771.53125,52111.4140625,-7776.373046875,11055.9775390625,-42231.07421875,97.0065689086914,44558.60546875,9431.251953125
57120.491834807,52669.3828125,52023.171875,-7906.84033203125,10961.2734375,-42341.0,14.841558456420898,44447.76171875,9319.626953125
57120.494772971,52604.80859375,51960.80859375,-7965.15576171875,10918.0224609375,-42389.90625,-40.85898971557617,44388.62109375,9254.560546875
57120.498803328,52679.77734375,52034.546875,-7865.2880859375,10994.2646484375,-42308.8125,14.282764434814453,44466.8046875,9329.4169921875
57120.502820192,52782.39453125,52134.328125,-7745.90771484375,11091.44921875,-42201.43359375,106.1931381225586,44574.7890625,9437.9345703125
57120.507710445,52785.74609375,52136.47265625,-7755.49658203125,11086.30859375,-42202.375,121.10175323486328,44578.96875,9446.25
57120.51169303,52660.12890625,52007.99609375,-7910.57275390625,10951.103515625,-42343.14453125,15.89208984375,44452.0078125,9324.3427734375
57120.515762407,52589.36328125,51927.39453125,-7985.54052734375,10874.90625,-42418.671875,-55.611141204833984,44379.96875,9253.3095703125
57120.519771248,52670.96875,52012.26171875,-7878.02880859375,10969.990234375,-42320.01171875,11.913479804992676,44472.68359375,9335.1162109375
57120.523758209,52778.21484375,52117.65234375,-7755.09423828125,11069.5673828125,-42211.91796875,102.79566955566406,44584.82421875,9444.796875
57120.528656121,52778.34765625,52112.62109375,-7766.158203125,11054.234375,-42221.08203125,111.17757415771484,44582.23046875,9450.8984375
57120.532642717,52658.98828125,51999.41015625,-7913.23291015625,10937.9599609375,-42350.609375,10.795892715454102,44456.4140625,9328.880859375
57120.535642875,52605.2109375,51949.8125,-7966.921875,10901.9736328125,-42396.1171875,-37.014488220214844,44405.4296875,9269.7822265625
57120.540685561,52684.4921875,52030.12109375,-7862.3828125,10989.369140625,-42303.203125,26.844444274902344,44489.8515625,9349.0869140625
57120.543716716,52775.75390625,52118.8359375,-7750.556640625,11075.982421875,-42202.73046875,112.00459289550781,44589.8515625,9450.5185546875
57120.548698503,52779.1953125,52125.98828125,-7756.88232421875,11078.150390625,-42200.6953125,127.53905487060547,44591.9296875,9457.6044921875
57120.552654466,52664.21875,52019.171875,-7898.078125,10972.4716796875,-42324.75,30.532482147216797,44468.21484375,9340.4365234375
57120.555715525,52602.6171875,51953.03125,-7969.89453125,10901.1025390625,-42402.1328125,-42.04363250732422,44398.1875,9267.8603515625
57120.558680309,52674.078125,52009.671875,-7882.25341796875,10956.712890625,-42333.2890625,2.034008741378784,44467.96875,9336.5693359375
57120.56294515,52783.21875,52123.88671875,-7752.47900390625,11074.9091796875,-42211.73828125,97.23008728027344,44574.87890625,9444.4169921875
57120.567907244,52797.3671875,52150.3984375,-7742.9794921875,11098.9150390625,-42192.0234375,124.07453155517578,44584.4453125,9455.4365234375
57120.571939789,52682.1015625,52036.55859375,-7884.9580078125,10984.5185546875,-42315.8515625,33.482913970947266,44463.09765625,9339.498046875
57120.575962853,52602.3046875,51952.49609375,-7968.73193359375,10902.48828125,-42401.125,-47.09512710571289,44383.92578125,9257.1318359375
57120.580030406,52666.765625,52009.359375,-7884.60009765625,10961.5185546875,-42335.87890625,-9.633602142333984,44453.7734375,9318.8447265625
57120.583915258,52771.23828125,52109.515625,-7767.25341796875,11056.9833984375,-42231.23046875,77.11351776123047,44555.87890625,9422.6240234375
57120.587054721,52786.28125,52125.80859375,-7764.0126953125,11068.8525390625,-42215.78515625,104.0697250366211,44567.1640625,9434.9619140625
57120.590999015,52673.359375,52017.94140625,-7902.6826171875,10962.7705078125,-42330.47265625,17.41200828552246,44451.7421875,9319.5595703125
57120.595903127,52608.7421875,51959.2890625,-7969.24609375,10907.31640625,-42398.7109375,-50.11260986328125,44385.78125,9252.59375
57120.599933483,52678.234375,52024.2890625,-7878.9453125,10974.3935546875,-42324.61328125,-1.0952354669570923,44459.2734375,9326.01953125
57120.603994837,52782.05859375,52124.1796875,-7758.26806640625,11077.234375,-42210.2421875,93.51969909667969,44566.71875,9436.9736328125
57120.607568624,52779.26171875,52113.203125,-7766.9404296875,11065.767578125,-42210.734375,114.12800598144531,44575.234375,9453.1337890625
57120.612002673,52656.6640625,51991.69921875,-7917.79248046875,10938.474609375,-42345.04296875,17.501415252685547,44448.7890625,9330.0205078125
57120.615989999,52597.09765625,51944.62890625,-7981.2265625,10893.546875,-42406.4453125,-48.302120208740234,44391.703125,9258.115234375
57120.620976161,52679.46484375,52029.67578125,-7872.6865234375,10984.7646484375,-42312.1640625,13.81337833404541,44478.5390625,9340.4814453125
57120.624035396,52776.2890625,52124.19921875,-7757.3740234375,11077.30078125,-42209.52734375,97.49830627441406,44576.80078125,9444.037109375
57120.629037604,52777.67578125,52119.26171875,-7766.06884765625,11064.8291015625,-42210.75390625,117.25724792480469,44588.1328125,9462.275390625
57120.633015083,52658.38671875,52000.86328125,-7914.43994140625,10943.0791015625,-42338.13671875,24.206939697265625,44469.48828125,9346.962890625
57120.63700095,52587.484375,51930.390625,-7988.826171875,10879.533203125,-42409.0390625,-47.408050537109375,44397.5625,9272.8671875
57120.640047786,52671.6171875,52015.75,-7881.85107421875,10970.75,-42318.40234375,10.862947463989258,44475.0546875,9345.0185546875
57120.643026428,52777.453125,52128.6953125,-7751.27197265625,11084.7666015625,-42201.81640625,100.94047546386719,44577.58203125,9445.064453125
57120.647015942,52795.69140625,52151.11328125,-7742.33154296875,11097.8203125,-42190.16796875,123.85101318359375,44588.734375,9461.8505859375
57120.651939745,52667.50390625,52015.16796875,-7902.16845703125,10958.412109375,-42332.28125,19.021333694458008,44459.65234375,9337.552734375
57120.655989795,52581.8984375,51919.14453125,-7994.861328125,10866.546875,-42421.421875,-59.47799301147461,44376.7734375,9252.3486328125
57120.660021245,52654.921875,51985.12890625,-7901.56494140625,10935.2783203125,-42343.5234375,-4.179776191711426,44463.1171875,9330.19921875
57120.663048754,52770.078125,52112.265625,-7763.4091796875,11067.578125,-42214.15234375,95.21842956542969,44575.59375,9440.482421875
57120.667040455,52789.8359375,52146.84375,-7749.12646484375,11092.3212890625,-42197.74609375,117.65958404541016,44584.33203125,9452.396484375
57120.671079199,52666.9921875,52018.34375,-7898.56982421875,10962.591796875,-42329.64453125,21.614137649536133,44462.87109375,9334.4013671875
57120.675118673,52594.86328125,51937.31640625,-7977.98583984375,10889.5244140625,-42406.84765625,-52.236026763916016,44387.90625,9257.51171875
57120.680000539,52666.65625,52000.68359375,-7885.85205078125,10955.640625,-42332.05859375,-3.8892035484313965,44460.59375,9328.6796875
57120.684014121,52769.5390625,52108.46484375,-7763.5654296875,11063.197265625,-42218.4453125,89.60814666748047,44566.3828125,9430.4912109375
57120.688017492,52785.85546875,52131.21875,-7757.59765625,11075.423828125,-42206.73046875,114.12800598144531,44579.63671875,9444.5283203125
57120.692110572,52660.0859375,51993.80078125,-7914.1494140625,10932.88671875,-42346.40625,14.774502754211426,44460.234375,9329.9306640625
57120.695056759,52588.46875,51915.79296875,-7988.87109375,10864.958984375,-42418.71484375,-55.87936019897461,44388.9765625,9258.4951171875
57120.699996973,52672.33203125,52016.0625,-7877.87255859375,10970.1240234375,-42325.28515625,-1.8998982906341553,44461.2421875,9326.4892578125
57120.705057893,52777.3203125,52130.5703125,-7751.3837890625,11086.4208984375,-42205.2109375,92.96090698242188,44565.06640625,9426.37890625
57120.709042666,52798.5078125,52153.7265625,-7743.31494140625,11101.4189453125,-42189.0078125,122.4652099609375,44575.66015625,9442.78515625
57120.713005923,52677.2265625,52028.84765625,-7893.58544921875,10974.9970703125,-42319.140625,26.419761657714844,44456.79296875,9324.5888671875
57120.717049043,52605.12109375,51948.984375,-7972.509765625,10900.4765625,-42394.8671875,-45.10581970214844,44394.38671875,9254.560546875
57120.720032791,52668.21875,52001.19921875,-7889.5625,10955.0595703125,-42329.21875,-2.1457674503326416,44461.46484375,9322.1083984375
57120.723089473,52764.69140625,52094.62890625,-7775.88134765625,11042.521484375,-42231.921875,78.54402923583984,44558.73828125,9423.517578125
57120.72710889,52793.14453125,52140.5859375,-7751.47314453125,11083.0673828125,-42201.58984375,111.40109252929688,44575.2109375,9442.4716796875
57120.731115543,52685.87890625,52043.98046875,-7882.38720703125,10987.447265625,-42312.07421875,28.96786117553711,44463.67578125,9330.4677734375
57120.735178355,52605.078125,51956.02734375,-7968.77685546875,10906.466796875,-42392.98828125,-45.128173828125,44388.8671875,9249.8896484375
57120.73959417,52681.23046875,52021.98828125,-7872.7763671875,10976.5615234375,-42313.88671875,8.113683700561523,44465.21875,9324.298828125
57120.743621975,52782.4375,52114.87890625,-7754.4013671875,11069.1650390625,-42207.671875,98.16886138916016,44570.67578125,9431.7880859375
57120.747176434,52801.390625,52136.515625,-7746.7568359375,11080.8544921875,-42193.74609375,122.66637420654297,44584.64453125,9452.1728515625
57120.751058734,52690.34765625,52032.76171875,-7889.60693359375,10971.3759765625,-42318.53515625,25.928024291992188,44461.44140625,9332.009765625
57120.755070492,52609.8828125,51946.68359375,-7977.58349609375,10887.556640625,-42402.64453125,-47.72097396850586,44385.51171875,9249.8896484375
57120.759167584,52672.15234375,52000.86328125,-7892.78076171875,10947.5712890625,-42333.578125,-5.632639408111572,44446.17578125,9313.1220703125
57120.763190648,52784.89453125,52118.14453125,-7758.46923828125,11066.68359375,-42210.578125,92.31270599365234,44566.31640625,9427.4736328125
57120.768102052,52806.35546875,52155.58203125,-7735.87158203125,11104.771484375,-42180.15625,126.26500701904297,44591.796875,9454.2509765625
57120.772176899,52688.47265625,52034.7734375,-7884.33203125,10978.9755859375,-42309.66015625,33.37115478515625,44472.3046875,9336.435546875
57120.776154743,52608.36328125,51944.0,-7973.96240234375,10890.7978515625,-42397.50390625,-44.077640533447266,44395.953125,9259.0537109375
57120.780139151,52667.90625,51994.42578125,-7892.8701171875,10948.2646484375,-42331.09765625,-1.51991868019104,44462.78125,9324.4775390625
57120.784154556,52773.18359375,52111.70703125,-7766.76171875,11064.046875,-42214.30859375,90.83748626708984,44567.45703125,9428.6591796875
57120.788161209,52797.63671875,52140.8515625,-7752.5908203125,11082.017578125,-42196.78515625,120.63236236572266,44588.35546875,9453.513671875
57120.793152113,52671.90625,52011.19140625,-7906.43798828125,10951.21484375,-42330.671875,21.3906192779541,44463.51953125,9333.0380859375
57120.796190196,52600.00390625,51937.2734375,-7982.8583984375,10881.74609375,-42405.75,-48.70445251464844,44391.2109375,9258.3828125
57120.801181464,52676.22265625,52017.73828125,-7880.26416015625,10969.2529296875,-42318.9609375,4.783273220062256,44465.77734375,9332.6357421875
57120.80476838,52778.1015625,52120.421875,-7758.91650390625,11070.841796875,-42211.89453125,88.80348205566406,44566.5625,9437.64453125
57120.808226566,52794.39453125,52132.94140625,-7749.50634765625,11077.703125,-42199.2890625,114.30682373046875,44580.15234375,9455.4140625
57120.811192445,52681.51953125,52022.25390625,-7888.57861328125,10966.1904296875,-42318.24609375,26.889148712158203,44460.03515625,9339.4306640625
57120.814768785,52600.94140625,51945.54296875,-7973.6494140625,10889.61328125,-42402.35546875,-53.8006477355957,44387.94921875,9258.0029296875
57120.819115677,52669.828125,52012.46484375,-7883.46044921875,10957.8984375,-42326.78515625,-6.057322978973389,44460.28125,9324.611328125
57120.823185418,52788.4296875,52129.38671875,-7747.91943359375,11077.255859375,-42198.5078125,102.5498046875,44580.64453125,9444.5283203125
57120.828175592,52810.625,52161.5078125,-7730.8427734375,11106.1123046875,-42176.19921875,130.7353515625,44597.140625,9464.421875
57120.831188149,52687.66796875,52039.8671875,-7878.25244140625,10982.216796875,-42306.265625,35.271053314208984,44478.40625,9346.6953125
57120.835150677,52595.28515625,51933.36328125,-7977.650390625,10880.2255859375,-42402.98046875,-47.877437591552734,44395.66015625,9263.5244140625
57120.839171187,52668.421875,52002.13671875,-7881.04638671875,10955.751953125,-42318.71484375,9.745360374450684,44474.046875,9339.609375
57120.843199356,52777.921875,52124.91796875,-7752.45654296875,11074.171875,-42202.640625,99.95700073242188,44580.12890625,9444.998046875
57120.847130887,52797.3671875,52150.95703125,-7738.5986328125,11095.9423828125,-42181.296875,130.2212677001953,44600.625,9466.2099609375
57120.852107203,52678.6796875,52025.96484375,-7885.740234375,10971.197265625,-42305.99609375,41.32837677001953,44484.64453125,9351.388671875
57120.856175121,52602.19140625,51944.58203125,-7972.21923828125,10894.0615234375,-42388.05078125,-33.39350509643555,44407.05859375,9269.5810546875
57120.860176669,52674.96875,52011.94921875,-7884.48828125,10960.0439453125,-42317.70703125,9.901823043823242,44474.8515625,9335.6083984375
57120.864181134,52788.96484375,52137.859375,-7747.5615234375,11088.4541015625,-42193.2109375,104.58380889892578,44582.296875,9443.2548828125
57120.868150225,52810.421875,52167.47265625,-7728.763671875,11113.3095703125,-42169.80859375,137.19500732421875,44602.125,9469.0478515625
57120.87315134,52693.8359375,52043.578125,-7878.296875,10981.2109375,-42303.8515625,42.55772018432617,44478.51953125,9350.271484375
