#57099.876119406,52508.5625,51936.265625,-8115.6279296875,10878.236328125,-42955.89453125,-178.56808471679688,44365.73046875,9260.1044921875
57099.881139848,52468.57421875,51889.28515625,-8153.44677734375,10835.41015625,-42997.78125,-227.18313598632812,44327.7109375,9218.0380859375
57099.885124621,52557.19921875,51969.52734375,-8046.33740234375,10913.7314453125,-42909.5390625,-162.74305725097656,44417.90234375,9310.708984375
57099.88908496,52637.64453125,52040.6484375,-7957.0869140625,10975.533203125,-42835.734375,-97.54301452636719,44498.27734375,9397.701171875
57099.894103579,52616.20703125,52028.6484375,-7989.4970703125,10959.26171875,-42852.40625,-95.37489318847656,44476.9296875,9377.96484375
57099.897853867,52497.296875,51922.1171875,-8124.72509765625,10868.15625,-42955.71484375,-179.23863220214844,44358.82421875,9254.560546875
57099.901778105,52467.9921875,51898.828125,-8146.40625,10858.5224609375,-42977.33203125,-215.80609130859375,44328.73828125,9217.8818359375
57099.904819106,52560.21484375,51984.92578125,-8038.291015625,10941.8271484375,-42886.515625,-151.3660125732422,44418.83984375,9308.6748046875
57099.909153599,52657.4453125,52068.3203125,-7938.087890625,11018.001953125,-42796.81640625,-71.1903076171875,44511.109375,9404.294921875
57099.912225962,52619.828125,52027.88671875,-7992.55908203125,10970.90625,-42841.8359375,-92.804443359375,44471.5234375,9374.8359375
57099.915798655,52483.9296875,51887.47265625,-8160.13037109375,10820.546875,-42995.63671875,-212.05099487304688,44342.171875,9241.619140625
57099.920279382,52448.79296875,51857.74609375,-8178.27978515625,10806.6884765625,-43011.171875,-237.06260681152344,44321.0078125,9209.142578125
57099.924253215,52561.78125,51995.6796875,-8034.53564453125,10950.0302734375,-42881.48828125,-145.71102905273438,44425.5,9304.1591796875
57099.928775514,52670.58984375,52107.953125,-7914.328125,11053.98828125,-42772.0078125,-52.21367645263672,44529.61328125,9411.2021484375
57099.932226407,52644.05859375,52078.625,-7955.56689453125,11017.8232421875,-42805.78125,-63.90363693237305,44501.25,9390.392578125
57099.936199146,52510.3515625,51939.0390625,-8114.95751953125,10878.794921875,-42951.11328125,-177.2046356201172,44364.81640625,9259.5234375
57099.940244454,52464.55078125,51883.16015625,-8162.72314453125,10826.9169921875,-43004.0625,-234.8497772216797,44317.02734375,9212.583984375
57099.94427554,52549.77734375,51963.3125,-8055.658203125,10905.7509765625,-42915.6171875,-169.53797912597656,44406.94921875,9303.33203125
57099.948298239,52653.625,52071.51953125,-7936.3447265625,11013.5087890625,-42803.859375,-75.52654266357422,44513.34375,9407.6484375
57099.952186009,52636.32421875,52061.68359375,-7967.81591796875,11003.2939453125,-42822.43359375,-78.87930297851562,44489.0,9385.8330078125
57099.957116012,52508.00390625,51929.83203125,-8123.71923828125,10869.4296875,-42963.16015625,-186.63706970214844,44358.9140625,9257.3994140625
57099.960180352,52463.14453125,51873.97265625,-8166.83544921875,10816.1875,-43013.8515625,-239.2083740234375,44319.44140625,9217.94921875
57099.965240543,52529.37109375,51915.48046875,-8084.201171875,10855.28125,-42953.81640625,-194.70603942871094,44388.41796875,9294.861328125
57099.969238079,52634.9375,52039.0859375,-7956.1259765625,10982.26171875,-42828.15625,-95.41959381103516,44493.65234375,9395.287109375
57099.973196595,52644.75,52088.2578125,-7953.62255859375,11030.9208984375,-42806.69921875,-74.7889404296875,44491.28125,9382.5244140625
57099.978140821,52513.03125,51951.4453125,-8110.08447265625,10892.3623046875,-42946.796875,-179.5515594482422,44363.2734375,9253.9130859375
57099.982149297,52480.17578125,51909.53515625,-8141.71240234375,10857.6728515625,-42980.52734375,-217.50482177734375,44333.5,9218.1279296875
57099.986154856,52560.328125,51975.875,-8044.794921875,10920.6376953125,-42901.53515625,-158.54092407226562,44418.99609375,9302.818359375
57099.989165589,52653.8046875,52065.39453125,-7938.087890625,11008.435546875,-42804.23828125,-77.82877349853516,44512.26953125,9400.8974609375
57099.993061018,52623.16015625,52036.359375,-7984.22216796875,10974.9970703125,-42836.06640625,-90.83748626708984,44478.96484375,9373.0029296875
57099.996339056,52508.29296875,51926.1875,-8126.53564453125,10866.6806640625,-42957.7265625,-186.48060607910156,44354.51171875,9248.302734375
57100.000446723,52475.7734375,51900.953125,-8151.10009765625,10849.044921875,-42985.17578125,-226.5796356201172,44318.61328125,9205.7001953125
57100.004336681,52559.74609375,51985.5546875,-8039.095703125,10933.9814453125,-42890.359375,-157.57980346679688,44411.41796875,9297.521484375
57100.008325465,52664.46484375,52088.90625,-7922.21826171875,11037.984375,-42779.65234375,-63.85893249511719,44516.09375,9403.1328125
57100.013294123,52636.234375,52057.94921875,-7968.330078125,10998.064453125,-42815.97265625,-74.27484893798828,44490.43359375,9382.189453125
57100.016378885,52501.4765625,51917.58203125,-8131.07275390625,10855.19140625,-42962.421875,-187.28526306152344,44356.65625,9250.2919921875
57100.020288535,52448.27734375,51861.5,-8175.23974609375,10809.326171875,-43009.40625,-238.62722778320312,44311.75390625,9205.0517578125
57100.023878733,52551.3203125,51967.42578125,-8055.72509765625,10910.8701171875,-42906.0078125,-162.34071350097656,44406.74609375,9300.1357421875
57100.027914195,52662.5,52087.12109375,-7931.82958984375,11029.333984375,-42786.515625,-65.58001708984375,44521.12109375,9407.8720703125
57100.031929236,52638.0234375,52068.58984375,-7967.2568359375,11006.982421875,-42810.16015625,-70.83267974853516,44500.578125,9393.3427734375
57100.036147399,52506.171875,51934.390625,-8127.18359375,10870.994140625,-42954.10546875,-182.97137451171875,44366.15625,9258.517578125
57100.041120433,52461.69140625,51881.88671875,-8173.3623046875,10820.4345703125,-43009.8984375,-243.76812744140625,44317.296875,9209.0078125
57100.045468784,52554.8515625,51968.67578125,-8057.73681640625,10912.568359375,-42908.91015625,-170.9014434814453,44411.375,9303.8017578125
57100.048406947,52649.78125,52067.71875,-7945.01708984375,11011.162109375,-42802.875,-80.9356689453125,44509.7890625,9399.0869140625
57100.05340405,52628.859375,52051.984375,-7981.919921875,10985.5693359375,-42831.953125,-89.94342041015625,44482.3203125,9374.27734375
57100.057435501,52510.8203125,51937.98828125,-8122.3779296875,10875.2861328125,-42950.44140625,-180.69149780273438,44363.1171875,9255.2763671875
57100.060862325,52467.8359375,51890.4453125,-8159.88427734375,10834.7177734375,-42991.1875,-225.68556213378906,44326.39453125,9212.3828125
57100.064518528,52552.68359375,51964.25,-8054.51806640625,10907.3828125,-42907.6171875,-163.2347869873047,44415.95703125,9299.4658203125
57100.069365386,52643.609375,52059.9609375,-7942.8486328125,11005.73046875,-42802.80859375,-77.64996337890625,44513.27734375,9399.802734375
57100.072400188,52636.97265625,52063.76171875,-7962.33935546875,11005.73046875,-42809.04296875,-69.4915771484375,44501.0703125,9391.041015625
57100.075916357,52512.8515625,51940.55859375,-8115.2255859375,10877.587890625,-42946.375,-174.41065979003906,44370.515625,9261.7578125
57100.080398542,52463.3671875,51887.453125,-8155.68212890625,10835.4326171875,-42989.1328125,-222.42221069335938,44324.58203125,9214.193359375
57100.084466825,52562.609375,51990.29296875,-8032.2333984375,10944.017578125,-42878.6484375,-143.9899444580078,44431.8046875,9310.708984375
57100.088468008,52672.64453125,52105.046875,-7912.3388671875,11051.171875,-42767.8046875,-51.31960678100586,44536.20703125,9417.572265625
57100.092477943,52646.875,52073.59765625,-7954.650390625,11016.0126953125,-42795.140625,-56.5946159362793,44513.1640625,9403.177734375
57100.097418522,52505.76953125,51930.56640625,-8120.4111328125,10872.693359375,-42941.76953125,-171.03555297851562,44375.296875,9271.2353515625
57100.100489426,52452.390625,51874.1953125,-8167.88623046875,10824.369140625,-42990.98828125,-223.56214904785156,44330.90625,9223.2236328125
57100.104436638,52539.67578125,51959.0,-8059.078125,10911.5849609375,-42898.609375,-159.92672729492188,44417.9453125,9314.1064453125
57100.108471735,52633.26171875,52050.8203125,-7950.3369140625,10996.767578125,-42805.3125,-79.05812072753906,44512.046875,9411.26953125
57100.112515585,52614.80078125,52029.31640625,-7983.93115234375,10969.3193359375,-42828.421875,-79.43810272216797,44494.23046875,9392.8291015625
57100.116488688,52491.3515625,51912.375,-8127.47412109375,10856.935546875,-42948.4296875,-171.5496368408203,44373.95703125,9270.5869140625
57100.120518315,52457.19921875,51882.66796875,-8158.6328125,10835.3212890625,-42978.0234375,-210.46401977539062,44338.12890625,9227.11328125
57100.124528615,52540.9921875,51961.27734375,-8055.72509765625,10915.876953125,-42887.9453125,-145.8674774169922,44425.30078125,9312.4072265625
57100.128487131,52650.02734375,52069.125,-7938.35595703125,11017.1298828125,-42782.98046875,-58.36040496826172,44525.2578125,9414.9794921875
57100.133480952,52628.92578125,52051.24609375,-7976.689453125,10989.771484375,-42816.51171875,-77.15821838378906,44489.47265625,9384.9609375
57100.137606124,52493.5859375,51913.46875,-8142.27099609375,10847.7041015625,-42966.9140625,-194.46017456054688,44343.359375,9245.5751953125
57100.141575216,52465.53515625,51881.28125,-8170.25537109375,10822.4013671875,-42993.53515625,-227.31724548339844,44317.00390625,9210.1708984375
57100.145569834,52564.41796875,51987.9453125,-8044.03515625,10938.138671875,-42882.0234375,-151.25425720214844,44421.20703125,9304.0478515625
57100.15002941,52670.12109375,52094.00390625,-7923.44775390625,11038.3642578125,-42776.2109375,-61.26613235473633,44523.98046875,9410.330078125
57100.154030229,52647.2109375,52063.0234375,-7963.74755859375,10998.7119140625,-42811.2109375,-72.82198333740234,44499.640625,9394.125
57100.157012518,52515.55859375,51940.515625,-8116.67822265625,10878.392578125,-42946.796875,-182.6361083984375,44365.23828125,9263.255859375
57100.160041849,52469.7578125,51900.1015625,-8157.06787109375,10843.61328125,-42987.63671875,-231.8769989013672,44321.56640625,9215.9375
57100.164024799,52550.2265625,51980.546875,-8052.30517578125,10926.9189453125,-42896.39453125,-165.1346893310547,44412.22265625,9304.5390625
57100.168194825,52668.0625,52095.27734375,-7921.8828125,11039.4375,-42773.99609375,-55.90171432495117,44532.140625,9421.103515625
57100.172414082,52654.96484375,52080.546875,-7954.38232421875,11016.080078125,-42796.50390625,-58.02512741088867,44512.8515625,9402.619140625
57100.176479447,52519.0234375,51942.94921875,-8118.86865234375,10876.068359375,-42942.59765625,-172.0413818359375,44374.828125,9266.67578125
57100.18049704,52460.50390625,51876.6796875,-8174.03271484375,10814.466796875,-43000.33203125,-229.06068420410156,44326.97265625,9221.79296875
57100.185410268,52549.01953125,51952.875,-8071.77392578125,10887.087890625,-42917.31640625,-167.1016387939453,44414.14453125,9312.6083984375
57100.188365936,52649.46875,52055.3359375,-7957.51171875,10988.4755859375,-42811.32421875,-82.45558166503906,44504.73828125,9410.93359375
57100.192328829,52647.54296875,52067.2265625,-7969.33544921875,11001.998046875,-42808.26171875,-71.21265411376953,44499.328125,9396.94140625
57100.196351527,52531.16015625,51957.63671875,-8109.2578125,10894.083984375,-42929.1171875,-166.8781280517578,44376.125,9270.296875
57100.200392095,52481.58203125,51903.0078125,-8156.21875,10842.853515625,-42981.51171875,-222.51161193847656,44325.65625,9216.5185546875
57100.204372127,52554.8984375,51969.75,-8058.0048828125,10910.646484375,-42900.77734375,-165.3358612060547,44409.05078125,9299.4658203125
57100.208607065,52655.16796875,52070.46875,-7943.83251953125,11006.9599609375,-42796.59375,-77.89582824707031,44509.65625,9403.267578125
57100.213525034,52642.91796875,52063.11328125,-7969.60400390625,10999.0029296875,-42808.44140625,-77.47114562988281,44491.75,9392.404296875
57100.21749996,52506.7734375,51921.9609375,-8130.26806640625,10859.21484375,-42949.12109375,-185.0500946044922,44358.84765625,9259.6796875
57100.221369497,52475.16796875,51892.79296875,-8154.7880859375,10837.82421875,-42974.359375,-218.242431640625,44328.8515625,9221.681640625
57100.225350987,52566.00390625,51986.40234375,-8042.0234375,10931.142578125,-42879.36328125,-152.6400604248047,44417.4765625,9308.40625
57100.228347863,52666.6796875,52089.62109375,-7924.43115234375,11031.63671875,-42772.87890625,-61.0426139831543,44522.41796875,9414.041015625
57100.234473991,52656.375,52081.6875,-7948.36962890625,11018.001953125,-42788.48046875,-59.47799301147461,44507.3984375,9400.6748046875
57100.238656416,52526.6875,51946.99609375,-8103.826171875,10881.052734375,-42930.078125,-164.7100067138672,44377.48828125,9273.716796875
57100.241615731,52466.33984375,51872.87890625,-8162.49951171875,10814.35546875,-42994.67578125,-227.29489135742188,44322.078125,9220.2958984375
57100.244621723,52553.0859375,51962.91015625,-8056.10498046875,10902.9130859375,-42906.90234375,-172.37664794921875,44411.53125,9306.6181640625
57100.248571487,52667.05859375,52087.1875,-7932.052734375,11023.3662109375,-42788.66015625,-76.912353515625,44514.70703125,9408.0732421875
57100.252545685,52648.41796875,52064.453125,-7965.73681640625,10997.2373046875,-42811.390625,-77.18057250976562,44495.19140625,9391.3759765625
57100.256599745,52519.0234375,51939.80078125,-8116.455078125,10874.5263671875,-42945.66015625,-182.4349365234375,44362.9375,9260.796875
57100.260663287,52479.7265625,51900.1484375,-8154.1845703125,10838.2041015625,-42988.3046875,-230.64764404296875,44321.2734375,9217.0546875
57100.264697291,52572.51171875,51988.03515625,-8041.35302734375,10926.4716796875,-42894.02734375,-161.35723876953125,44414.90625,9310.10546875
57100.268678052,52671.953125,52086.8046875,-7926.5322265625,11020.5048828125,-42791.23046875,-73.42548370361328,44516.16015625,9415.203125
57100.272607759,52651.546875,52065.75,-7961.84765625,10993.392578125,-42817.13671875,-81.27094268798828,44491.1015625,9395.779296875
57100.275678299,52516.18359375,51928.33203125,-8121.998046875,10858.4775390625,-42956.453125,-186.72647094726562,44358.890625,9264.5966796875
57100.280623253,52467.45703125,51878.734375,-8164.84619140625,10820.904296875,-42996.59765625,-231.47467041015625,44310.96875,9217.3896484375
57100.284643764,52557.17578125,51972.453125,-8047.99169921875,10919.7216796875,-42895.48046875,-161.89369201660156,44407.796875,9308.7412109375
57100.288659899,52665.78515625,52086.5625,-7923.98388671875,11030.6083984375,-42781.328125,-68.32928466796875,44518.015625,9413.794921875
57100.292681868,52651.8125,52072.45703125,-7954.98583984375,11006.22265625,-42805.19921875,-72.01731872558594,44497.94140625,9395.1083984375
57100.2967228,52523.91796875,51936.0234375,-8109.8388671875,10870.3017578125,-42939.17578125,-168.68861389160156,44376.1015625,9271.3251953125
57100.301549601,52476.30859375,51878.69140625,-8157.626953125,10818.0654296875,-42989.421875,-221.86341857910156,44330.640625,9222.4189453125
57100.305590169,52570.98828125,51990.24609375,-8034.33447265625,10931.9248046875,-42882.08984375,-149.2873077392578,44423.77734375,9312.4072265625
57100.309683978,52676.19921875,52103.19140625,-7910.4833984375,11046.9921875,-42766.57421875,-55.722900390625,44528.05078125,9418.33203125
57100.31373658,52670.8125,52098.40625,-7927.314453125,11038.0732421875,-42773.55078125,-47.832733154296875,44519.3984375,9415.560546875
57100.317753079,52537.88671875,51964.3203125,-8087.88916015625,10900.744140625,-42916.15234375,-157.37863159179688,44384.93359375,9279.05859375
57100.32266886,52483.08203125,51905.890625,-8140.1923828125,10850.7216796875,-42968.14453125,-212.296875,44335.22265625,9220.3408203125
57100.325736847,52569.0234375,51986.828125,-8034.96044921875,10933.958984375,-42877.375,-146.64979553222656,44424.5625,9309.412109375
57100.328757427,52657.71484375,52065.68359375,-7934.466796875,11011.564453125,-42785.26171875,-65.53531646728516,44520.2734375,9411.224609375
57100.33180098,52652.52734375,52062.82421875,-7957.82470703125,10997.5947265625,-42798.76171875,-59.545047760009766,44503.9765625,9405.234375
57100.335827326,52530.0859375,51949.9921875,-8106.88818359375,10878.7724609375,-42928.87109375,-161.3125457763672,44380.125,9282.03125
57100.34072305,52484.19921875,51904.1015625,-8148.171875,10842.80859375,-42970.625,-208.29591369628906,44346.91015625,9242.423828125
57100.344739913,52578.87890625,52002.36328125,-8029.50634765625,10945.716796875,-42865.88671875,-134.2445831298828,44440.65625,9332.5458984375
57100.348350897,52672.66796875,52098.20703125,-7918.61962890625,11040.041015625,-42764.38671875,-49.844390869140625,44535.984375,9427.7421875
57100.352339317,52655.7265625,52079.87890625,-7948.6826171875,11016.548828125,-42786.46875,-51.92310333251953,44520.33984375,9416.6337890625
57100.356330654,52527.5625,51949.2109375,-8104.49658203125,10886.931640625,-42922.078125,-156.4398651123047,44390.49609375,9287.3955078125
57100.359288874,52480.48828125,51904.9296875,-8147.0322265625,10850.05078125,-42969.08203125,-210.4863739013672,44338.41796875,9230.6669921875
57100.363791481,52576.84765625,51997.84765625,-8026.66796875,10944.107421875,-42870.53515625,-137.95497131347656,44432.7421875,9322.041015625
57100.368770715,52681.25,52099.703125,-7909.8798828125,11041.4931640625,-42767.22265625,-50.649051666259766,44532.33984375,9422.9140625
57100.372765699,52675.44140625,52098.7421875,-7927.80615234375,11037.3583984375,-42775.11328125,-46.826904296875,44517.92578125,9414.1748046875
57100.376818301,52542.3359375,51962.75390625,-8086.27978515625,10899.3583984375,-42918.74609375,-157.22216796875,44384.328125,9285.607421875
57100.380828236,52480.46484375,51891.765625,-8148.4404296875,10831.07421875,-42984.4375,-219.4270782470703,44329.85546875,9226.755859375
57100.384857498,52559.9921875,51972.8125,-8041.50927734375,10916.546875,-42892.23828125,-154.71878051757812,44416.6484375,9310.3955078125
57100.389684664,52684.40234375,52107.75,-7896.357421875,11054.5244140625,-42755.3984375,-41.9542236328125,44532.4765625,9429.2841796875
57100.393815305,52674.14453125,52095.61328125,-7918.3291015625,11035.525390625,-42768.65625,-34.287574768066406,44530.7109375,9424.0986328125
57100.397779657,52546.1796875,51967.6484375,-8071.93017578125,10908.9697265625,-42902.609375,-140.5477752685547,44403.5078125,9295.2861328125
57100.401768441,52499.64453125,51922.72265625,-8118.98046875,10871.0615234375,-42949.59375,-193.54376220703125,44353.1484375,9244.2119140625
57100.405808644,52589.09375,52012.48828125,-8010.12744140625,10961.0498046875,-42856.51953125,-127.49434661865234,44441.99609375,9332.9931640625
57100.4106679,52690.32421875,52114.38671875,-7894.7255859375,11058.2353515625,-42752.3828125,-41.216617584228516,44541.1484375,9431.0947265625
57100.41377199,52673.203125,52096.05859375,-7921.23486328125,11039.705078125,-42765.81640625,-37.707393646240234,44527.1328125,9418.5556640625
57100.416852375,52537.39453125,51953.3671875,-8082.10009765625,10897.8837890625,-42907.21484375,-143.00645446777344,44398.296875,9290.748046875
57100.420710242,52491.375,51904.52734375,-8134.33642578125,10848.1064453125,-42963.00390625,-201.74684143066406,44344.5859375,9234.5341796875
57100.424766126,52586.3671875,52004.1953125,-8016.609375,10952.2431640625,-42861.75,-133.7081298828125,44436.18359375,9324.4326171875
57100.428849725,52680.0234375,52096.953125,-7909.09765625,11042.1865234375,-42763.55859375,-52.325435638427734,44529.7265625,9421.998046875
57100.432772504,52682.5703125,52099.859375,-7922.5087890625,11038.9228515625,-42764.23046875,-37.014488220214844,44525.5703125,9422.1767578125
57100.436905333,52556.39453125,51972.58984375,-8076.8251953125,10907.271484375,-42903.97265625,-144.4369659423828,44390.2734375,9288.5576171875
57100.43984532,52496.58203125,51907.79296875,-8133.822265625,10850.7216796875,-42964.27734375,-207.647705078125,44328.91796875,9226.419921875
57100.443882606,52578.74609375,51988.234375,-8028.880859375,10931.9248046875,-42877.46484375,-147.00741577148438,44422.68359375,9311.669921875
57100.447869566,52675.0390625,52085.80078125,-7918.64208984375,11022.896484375,-42780.32421875,-68.6869125366211,44514.16796875,9406.306640625
57100.452745963,52671.70703125,52092.6640625,-7931.35986328125,11023.8583984375,-42785.91015625,-62.227256774902344,44503.5078125,9399.6689453125
57100.456752616,52553.0625,51975.5859375,-8073.6064453125,10905.7734375,-42912.80078125,-155.70225524902344,44385.9609375,9283.88671875
57100.460866118,52505.3671875,51917.71484375,-8123.49560546875,10855.392578125,-42965.57421875,-211.045166015625,44336.8984375,9233.416015625
57100.464398332,52592.515625,52001.3125,-8016.98974609375,10943.8388671875,-42874.51171875,-150.4495849609375,44419.82421875,9317.2353515625
57100.468811595,52688.0,52102.72265625,-7899.41943359375,11042.7900390625,-42768.4765625,-62.227256774902344,44521.390625,9422.466796875
57100.47380651,52678.5234375,52094.1171875,-7921.39111328125,11030.4521484375,-42778.19921875,-53.46537399291992,44513.765625,9416.677734375
57100.476894189,52553.0625,51972.25390625,-8071.48291015625,10909.126953125,-42906.96875,-149.19789123535156,44392.64453125,9294.2353515625
57100.481927394,52499.1953125,51915.5234375,-8127.13916015625,10855.236328125,-42964.58984375,-206.2395477294922,44340.80859375,9239.00390625
57100.485896851,52577.13671875,51985.8671875,-8028.880859375,10925.48828125,-42884.4375,-148.92967224121094,44423.1328125,9321.59375
57100.489888552,52680.73828125,52091.41015625,-7908.85205078125,11029.78125,-42775.29296875,-58.91919708251953,44525.9921875,9425.3056640625
57100.494817096,52674.09765625,52093.33203125,-7923.62646484375,11029.78125,-42778.48828125,-49.196189880371094,44519.6015625,9422.7802734375
57100.497901858,52547.4765625,51969.4609375,-8074.6123046875,10908.0087890625,-42907.30078125,-146.6945037841797,44391.19140625,9297.119140625
57100.500968386,52500.3359375,51922.69921875,-8127.67529296875,10863.1494140625,-42961.55078125,-205.01019287109375,44337.5703125,9239.8984375
57100.504812031,52591.26171875,52004.10546875,-8021.12451171875,10944.0849609375,-42872.58984375,-140.7712860107422,44435.55859375,9331.3388671875
57100.507947482,52686.21484375,52099.75,-7906.19189453125,11041.6943359375,-42765.63671875,-52.34778594970703,44536.6796875,9432.8828125
57100.512846853,52677.94140625,52098.296875,-7923.40283203125,11037.08984375,-42774.21875,-46.245758056640625,44525.66015625,9424.1435546875
57100.516884138,52561.01953125,51980.8359375,-8071.14794921875,10914.982421875,-42905.44921875,-144.8616485595703,44400.2890625,9297.9677734375
57100.520817128,52513.65625,51928.2890625,-8120.4111328125,10867.8876953125,-42953.50390625,-193.0967254638672,44356.94921875,9249.62109375
57100.523865787,52585.78515625,51995.34375,-8023.98583984375,10942.4306640625,-42869.91015625,-135.4068603515625,44437.97265625,9327.94140625
57100.527819927,52680.109375,52089.48828125,-7913.322265625,11031.30078125,-42771.5390625,-53.62183380126953,44535.47265625,9428.390625
57100.53196625,52688.9609375,52110.05078125,-7916.60791015625,11044.5107421875,-42765.66015625,-38.310890197753906,44532.4765625,9428.6591796875
57100.536013017,52556.59375,51974.64453125,-8074.27734375,10915.228515625,-42901.15625,-143.81112670898438,44401.58203125,9296.4482421875
57100.540894518,52495.3515625,51907.92578125,-8135.90087890625,10856.5107421875,-42962.82421875,-206.8654022216797,44341.03125,9234.1318359375
57100.544957696,52590.28125,52013.13671875,-8017.14599609375,10962.1220703125,-42860.9453125,-136.5915069580078,44429.92578125,9319.4931640625
57100.548918035,52696.13671875,52119.75390625,-7894.39013671875,11063.8671875,-42752.42578125,-45.28463363647461,44534.80078125,9424.9033203125
57100.551942262,52688.55859375,52109.2265625,-7916.00439453125,11044.33203125,-42766.95703125,-38.71322250366211,44528.16015625,9424.1884765625
57100.556971456,52560.640625,51972.140625,-8077.7861328125,10902.3759765625,-42909.71484375,-146.09100341796875,44393.1796875,9295.1513671875
57100.560510234,52491.4609375,51901.109375,-8145.33349609375,10841.7802734375,-42975.6328125,-215.47080993652344,44324.55859375,9225.1240234375
57100.566010584,52575.640625,51989.82421875,-8031.4736328125,10935.568359375,-42878.4453125,-148.01324462890625,44425.30078125,9316.3857421875
57100.569947585,52686.4375,52103.48046875,-7902.66064453125,11051.685546875,-42758.59765625,-49.08443069458008,44537.37109375,9426.423828125
57100.57396919,52691.6015625,52117.0703125,-7916.38427734375,11053.1611328125,-42762.28515625,-38.735572814941406,44529.94921875,9423.361328125
57100.577966726,52567.81640625,51992.70703125,-8067.50439453125,10927.7451171875,-42893.30859375,-137.66439819335938,44405.71875,9303.310546875
57100.581944205,52496.26953125,51914.8984375,-8138.87353515625,10854.923828125,-42965.796875,-207.89356994628906,44341.14453125,9237.595703125
57100.584974996,52586.03125,51995.3671875,-8029.95361328125,10937.53515625,-42874.08984375,-140.83834838867188,44432.921875,9328.6572265625
57100.588042253,52692.62890625,52098.25,-7911.60107421875,11037.134765625,-42766.1953125,-48.74915313720703,44539.1796875,9434.291015625
57100.591554046,52689.36328125,52101.22265625,-7927.470703125,11036.0400390625,-42769.50390625,-40.83663558959961,44530.015625,9425.015625
57100.596532186,52562.20703125,51979.71875,-8077.0263671875,10913.2841796875,-42899.34375,-139.9889678955078,44406.1875,9299.3310546875
57100.600979363,52508.6953125,51921.203125,-8130.71533203125,10862.9033203125,-42952.8984375,-195.04132080078125,44356.58984375,9247.0283203125
57100.605241651,52590.94921875,52004.484375,-8025.2822265625,10949.896484375,-42862.265625,-131.96470642089844,44441.2578125,9329.9091796875
57100.607992373,52693.25390625,52109.8046875,-7905.4990234375,11051.775390625,-42754.91015625,-43.09416198730469,44542.01953125,9431.564453125
57100.612032941,52696.29296875,52111.59375,-7916.78662109375,11045.3828125,-42760.85546875,-33.12528610229492,44537.1484375,9431.1171875
57100.616035583,52563.94921875,51976.5,-8077.8310546875,10908.7021484375,-42905.42578125,-146.9627227783203,44391.99609375,9294.4814453125
57100.619833279,52505.8359375,51911.92578125,-8138.4267578125,10846.2958984375,-42973.88671875,-215.51551818847656,44332.65234375,9232.8349609375
57100.624576205,52589.18359375,51992.52734375,-8032.12158203125,10930.986328125,-42883.4296875,-151.85775756835938,44424.8515625,9318.263671875
57100.628828282,52689.9453125,52094.0703125,-7914.84228515625,11031.994140625,-42775.8515625,-62.09314727783203,44525.97265625,9421.55078125
57100.632854992,52687.6875,52094.65234375,-7934.3330078125,11020.259765625,-42789.44140625,-57.93572235107422,44517.4765625,9417.326171875
57100.637058568,52568.41796875,51981.57421875,-8080.55810546875,10907.0703125,-42913.0234375,-154.5399627685547,44392.734375,9293.69921875
57100.640053986,52511.578125,51927.125,-8133.017578125,10866.166015625,-42961.484375,-210.5310821533203,44337.27734375,9233.953125
57100.645090473,52595.53125,52008.41796875,-8025.4384765625,10949.515625,-42870.421875,-143.47584533691406,44428.49609375,9324.119140625
57100.650011724,52700.51953125,52112.01953125,-7904.671875,11050.76953125,-42759.6484375,-48.63739776611328,44536.90234375,9433.53125
57100.654102981,52700.25,52115.08203125,-7917.63623046875,11047.953125,-42763.71484375,-39.13790512084961,44531.40234375,9431.1396484375
57100.658080825,52565.26953125,51979.5859375,-8077.96533203125,10909.9755859375,-42909.0,-152.57301330566406,44392.15234375,9295.732421875
57100.662114099,52505.74609375,51909.3125,-8140.52783203125,10847.48046875,-42970.6484375,-211.6039581298828,44336.8515625,9237.6630859375
57100.665097847,52588.55859375,51989.578125,-8041.75537109375,10923.9013671875,-42887.609375,-153.57884216308594,44419.12890625,9318.21875
57100.669065844,52689.87890625,52099.79296875,-7920.36279296875,11031.703125,-42776.25390625,-62.62958908081055,44520.83203125,9420.0751953125
57100.671651005,52687.15234375,52103.234375,-7933.70703125,11028.373046875,-42780.94921875,-55.052345275878906,44513.56640625,9418.6455078125
57100.6760949,52564.015625,51983.31640625,-8080.11083984375,10911.294921875,-42907.6171875,-153.24356079101562,44389.76171875,9295.419921875
57100.680201838,52509.90234375,51921.6953125,-8136.32568359375,10856.935546875,-42963.6953125,-207.67005920410156,44340.36328125,9239.943359375
57100.685097562,52586.90625,51993.12890625,-8037.93310546875,10931.8583984375,-42882.46875,-152.19302368164062,44421.58984375,9317.97265625
57100.689094004,52696.60546875,52103.61328125,-7913.27734375,11039.4375,-42768.87890625,-56.1475830078125,44529.90625,9425.57421875
57100.692156886,52690.28125,52099.1875,-7932.20947265625,11023.947265625,-42782.87109375,-51.27490234375,44517.3203125,9420.74609375
57100.69611832,52561.3125,51966.0390625,-8090.6162109375,10888.294921875,-42921.71875,-157.44569396972656,44386.453125,9291.955078125
57100.700163628,52503.109375,51907.8125,-8147.412109375,10842.80859375,-42971.5859375,-211.6039581298828,44340.5625,9233.7958984375
57100.7041608,52576.53515625,51986.91796875,-8050.11474609375,10924.5048828125,-42890.42578125,-159.94908142089844,44414.79296875,9306.7294921875
57100.70823747,52695.30859375,52106.3203125,-7921.5029296875,11039.2138671875,-42774.51171875,-67.09993743896484,44520.3828125,9414.0185546875
57100.713113501,52695.30859375,52106.4765625,-7934.60107421875,11032.8212890625,-42780.74609375,-58.44981002807617,44516.046875,9416.521484375
57100.717186525,52562.25,51974.19921875,-8089.185546875,10900.8115234375,-42916.17578125,-161.62545776367188,44387.30078125,9288.22265625
57100.720175742,52499.30859375,51906.203125,-8150.7421875,10839.6123046875,-42977.95703125,-221.30462646484375,44330.21484375,9228.3203125
57100.72520603,52577.515625,51979.5625,-8049.064453125,10915.67578125,-42893.33203125,-158.9208984375,44415.84375,9309.099609375
57100.729234564,52685.7890625,52086.78515625,-7927.0908203125,11018.91796875,-42783.00390625,-66.6976089477539,44522.5078125,9416.56640625
57100.734184259,52687.890625,52091.546875,-7934.6904296875,11021.064453125,-42779.5859375,-49.97850036621094,44522.953125,9425.3505859375
57100.738181795,52554.49609375,51947.04296875,-8099.69091796875,10873.765625,-42923.10546875,-156.32809448242188,44386.51953125,9295.173828125
57100.742191001,52501.96875,51908.953125,-8149.04345703125,10850.7880859375,-42967.62890625,-216.744873046875,44331.734375,9228.6103515625
57100.746149517,52597.1875,52015.03515625,-8034.13330078125,10955.6181640625,-42870.890625,-154.2493896484375,44418.68359375,9311.333984375
57100.749146393,52693.03125,52101.19921875,-7925.01220703125,11039.5712890625,-42769.9296875,-67.8375473022461,44518.328125,9411.7607421875
57100.753144294,52681.16015625,52083.96875,-7945.93359375,11018.046875,-42781.5078125,-58.18159103393555,44516.046875,9414.6884765625
57100.756138982,52562.83203125,51966.82421875,-8096.27099609375,10893.14453125,-42917.18359375,-160.55258178710938,44390.4296875,9292.603515625
57100.760181738,52510.3046875,51919.7734375,-8151.2119140625,10854.4765625,-42967.51953125,-216.61074829101562,44333.859375,9231.2255859375
57100.764158852,52587.57421875,51996.640625,-8052.35009765625,10933.7138671875,-42882.8046875,-156.95394897460938,44415.46484375,9308.9423828125
57100.769144285,52684.69140625,52084.01171875,-7940.9267578125,11017.6220703125,-42785.46484375,-72.57611083984375,44515.46484375,9408.67578125
57100.773199075,52682.75,52082.203125,-7950.873046875,11008.8603515625,-42789.7109375,-59.545047760009766,44515.48828125,9412.7216796875
57100.776225489,52567.61328125,51976.703125,-8092.71728515625,10898.6884765625,-42915.953125,-158.7867889404297,44388.796875,9288.1328125
57100.780201875,52503.7578125,51910.40625,-8158.6328125,10841.4677734375,-42977.80078125,-222.28810119628906,44320.73828125,9219.55859375
57100.784208892,52579.68359375,51979.6953125,-8060.396484375,10914.2451171875,-42896.8203125,-167.7274932861328,44398.5234375,9298.0576171875
57100.788159751,52682.92578125,52080.546875,-7942.4912109375,11011.2958984375,-42792.83984375,-82.6343994140625,44507.84375,9403.1552734375
57100.792281276,52685.3203125,52085.33203125,-7955.43310546875,11007.474609375,-42798.65234375,-76.77824401855469,44498.94921875,9400.0927734375
57100.796263131,52580.421875,51982.51171875,-8089.29736328125,10905.3271484375,-42914.41015625,-166.47579956054688,44381.04296875,9282.03125
57100.800949533,52516.9453125,51910.33984375,-8155.7939453125,10835.9912109375,-42984.4609375,-229.10537719726562,44323.30859375,9217.8818359375
57100.805231149,52576.51171875,51968.8359375,-8068.28662109375,10894.4638671875,-42914.3203125,-179.66331481933594,44400.9375,9292.693359375
57100.809227591,52686.59375,52091.4765625,-7934.6904296875,11018.60546875,-42788.59375,-79.48280334472656,44512.4921875,9402.6416015625
57100.81529063,52699.06640625,52114.5234375,-7927.7392578125,11042.7451171875,-42770.35546875,-53.44301986694336,44520.71875,9413.7275390625
57100.818270002,52572.7109375,51984.859375,-8080.669921875,10912.1884765625,-42905.8515625,-152.75181579589844,44397.0,9293.3193359375
57100.82230984,52506.34765625,51910.94140625,-8147.6357421875,10846.720703125,-42971.51953125,-215.96255493164062,44335.7578125,9233.974609375
57100.826291331,52577.7421875,51982.46875,-8048.10302734375,10927.1201171875,-42885.6875,-157.42333984375,44414.14453125,9311.4912109375
57100.830366542,52677.6953125,52085.82421875,-7931.5390625,11023.8798828125,-42783.02734375,-74.4089584350586,44506.4140625,9408.8330078125
57100.83426817,52685.2734375,52095.97265625,-7938.1328125,11020.21484375,-42787.16015625,-66.85406494140625,44511.0625,9414.4658203125
57100.837374812,52554.33984375,51957.01171875,-8095.89111328125,10883.466796875,-42923.88671875,-168.77801513671875,44386.1171875,9289.0048828125
57100.840323187,52509.7890625,51910.1171875,-8146.49560546875,10841.2216796875,-42974.78125,-218.242431640625,44337.92578125,9236.9482421875
57100.844336768,52594.7734375,52003.01171875,-8036.50244140625,10937.2900390625,-42879.765625,-153.28826904296875,44425.5,9320.6328125
57100.848348162,52694.75,52105.55859375,-7917.25634765625,11039.392578125,-42767.22265625,-60.5955810546875,44531.1796875,9427.8759765625
57100.852348251,52690.23828125,52099.34765625,-7928.96826171875,11031.5693359375,-42767.46875,-44.61408233642578,44534.30859375,9433.53125
57100.857388385,52567.703125,51970.51171875,-8077.89794921875,10901.236328125,-42899.0546875,-139.05020141601562,44415.30859375,9317.6376953125
57100.860378697,52498.28125,51896.5703125,-8155.5703125,10827.341796875,-42977.12890625,-214.82261657714844,44342.12890625,9241.9765625
57100.864328826,52580.3984375,51985.10546875,-8050.13720703125,10926.1806640625,-42880.68359375,-154.98699951171875,44420.9609375,9319.4033203125
57100.868352619,52691.51171875,52100.10546875,-7926.59912109375,11037.693359375,-42768.4765625,-64.28361511230469,44526.10546875,9425.3056640625
57100.872320981,52687.5546875,52092.39453125,-7943.67578125,11018.6279296875,-42782.69140625,-59.20977020263672,44521.56640625,9425.126953125
#57111.876374677,52724.94921875,52105.55859375,-7848.345703125,11067.890625,-42469.0078125,22.172929763793945,44552.546875,9408.0947265625
57111.879469285,52738.00390625,52121.31640625,-7844.25537109375,11077.859375,-42459.23828125,44.323509216308594,44560.5703125,9416.857421875
57111.883403368,52609.703125,51988.45703125,-7999.17529296875,10944.0849609375,-42594.578125,-54.42649841308594,44435.55859375,9293.85546875
57111.887436278,52535.8515625,51904.08203125,-8080.8486328125,10867.26171875,-42673.7734375,-127.58375549316406,44364.16796875,9221.3017578125
57111.893413619,52605.3671875,51961.79296875,-7989.474609375,10933.6015625,-42597.484375,-75.52654266357422,44441.21484375,9298.7275390625
57111.897035178,52719.40625,52094.2734375,-7858.560546875,11060.626953125,-42479.33203125,12.941659927368164,44540.61328125,9400.65234375
57111.90143823,52732.63671875,52109.0,-7861.66748046875,11061.4755859375,-42479.19921875,27.045610427856445,44543.98828125,9408.966796875
57111.905494114,52612.1171875,51982.40234375,-8008.8759765625,10937.22265625,-42603.3203125,-64.68595123291016,44424.7421875,9292.24609375
57111.909399388,52542.46875,51915.5703125,-8080.177734375,10874.0791015625,-42672.51953125,-132.25527954101562,44356.45703125,9219.4912109375
57111.912413768,52623.5625,51995.140625,-7974.23046875,10958.658203125,-42578.12890625,-63.00956726074219,44441.83984375,9303.1982421875
57111.915456228,52727.18359375,52104.77734375,-7851.07275390625,11071.5791015625,-42462.45703125,27.671459197998047,44548.79296875,9407.6484375
57111.919445377,52736.05859375,52117.25,-7852.18994140625,11073.0322265625,-42460.19921875,43.83177185058594,44562.1796875,9419.986328125
57111.924344018,52613.61328125,51986.08984375,-8003.95849609375,10937.177734375,-42598.42578125,-59.0980110168457,44435.69140625,9299.5322265625
57111.92843017,52537.39453125,51901.95703125,-8084.0673828125,10857.091796875,-42679.1796875,-133.1493377685547,44361.8203125,9223.1787109375
57111.9324288,52614.91015625,51984.546875,-7976.82373046875,10948.3310546875,-42585.19140625,-69.87155151367188,44445.125,9302.416015625
57111.935495328,52724.48046875,52096.6171875,-7846.9599609375,11061.2744140625,-42465.07421875,27.60440444946289,44559.1640625,9416.0302734375
57111.939532249,52734.87109375,52110.92578125,-7842.04248046875,11076.4296875,-42449.8515625,52.77246856689453,44571.5,9429.84375
57111.943416737,52604.13671875,51977.28125,-8000.4267578125,10938.5859375,-42593.6171875,-54.69471740722656,44439.13671875,9302.1923828125
57111.947472621,52537.84375,51903.12109375,-8078.859375,10863.193359375,-42674.53125,-130.8247528076172,44363.83203125,9226.509765625
57111.95151647,52616.51953125,51988.94921875,-7979.95263671875,10950.0302734375,-42589.88671875,-80.22041320800781,44435.4453125,9296.626953125
57111.956449756,52727.31640625,52105.91796875,-7847.1611328125,11066.7509765625,-42467.17578125,21.21180534362793,44547.8984375,9406.6865234375
57111.960475372,52739.76953125,52119.86328125,-7841.3046875,11076.3623046875,-42452.421875,50.09025955200195,44564.4375,9427.0498046875
57111.963490846,52623.515625,52011.16796875,-7982.0986328125,10969.5205078125,-42570.70703125,-39.875511169433594,44446.04296875,9309.568359375
57111.967049681,52551.43359375,51936.0234375,-8064.15185546875,10895.537109375,-42650.16796875,-115.80438995361328,44370.76171875,9229.392578125
57111.972567901,52618.59765625,51993.64453125,-7976.60009765625,10956.2890625,-42576.765625,-65.73648071289062,44445.01171875,9302.4833984375
57111.977453414,52718.578125,52086.203125,-7861.26513671875,11044.130859375,-42477.56640625,17.568471908569336,44544.9921875,9408.1396484375
57111.980545469,52729.10546875,52102.4296875,-7857.1298828125,11057.005859375,-42468.15625,35.62868118286133,44547.98828125,9417.4609375
57111.984449284,52608.80859375,51979.00390625,-8004.62890625,10934.2275390625,-42594.15625,-55.991119384765625,44423.3984375,9295.5986328125
57111.988596701,52550.16015625,51924.28515625,-8064.21875,10885.1875,-42649.8984375,-111.89282989501953,44372.90625,9232.09765625
57111.99155091,52633.6875,52011.97265625,-7957.2431640625,10978.4619140625,-42557.54296875,-51.87839889526367,44456.390625,9314.1728515625
57111.99553313,52735.90234375,52115.05859375,-7837.7734375,11081.97265625,-42448.95703125,34.46638870239258,44557.265625,9417.3486328125
57111.99956057,52748.28515625,52125.6328125,-7837.728515625,11085.6162109375,-42443.48046875,53.01833724975586,44565.84765625,9431.453125
57112.003107736,52622.7109375,51994.5390625,-7995.2412109375,10950.2763671875,-42584.05078125,-52.79481887817383,44436.33984375,9308.0263671875
57112.007626388,52537.41796875,51898.89453125,-8088.0009765625,10855.4599609375,-42678.80078125,-138.24554443359375,44353.6171875,9223.3359375
57112.012538887,52602.75,51956.6953125,-8000.80712890625,10913.2392578125,-42608.2578125,-90.6810302734375,44426.52734375,9293.095703125
57112.016559763,52718.6015625,52083.96875,-7865.7353515625,11044.578125,-42480.3828125,6.996096134185791,44535.94140625,9401.0986328125
57112.019581071,52746.85546875,52126.8828125,-7843.47314453125,11086.4208984375,-42444.59765625,47.58686447143555,44559.72265625,9424.2333984375
57112.023523907,52629.37109375,52001.40234375,-7992.00048828125,10957.1376953125,-42574.796875,-46.53633117675781,44440.96875,9311.7587890625
57112.027587449,52548.68359375,51916.77734375,-8078.90380859375,10876.6044921875,-42660.29296875,-127.67316436767578,44359.8515625,9228.6103515625
57112.03156274,52617.50390625,51985.8203125,-7985.98779296875,10947.28125,-42584.38671875,-78.76754760742188,44433.12109375,9295.666015625
57112.035536573,52714.80078125,52076.078125,-7871.43505859375,11036.978515625,-42481.92578125,9.745360374450684,44537.50390625,9398.8642578125
57112.040527476,52733.93359375,52105.15625,-7860.08056640625,11057.654296875,-42466.6171875,32.90176773071289,44546.55859375,9410.21875
57112.044598676,52630.4921875,52015.2578125,-7989.40771484375,10964.6484375,-42577.48046875,-51.27490234375,44429.3671875,9298.1689453125
57112.047593728,52550.359375,51930.12109375,-8070.857421875,10889.7255859375,-42649.1171875,-116.22907257080078,44366.22265625,9225.66015625
57112.05159637,52616.36328125,51993.0625,-7980.6455078125,10958.5234375,-42573.34375,-68.75396728515625,44443.60546875,9296.671875
57112.05505638,52722.46875,52097.82421875,-7857.66650390625,11060.6044921875,-42463.44140625,22.10587501525879,44551.51953125,9409.1005859375
57112.061140205,52733.5546875,52104.734375,-7858.00146484375,11059.8447265625,-42458.703125,41.261322021484375,44562.29296875,9427.02734375
57112.064414597,52609.0546875,51975.671875,-8011.51318359375,10928.70703125,-42595.2734375,-62.74134826660156,44433.75,9301.3876953125
57112.068322424,52529.640625,51893.171875,-8097.16552734375,10846.8994140625,-42684.07421875,-146.00160217285156,44351.16015625,9218.26171875
57112.07257523,52604.25,51972.453125,-7994.36962890625,10937.982421875,-42590.80078125,-85.65188598632812,44430.484375,9293.05078125
57112.075599821,52728.30078125,52105.42578125,-7847.00439453125,11075.1328125,-42452.87109375,27.067962646484375,44553.2421875,9411.3583984375
57112.07966154,52751.16796875,52135.84765625,-7829.7490234375,11097.8203125,-42431.2109375,57.44398498535156,44571.61328125,9431.4970703125
57112.083635008,52632.0546875,52013.1796875,-7976.7119140625,10970.0576171875,-42562.70703125,-39.204959869384766,44448.703125,9308.8310546875
57112.08758149,52549.01953125,51919.21484375,-8067.83984375,10876.783203125,-42654.5703125,-120.67707061767578,44368.30078125,9225.75
57112.091627892,52625.6640625,51995.23046875,-7966.94384765625,10957.5849609375,-42569.8125,-62.94251251220703,44450.71484375,9307.490234375
57112.096520334,52733.77734375,52102.36328125,-7842.154296875,11063.8671875,-42457.96484375,27.58205223083496,44557.10546875,9415.8955078125
57112.100542668,52736.23828125,52110.20703125,-7844.3671875,11069.6123046875,-42452.22265625,40.43430709838867,44557.66796875,9420.544921875
57112.103492501,52627.2734375,52006.96484375,-7977.38232421875,10966.97265625,-42563.30859375,-39.54023742675781,44447.16015625,9311.3564453125
57112.107488579,52553.0625,51929.16015625,-8056.6640625,10893.435546875,-42639.4609375,-106.39430236816406,44372.83984375,9237.9091796875
57112.111534981,52621.59375,51991.87890625,-7967.7041015625,10957.294921875,-42569.07421875,-61.17672348022461,44450.69140625,9308.2724609375
57112.115219993,52720.27734375,52087.23046875,-7852.1455078125,11051.3955078125,-42466.03515625,20.004812240600586,44554.08984375,9408.8994140625
57112.119218988,52748.1953125,52120.24609375,-7833.1240234375,11079.06640625,-42442.87890625,49.86674118041992,44571.90234375,9431.9892578125
57112.123295659,52632.8828125,52009.2890625,-7980.37744140625,10959.0380859375,-42574.41796875,-48.257415771484375,44447.29296875,9311.9375
57112.128465251,52543.05078125,51912.12890625,-8075.14892578125,10867.6865234375,-42665.5,-130.3106689453125,44363.96484375,9229.0576171875
57112.132479198,52613.5703125,51982.58203125,-7984.60205078125,10944.107421875,-42588.74609375,-84.53429412841797,44431.6015625,9295.822265625
57112.136476734,52719.515625,52088.03515625,-7865.109375,11045.025390625,-42481.01171875,2.995133638381958,44534.890625,9401.4345703125
57112.140324755,52732.1015625,52104.80078125,-7857.2861328125,11054.30078125,-42465.1171875,32.43238067626953,44553.28515625,9423.3837890625
57112.145238712,52617.32421875,51988.6171875,-8000.15869140625,10938.541015625,-42586.2421875,-58.74038314819336,44433.79296875,9304.94140625
57112.148284089,52541.328125,51909.84765625,-8081.29541015625,10870.4130859375,-42659.84765625,-129.48365783691406,44358.69140625,9223.08984375
57112.153265146,52621.28125,51996.39453125,-7978.00830078125,10956.400390625,-42575.35546875,-74.4089584350586,44437.2109375,9296.783203125
57112.156210968,52725.1484375,52098.31640625,-7856.34765625,11055.2177734375,-42469.5,10.706485748291016,44540.27734375,9401.7021484375
57112.160483467,52734.94140625,52107.19140625,-7855.43115234375,11057.0947265625,-42464.671875,26.643280029296875,44547.20703125,9414.2197265625
57112.163618919,52609.63671875,51980.859375,-8004.0927734375,10927.5,-42593.23828125,-61.91433334350586,44430.7734375,9303.623046875
57112.167530028,52539.51953125,51910.18359375,-8078.68017578125,10868.46875,-42659.7578125,-128.16490173339844,44357.125,9231.13671875
57112.171663951,52618.80078125,51991.921875,-7977.76220703125,10957.048828125,-42569.74609375,-70.02801513671875,44442.7109375,9300.7841796875
57112.175700143,52725.70703125,52096.6171875,-7855.20751953125,11060.5595703125,-42458.01171875,22.664669036865234,44549.21875,9404.7421875
57112.179758579,52749.109375,52122.90625,-7837.7958984375,11080.7880859375,-42437.84765625,52.99598693847656,44569.46875,9432.056640625
57112.184703898,52631.5859375,52003.63671875,-7982.8583984375,10957.8759765625,-42566.05859375,-38.087371826171875,44453.41796875,9317.9501953125
57112.187692022,52550.24609375,51919.6171875,-8069.51611328125,10881.947265625,-42647.62109375,-116.9219741821289,44372.21484375,9232.5224609375
57112.19164288,52621.6171875,51987.453125,-7977.98583984375,10951.974609375,-42573.078125,-70.43034362792969,44441.34765625,9301.8125
57112.19570861,52723.36328125,52094.4296875,-7856.61572265625,11054.591796875,-42465.453125,16.629697799682617,44542.98046875,9406.5751953125
57112.199757565,52742.13671875,52116.3984375,-7842.9814453125,11069.4560546875,-42448.421875,43.45178985595703,44559.9921875,9428.4794921875
57112.203786828,52632.8359375,52004.88671875,-7983.39501953125,10954.1650390625,-42570.3046875,-44.83760070800781,44446.19921875,9317.0791015625
57112.207708148,52537.57421875,51901.19921875,-8086.54833984375,10858.142578125,-42666.44140625,-132.9258270263672,44357.015625,9223.24609375
57112.212746459,52612.9453125,51971.6953125,-7992.40283203125,10934.49609375,-42584.9921875,-79.79573059082031,44433.6796875,9294.97265625
57112.216799425,52727.6328125,52092.26171875,-7865.84716796875,11044.0859375,-42474.39453125,6.102026462554932,44534.15234375,9396.986328125
57112.219811982,52741.95703125,52109.24609375,-7853.93359375,11054.3681640625,-42460.69140625,30.532482147216797,44550.26953125,9418.9580078125
57112.2247635,52622.7109375,51984.16796875,-8002.8408203125,10927.7236328125,-42590.109375,-63.90363693237305,44431.87109375,9304.271484375
57112.228761766,52532.41015625,51886.84765625,-8100.607421875,10839.8583984375,-42681.81640625,-150.02490234375,44344.72265625,9216.8759765625
57112.23376835,52605.25390625,51954.59765625,-8008.98779296875,10908.8359375,-42606.58203125,-98.43708038330078,44416.0,9290.748046875
57112.236840713,52700.2265625,52049.8125,-7892.9375,11005.2392578125,-42502.87109375,-17.210844039916992,44514.125,9390.236328125
57112.241784938,52730.9609375,52102.765625,-7863.81298828125,11052.8037109375,-42470.66015625,15.4674072265625,44542.46875,9413.5263671875
57112.244987489,52631.40625,52014.921875,-7986.32275390625,10965.05078125,-42566.9296875,-48.97267150878906,44443.1796875,9309.255859375
57112.248747624,52552.86328125,51932.0,-8071.68408203125,10888.7197265625,-42644.58203125,-118.3971939086914,44370.08984375,9228.7666015625
57112.251824363,52614.3515625,51983.40625,-7993.58740234375,10940.3515625,-42582.91015625,-81.18153381347656,44433.01171875,9292.201171875
57112.255809865,52707.91796875,52062.6875,-7888.2880859375,11013.330078125,-42494.48828125,-6.057322978973389,44525.32421875,9388.6044921875
57112.259754524,52728.97265625,52088.4375,-7872.99951171875,11035.9951171875,-42473.9453125,20.921232223510742,44538.82421875,9405.546875
57112.263809679,52624.7890625,51997.33203125,-7996.60498046875,10951.4609375,-42573.234375,-54.96294021606445,44431.24609375,9297.5654296875
57112.268755362,52542.53515625,51915.59375,-8083.642578125,10874.4365234375,-42655.66796875,-130.33302307128906,44353.99609375,9218.4404296875
57112.27175625,52612.765625,51983.54296875,-7993.20751953125,10944.666015625,-42580.51953125,-83.17083740234375,44424.96484375,9287.7978515625
57112.27568231,52720.0078125,52090.2265625,-7869.46826171875,11046.2099609375,-42471.30859375,5.342066764831543,44530.015625,9394.3486328125
57112.279767368,52739.9921875,52109.5390625,-7857.8896484375,11055.84375,-42458.50390625,31.1359806060791,44546.4453125,9417.52734375
57112.28378569,52622.109375,51987.9453125,-8000.29296875,10936.57421875,-42582.2421875,-60.37206268310547,44423.7109375,9302.37109375
57112.287792344,52525.125,51886.734375,-8101.658203125,10841.6240234375,-42680.56640625,-153.4894256591797,44331.80078125,9208.0244140625
57112.291834005,52594.6171875,51957.09765625,-8013.79345703125,10912.76953125,-42609.0625,-112.4739761352539,44402.4765625,9270.6318359375
57112.296763643,52708.85546875,52073.640625,-7878.47607421875,11033.4248046875,-42482.26171875,-8.985401153564453,44518.6171875,9387.6435546875
57112.299772918,52737.98046875,52109.16015625,-7852.43603515625,11063.7109375,-42449.828125,30.867759704589844,44547.71875,9418.5556640625
57112.303882044,52625.640625,52000.05859375,-7986.4345703125,10953.6513671875,-42563.3984375,-47.54216003417969,44441.4140625,9311.177734375
57112.307890885,52532.76953125,51901.5546875,-8084.0,10861.1376953125,-42659.421875,-134.57984924316406,44352.96875,9220.0947265625
57112.313832124,52603.9140625,51968.609375,-7989.54150390625,10933.4453125,-42582.8671875,-84.51194763183594,44425.30078125,9288.6025390625
57112.316854527,52712.36328125,52079.765625,-7861.9580078125,11043.013671875,-42468.0,9.790063858032227,44534.0859375,9397.74609375
57112.320836018,52738.875,52112.17578125,-7842.06494140625,11066.884765625,-42446.3203125,38.735572814941406,44554.046875,9425.015625
57112.323826329,52610.953125,51976.390625,-7998.57177734375,10926.806640625,-42588.58984375,-66.58584594726562,44426.640625,9301.611328125
57112.327849393,52522.6640625,51878.4453125,-8098.75244140625,10836.0361328125,-42681.03515625,-149.77903747558594,44338.6640625,9207.7783203125
57112.331481892,52605.7265625,51970.890625,-7994.36962890625,10933.2216796875,-42584.296875,-82.56734466552734,44423.6015625,9283.484375
57112.3359112,52723.5625,52095.7265625,-7856.1689453125,11057.318359375,-42460.89453125,14.57333755493164,44538.33203125,9397.544921875
57112.340847038,52738.13671875,52108.109375,-7846.1552734375,11060.6044921875,-42450.58984375,37.57328414916992,44554.9375,9417.7060546875
57112.343836985,52628.92578125,51997.890625,-7983.283203125,10946.5654296875,-42568.02734375,-45.08346939086914,44443.31640625,9308.80859375
57112.347829416,52555.7890625,51925.71875,-8065.69384765625,10881.6337890625,-42644.984375,-120.40884399414062,44361.75390625,9223.89453125
57112.351847374,52620.1640625,51988.125,-7981.271484375,10952.66796875,-42573.90234375,-80.95801544189453,44418.79296875,9282.947265625
57112.355864238,52716.76953125,52075.47265625,-7870.80908203125,11036.12890625,-42478.57421875,-4.336238384246826,44515.48828125,9383.10546875
57112.359868703,52735.69921875,52101.9375,-7854.00048828125,11054.099609375,-42459.0625,23.491683959960938,44544.234375,9407.3798828125
57112.363938809,52645.01953125,52019.6171875,-7971.66015625,10966.3916015625,-42555.0625,-40.72488021850586,44450.78125,9313.48046875
57112.368794054,52550.58203125,51918.54296875,-8071.5947265625,10875.509765625,-42645.47265625,-121.39232635498047,44366.42578125,9228.23046875
57112.371877722,52618.98046875,51984.75,-7984.84765625,10944.173828125,-42574.91015625,-77.82877349853516,44432.71875,9292.15625
57112.375875623,52724.7265625,52089.48828125,-7861.689453125,11048.109375,-42463.93359375,13.634564399719238,44539.8515625,9400.8759765625
57112.380840634,52747.078125,52109.984375,-7843.62939453125,11062.0126953125,-42442.2734375,47.54216003417969,44566.13671875,9429.0390625
57112.384856769,52631.94140625,51994.11328125,-7983.484375,10942.20703125,-42564.73828125,-38.71322250366211,44455.5625,9320.2529296875
57112.388764596,52551.72265625,51917.046875,-8068.2197265625,10874.4140625,-42644.66796875,-117.81604766845703,44371.02734375,9238.1103515625
57112.391872332,52614.6875,51978.9375,-7979.39404296875,10943.4814453125,-42570.6171875,-71.34677124023438,44440.67578125,9306.640625
57112.396766597,52718.33203125,52085.82421875,-7854.5146484375,11047.751953125,-42461.07421875,16.316774368286133,44544.8125,9410.5986328125
57112.399743051,52745.421875,52116.66796875,-7831.82763671875,11070.259765625,-42436.41796875,48.36917495727539,44566.515625,9435.9677734375
57112.402812132,52627.60546875,51999.72265625,-7975.03515625,10951.4833984375,-42562.34765625,-45.68696594238281,44445.83984375,9319.314453125
57112.407506557,52537.08203125,51903.12109375,-8076.55712890625,10858.365234375,-42659.04296875,-133.0599365234375,44356.03125,9228.4091796875
57112.411699558,52603.9375,51965.59375,-7992.693359375,10924.125,-42591.8515625,-94.01143646240234,44416.73828125,9285.451171875
57112.415960387,52716.859375,52075.25,-7866.115234375,11030.67578125,-42479.51171875,-2.861023187637329,44522.91015625,9392.001953125
57112.419957559,52733.375,52087.1875,-7857.66650390625,11031.2783203125,-42470.484375,21.144750595092773,44536.9453125,9411.626953125
57112.423962753,52617.1015625,51973.05859375,-8000.0693359375,10914.7587890625,-42589.70703125,-63.38954544067383,44418.3046875,9294.369140625
57112.427941327,52540.79296875,51904.39453125,-8075.10400390625,10866.61328125,-42648.0234375,-124.27569580078125,44357.88671875,9217.501953125
57112.431007126,52625.86328125,52005.55859375,-7965.2900390625,10974.6396484375,-42550.859375,-62.830753326416016,44439.91796875,9293.7216796875
57112.435977243,52735.2734375,52116.98046875,-7839.47216796875,11083.73828125,-42437.1328125,29.325489044189453,44546.82421875,9403.46875
57112.439573275,52752.6640625,52128.203125,-7830.3974609375,11089.2373046875,-42423.54296875,56.5499153137207,44567.390625,9428.5244140625
57112.443567164,52647.58984375,52021.98828125,-7970.74365234375,10973.3427734375,-42548.578125,-34.846370697021484,44449.86328125,9315.4248046875
57112.447561419,52565.671875,51930.234375,-8068.0185546875,10881.3876953125,-42641.2265625,-118.55364990234375,44361.05859375,9225.4365234375
57112.451581929,52608.609375,51951.95703125,-8008.56298828125,10907.0478515625,-42598.24609375,-94.19025421142578,44414.234375,9277.494140625
57112.457047271,52713.7734375,52067.00390625,-7879.9287109375,11023.6796875,-42478.75390625,0.46938663721084595,44523.01953125,9388.08984375
57112.460954733,52758.96875,52135.33203125,-7827.5810546875,11090.5107421875,-42419.765625,59.83562088012695,44569.109375,9436.861328125
57112.464991289,52648.6171875,52022.09765625,-7963.30078125,10974.05859375,-42540.48828125,-25.503339767456055,44459.140625,9330.35546875
57112.468034479,52549.84375,51920.0625,-8066.677734375,10879.689453125,-42639.125,-116.13966369628906,44364.66015625,9233.1923828125
57112.472028368,52619.875,51988.859375,-7978.052734375,10950.0302734375,-42565.3671875,-68.73161315917969,44435.69140625,9297.744140625
57112.476121448,52732.03515625,52102.83203125,-7847.87646484375,11060.828125,-42448.19921875,27.13501739501953,44549.12890625,9411.0009765625
57112.482067793,52751.078125,52123.88671875,-7834.42041015625,11074.3056640625,-42433.01953125,49.71028137207031,44563.34375,9429.7763671875
57112.485086549,52629.3515625,51999.3203125,-7985.2724609375,10945.515625,-42568.359375,-52.57130432128906,44435.55859375,9307.9150390625
57112.488087436,52551.69921875,51915.2109375,-8074.791015625,10865.8759765625,-42652.13671875,-126.75674438476562,44355.18359375,9228.38671875
57112.492105029,52613.68359375,51972.6796875,-7994.01220703125,10926.1806640625,-42584.96875,-83.84139251708984,44415.21875,9289.0947265625
57112.496025985,52710.62109375,52070.890625,-7874.5419921875,11024.23828125,-42477.61328125,1.0728837251663208,44527.69140625,9398.1708984375
57112.500052695,52730.1328125,52078.3125,-7862.82958984375,11022.94140625,-42463.890625,29.660764694213867,44554.69140625,9432.97265625
57112.504083051,52616.6328125,51966.7109375,-8002.55029296875,10909.685546875,-42582.91015625,-59.41093826293945,44437.234375,9317.1904296875
57112.508109032,52563.9921875,51945.765625,-8055.36767578125,10902.64453125,-42625.24609375,-116.18436431884766,44365.44140625,9239.8310546875
57112.512053691,52629.0390625,52008.484375,-7971.3251953125,10965.720703125,-42562.078125,-80.42157745361328,44424.0234375,9295.77734375
57112.515060778,52731.36328125,52102.33984375,-7853.576171875,11054.4794921875,-42459.62109375,5.185604572296143,44527.1796875,9399.0869140625
57112.520016672,52762.69921875,52132.8515625,-7827.60302734375,11077.033203125,-42429.78125,46.513980865478516,44561.17578125,9436.548828125
57112.524058334,52642.671875,52008.6875,-7971.8388671875,10955.5068359375,-42553.38671875,-42.84829330444336,44445.52734375,9325.572265625
57112.528059517,52548.5703125,51912.44140625,-8079.462890625,10857.1591796875,-42658.73046875,-137.70909118652344,44346.6640625,9224.8779296875
57112.532085862,52618.578125,51982.4921875,-7987.37353515625,10932.2607421875,-42579.8046875,-83.7296371459961,44422.70703125,9295.1513671875
57112.536077928,52733.44140625,52102.83203125,-7848.7255859375,11057.67578125,-42450.703125,21.63648796081543,44539.3359375,9412.54296875
57112.540022223,52760.4453125,52129.56640625,-7827.42431640625,11078.060546875,-42426.8984375,52.481895446777344,44563.5234375,9440.9072265625
57112.545002915,52653.40234375,52021.7421875,-7961.1103515625,10967.53125,-42543.55078125,-33.61702346801758,44461.33203125,9335.072265625
57112.548019848,52563.4140625,51930.1875,-8058.2509765625,10882.70703125,-42636.33203125,-118.26307678222656,44370.58203125,9241.150390625
57112.553047948,52629.3046875,51995.43359375,-7970.56494140625,10951.37109375,-42565.5234375,-73.24666595458984,44438.0390625,9304.115234375
57112.55702725,52734.203125,52098.47265625,-7847.33984375,11052.3564453125,-42453.359375,19.87070083618164,44548.01171875,9412.095703125
57112.562123544,52757.3359375,52125.05078125,-7829.07861328125,11071.466796875,-42430.80859375,50.60435104370117,44571.79296875,9441.578125
57112.565204659,52648.34765625,52018.92578125,-7965.513671875,10960.7138671875,-42548.9140625,-33.23704528808594,44460.94921875,9335.384765625
57112.568200806,52558.6953125,51926.8359375,-8064.46484375,10872.3359375,-42643.4609375,-117.6372299194336,44370.8515625,9241.8427734375
57112.572025852,52617.59375,51985.5546875,-7982.54541015625,10943.50390625,-42570.84375,-77.00176239013672,44429.90234375,9297.5654296875
57112.575134317,52725.484375,52091.58984375,-7860.5048828125,11046.9921875,-42460.69140625,11.533499717712402,44534.5078125,9404.7421875
57112.580065779,52757.78515625,52122.79296875,-7837.1923828125,11067.48828125,-42434.98828125,47.2515869140625,44563.69921875,9440.4599609375
57112.584260238,52643.6328125,52007.94921875,-7979.55029296875,10948.3759765625,-42560.046875,-44.122344970703125,44447.5390625,9328.6796875
57112.588237718,52556.08203125,51921.828125,-8069.0693359375,10872.6708984375,-42642.63671875,-119.9618148803711,44366.22265625,9243.5859375
57112.59226771,52619.31640625,51981.91015625,-7981.4951171875,10943.369140625,-42567.2421875,-74.5877685546875,44432.4296875,9306.88671875
57112.59481458,52728.75,52098.20703125,-7852.9501953125,11054.14453125,-42454.3671875,15.959145545959473,44537.1484375,9413.5712890625
57112.599188823,52756.10546875,52124.8046875,-7830.1064453125,11073.6357421875,-42429.35546875,50.492591857910156,44556.703125,9440.482421875
57112.603230849,52645.64453125,52014.67578125,-7962.60791015625,10962.837890625,-42545.40625,-34.35462951660156,44451.67578125,9329.3056640625
57112.608080624,52566.02734375,51938.4375,-8053.98193359375,10887.6689453125,-42635.55078125,-121.10175323486328,44363.33984375,9234.712890625
57112.611733545,52624.859375,51988.34765625,-7977.8291015625,10944.1962890625,-42569.43359375,-78.9910659790039,44426.4375,9294.5478515625
57112.616146808,52730.0234375,52096.28515625,-7854.20166015625,11049.2275390625,-42460.55859375,8.426608085632324,44531.58203125,9401.0771484375
57112.619742111,52759.078125,52130.81640625,-7825.65869140625,11075.9375,-42428.39453125,50.179664611816406,44566.203125,9437.443359375
57112.624233778,52649.7578125,52017.515625,-7960.99853515625,10960.0888671875,-42542.0078125,-25.4362850189209,44466.76171875,9342.2021484375
57112.628192294,52560.44140625,51922.9921875,-8062.5869140625,10872.5146484375,-42634.74609375,-108.0259780883789,44380.3515625,9253.5771484375
57112.633131049,52618.59765625,51979.7421875,-7985.0712890625,10937.6923828125,-42569.703125,-72.01731872558594,44437.63671875,9306.4619140625
57112.637182922,52726.9609375,52092.7734375,-7857.44287109375,11049.451171875,-42455.3046875,16.33912467956543,44540.8125,9410.263671875
57112.641220572,52756.7109375,52127.2421875,-7830.3076171875,11076.9658203125,-42424.6171875,53.19715118408203,44568.39453125,9442.4501953125
57112.645249105,52651.27734375,52019.57421875,-7962.853515625,10967.93359375,-42538.07421875,-28.47612190246582,44460.0546875,9336.6142578125
57112.649103325,52561.98046875,51926.9921875,-8063.54833984375,10876.7607421875,-42635.328125,-117.01138305664062,44367.33984375,9239.4287109375
57112.652186629,52613.078125,51974.2421875,-7993.52001953125,10924.9287109375,-42580.609375,-85.69658660888672,44422.66015625,9291.8212890625
57112.655170011,52718.84765625,52077.6875,-7867.970703125,11028.373046875,-42469.07421875,5.498528957366943,44528.49609375,9400.7412109375
57112.659205838,52762.8125,52132.5625,-7819.1767578125,11082.7998046875,-42415.36328125,58.941551208496094,44568.55078125,9446.31640625
57112.664145323,52654.02734375,52021.91796875,-7955.63427734375,10968.6943359375,-42533.06640625,-24.408105850219727,44469.53125,9342.8955078125
57112.668196466,52553.6015625,51912.46484375,-8065.4033203125,10863.4169921875,-42638.2109375,-117.95015716552734,44371.54296875,9244.6591796875
57112.672263655,52627.83203125,51986.60546875,-7969.044921875,10943.0791015625,-42558.28125,-67.18934631347656,44440.38671875,9311.021484375
57112.676320632,52729.57421875,52084.90625,-7848.1220703125,11038.38671875,-42456.4453125,16.227367401123047,44541.1484375,9413.1689453125
57112.679285417,52759.03515625,52127.0390625,-7817.47802734375,11074.3056640625,-42425.15234375,48.01154708862305,44563.90234375,9439.3203125
57112.683248674,52660.12890625,52039.15234375,-7940.39013671875,10989.861328125,-42520.70703125,-20.675363540649414,44463.38671875,9338.8046875
57112.687227977,52573.2265625,51945.36328125,-8037.97802734375,10900.4765625,-42610.89453125,-96.80540466308594,44382.83203125,9255.0302734375
57112.691233536,52625.86328125,51993.84375,-7963.5244140625,10950.96875,-42554.45703125,-63.70247268676758,44441.1015625,9310.1943359375
57112.696153693,52725.39453125,52086.58203125,-7843.9423828125,11042.365234375,-42448.3984375,27.40323829650879,44551.36328125,9422.2666015625
57112.700171286,52761.13671875,52122.14453125,-7817.81298828125,11067.17578125,-42420.32421875,64.03775024414062,44580.80078125,9454.005859375
57112.704179398,52659.16796875,52022.96875,-7952.21435546875,10965.85546875,-42533.89453125,-21.301212310791016,44464.75,9338.291015625
57112.707150382,52581.3828125,51953.92578125,-8038.2685546875,10907.517578125,-42611.8359375,-98.68295288085938,44376.83984375,9243.8095703125
57112.712206561,52639.90234375,52008.640625,-7960.88671875,10962.546875,-42551.84375,-62.24960708618164,44434.6875,9302.4609375
57112.717049043,52737.0625,52110.54296875,-7839.6953125,11062.75,-42442.69921875,24.899843215942383,44537.99609375,9407.71484375
57112.721226727,52773.5625,52149.9296875,-7803.955078125,11098.892578125,-42403.58203125,68.4410400390625,44583.48046875,9450.228515625
57112.725247603,52663.68359375,52035.91015625,-7941.7314453125,10980.763671875,-42523.94921875,-16.227367401123047,44474.16015625,9346.6953125
57112.728384513,52565.2890625,51929.29296875,-8052.37255859375,10876.9404296875,-42628.26171875,-106.52841186523438,44378.91796875,9249.576171875
57112.734192646,52626.53515625,51989.95703125,-7972.107421875,10941.5361328125,-42562.83984375,-70.27388763427734,44436.02734375,9305.5009765625
57112.736939357,52733.64453125,52098.8984375,-7845.21630859375,11050.3896484375,-42449.984375,16.96497344970703,44539.49609375,9411.0458984375
57112.740347583,52770.94921875,52136.58203125,-7812.69482421875,11080.8330078125,-42415.40625,57.734554290771484,44572.640625,9448.0595703125
57112.74339369,52669.0703125,52030.76953125,-7942.60302734375,10972.9853515625,-42527.5234375,-22.485855102539062,44466.76171875,9346.404296875
57112.747334702,52565.1796875,51929.671875,-8053.0205078125,10878.68359375,-42627.7734375,-114.6644515991211,44367.1171875,9238.802734375
57112.752348944,52629.26171875,51994.42578125,-7965.73681640625,10948.0185546875,-42554.94921875,-69.58097839355469,44434.3515625,9302.0810546875
57112.756371278,52730.58203125,52094.83203125,-7846.69140625,11048.0654296875,-42448.0859375,14.372171401977539,44536.20703125,9404.228515625
57112.76035678,52766.234375,52134.5703125,-7814.1474609375,11080.005859375,-42414.4921875,52.25837707519531,44566.8984375,9440.28125
57112.763406898,52660.8203125,52021.31640625,-7948.59326171875,10961.3173828125,-42533.53515625,-29.59370994567871,44461.3984375,9342.3134765625
57112.767307796,52558.60546875,51906.67578125,-8061.0673828125,10851.458984375,-42640.69140625,-119.91710662841797,44368.61328125,9249.822265625
57112.770959259,52624.5,51986.3125,-7975.7060546875,10934.763671875,-42566.953125,-82.85791778564453,44423.66796875,9300.359375
57112.775433786,52747.5,52114.45703125,-7840.23193359375,11057.4970703125,-42444.21875,15.668572425842285,44535.91796875,9411.068359375
57112.780309818,52778.32421875,52136.6953125,-7819.958984375,11071.2216796875,-42421.30859375,50.58199691772461,44561.109375,9442.6953125
57112.78438357,52665.44921875,52022.8125,-7960.4619140625,10952.712890625,-42543.55078125,-35.494571685791016,44449.4375,9331.9423828125
57112.788381471,52574.92578125,51936.73828125,-8057.87109375,10876.5595703125,-42632.98046875,-120.34178924560547,44365.93359375,9242.5576171875
57112.792434438,52639.765625,52004.12890625,-7969.55908203125,10952.6005859375,-42558.83984375,-75.88417053222656,44429.76953125,9303.8466796875
57112.796439997,52741.5546875,52102.3203125,-7847.5185546875,11049.5400390625,-42452.33203125,11.399389266967773,44533.81640625,9406.6650390625
57112.800471812,52774.27734375,52137.74609375,-7816.1142578125,11078.7763671875,-42418.671875,51.36430740356445,44567.2109375,9442.2041015625
57112.805437189,52672.22265625,52031.53125,-7952.1025390625,10964.9384765625,-42536.8671875,-32.141807556152344,44460.0546875,9337.5302734375
57112.80843297,52568.84375,51921.94140625,-8064.8671875,10864.333984375,-42640.734375,-123.67220306396484,44362.8046875,9236.8359375
57112.812978244,52630.17578125,51997.15234375,-7973.068359375,10947.5263671875,-42562.99609375,-77.24762725830078,44429.3671875,9299.755859375
57112.817395154,52743.390625,52115.39453125,-7839.27099609375,11066.3037109375,-42438.07421875,23.558738708496094,44545.73046875,9413.59375
57112.822115835,52772.3359375,52144.00390625,-7810.88427734375,11090.5556640625,-42407.09375,61.936683654785156,44579.19140625,9450.18359375
57112.825463525,52668.0625,52036.71484375,-7943.94384765625,10977.9248046875,-42522.83203125,-18.484891891479492,44474.13671875,9350.271484375
57112.828531147,52570.6328125,51933.4296875,-8053.15478515625,10878.638671875,-42623.6796875,-105.54493713378906,44380.484375,9256.1923828125
57112.831457642,52621.9296875,51978.265625,-7980.9140625,10928.505859375,-42566.6171875,-73.5595932006836,44434.3515625,9308.294921875
57112.835466118,52730.8046875,52087.34375,-7852.5478515625,11037.6494140625,-42453.29296875,15.176834106445312,44534.12890625,9411.224609375
57112.840420189,52769.921875,52136.42578125,-7813.1416015625,11085.83984375,-42407.60546875,59.5226936340332,44575.45703125,9445.7802734375
57112.844399857,52668.01953125,52035.98046875,-7943.22900390625,10981.5908203125,-42519.25390625,-17.814340591430664,44474.8984375,9344.90625
57112.84746128,52568.8203125,51925.5390625,-8060.28515625,10871.53125,-42631.3046875,-115.58087158203125,44370.87109375,9240.009765625
57112.851440582,52619.71875,51966.375,-7988.33447265625,10923.833984375,-42568.203125,-78.45462036132812,44429.30078125,9296.4033203125
57112.855416238,52733.64453125,52090.25,-7853.12890625,11049.00390625,-42445.89453125,16.741456985473633,44540.0078125,9409.369140625
57112.859465558,52778.63671875,52143.22265625,-7818.61767578125,11081.2353515625,-42414.4921875,54.11357498168945,44572.53125,9449.9599609375
57112.86354551,52673.40625,52033.1640625,-7951.20849609375,10969.5205078125,-42526.6953125,-23.17875862121582,44467.25390625,9344.5263671875
57112.8684292,52575.5703125,51935.08203125,-8058.56396484375,10881.1201171875,-42624.9765625,-111.0211181640625,44370.24609375,9240.9267578125
57112.872452263,52635.07421875,51992.68359375,-7980.53369140625,10943.8837890625,-42561.2734375,-75.05715942382812,44430.26171875,9299.4208984375
