#57090.872224343,52408.3828125,51818.33984375,-8305.55078125,10710.978515625,-43286.34375,-381.365478515625,44216.9375,9105.4521484375
57090.876279133,52487.21484375,51892.90625,-8206.0849609375,10785.8564453125,-43203.015625,-322.893310546875,44299.99609375,9188.66796875
57090.881106298,52594.4609375,52002.2265625,-8084.55908203125,10889.45703125,-43093.203125,-228.77011108398438,44408.6484375,9300.9853515625
57090.885110399,52573.8046875,51978.17578125,-8121.32763671875,10858.8798828125,-43120.3828125,-233.7992401123047,44389.58203125,9287.57421875
57090.88908022,52449.30859375,51853.1640625,-8270.837890625,10736.7275390625,-43249.8671875,-333.4656677246094,44263.671875,9161.890625
57090.893111671,52411.7578125,51821.24609375,-8309.529296875,10704.6083984375,-43295.796875,-389.8367614746094,44208.6875,9110.951171875
57090.898047873,52496.22265625,51901.19921875,-8199.6484375,10790.9755859375,-43199.21484375,-317.28302001953125,44307.1015625,9201.9453125
57090.902036657,52579.28125,51984.63671875,-8100.205078125,10873.4306640625,-43108.265625,-240.21420288085938,44403.26171875,9297.119140625
57090.905964906,52579.05859375,51997.66796875,-8110.0400390625,10884.9423828125,-43101.515625,-221.46109008789062,44399.39453125,9292.4921875
57090.910058715,52469.08984375,51883.91796875,-8247.5029296875,10767.6396484375,-43223.6015625,-313.9526062011719,44281.3984375,9171.0322265625
57090.913279135,52414.90625,51821.2890625,-8295.4921875,10709.5478515625,-43277.3125,-368.91552734375,44233.6328125,9118.818359375
57090.918280249,52493.140625,51893.328125,-8193.8369140625,10784.4482421875,-43195.171875,-312.3432922363281,44314.76953125,9200.7607421875
57090.922216885,52589.36328125,51990.24609375,-8084.96142578125,10879.3984375,-43099.39453125,-235.87796020507812,44404.625,9296.6943359375
57090.925218502,52584.69140625,51992.03515625,-8107.6484375,10871.396484375,-43111.88671875,-232.1005096435547,44390.65234375,9286.970703125
57090.928323685,52458.1796875,51863.04296875,-8261.96484375,10741.9580078125,-43244.5,-329.0176696777344,44267.09375,9162.94140625
57090.932299341,52417.65625,51828.59765625,-8298.2861328125,10717.9521484375,-43281.203125,-377.90093994140625,44222.8359375,9116.2255859375
57090.937317595,52508.25,51927.23828125,-8186.08056640625,10817.5068359375,-43185.5390625,-313.796142578125,44308.37890625,9199.6650390625
57090.941254596,52599.53515625,52016.7578125,-8080.87109375,10904.96875,-43087.66015625,-229.35125732421875,44402.8359375,9294.81640625
57090.945342935,52576.66796875,51991.0078125,-8118.51123046875,10871.84375,-43115.6640625,-235.43092346191406,44379.74609375,9277.7392578125
57090.949378033,52461.19921875,51865.16796875,-8264.5126953125,10744.505859375,-43247.16015625,-334.985595703125,44266.71484375,9162.3828125
57090.952375638,52404.6484375,51807.20703125,-8318.0009765625,10694.7060546875,-43301.56640625,-395.4470520019531,44211.4140625,9104.40234375
57090.956341083,52490.859375,51898.5390625,-8204.296875,10792.3388671875,-43199.9765625,-323.0497741699219,44303.4609375,9194.3681640625
57090.95989846,52598.16796875,52008.6875,-8079.6416015625,10896.8330078125,-43089.26953125,-226.33377075195312,44414.2578125,9306.3271484375
57090.965414491,52597.1640625,52008.328125,-8095.33251953125,10887.19921875,-43097.6953125,-215.94020080566406,44409.296875,9304.71875
57090.969305179,52465.6015625,51877.28125,-8253.671875,10760.4423828125,-43231.6484375,-322.490966796875,44277.3984375,9171.2783203125
57090.973339547,52406.50390625,51819.5703125,-8310.9599609375,10710.642578125,-43287.21484375,-383.4665222167969,44219.953125,9104.9384765625
57090.97737975,52487.1484375,51896.03515625,-8206.80078125,10789.2314453125,-43201.05078125,-325.2625732421875,44298.56640625,9180.7109375
57090.981380568,52599.64453125,52008.015625,-8074.6572265625,10900.23046875,-43080.83984375,-222.3998565673828,44413.16015625,9302.37109375
57090.98627848,52583.015625,51993.0859375,-8104.54150390625,10877.9462890625,-43102.5,-225.8643798828125,44393.40234375,9288.78125
57090.990375936,52453.62109375,51867.2890625,-8261.71875,10743.90234375,-43244.3671875,-336.0808410644531,44255.89453125,9154.380859375
57090.994377849,52394.92578125,51798.69140625,-8317.173828125,10685.2294921875,-43303.80078125,-397.7492980957031,44200.55078125,9101.2275390625
57090.998255773,52491.88671875,51884.14453125,-8205.548828125,10773.09375,-43209.65625,-327.87774658203125,44304.375,9195.7314453125
57091.001079064,52594.97265625,51992.63671875,-8087.173828125,10883.1982421875,-43093.40234375,-230.35707092285156,44411.88671875,9301.455078125
57091.0073073,52588.71484375,52000.55078125,-8102.4404296875,10888.2724609375,-43094.765625,-222.15399169921875,44401.203125,9294.458984375
57091.010362159,52448.99609375,51856.25,-8268.2451171875,10740.03515625,-43242.7578125,-330.0682067871094,44271.7421875,9165.1767578125
57091.013398055,52394.90234375,51800.32421875,-8321.197265625,10690.146484375,-43296.6015625,-387.6015930175781,44220.4453125,9111.4873046875
57091.016408059,52495.7109375,51907.8125,-8196.4296875,10803.40234375,-43185.6484375,-308.61053466796875,44319.3984375,9206.52734375
57091.020425652,52589.20703125,52000.1953125,-8087.62109375,10890.5302734375,-43089.42578125,-225.439697265625,44414.0546875,9301.6337890625
57091.024924613,52577.80859375,51998.94140625,-8107.33544921875,10883.623046875,-43100.78125,-224.36680603027344,44398.0078125,9290.4130859375
57091.029391847,52456.01171875,51877.5703125,-8258.4775390625,10760.6884765625,-43232.67578125,-326.93896484375,44271.16015625,9164.9306640625
57091.033434602,52405.2734375,51819.859375,-8310.5576171875,10709.7490234375,-43285.6953125,-381.164306640625,44221.09375,9109.54296875
57091.036441689,52490.34375,51901.46484375,-8202.978515625,10794.3505859375,-43195.05859375,-319.54052734375,44304.30859375,9192.5576171875
57091.040367385,52592.4921875,52001.17578125,-8086.27978515625,10889.6357421875,-43091.94921875,-230.80410766601562,44402.87890625,9299.5107421875
57091.044375861,52587.53125,51996.19140625,-8106.88818359375,10880.60546875,-43102.390625,-226.087890625,44392.95703125,9294.0791015625
57091.048451437,52442.17578125,51853.20703125,-8271.21875,10739.0966796875,-43249.30859375,-342.49578857421875,44260.5,9152.927734375
57091.05332054,52392.82421875,51802.15625,-8316.234375,10693.0302734375,-43297.67578125,-392.7648620605469,44216.48828125,9104.8486328125
57091.057339227,52490.30078125,51899.87890625,-8198.1953125,10795.1328125,-43193.49609375,-318.80291748046875,44311.41796875,9198.4580078125
57091.061484091,52584.3359375,51996.328125,-8086.54833984375,10889.859375,-43089.8046875,-230.98292541503906,44412.4921875,9302.416015625
57091.064451429,52578.76953125,51989.64453125,-8104.384765625,10879.0185546875,-43097.5390625,-221.25991821289062,44406.8359375,9300.806640625
57091.070418559,52461.35546875,51874.01953125,-8255.7734375,10756.1513671875,-43232.7890625,-325.8660888671875,44276.30078125,9174.51953125
57091.074410625,52405.296875,51814.16015625,-8313.4404296875,10697.2763671875,-43294.81640625,-390.7308349609375,44216.109375,9112.42578125
57091.078468697,52484.890625,51883.96484375,-8209.662109375,10770.0087890625,-43207.734375,-327.2071838378906,44305.16015625,9200.08984375
57091.082438519,52582.48046875,51986.0,-8095.33251953125,10872.9833984375,-43098.23046875,-235.9673614501953,44408.53515625,9299.0859375
57091.086486015,52579.41796875,51992.4609375,-8109.212890625,10878.83984375,-43100.3984375,-228.94891357421875,44397.3828125,9292.8046875
57091.090497773,52462.62890625,51880.8359375,-8251.861328125,10766.6337890625,-43225.50390625,-327.05072021484375,44270.84765625,9170.00390625
57091.094350535,52406.2578125,51818.05078125,-8310.0205078125,10704.294921875,-43287.68359375,-385.6346435546875,44216.80078125,9109.9677734375
57091.097483069,52496.37890625,51904.08203125,-8195.1552734375,10796.0712890625,-43188.84375,-314.8690185546875,44304.33203125,9197.2509765625
57091.100461711,52596.8046875,52007.48046875,-8076.37841796875,10900.119140625,-43079.65625,-226.24435424804688,44405.8515625,9297.4990234375
57091.104184284,52582.703125,51995.43359375,-8100.69677734375,10882.2822265625,-43097.42578125,-227.71957397460938,44399.1484375,9288.71484375
57091.108336806,52456.48046875,51868.8984375,-8257.2705078125,10752.8203125,-43237.28125,-337.8913269042969,44264.96875,9159.5439453125
57091.113477955,52401.18359375,51801.59765625,-8322.1357421875,10684.759765625,-43304.40234375,-404.9465637207031,44205.8515625,9101.49609375
57091.117018557,52481.1796875,51885.84375,-8215.65234375,10773.3173828125,-43213.453125,-342.5851745605469,44289.1328125,9178.185546875
57091.120029655,52576.17578125,51983.09375,-8099.646484375,10870.9501953125,-43104.2421875,-248.77491760253906,44393.94140625,9283.037109375
57091.124496159,52581.09375,51988.19140625,-8111.6044921875,10870.79296875,-43106.6796875,-238.3590087890625,44386.7421875,9285.7861328125
57091.128560431,52456.953125,51870.5546875,-8261.361328125,10750.3173828125,-43238.15234375,-340.81939697265625,44257.63671875,9158.158203125
57091.132543745,52401.40625,51813.0859375,-8314.0888671875,10704.7421875,-43287.37109375,-391.9154968261719,44208.2421875,9104.46875
57091.136563891,52488.9140625,51893.77734375,-8207.5380859375,10786.1923828125,-43198.1640625,-327.4977722167969,44295.75,9189.673828125
57091.141466543,52592.625,51997.578125,-8088.33642578125,10886.1484375,-43090.96875,-235.9673614501953,44399.125,9288.826171875
57091.145477572,52578.23046875,51980.16796875,-8114.55517578125,10866.255859375,-43106.43359375,-232.7710723876953,44386.2734375,9276.599609375
57091.149558983,52440.72265625,51843.53125,-8273.744140625,10735.0732421875,-43241.171875,-336.4384460449219,44251.22265625,9149.3515625
57091.152584304,52389.203125,51793.015625,-8329.7578125,10680.423828125,-43302.01171875,-398.88922119140625,44202.00390625,9093.4052734375
57091.158482876,52483.23828125,51882.84765625,-8222.357421875,10758.7666015625,-43219.35546875,-339.76885986328125,44295.01171875,9185.13671875
57091.161555239,52576.0625,51978.9375,-8106.4638671875,10862.2998046875,-43110.99609375,-253.17820739746094,44394.1171875,9287.8876953125
57091.166550518,52579.4375,51988.32421875,-8114.06298828125,10876.8955078125,-43104.0859375,-243.3210906982422,44383.5,9282.1875
57091.170542949,52469.71484375,51879.3828125,-8252.5771484375,10766.3212890625,-43221.2109375,-328.7718200683594,44269.5078125,9168.775390625
57091.1736175,52404.2890625,51811.07421875,-8318.2021484375,10700.4501953125,-43288.04296875,-393.8600769042969,44208.28515625,9102.2119140625
57091.17750527,52489.921875,51886.9140625,-8218.78125,10774.345703125,-43206.79296875,-338.71832275390625,44288.26171875,9178.3642578125
57091.180530226,52585.1171875,51987.23046875,-8101.3896484375,10876.8505859375,-43099.90625,-253.04409790039062,44385.71484375,9276.6669921875
57091.184566782,52576.0625,51989.10546875,-8113.3701171875,10876.314453125,-43102.8359375,-241.6223602294922,44379.43359375,9273.4033203125
57091.188587292,52446.9375,51859.1328125,-8267.91015625,10741.9130859375,-43237.23828125,-339.76885986328125,44257.55078125,9152.6142578125
57091.192609262,52394.5,51794.40234375,-8330.96484375,10679.0595703125,-43304.0234375,-407.449951171875,44192.484375,9088.4423828125
57091.197540723,52491.640625,51883.76171875,-8212.4560546875,10774.8369140625,-43200.6484375,-331.27520751953125,44288.28125,9181.1357421875
57091.201593325,52592.08984375,51999.30078125,-8085.94482421875,10891.3564453125,-43083.43359375,-235.38621520996094,44404.890625,9290.681640625
57091.204464024,52588.984375,51995.74609375,-8102.10498046875,10878.28125,-43096.15234375,-230.2453155517578,44399.68359375,9290.837890625
57091.209555213,52464.7734375,51884.61328125,-8252.30859375,10766.052734375,-43225.94921875,-335.6337890625,44265.91015625,9160.1025390625
57091.214493968,52413.0078125,51834.3671875,-8301.8173828125,10724.568359375,-43270.2265625,-380.87371826171875,44219.73046875,9109.3642578125
57091.217501419,52498.8828125,51910.18359375,-8194.619140625,10803.8046875,-43180.7109375,-312.94677734375,44311.68359375,9197.787109375
57091.22060332,52601.12109375,52012.375,-8073.47265625,10907.3603515625,-43070.5390625,-223.65155029296875,44412.78125,9296.828125
57091.225462577,52595.0625,52013.984375,-8086.8388671875,10904.3212890625,-43077.19921875,-217.75070190429688,44403.4375,9289.138671875
57091.229511532,52470.2265625,51889.70703125,-8236.953125,10773.5859375,-43214.03515625,-321.6863098144531,44276.4140625,9163.2763671875
57091.233470048,52401.8984375,51809.69140625,-8310.69140625,10700.9873046875,-43285.80859375,-395.1788330078125,44206.69921875,9092.376953125
57091.237130992,52484.421875,51885.39453125,-8204.0732421875,10782.5712890625,-43195.41796875,-327.9224548339844,44294.02734375,9180.7998046875
57091.241520186,52592.37890625,51998.11328125,-8080.53564453125,10885.478515625,-43088.59765625,-236.034423828125,44403.484375,9291.9326171875
57091.246467329,52591.734375,51998.515625,-8092.71728515625,10879.130859375,-43094.54296875,-229.53005981445312,44405.16015625,9297.0966796875
57091.249512706,52457.9140625,51864.7421875,-8248.017578125,10752.7314453125,-43224.7421875,-329.6211853027344,44274.84765625,9165.35546875
57091.253450436,52398.92578125,51805.265625,-8306.4443359375,10700.5849609375,-43281.0703125,-388.0933532714844,44216.17578125,9100.8037109375
57091.258692599,52491.8203125,51891.69921875,-8198.4189453125,10788.13671875,-43190.34375,-326.5813293457031,44298.98828125,9180.2861328125
57091.26172193,52597.96875,52003.2109375,-8077.29443359375,10895.201171875,-43082.33984375,-238.62722778320312,44399.75,9283.3056640625
57091.265679353,52588.7578125,52001.8046875,-8097.0537109375,10884.0703125,-43092.6875,-234.11216735839844,44389.2890625,9277.29296875
57091.268686075,52467.8359375,51876.7890625,-8244.1279296875,10760.8671875,-43217.72265625,-326.3801574707031,44271.9453125,9163.0751953125
57091.272233606,52401.33984375,51800.50390625,-8313.8203125,10689.23046875,-43287.86328125,-392.0272521972656,44211.28125,9101.4287109375
57091.276585968,52493.54296875,51891.87890625,-8200.05078125,10778.2119140625,-43195.953125,-325.8437194824219,44301.359375,9187.416015625
57091.280557248,52593.609375,51990.0234375,-8085.005859375,10878.794921875,-43087.27734375,-237.37551879882812,44399.68359375,9284.6015625
57091.285501838,52607.53515625,52019.1015625,-8081.98828125,10908.8359375,-43071.453125,-216.99073791503906,44399.08203125,9286.658203125
57091.289570485,52493.36328125,51912.015625,-8223.67578125,10799.759765625,-43196.3984375,-314.4667053222656,44269.70703125,9163.8125
57091.292577936,52423.06640625,51832.7109375,-8298.30859375,10724.43359375,-43270.47265625,-384.87469482421875,44213.5625,9099.5068359375
57091.29650035,52497.96875,51903.41015625,-8204.341796875,10796.18359375,-43193.29296875,-332.7951354980469,44292.86328125,9178.8330078125
57091.300504086,52598.1015625,52005.66796875,-8083.8662109375,10895.6484375,-43083.94921875,-240.32595825195312,44398.87890625,9284.9814453125
57091.304248175,52587.7109375,51991.58984375,-8106.50830078125,10874.6376953125,-43098.27734375,-235.45327758789062,44392.64453125,9280.5341796875
57091.308507181,52449.6875,51843.73046875,-8274.75,10724.76953125,-43247.47265625,-348.4860534667969,44258.80078125,9149.6416015625
57091.313192854,52408.5390625,51805.77734375,-8322.2919921875,10689.7216796875,-43293.67578125,-399.4033203125,44209.46875,9098.61328125
57091.318773432,52490.97265625,51895.5859375,-8211.494140625,10783.62109375,-43201.02734375,-335.3655700683594,44294.1171875,9181.8955078125
57091.322660837,52592.44921875,52003.078125,-8084.6484375,10891.2451171875,-43085.15625,-242.65054321289062,44400.69140625,9291.1728515625
57091.325786078,52595.6875,52001.6015625,-8097.07568359375,10883.66796875,-43087.63671875,-229.5971221923828,44400.04296875,9300.158203125
57091.330685448,52474.02734375,51886.48828125,-8248.2626953125,10766.6337890625,-43218.03515625,-330.8281555175781,44271.609375,9170.8310546875
57091.333780421,52408.3125,51815.72265625,-8318.3134765625,10701.5234375,-43286.9921875,-398.7774658203125,44206.1640625,9098.7021484375
57091.338723917,52486.8359375,51885.8203125,-8222.24609375,10770.9482421875,-43211.109375,-349.5365905761719,44276.859375,9171.9931640625
57091.342861122,52576.2421875,51972.58984375,-8117.12548828125,10854.4765625,-43117.90234375,-272.7583312988281,44367.2734375,9266.1611328125
57091.345317554,52579.39453125,51980.234375,-8123.5849609375,10853.359375,-43116.8046875,-255.07810974121094,44380.796875,9276.2646484375
57091.348753131,52465.15625,51868.96484375,-8266.3681640625,10735.1630859375,-43240.140625,-344.9097595214844,44266.37890625,9164.86328125
57091.352678097,52394.63671875,51796.12109375,-8337.0888671875,10675.953125,-43302.3046875,-410.95916748046875,44199.8828125,9095.4169921875
57091.356645001,52468.12890625,51866.55078125,-8240.8642578125,10754.9892578125,-43220.47265625,-359.6172180175781,44271.609375,9163.791015625
57091.360688851,52579.68359375,51978.17578125,-8112.90087890625,10862.12109375,-43106.390625,-262.7671203613281,44383.0546875,9280.9140625
57091.364693316,52585.5859375,51988.30078125,-8116.052734375,10867.552734375,-43102.8359375,-247.25498962402344,44384.93359375,9289.51953125
57091.36959998,52455.96875,51864.0703125,-8270.123046875,10742.7626953125,-43238.8671875,-352.3976135253906,44252.69921875,9158.626953125
57091.372611078,52389.31640625,51794.87109375,-8338.4072265625,10680.4013671875,-43304.94140625,-416.2789001464844,44190.65234375,9093.494140625
57091.376645811,52476.734375,51879.71875,-8230.44921875,10769.875,-43212.203125,-351.078857421875,44278.8515625,9176.84375
57091.38075129,52576.375,51971.42578125,-8113.70556640625,10862.6796875,-43107.59765625,-260.93426513671875,44384.328125,9280.1318359375
57091.38480608,52570.56640625,51977.7734375,-8116.6337890625,10865.40625,-43104.64453125,-243.3210906982422,44386.25,9281.6513671875
57091.388855764,52466.8984375,51887.09375,-8245.2451171875,10767.6396484375,-43214.66015625,-322.9603576660156,44271.02734375,9161.2646484375
57091.392893779,52408.9609375,51821.0,-8308.412109375,10705.435546875,-43278.296875,-386.1934509277344,44219.70703125,9101.18359375
57091.397839098,52485.5390625,51894.515625,-8207.4931640625,10783.15234375,-43195.03515625,-331.833984375,44301.55859375,9182.767578125
57091.401846845,52581.31640625,51989.890625,-8094.169921875,10876.9404296875,-43094.921875,-249.64663696289062,44398.34375,9284.4677734375
57091.405839276,52584.35546875,51995.03125,-8102.216796875,10878.638671875,-43092.75390625,-236.7943878173828,44398.41015625,9290.2568359375
57091.409814567,52473.984375,51879.96484375,-8241.177734375,10763.2138671875,-43208.203125,-317.52886962890625,44290.921875,9180.8896484375
57091.413839454,52412.58203125,51817.1328125,-8307.0703125,10706.8212890625,-43270.51953125,-379.3314514160156,44229.49609375,9114.1474609375
57091.417378962,52483.08203125,51887.51953125,-8216.9033203125,10775.6865234375,-43198.30078125,-333.1304016113281,44299.34765625,9184.533203125
57091.421662401,52583.44140625,51987.54296875,-8099.08740234375,10874.9287109375,-43091.390625,-247.1432342529297,44398.34375,9284.6689453125
57091.426778752,52604.80859375,52014.72265625,-8081.384765625,10903.60546875,-43065.75390625,-211.91688537597656,44418.4609375,9305.322265625
57091.430777747,52474.4296875,51887.4296875,-8234.4716796875,10774.1669921875,-43201.65234375,-313.6396789550781,44290.7421875,9179.3701171875
57091.433906999,52407.30859375,51815.546875,-8303.337890625,10705.94921875,-43272.46484375,-380.62786865234375,44226.01171875,9111.822265625
57091.437837071,52482.296875,51886.265625,-8207.158203125,10781.8779296875,-43190.43359375,-325.3966979980469,44299.16796875,9187.05859375
57091.440854003,52597.609375,51999.859375,-8083.4638671875,10890.5302734375,-43077.30859375,-235.49798583984375,44409.2734375,9289.3623046875
57091.444860656,52594.48046875,52004.41796875,-8095.623046875,10886.7080078125,-43081.625,-228.0771942138672,44405.94140625,9291.28515625
57091.448868404,52480.0625,51894.42578125,-8238.0927734375,10771.9990234375,-43206.703125,-323.6085510253906,44283.03125,9172.2392578125
57091.452895114,52411.33203125,51820.23828125,-8310.4013671875,10704.4736328125,-43277.26953125,-392.09429931640625,44215.796875,9099.328125
57091.457858666,52485.44921875,51884.79296875,-8217.6416015625,10770.0986328125,-43202.92578125,-342.3393249511719,44291.09765625,9175.5478515625
57091.46091389,52578.3203125,51975.0703125,-8106.84375,10858.6337890625,-43102.546875,-255.79336547851562,44392.44140625,9276.353515625
57091.464818435,52580.53515625,51984.27734375,-8108.29638671875,10866.7255859375,-43095.32421875,-236.9731903076172,44396.578125,9284.7802734375
57091.468860461,52472.46484375,51874.2421875,-8248.28515625,10755.9501953125,-43214.4375,-327.6095275878906,44278.984375,9172.9990234375
57091.472830647,52401.69921875,51796.9921875,-8322.26953125,10685.4521484375,-43284.109375,-393.2118835449219,44214.1875,9104.5361328125
57091.476921175,52473.24609375,51873.05859375,-8222.916015625,10770.5458984375,-43196.22265625,-336.1925964355469,44290.1171875,9174.5419921875
57091.480884796,52593.96875,51999.74609375,-8094.662109375,10887.3779296875,-43080.37109375,-243.43284606933594,44395.234375,9279.9970703125
57091.485894662,52603.9140625,52008.95703125,-8096.8525390625,10886.283203125,-43078.5859375,-226.5796356201172,44397.359375,9290.5029296875
57091.489893293,52476.64453125,51875.046875,-8252.15234375,10747.232421875,-43220.13671875,-331.6551818847656,44279.9453125,9171.5244140625
57091.493896664,52401.51953125,51801.12890625,-8329.400390625,10682.4794921875,-43292.22265625,-405.66180419921875,44206.98828125,9098.4560546875
57091.497932126,52478.87890625,51873.6171875,-8233.82421875,10760.197265625,-43208.8515625,-349.3354187011719,44281.66796875,9168.8642578125
57091.502837696,52579.640625,51972.25390625,-8117.34912109375,10854.5654296875,-43105.83203125,-263.77294921875,44383.09765625,9270.900390625
57091.506892486,52597.09765625,52003.76953125,-8100.1826171875,10887.1103515625,-43079.27734375,-231.78758239746094,44400.01953125,9287.2841796875
57091.510834592,52472.57421875,51882.87109375,-8243.234375,10769.517578125,-43202.50390625,-323.8320617675781,44281.64453125,9168.0595703125
57091.514849268,52399.796875,51802.78125,-8318.5595703125,10693.119140625,-43278.453125,-391.4908142089844,44217.80859375,9100.9375
57091.518086098,52473.55859375,51875.0703125,-8223.2294921875,10764.2421875,-43202.6796875,-340.7523498535156,44293.51171875,9178.69921875
57091.521926825,52577.359375,51979.83203125,-8102.373046875,10872.3798828125,-43092.64453125,-255.1004638671875,44390.65234375,9280.109375
57091.524921878,52604.1171875,52006.65234375,-8092.94091796875,10886.841796875,-43081.421875,-232.39108276367188,44401.046875,9293.609375
57091.52899089,52479.3046875,51883.62890625,-8241.4677734375,10760.509765625,-43210.4140625,-327.2071838378906,44280.55078125,9171.345703125
57091.532988791,52406.859375,51807.23046875,-8316.32421875,10692.3818359375,-43283.4609375,-399.2468566894531,44208.578125,9095.662109375
57091.537031546,52488.69140625,51887.78515625,-8213.349609375,10778.2568359375,-43194.8125,-339.7912292480469,44288.7734375,9173.7373046875
57091.541027988,52605.859375,52013.42578125,-8073.8076171875,10905.9521484375,-43064.3671875,-230.64764404296875,44404.6015625,9289.5859375
57091.544969365,52612.18359375,52024.109375,-8075.2607421875,10910.802734375,-43058.890625,-215.6272735595703,44415.21875,9299.0859375
57091.548962161,52490.8359375,51894.40234375,-8228.3701171875,10774.0771484375,-43195.171875,-317.08184814453125,44291.7265625,9175.4580078125
57091.553026432,52410.8828125,51800.90625,-8316.6142578125,10688.8056640625,-43279.4140625,-393.5248107910156,44215.8203125,9098.7021484375
57091.557022145,52490.0078125,51885.5078125,-8216.814453125,10776.2451171875,-43193.49609375,-338.2265930175781,44294.67578125,9177.3583984375
57091.560997436,52599.62109375,52005.6015625,-8090.4150390625,10888.6748046875,-43081.06640625,-250.3171844482422,44394.36328125,9275.080078125
57091.565083953,52608.09375,52014.87890625,-8087.73291015625,10893.14453125,-43073.0859375,-227.2278289794922,44406.25390625,9289.787109375
57091.569990616,52483.4375,51892.32421875,-8235.1875,10771.9765625,-43199.57421875,-319.5852355957031,44287.0546875,9172.3515625
57091.573066991,52408.5390625,51814.13671875,-8310.7587890625,10701.7021484375,-43269.66796875,-384.24884033203125,44221.5625,9102.591796875
57091.57805133,52485.3828125,51889.77734375,-8214.646484375,10774.009765625,-43192.1328125,-332.2810363769531,44296.640625,9176.1513671875
57091.582066006,52606.9765625,52010.609375,-8077.1826171875,10898.3525390625,-43065.75390625,-229.6865234375,44413.20703125,9295.0400390625
57091.58553185,52613.63671875,52019.2578125,-8080.49072265625,10902.755859375,-43061.84375,-213.3697509765625,44418.48046875,9305.9921875
57091.590569067,52483.83984375,51890.37890625,-8238.6513671875,10771.841796875,-43197.5625,-312.3656311035156,44286.71875,9178.8330078125
57091.593867891,52416.046875,51814.71875,-8313.75390625,10701.970703125,-43271.01171875,-382.7065734863281,44221.85546875,9105.8994140625
57091.598827068,52488.17578125,51881.34765625,-8222.9833984375,10770.27734375,-43198.48046875,-336.5055236816406,44299.14453125,9178.05078125
57091.601858588,52587.41796875,51982.109375,-8104.34033203125,10868.2900390625,-43093.42578125,-249.6689910888672,44401.0703125,9283.328125
57091.604879897,52593.140625,51991.34375,-8103.55810546875,10873.654296875,-43086.54296875,-231.2511444091797,44409.02734375,9294.50390625
57091.608815074,52471.16796875,51865.14453125,-8253.0908203125,10745.6904296875,-43217.74609375,-328.4588928222656,44288.3046875,9175.8154296875
57091.61296869,52403.484375,51801.93359375,-8324.8623046875,10691.5322265625,-43282.56640625,-396.005859375,44216.734375,9102.8154296875
57091.617042078,52484.6015625,51886.6484375,-8222.0888671875,10774.61328125,-43196.578125,-335.2314758300781,44298.453125,9182.3203125
57091.621036697,52591.6640625,51993.421875,-8097.34423828125,10877.4990234375,-43085.58203125,-242.42701721191406,44406.96875,9291.083984375
57091.625027304,52598.90625,51997.9375,-8099.31103515625,10880.44921875,-43076.81640625,-223.49508666992188,44413.8984375,9303.935546875
57091.628990561,52488.53515625,51892.2109375,-8236.908203125,10771.6181640625,-43197.13671875,-313.7514343261719,44295.63671875,9188.6904296875
57091.63299685,52429.1015625,51844.51171875,-8300.0078125,10728.14453125,-43256.52734375,-375.8892822265625,44230.9296875,9119.4443359375
57091.637022101,52497.40625,51902.875,-8208.3876953125,10793.5458984375,-43181.8046875,-324.9943542480469,44307.08203125,9189.271484375
57091.6408497,52604.3828125,52007.390625,-8084.33544921875,10896.453125,-43070.625,-232.59225463867188,44409.20703125,9294.0341796875
57091.645005869,52627.2265625,52035.28515625,-8072.4443359375,10910.1103515625,-43056.0546875,-205.27842712402344,44424.31640625,9314.0166015625
57091.649083633,52488.98046875,51885.7734375,-8240.9541015625,10755.5703125,-43209.69921875,-318.892333984375,44300.734375,9191.57421875
57091.653132588,52401.09375,51794.421875,-8329.9814453125,10673.78515625,-43297.05078125,-403.4266357421875,44217.98828125,9109.85546875
57091.65808046,52476.5078125,51884.14453125,-8222.1787109375,10778.63671875,-43200.37890625,-345.177978515625,44292.70703125,9178.6767578125
57091.662021472,52594.83984375,52000.23828125,-8087.73291015625,10890.5302734375,-43079.0546875,-242.6058349609375,44408.1328125,9292.3134765625
57091.665100764,52603.33203125,52010.1171875,-8085.94482421875,10894.1064453125,-43070.55859375,-220.96934509277344,44416.40234375,9301.7236328125
57091.670084374,52487.7734375,51892.0546875,-8232.8623046875,10774.412109375,-43196.66796875,-313.5279235839844,44300.28515625,9188.5791015625
57091.673105683,52408.203125,51804.28125,-8320.2578125,10689.587890625,-43284.53125,-395.3800048828125,44221.2265625,9106.771484375
57091.679052756,52488.9609375,51890.6015625,-8214.9365234375,10776.6923828125,-43197.47265625,-339.34417724609375,44299.66015625,9182.4091796875
57091.683102805,52609.58984375,52012.10546875,-8078.9931640625,10896.5869140625,-43072.52734375,-235.94500732421875,44414.76953125,9295.3525390625
57091.686096764,52619.76171875,52025.00390625,-8076.4453125,10903.29296875,-43062.625,-212.63214111328125,44426.4609375,9310.060546875
57091.689152352,52501.1640625,51902.60546875,-8224.9052734375,10781.185546875,-43188.109375,-306.71063232421875,44304.46484375,9191.73046875
57091.692180954,52419.8046875,51812.37109375,-8313.7314453125,10694.3935546875,-43276.0390625,-387.31103515625,44219.9765625,9109.5205078125
57091.697013225,52496.2890625,51888.97265625,-8211.5166015625,10780.1123046875,-43187.83984375,-329.0847473144531,44300.7109375,9186.142578125
57091.701143502,52611.515625,52010.36328125,-8078.8369140625,10894.4638671875,-43069.28515625,-231.27349853515625,44422.50390625,9300.091796875
57091.705164377,52619.42578125,52021.25,-8074.67919921875,10900.923828125,-43061.39453125,-213.88385009765625,44427.19921875,9310.8427734375
57091.709172124,52515.17578125,51917.8046875,-8204.9677734375,10798.7763671875,-43174.71875,-298.7981262207031,44313.18359375,9196.37890625
57091.71313684,52431.73828125,51824.6875,-8294.083984375,10714.0400390625,-43257.46484375,-374.30230712890625,44236.24609375,9116.29296875
57091.716167995,52494.27734375,51880.9921875,-8209.169921875,10774.5693359375,-43188.21875,-329.57647705078125,44305.47265625,9184.5107421875
57091.720193976,52602.41796875,52006.83203125,-8078.6357421875,10898.46484375,-43068.1015625,-237.2190704345703,44409.09375,9288.736328125
57091.724663763,52623.31640625,52037.67578125,-8065.29150390625,10919.966796875,-43050.3984375,-211.4698486328125,44423.375,9305.3662109375
57091.729117139,52507.80078125,51918.921875,-8206.4873046875,10802.7548828125,-43170.0703125,-296.6076354980469,44313.67578125,9198.5703125
57091.733108841,52438.15234375,51839.3046875,-8286.373046875,10724.5908203125,-43250.04296875,-366.1662902832031,44240.046875,9122.931640625
57091.737182229,52507.7578125,51905.95703125,-8193.4345703125,10792.919921875,-43173.1328125,-311.1809997558594,44315.55078125,9196.15625
57091.741086409,52607.8046875,52013.8046875,-8068.2421875,10905.1474609375,-43058.4453125,-221.52813720703125,44428.5859375,9305.12109375
57091.746021882,52619.15625,52030.90625,-8063.3916015625,10916.078125,-43047.73828125,-202.52915954589844,44435.84765625,9318.2412109375
57091.750047498,52501.90234375,51913.55859375,-8210.6005859375,10793.7470703125,-43177.53515625,-301.4803161621094,44311.4375,9198.3017578125
57091.753089229,52429.01171875,51837.2734375,-8289.5693359375,10721.9306640625,-43254.8515625,-374.9728698730469,44238.28125,9121.3671875
57091.758055699,52512.18359375,51909.87109375,-8189.25439453125,10798.9326171875,-43167.6796875,-307.0458984375,44331.1328125,9207.3759765625
57091.762075115,52621.28125,52012.7109375,-8069.89599609375,10895.3798828125,-43062.58203125,-220.29879760742188,44434.28515625,9313.8154296875
57091.767173232,52613.2109375,52007.0546875,-8081.31787109375,10884.1376953125,-43065.6875,-212.56509399414062,44429.09765625,9317.1455078125
57091.769710257,52495.328125,51896.90625,-8226.693359375,10776.2451171875,-43186.96875,-306.8670959472656,44303.48046875,9192.6240234375
57091.773225696,52425.546875,51830.07421875,-8302.8017578125,10716.119140625,-43257.44140625,-373.9446716308594,44227.3984375,9114.7734375
57091.776263051,52508.33984375,51909.35546875,-8195.8037109375,10797.3232421875,-43171.703125,-315.3384094238281,44316.19921875,9198.8828125
57091.781137623,52614.28515625,52015.21484375,-8069.5830078125,10901.9296875,-43058.9375,-224.0985870361328,44426.75390625,9305.12109375
57091.785202989,52631.36328125,52037.02734375,-8060.28515625,10914.333984375,-43045.99609375,-202.37269592285156,44436.453125,9320.87890625
57091.789208913,52504.89453125,51907.8125,-8213.39453125,10785.1416015625,-43178.80859375,-301.4579772949219,44313.13671875,9202.1240234375
57091.793189674,52422.75390625,51821.19921875,-8297.50390625,10708.8330078125,-43256.32421875,-373.5199890136719,44238.37109375,9123.490234375
57091.79711464,52493.31640625,51896.2578125,-8203.4697265625,10788.7626953125,-43177.55859375,-325.9331359863281,44306.56640625,9190.5458984375
57091.800201955,52604.13671875,51998.7421875,-8082.07763671875,10884.6962890625,-43071.20703125,-235.63209533691406,44414.125,9301.0302734375
57091.804192198,52614.0859375,52006.20703125,-8077.69677734375,10886.2607421875,-43062.06640625,-210.30755615234375,44430.91015625,9320.8115234375
57091.808248811,52501.140625,51899.609375,-8218.6474609375,10773.607421875,-43183.75,-302.3743896484375,44309.8984375,9206.52734375
57091.813240444,52438.9140625,51841.921875,-8285.9482421875,10726.5576171875,-43246.7578125,-368.8931884765625,44232.26953125,9127.7822265625
57091.817306903,52515.2890625,51920.21875,-8186.46044921875,10806.46484375,-43167.7890625,-316.1877746582031,44317.67578125,9204.6943359375
57091.821308451,52625.70703125,52029.140625,-8057.75927734375,10917.1953125,-43050.0390625,-219.60589599609375,44431.55859375,9312.7646484375
57091.824242238,52641.21875,52047.734375,-8048.013671875,10928.728515625,-43036.6953125,-195.153076171875,44446.62109375,9328.076171875
57091.830200252,52519.1796875,51924.84765625,-8195.9150390625,10802.3525390625,-43167.1640625,-290.2821044921875,44325.90234375,9209.6787109375
57091.834219304,52446.7578125,51850.03515625,-8274.548828125,10735.6103515625,-43239.984375,-357.873779296875,44254.01953125,9134.9794921875
57091.838209182,52514.84375,51915.6796875,-8184.001953125,10803.849609375,-43167.69921875,-311.6727294921875,44323.91015625,9203.912109375
57091.842247926,52625.26171875,52028.19921875,-8056.77587890625,10910.4453125,-43057.05859375,-221.59519958496094,44431.46875,9313.7041015625
57091.846257497,52644.484375,52049.41015625,-8042.6943359375,10926.1142578125,-43036.02734375,-189.40867614746094,44454.2890625,9337.91015625
57091.851166713,52525.8828125,51927.68359375,-8189.05322265625,10802.2177734375,-43160.37109375,-277.9886474609375,44335.265625,9219.4912109375
57091.854171247,52437.90625,51835.68359375,-8281.6787109375,10721.0361328125,-43245.75390625,-360.0642395019531,44246.26171875,9130.8212890625
57091.857319097,52505.34375,51903.12109375,-8190.43896484375,10795.6240234375,-43171.14453125,-314.5113830566406,44325.5,9204.359375
57091.860357911,52615.87109375,52016.890625,-8059.92724609375,10906.4443359375,-43053.2578125,-217.79539489746094,44436.98828125,9316.966796875
57091.864402125,52644.2578125,52042.88671875,-8041.73291015625,10925.890625,-43028.8515625,-182.4349365234375,44462.13671875,9346.4716796875
57091.869389017,52512.2265625,51915.14453125,-8198.9326171875,10797.0771484375,-43161.15234375,-283.1072082519531,44331.7109375,9217.3232421875
#57120.876238654,52601.56640625,51945.07421875,-7976.82373046875,10889.3896484375,-42397.97265625,-45.195228576660156,44397.0703125,9256.3486328125
57120.881229557,52673.5625,52016.77734375,-7882.767578125,10965.6318359375,-42317.9765625,3.732741355895996,44467.9921875,9323.716796875
57120.885099823,52782.83984375,52127.0859375,-7756.435546875,11069.947265625,-42207.046875,92.51387023925781,44572.0390625,9431.0283203125
57120.88819589,52802.734375,52143.17578125,-7744.5439453125,11076.8759765625,-42194.88671875,120.83353424072266,44593.13671875,9456.53125
57120.891313472,52682.68359375,52024.3125,-7888.98095703125,10962.8603515625,-42315.83203125,30.353668212890625,44474.31640625,9338.916015625
57120.896189139,52595.6875,51939.0625,-7978.96923828125,10889.30078125,-42399.0703125,-53.57713317871094,44385.71484375,9249.666015625
57120.899894573,52674.63671875,52018.41015625,-7883.59423828125,10967.419921875,-42320.61328125,-6.213785171508789,44454.109375,9316.20703125
57120.903271437,52780.6953125,52126.4140625,-7759.67626953125,11071.466796875,-42210.578125,83.34965515136719,44558.26953125,9420.74609375
57120.907231777,52797.0546875,52144.7421875,-7748.25439453125,11083.291015625,-42195.48828125,110.93170928955078,44575.83984375,9443.701171875
57120.911256299,52688.91796875,52035.93359375,-7884.734375,10972.091796875,-42312.2109375,28.96786117553711,44464.6171875,9335.2958984375
57120.915293949,52593.23046875,51927.640625,-7989.228515625,10867.8876953125,-42413.28515625,-60.99790954589844,44370.87109375,9244.078125
57120.919301331,52652.84375,51977.5078125,-7908.5166015625,10920.8388671875,-42352.375,-27.85027313232422,44441.2578125,9307.7802734375
57120.923321113,52769.67578125,52106.65625,-7771.12060546875,11051.1044921875,-42223.94140625,73.91722106933594,44555.72265625,9417.1025390625
57120.928248198,52797.16796875,52151.15625,-7741.34765625,11094.9365234375,-42184.4921875,118.33013153076172,44586.03125,9447.2548828125
57120.93230627,52681.140625,52036.40234375,-7882.02978515625,10976.5166015625,-42310.421875,27.917327880859375,44472.83984375,9336.6142578125
57120.935274702,52600.875,51945.36328125,-7971.19091796875,10889.6806640625,-42395.91796875,-46.02224349975586,44399.1484375,9261.6240234375
57120.940292955,52674.546875,52019.28125,-7877.44775390625,10966.2353515625,-42313.59375,10.862947463989258,44475.90234375,9333.5078125
57120.945195608,52783.93359375,52127.44140625,-7753.93212890625,11073.76953125,-42199.40234375,103.73444366455078,44583.21484375,9439.767578125
57120.949295982,52795.71484375,52132.3828125,-7750.28857421875,11072.048828125,-42191.48828125,125.2591781616211,44599.75390625,9462.5439453125
57120.95327966,52696.65234375,52043.7578125,-7871.4794921875,10988.85546875,-42287.3984375,55.00764465332031,44499.84375,9363.6376953125
57120.956338895,52622.84765625,51972.9921875,-7954.53857421875,10921.30859375,-42365.8984375,-16.80851173400879,44423.0625,9283.4619140625
57120.960333514,52684.26953125,52028.3359375,-7872.66455078125,10981.5458984375,-42301.2578125,21.480026245117188,44484.5078125,9345.107421875
57120.963321273,52796.2734375,52141.94921875,-7742.1748046875,11093.037109375,-42186.21484375,112.18340301513672,44588.890625,9449.892578125
57120.96729073,52803.73828125,52146.640625,-7736.92236328125,11091.9189453125,-42177.7421875,131.83058166503906,44593.80859375,9463.728515625
57120.971336038,52696.16015625,52041.3203125,-7872.26220703125,10981.255859375,-42295.35546875,44.770545959472656,44485.29296875,9355.2333984375
57120.975392651,52616.02734375,51963.87109375,-7960.57373046875,10906.064453125,-42380.96484375,-36.92508316040039,44405.4296875,9266.2734375
57120.979375236,52677.18359375,52023.4375,-7873.60302734375,10970.9736328125,-42311.5390625,4.984438896179199,44470.203125,9327.673828125
57120.984330766,52778.37109375,52120.19921875,-7754.84814453125,11063.912109375,-42206.59765625,89.00464630126953,44571.4140625,9427.5185546875
57120.987305397,52807.91796875,52149.2109375,-7730.70849609375,11088.677734375,-42177.1171875,127.42729187011719,44599.9765625,9460.912109375
57120.991274853,52692.94140625,52030.5703125,-7879.5712890625,10964.3125,-42308.41015625,32.81236267089844,44481.6015625,9346.9853515625
57120.995332196,52601.27734375,51937.54296875,-7981.025390625,10874.8388671875,-42406.64453125,-58.941551208496094,44388.39453125,9251.990234375
57120.999343954,52669.8984375,52006.765625,-7889.875,10950.96875,-42330.96484375,-15.489758491516113,44454.17578125,9315.1123046875
57121.00339765,52776.1796875,52110.5,-7765.3759765625,11054.9716796875,-42217.66015625,77.96288299560547,44563.45703125,9424.9033203125
57121.007400656,52795.3125,52133.41015625,-7748.09814453125,11074.0595703125,-42191.0625,115.73733520507812,44590.859375,9452.462890625
57121.011900346,52680.4453125,52014.3203125,-7890.1435546875,10953.3154296875,-42309.2578125,33.88524627685547,44480.953125,9345.689453125
57121.015066065,52594.01171875,51927.50390625,-7984.80322265625,10873.3193359375,-42397.21484375,-47.408050537109375,44394.65625,9256.7734375
57121.02036694,52662.67578125,51999.1640625,-7895.2841796875,10952.6005859375,-42319.49609375,-0.4023314118385315,44455.67578125,9318.1962890625
57121.024431211,52776.73828125,52118.14453125,-7765.13037109375,11065.4326171875,-42205.03515625,92.3797607421875,44571.1875,9430.46875
57121.028449898,52799.24609375,52149.81640625,-7738.173828125,11098.826171875,-42170.9453125,133.73048400878906,44608.91796875,9465.7177734375
57121.033354739,52694.55078125,52055.78125,-7867.3671875,11002.6015625,-42280.3828125,53.95711135864258,44498.56640625,9356.619140625
57121.037359569,52610.88671875,51964.765625,-7963.39013671875,10909.595703125,-42377.12109375,-31.1583309173584,44410.859375,9266.1171875
57121.041057345,52668.890625,52013.58203125,-7883.7734375,10967.0849609375,-42311.31640625,9.164215087890625,44473.22265625,9326.220703125
57121.044485628,52772.71484375,52113.1796875,-7760.97265625,11064.873046875,-42201.2109375,100.58284759521484,44580.17578125,9433.1962890625
57121.048501762,52804.51953125,52149.703125,-7729.25537109375,11095.205078125,-42171.26171875,136.99383544921875,44607.890625,9465.0693359375
57121.050986638,52690.05859375,52036.94140625,-7869.9150390625,10976.3828125,-42298.80078125,41.99892807006836,44488.30859375,9350.427734375
57121.055435274,52602.125,51945.1171875,-7967.41357421875,10890.7529296875,-42391.87109375,-43.161216735839844,44398.38671875,9260.1484375
57121.059457243,52666.8125,52004.0390625,-7882.3203125,10953.3154296875,-42322.26953125,0.9164215326309204,44464.52734375,9325.1923828125
57121.063533549,52769.67578125,52106.4765625,-7761.46435546875,11052.8037109375,-42213.32421875,88.95994567871094,44568.73046875,9426.5576171875
57121.06847121,52808.09765625,52157.21484375,-7724.4501953125,11101.708984375,-42169.31640625,134.4010467529297,44603.8671875,9460.2861328125
57121.071463345,52708.38671875,52060.23046875,-7853.64306640625,11002.310546875,-42278.703125,55.097049713134766,44490.921875,9353.400390625
57121.075393782,52614.5546875,51959.71484375,-7959.5009765625,10903.9404296875,-42379.64453125,-35.58397674560547,44399.70703125,9259.724609375
57121.079438725,52671.86328125,52007.61328125,-7883.5498046875,10954.9921875,-42320.0546875,-0.9834767580032349,44467.58984375,9323.44921875
57121.083459601,52764.82421875,52094.8984375,-7775.568359375,11037.134765625,-42225.6640625,74.99010467529297,44561.7578125,9422.84765625
57121.087461148,52791.64453125,52131.890625,-7749.595703125,11070.841796875,-42194.70703125,107.93657684326172,44585.5390625,9449.4013671875
57121.091437534,52692.78515625,52041.38671875,-7870.3623046875,10981.9931640625,-42295.55859375,35.58397674560547,44485.1328125,9351.74609375
57121.096399992,52601.76953125,51947.0625,-7968.21826171875,10893.48046875,-42383.46875,-37.26035690307617,44405.2265625,9265.7587890625
57121.100470463,52657.73828125,51996.41796875,-7892.60205078125,10945.8056640625,-42322.3359375,-0.6034970879554749,44465.66796875,9322.4208984375
57121.104441014,52772.828125,52116.3125,-7757.75390625,11066.37109375,-42199.04296875,94.36906433105469,44573.53515625,9430.8046875
57121.108573114,52797.63671875,52143.7578125,-7735.93896484375,11086.443359375,-42175.70703125,128.14254760742188,44598.79296875,9460.5322265625
57121.112025101,52688.3359375,52036.94140625,-7874.22900390625,10971.5546875,-42295.53515625,44.3011589050293,44488.1953125,9351.7236328125
57121.115967207,52614.5078125,51960.9453125,-7962.16064453125,10899.984375,-42377.8125,-32.1865119934082,44405.5625,9268.4638671875
57121.121386235,52680.24609375,52020.30859375,-7878.40869140625,10967.1962890625,-42308.8125,9.38773250579834,44465.62109375,9331.0263671875
57121.125407475,52780.828125,52129.921875,-7752.90380859375,11081.4580078125,-42190.7265625,100.69461059570312,44573.3125,9435.4755859375
57121.128534904,52807.5390625,52159.0703125,-7729.1884765625,11101.3291015625,-42165.3125,136.0997772216797,44610.39453125,9471.931640625
57121.132458776,52695.78125,52038.4609375,-7871.18896484375,10974.86328125,-42289.41015625,50.693756103515625,44499.55078125,9363.7265625
57121.13539147,52603.4453125,51940.89453125,-7974.9013671875,10881.8125,-42389.16796875,-39.04849624633789,44404.890625,9269.357421875
57121.13940651,52667.39453125,52005.9375,-7886.9697265625,10953.740234375,-42314.2421875,7.8007588386535645,44471.92578125,9329.640625
57121.143445254,52781.1640625,52122.90625,-7755.138671875,11068.8740234375,-42198.6640625,98.25827026367188,44578.18359375,9435.029296875
57121.147539429,52816.45703125,52166.6484375,-7720.76171875,11108.34765625,-42161.55859375,138.4914093017578,44611.3984375,9472.8701171875
57121.152403791,52704.5625,52056.609375,-7858.06884765625,10997.6845703125,-42276.2890625,56.23698806762695,44499.59765625,9362.921875
57121.155511527,52612.05078125,51957.43359375,-7963.45703125,10901.3701171875,-42376.875,-33.84054183959961,44404.78125,9267.078125
57121.158142637,52678.92578125,52013.5390625,-7880.62158203125,10960.3564453125,-42309.66015625,10.304154396057129,44472.88671875,9335.5185546875
57121.163479614,52775.171875,52105.24609375,-7764.70556640625,11046.74609375,-42209.5703125,94.01143646240234,44569.890625,9439.7900390625
57121.167559931,52803.46875,52134.23828125,-7737.369140625,11069.3212890625,-42180.46875,130.4447784423828,44606.7734375,9474.30078125
57121.171450253,52701.234375,52051.6015625,-7855.1181640625,11001.3271484375,-42270.90234375,58.807437896728516,44506.703125,9368.353515625
57121.17548061,52616.20703125,51969.2578125,-7952.482421875,10920.302734375,-42363.70703125,-26.397409439086914,44413.453125,9272.3310546875
57121.17957442,52662.98828125,52005.828125,-7885.38232421875,10959.306640625,-42313.59375,2.212822675704956,44464.52734375,9320.2529296875
57121.184104013,52780.78515625,52123.88671875,-7749.46142578125,11072.1826171875,-42190.6171875,106.5731201171875,44583.01171875,9436.9287109375
57121.187100889,52819.36328125,52165.08203125,-7717.23046875,11106.3583984375,-42155.6796875,145.1522216796875,44614.44140625,9472.625
57121.192595404,52707.046875,52050.12890625,-7860.25927734375,10987.759765625,-42279.46484375,56.1699333190918,44500.6015625,9362.85546875
57121.195598115,52605.94921875,51939.41796875,-7974.275390625,10882.1923828125,-42382.9765625,-33.12528610229492,44405.3828125,9267.5029296875
57121.200625485,52667.5703125,52003.7265625,-7888.6904296875,10951.8857421875,-42311.515625,8.94069766998291,44464.5703125,9327.1591796875
57121.205219625,52780.42578125,52121.5625,-7752.3896484375,11068.896484375,-42189.453125,107.8918685913086,44586.61328125,9441.82421875
57121.209537708,52824.234375,52169.8671875,-7710.994140625,11110.8505859375,-42149.421875,153.62353515625,44628.23046875,9486.0576171875
57121.212630858,52718.2890625,52069.3046875,-7844.43408203125,11004.2333984375,-42267.52734375,65.80353546142578,44512.76171875,9374.4111328125
57121.215587255,52616.65625,51960.7421875,-7954.73974609375,10901.9296875,-42371.91015625,-28.02908706665039,44412.19921875,9272.3310546875
57121.219667936,52681.00390625,52021.671875,-7872.10546875,10968.42578125,-42304.41015625,11.466444969177246,44473.421875,9327.673828125
57121.223751171,52793.01171875,52136.40625,-7743.47119140625,11081.16796875,-42188.046875,103.73444366455078,44583.28125,9436.0576171875
57121.227578405,52823.8984375,52171.23046875,-7715.2412109375,11111.0078125,-42155.74609375,142.02297973632812,44615.37890625,9474.1220703125
57121.231564636,52712.4765625,52056.296875,-7856.951171875,10989.5927734375,-42279.48828125,55.07469940185547,44502.74609375,9369.046875
57121.2356486,52614.171875,51952.18359375,-7967.234375,10892.5859375,-42381.87890625,-37.238006591796875,44404.01953125,9271.5927734375
57121.239699743,52667.16796875,51999.390625,-7895.5078125,10940.8662109375,-42325.53125,-4.492700576782227,44460.9296875,9325.37109375
57121.242678021,52772.04296875,52110.3671875,-7768.48291015625,11058.4365234375,-42203.9609375,88.93759155273438,44567.0546875,9428.63671875
57121.247560616,52807.0703125,52151.73828125,-7734.91064453125,11098.333984375,-42165.6953125,128.2766571044922,44597.5625,9462.4541015625
57121.252709423,52699.24609375,52040.58203125,-7868.43994140625,10982.9541015625,-42282.48046875,49.93379592895508,44489.0,9364.1962890625
57121.255668737,52604.00390625,51938.6796875,-7975.77294921875,10885.8583984375,-42381.56640625,-33.304100036621094,44402.3203125,9272.2412109375
57121.259660074,52667.90625,51999.0078125,-7895.77587890625,10947.3701171875,-42317.75390625,6.2808403968811035,44472.10546875,9334.4013671875
57121.263673656,52773.16015625,52113.5625,-7769.3994140625,11059.0615234375,-42207.55859375,91.73155975341797,44572.62109375,9437.5771484375
57121.266723774,52817.484375,52157.59375,-7731.73681640625,11092.9248046875,-42171.39453125,133.97634887695312,44608.8515625,9476.3798828125
57121.272426882,52709.234375,52047.1328125,-7869.2890625,10976.740234375,-42293.234375,44.99406051635742,44495.125,9367.392578125
57121.275179427,52597.43359375,51931.5078125,-7987.91015625,10865.541015625,-42404.14453125,-50.13496398925781,44394.4765625,9263.4345703125
57121.280355219,52663.21484375,51999.5,-7897.78759765625,10941.3349609375,-42326.76171875,-1.36345636844635,44463.20703125,9326.3544921875
57121.284161303,52772.265625,52111.1015625,-7767.365234375,11054.94921875,-42208.69921875,90.52456665039062,44570.765625,9436.146484375
57121.28873575,52817.3046875,52155.42578125,-7726.86376953125,11090.98046875,-42168.5546875,136.25624084472656,44608.78515625,9479.1962890625
57121.293665753,52712.6796875,52057.52734375,-7854.42529296875,10995.91796875,-42274.5703125,57.354576110839844,44493.26953125,9370.9912109375
57121.296751609,52621.90625,51971.6953125,-7953.97998046875,10917.5751953125,-42366.390625,-28.69964027404785,44405.765625,9272.7548828125
57121.299752497,52682.0546875,52026.2109375,-7876.3525390625,10974.0361328125,-42306.0859375,4.224479675292969,44465.421875,9325.3935546875
57121.303676004,52780.984375,52118.9921875,-7760.65966796875,11061.498046875,-42206.10546875,84.3331298828125,44564.484375,9425.171875
57121.307640355,52810.04296875,52149.66015625,-7731.0439453125,11086.7783203125,-42171.4609375,126.5332260131836,44600.1796875,9465.13671875
57121.311708638,52714.64453125,52060.09765625,-7849.61962890625,10999.62890625,-42267.08203125,60.12619400024414,44503.1953125,9368.6669921875
57121.315290083,52609.61328125,51952.671875,-7965.42431640625,10897.212890625,-42376.0703125,-35.47221755981445,44400.35546875,9262.8984375
57121.319250058,52665.55859375,52001.69140625,-7894.23388671875,10949.0693359375,-42318.69140625,-1.9446017742156982,44457.3515625,9318.3525390625
57121.322765863,52776.984375,52110.87890625,-7767.208984375,11054.3232421875,-42206.5078125,90.39045715332031,44568.6640625,9430.9609375
57121.326699581,52801.14453125,52134.4140625,-7743.7841796875,11070.5283203125,-42183.44140625,123.24752044677734,44597.85546875,9463.125
57121.330742702,52699.17578125,52031.9765625,-7872.7314453125,10967.62109375,-42291.87109375,48.302120208740234,44495.34765625,9363.2353515625
57121.335609252,52598.83984375,51934.859375,-7981.60693359375,10878.5048828125,-42391.58203125,-41.216617584228516,44395.16796875,9261.6015625
57121.339672429,52655.8828125,51990.671875,-7906.080078125,10936.6416015625,-42330.78515625,-4.6268110275268555,44454.109375,9318.5986328125
57121.343732324,52774.90625,52111.1484375,-7774.87548828125,11049.5625,-42214.19921875,88.71407318115234,44565.06640625,9431.966796875
57121.347725849,52810.04296875,52143.7578125,-7743.962890625,11074.7529296875,-42183.57421875,126.26500701904297,44601.69921875,9473.853515625
57121.351728126,52704.16015625,52026.6796875,-7880.30859375,10951.52734375,-42302.77734375,46.670440673828125,44498.65625,9375.9755859375
57121.356734346,52608.13671875,51936.87109375,-7981.60693359375,10873.408203125,-42393.5703125,-36.90272903442383,44396.9140625,9271.1455078125
57121.360806275,52671.68359375,52013.55859375,-7897.25146484375,10954.880859375,-42323.296875,-0.9834767580032349,44453.21484375,9319.5595703125
57121.3648669,52780.71484375,52125.54296875,-7767.5439453125,11066.0361328125,-42209.66015625,85.04838562011719,44564.7734375,9429.150390625
57121.368773633,52820.546875,52164.30078125,-7728.80859375,11098.2890625,-42170.7890625,127.44964599609375,44600.22265625,9472.3564453125
57121.372823317,52716.61328125,52057.30078125,-7857.6884765625,10988.318359375,-42282.03515625,51.05138397216797,44496.98046875,9372.130859375
57121.376806266,52616.5859375,51950.796875,-7968.93310546875,10883.779296875,-42389.90625,-41.5071907043457,44396.9140625,9269.15625
57121.379822105,52661.78125,51995.05078125,-7899.64306640625,10934.9423828125,-42335.1640625,-13.34399127960205,44444.96875,9314.798828125
57121.382840132,52770.74609375,52112.64453125,-7767.45458984375,11055.4853515625,-42215.29296875,77.24762725830078,44549.5078125,9416.41015625
57121.386838762,52815.33984375,52158.62109375,-7723.9580078125,11096.3671875,-42169.96484375,126.19795227050781,44594.5,9463.818359375
57121.390828276,52712.07421875,52051.01953125,-7856.1689453125,10985.837890625,-42281.453125,49.55381774902344,44492.64453125,9366.900390625
57121.395763749,52613.97265625,51947.0859375,-7966.76513671875,10885.6572265625,-42385.6796875,-38.66851806640625,44396.2421875,9265.4462890625
57121.399799576,52675.3046875,52010.296875,-7888.17626953125,10950.1865234375,-42322.84765625,-4.403293609619141,44452.6796875,9316.3193359375
57121.403830297,52783.0625,52118.14453125,-7760.615234375,11059.5986328125,-42205.48046875,88.62466430664062,44563.43359375,9425.283203125
57121.406851241,52814.84765625,52155.984375,-7722.14794921875,11098.625,-42160.15234375,138.2231903076172,44607.80078125,9470.8583984375
57121.410863365,52719.046875,52063.984375,-7850.87158203125,10997.0361328125,-42270.3671875,59.83562088012695,44502.48046875,9367.6611328125
57121.414933106,52614.0859375,51952.0703125,-7969.7158203125,10886.73046875,-42382.57421875,-35.53927230834961,44401.58203125,9267.9716796875
57121.418897092,52664.7109375,51997.48828125,-7896.8935546875,10940.8662109375,-42324.125,-1.2069941759109497,44455.71875,9322.4658203125
57121.423429238,52778.859375,52123.5546875,-7760.65966796875,11064.76171875,-42203.58203125,90.83748626708984,44559.453125,9428.591796875
57121.427901942,52816.1875,52159.60546875,-7725.9697265625,11090.1083984375,-42173.62890625,127.31553649902344,44603.44140625,9471.4404296875
57121.431861552,52708.609375,52045.43359375,-7861.98046875,10973.5,-42289.546875,46.58103561401367,44499.91015625,9374.076171875
57121.434832537,52612.7421875,51947.375,-7972.2861328125,10880.8515625,-42388.5859375,-38.512054443359375,44404.82421875,9276.6220703125
57121.43955577,52663.9296875,52002.36328125,-7899.21826171875,10944.3525390625,-42326.9609375,-6.392599105834961,44456.01171875,9319.58203125
57121.444335164,52778.9296875,52122.76953125,-7763.5654296875,11067.9130859375,-42200.80859375,91.84331512451172,44570.00390625,9430.357421875
57121.448453407,52819.20703125,52163.5625,-7725.47802734375,11104.123046875,-42160.41796875,137.82086181640625,44611.69140625,9477.7880859375
57121.45249361,52716.90234375,52064.9453125,-7851.83251953125,10999.9189453125,-42270.45703125,63.38954544067383,44511.265625,9381.33984375
57121.455506896,52609.01171875,51948.203125,-7970.8779296875,10887.892578125,-42383.3125,-32.03004837036133,44409.20703125,9279.013671875
57121.460894198,52658.9453125,51998.60546875,-7901.4755859375,10942.36328125,-42329.53125,-6.593764781951904,44456.34375,9324.7900390625
57121.465494537,52777.0078125,52120.7578125,-7767.3876953125,11060.828125,-42209.234375,89.47402954101562,44566.71875,9433.93359375
57121.46865588,52823.49609375,52169.375,-7721.41015625,11107.744140625,-42156.5078125,141.6206512451172,44611.0859375,9479.62109375
57121.471541895,52716.12109375,52066.95703125,-7850.6923828125,11005.41796875,-42264.9375,63.769527435302734,44504.42578125,9374.4560546875
57121.475514999,52602.796875,51949.27734375,-7978.5224609375,10889.658203125,-42386.015625,-41.97657775878906,44390.80859375,9259.8583984375
57121.479503418,52661.29296875,52001.9375,-7901.38623046875,10947.0126953125,-42322.0,-1.2293459177017212,44454.3125,9318.8671875
57121.483760236,52768.01953125,52104.28515625,-7776.216796875,11046.5224609375,-42210.7109375,88.93759155273438,44564.59375,9430.111328125
57121.48777163,52808.58984375,52150.5546875,-7735.201171875,11085.392578125,-42170.0546875,131.7188262939453,44603.890625,9475.26171875
57121.491766249,52716.6796875,52058.12890625,-7856.83935546875,10991.671875,-42271.10546875,60.819095611572266,44505.69921875,9378.9931640625
57121.494934521,52603.17578125,51938.3671875,-7982.2548828125,10880.6728515625,-42384.4296875,-37.08154296875,44399.28125,9271.01171875
57121.498971442,52654.40625,51988.390625,-7914.126953125,10933.5341796875,-42328.86328125,-6.191433429718018,44448.65625,9317.6826171875
57121.502974083,52760.8671875,52093.66796875,-7789.3369140625,11035.32421875,-42219.8515625,80.28746795654297,44547.09375,9418.17578125
57121.506990947,52799.15625,52135.6015625,-7747.06982421875,11073.12109375,-42179.39453125,120.72177124023438,44593.05078125,9459.548828125
57121.511929702,52699.17578125,52034.83984375,-7872.708984375,10968.3583984375,-42287.421875,46.893959045410156,44497.18359375,9365.9169921875
57121.515946202,52607.9140625,51938.30078125,-7980.77978515625,10872.291015625,-42389.6796875,-38.42264938354492,44402.8125,9270.453125
57121.519895236,52653.06640625,51975.96484375,-7920.43017578125,10910.1328125,-42345.625,-13.79102611541748,44450.01953125,9316.498046875
57121.523944556,52767.953125,52103.34765625,-7780.9326171875,11045.5615234375,-42213.32421875,85.11544036865234,44560.83984375,9423.763671875
57121.527880463,52818.55859375,52167.54296875,-7725.05322265625,11110.0244140625,-42153.0,140.480712890625,44609.5234375,9474.94921875
57121.532900905,52727.65234375,52080.1015625,-7842.19873046875,11018.0244140625,-42253.84765625,71.95026397705078,44515.734375,9387.375
57121.535931695,52622.17578125,51966.30859375,-7964.7314453125,10906.9580078125,-42370.19140625,-25.995079040527344,44410.97265625,9284.7353515625
57121.540961983,52655.43359375,51991.6328125,-7910.662109375,10938.787109375,-42329.62109375,-5.565584182739258,44454.3125,9324.56640625
57121.544991246,52758.0078125,52093.2890625,-7784.03955078125,11042.455078125,-42218.109375,82.50028991699219,44561.7578125,9432.123046875
57121.549059893,52803.3359375,52141.43359375,-7740.2080078125,11082.5087890625,-42178.63671875,124.36510467529297,44601.8125,9477.2294921875
57121.552929794,52712.6796875,52051.9609375,-7861.7568359375,10983.1328125,-42284.2265625,52.9512825012207,44505.00390625,9383.396484375
57121.556065975,52608.765625,51946.52734375,-7981.0478515625,10879.7783203125,-42396.4296875,-46.06694412231445,44395.50390625,9270.4306640625
57121.559029665,52654.25,51990.0234375,-7915.22216796875,10928.5498046875,-42346.23046875,-20.831825256347656,44442.80078125,9315.6708984375
57121.563034495,52757.2265625,52092.1484375,-7790.5439453125,11028.1494140625,-42236.66015625,66.33998107910156,44547.20703125,9421.0810546875
57121.567945535,52801.19140625,52146.640625,-7737.65966796875,11080.921875,-42180.84765625,119.1124496459961,44593.921875,9469.3388671875
57121.571568553,52711.08984375,52057.234375,-7853.86669921875,10988.4306640625,-42279.578125,51.09608840942383,44499.39453125,9376.4677734375
57121.575608391,52602.55078125,51941.8984375,-7976.9130859375,10878.4150390625,-42390.953125,-43.83177185058594,44394.67578125,9268.93359375
57121.579060013,52651.63671875,51988.7734375,-7910.86328125,10932.2158203125,-42335.34375,-15.847386360168457,44441.7734375,9312.7646484375
57121.582935749,52752.41796875,52084.68359375,-7791.84033203125,11029.9599609375,-42228.97265625,65.82588958740234,44539.94140625,9411.1796875
57121.58695626,52791.421875,52122.234375,-7748.25439453125,11059.9560546875,-42186.7734375,114.86561584472656,44588.22265625,9461.248046875
57121.591040223,52714.64453125,52056.54296875,-7853.64306640625,10980.9873046875,-42275.9765625,54.94058609008789,44500.66796875,9373.5390625
57121.59596038,52613.078125,51968.96875,-7961.84765625,10908.076171875,-42370.34765625,-37.5062255859375,44392.21875,9260.5732421875
57121.600006782,52649.9375,51997.9375,-7907.48828125,10943.3916015625,-42329.98046875,-19.69188690185547,44431.78125,9299.0634765625
57121.604018906,52757.4921875,52097.15625,-7784.9560546875,11037.134765625,-42223.2734375,67.74813842773438,44538.62109375,9407.3798828125
57121.607212704,52809.99609375,52141.1875,-7740.6103515625,11073.412109375,-42179.55078125,113.25628662109375,44582.1875,9456.0400390625
57121.612075608,52708.09375,52041.41015625,-7870.02685546875,10969.3193359375,-42291.22265625,33.88524627685547,44474.7421875,9351.7236328125
57121.616052722,52598.66015625,51937.0703125,-7985.36181640625,10878.28125,-42391.22265625,-51.65488052368164,44374.60546875,9245.3740234375
57121.621046543,52645.04296875,51985.93359375,-7913.36669921875,10937.5576171875,-42330.62890625,-16.54029083251953,44427.87109375,9291.5751953125
57121.625164056,52755.6171875,52100.1953125,-7784.44189453125,11047.595703125,-42218.2890625,71.39147186279297,44534.59765625,9397.9697265625
57121.629085376,52796.453125,52140.76171875,-7745.1474609375,11082.576171875,-42180.55859375,110.90935516357422,44574.02734375,9441.9580078125
57121.633224041,52699.890625,52044.62890625,-7874.27392578125,10979.3779296875,-42291.71484375,33.728782653808594,44473.15234375,9344.1025390625
57121.636992927,52590.79296875,51928.109375,-8000.8515625,10866.61328125,-42408.30078125,-62.56253433227539,44370.11328125,9240.4794921875
57121.64006529,52633.10546875,51965.21484375,-7943.0498046875,10907.0703125,-42366.1875,-43.27297592163086,44412.625,9278.90234375
57121.642774805,52740.68359375,52071.13671875,-7815.98046875,11008.099609375,-42256.2421875,46.06694412231445,44523.98046875,9390.8173828125
57121.647158529,52786.99609375,52109.60546875,-7771.58984375,11038.431640625,-42214.64453125,94.14554595947266,44572.8203125,9444.9755859375
57121.651188521,52695.109375,52025.49609375,-7885.82958984375,10956.9140625,-42305.55078125,29.973690032958984,44477.35546875,9349.0869140625
57121.656119253,52601.87890625,51944.8515625,-7987.6640625,10882.5947265625,-42397.953125,-53.01833724975586,44378.40625,9245.9775390625
57121.660131741,52648.59375,51990.3125,-7925.01220703125,10924.4375,-42353.3359375,-30.107799530029297,44415.890625,9283.1708984375
57121.663098714,52750.51953125,52092.1484375,-7798.76953125,11030.294921875,-42239.8359375,56.214637756347656,44527.671875,9388.873046875
57121.667119224,52810.17578125,52154.77734375,-7736.408203125,11092.74609375,-42174.41015625,118.33013153076172,44589.0703125,9452.642578125
57121.67115031,52716.9921875,52057.63671875,-7858.7392578125,10990.0849609375,-42277.0078125,50.80551528930664,44494.72265625,9362.318359375
57121.675165351,52595.98046875,51926.9453125,-7993.05078125,10863.23828125,-42401.75,-52.45954513549805,44381.69140625,9249.017578125
57121.679159241,52641.5546875,51972.23046875,-7926.509765625,10915.7646484375,-42347.45703125,-25.19041633605957,44429.0078125,9292.9609375
57121.684099454,52752.7109375,52088.59375,-7793.31591796875,11032.44140625,-42224.12109375,71.50322723388672,44542.2890625,9404.2509765625
57121.688085686,52803.046875,52147.37890625,-7736.4306640625,11090.421875,-42163.59375,126.82379913330078,44590.74609375,9455.81640625
57121.692099997,52714.17578125,52061.4609375,-7851.40771484375,10999.13671875,-42261.203125,58.91919708251953,44495.28125,9364.21875
57121.695126411,52615.515625,51956.05078125,-7971.66015625,10893.189453125,-42374.6171875,-36.56745529174805,44390.02734375,9257.2880859375
57121.700123879,52652.3046875,51989.84375,-7915.40087890625,10932.5732421875,-42331.9453125,-16.96497344970703,44431.8046875,9296.984375
57121.705112594,52750.98828125,52084.125,-7794.67919921875,11028.171875,-42226.06640625,68.35163116455078,44538.7578125,9406.84375
57121.709109036,52806.7578125,52141.34375,-7736.85498046875,11080.3857421875,-42171.7734375,123.29222106933594,44593.921875,9464.2431640625
57121.71315325,52718.109375,52056.609375,-7850.7822265625,10987.8046875,-42269.0703125,60.662635803222656,44501.0703125,9376.7578125
57121.716140645,52610.953125,51947.8671875,-7974.833984375,10881.298828125,-42383.734375,-38.601463317871094,44393.06640625,9268.75390625
57121.720099526,52655.2578125,51996.05859375,-7908.60595703125,10939.5029296875,-42327.4765625,-9.544195175170898,44447.94140625,9313.48046875
57121.72607942,52766.8359375,52111.08203125,-7777.44580078125,11054.8154296875,-42207.828125,83.05908203125,44554.58203125,9418.48828125
57121.729117868,52814.421875,52154.59765625,-7728.25,11093.9306640625,-42159.97265625,133.43991088867188,44603.01953125,9469.1826171875
57121.732079371,52721.1484375,52058.53125,-7843.919921875,10998.1982421875,-42254.18359375,71.83850860595703,44515.04296875,9381.3173828125
57121.737089967,52629.3046875,51969.66015625,-7958.71875,10903.7841796875,-42363.3046875,-25.8386173248291,44406.0546875,9268.1064453125
57121.740148472,52665.8515625,51994.60546875,-7907.82373046875,10926.494140625,-42330.94140625,-10.974706649780273,44445.9296875,9309.412109375
57121.743999775,52763.75,52099.76953125,-7781.1787109375,11042.9462890625,-42211.1796875,76.68883514404297,44549.46484375,9412.1181640625
57121.747069585,52818.51171875,52152.90234375,-7724.181640625,11093.70703125,-42154.40625,132.7246551513672,44605.0078125,9470.970703125
57121.751111247,52733.890625,52068.61328125,-7836.56640625,11005.3056640625,-42249.04296875,70.3856430053711,44515.6015625,9385.6767578125
57121.755151814,52619.94140625,51958.44140625,-7965.13330078125,10899.8505859375,-42368.1796875,-32.94647216796875,44399.1484375,9267.189453125
57121.759145339,52662.85546875,52008.62109375,-7898.5029296875,10955.3056640625,-42317.41796875,-8.091331481933594,44444.1640625,9306.685546875
57121.763123548,52767.75390625,52113.515625,-7773.5791015625,11056.8271484375,-42207.55859375,80.9803695678711,44552.68359375,9415.1806640625
57121.768051728,52827.67578125,52170.22265625,-7715.4423828125,11106.224609375,-42150.25,141.08421325683594,44612.02734375,9479.1064453125
57121.772040876,52730.08984375,52067.44921875,-7840.90234375,10996.052734375,-42258.56640625,70.765625,44511.77734375,9385.810546875
57121.775976418,52611.6015625,51941.1640625,-7978.79052734375,10869.4072265625,-42386.55078125,-36.74626922607422,44397.11328125,9267.927734375
57121.780097943,52653.15625,51983.23046875,-7919.15576171875,10921.7998046875,-42336.03515625,-15.333296775817871,44445.01171875,9308.451171875
57121.784288756,52765.2265625,52101.04296875,-7781.357421875,11045.986328125,-42209.45703125,81.42740631103516,44557.62109375,9421.6630859375
57121.788370896,52814.71484375,52154.59765625,-7724.29345703125,11095.115234375,-42155.43359375,135.22805786132812,44609.96875,9475.462890625
57121.793274642,52724.703125,52063.08984375,-7841.79638671875,10996.455078125,-42257.9609375,66.16116333007812,44516.25,9384.447265625
57121.796306892,52616.8125,51946.796875,-7966.072265625,10887.7578125,-42372.0234375,-30.398372650146484,44407.73046875,9275.9296875
57121.800828462,52653.51171875,51985.15234375,-7905.40966796875,10934.65234375,-42321.95703125,-5.722046375274658,44449.4375,9310.91015625
57121.803837007,52762.61328125,52099.94921875,-7771.6123046875,11050.0986328125,-42200.62890625,90.36810302734375,44562.58203125,9421.1708984375
57121.807774372,52832.21484375,52177.59765625,-7703.39453125,11118.47265625,-42131.96484375,154.71878051757812,44623.87109375,9484.0908203125
57121.810993698,52752.41796875,52096.796875,-7817.41064453125,11028.3955078125,-42228.45703125,89.76460266113281,44532.67578125,9398.8857421875
57121.81500801,52634.71484375,51971.5625,-7953.5107421875,10905.9970703125,-42353.6953125,-13.545157432556152,44417.09765625,9282.9921875
57121.818893227,52667.37109375,52001.53515625,-7901.20751953125,10943.302734375,-42312.6796875,5.677342891693115,44450.2890625,9314.888671875
57121.822935253,52773.875,52114.96875,-7767.365234375,11058.97265625,-42194.66015625,96.0230941772461,44568.41796875,9427.4521484375
57121.827906464,52831.3203125,52168.45703125,-7710.7705078125,11107.833984375,-42139.87890625,153.24356079101562,44630.0859375,9491.869140625
57121.831303385,52735.69921875,52063.29296875,-7835.91796875,10993.2138671875,-42249.6484375,87.1270980834961,44542.01953125,9408.6318359375
57121.83536328,52623.29296875,51958.26171875,-7957.2431640625,10897.771484375,-42357.94140625,-9.544195175170898,44431.19921875,9296.134765625
57121.839342948,52671.015625,52021.0703125,-7885.1591796875,10972.9404296875,-42297.48046875,17.143787384033203,44471.6328125,9331.09375
57121.843434934,52777.96875,52123.0390625,-7762.44775390625,11067.0419921875,-42196.0703125,97.49830627441406,44571.92578125,9433.8447265625
57121.847403297,52843.2578125,52186.3828125,-7697.0244140625,11124.060546875,-42133.3515625,160.50787353515625,44635.046875,9501.2568359375
57121.851394269,52759.03515625,52101.9375,-7808.22412109375,11039.4150390625,-42225.77734375,97.20773315429688,44544.8828125,9415.7841796875
57121.855935531,52637.3984375,51980.703125,-7941.14990234375,10923.431640625,-42349.515625,-7.0631513595581055,44427.9140625,9297.521484375
57121.859970993,52667.37109375,52002.51953125,-7896.2900390625,10945.939453125,-42320.16796875,4.559755802154541,44463.453125,9330.6689453125
57121.864393737,52777.96875,52115.953125,-7762.828125,11060.3134765625,-42199.48828125,98.4817886352539,44576.26171875,9441.130859375
57121.868466032,52841.82421875,52183.07421875,-7698.4326171875,11118.6298828125,-42139.87890625,158.1385955810547,44637.52734375,9504.185546875
57121.872440958,52750.7890625,52089.64453125,-7819.19921875,11018.046875,-42242.828125,90.74808502197266,44546.89453125,9420.947265625
