#57097.876896523,52466.33984375,51880.90234375,-8172.177734375,10813.7958984375,-43053.4609375,-252.39590454101562,44337.12109375,9244.1005859375
57097.881846583,52494.03125,51902.44921875,-8127.7646484375,10840.4169921875,-43022.81640625,-241.44354248046875,44368.59375,9272.46484375
57097.8857989,52585.85546875,51997.7109375,-8011.98291015625,10937.7587890625,-42919.953125,-164.1288604736328,44463.56640625,9365.1572265625
57097.888840265,52657.4453125,52070.9140625,-7935.2939453125,11004.3447265625,-42847.66796875,-92.24565124511719,44535.359375,9440.0576171875
57097.894959464,52568.33203125,51980.078125,-8051.8134765625,10909.1484375,-42945.27734375,-157.7139129638672,44444.85546875,9355.61328125
57097.898043497,52442.2890625,51850.37109375,-8189.7236328125,10790.6845703125,-43066.26953125,-259.5931701660156,44328.8515625,9236.2548828125
57097.901073923,52479.39453125,51898.046875,-8131.005859375,10846.3408203125,-43019.3984375,-239.2083740234375,44365.93359375,9267.8154296875
57097.90497555,52585.47265625,52004.84375,-8004.76318359375,10946.8564453125,-42909.6953125,-150.8519287109375,44473.95703125,9376.4453125
57097.908951935,52659.01171875,52087.5234375,-7926.2861328125,11027.724609375,-42831.21875,-81.49446105957031,44541.26171875,9442.896484375
57097.913011831,52581.33984375,52018.56640625,-8027.8076171875,10956.4228515625,-42910.74609375,-134.53515625,44455.5625,9360.4189453125
57097.916977276,52460.37109375,51886.17578125,-8169.7412109375,10824.8828125,-43041.12109375,-243.47755432128906,44333.30078125,9240.099609375
57097.921013467,52474.00390625,51885.52734375,-8143.634765625,10827.251953125,-43028.42578125,-246.53973388671875,44362.58203125,9261.802734375
57097.924061032,52588.8046875,52003.5703125,-8003.8916015625,10948.6669921875,-42900.015625,-144.54873657226562,44480.59765625,9377.25
57097.928026478,52662.609375,52094.33984375,-7922.12890625,11034.408203125,-42820.62109375,-75.16891479492188,44546.01953125,9442.830078125
57097.932041153,52565.7578125,51994.515625,-8043.029296875,10930.986328125,-42926.2109375,-150.49429321289062,44446.9140625,9351.2099609375
57097.936054006,52453.8203125,51881.1484375,-8167.5732421875,10825.6201171875,-43038.26171875,-245.51156616210938,44336.8984375,9238.19921875
57097.941048556,52484.35546875,51904.86328125,-8121.3720703125,10853.671875,-43006.23046875,-233.39691162109375,44367.8984375,9263.6806640625
57097.945017283,52592.87109375,52007.94921875,-7998.57177734375,10955.55078125,-42898.78515625,-151.74598693847656,44467.41015625,9366.23046875
57097.949070614,52649.421875,52063.5390625,-7939.60791015625,11002.4892578125,-42845.74609375,-99.53231811523438,44520.2734375,9423.5849609375
57097.953033871,52563.90625,51979.71875,-8045.15283203125,10913.8203125,-42933.1640625,-151.61187744140625,44442.62109375,9348.0810546875
57097.95796898,52445.93359375,51865.390625,-8175.68701171875,10809.9072265625,-43048.609375,-251.54653930664062,44326.8828125,9229.7724609375
57097.962032886,52478.3203125,51903.76953125,-8123.607421875,10852.95703125,-43009.875,-234.4698028564453,44360.27734375,9257.17578125
57097.966082935,52598.1484375,52024.55859375,-7983.5068359375,10973.6337890625,-42883.83203125,-133.1940460205078,44479.27734375,9374.74609375
57097.969083093,52660.171875,52083.54296875,-7919.37939453125,11026.853515625,-42825.62890625,-76.01828002929688,44540.25390625,9438.203125
57097.974100982,52564.30859375,51985.93359375,-8039.92236328125,10923.38671875,-42931.30859375,-148.54969787597656,44445.73046875,9348.4384765625
57097.978055852,52457.95703125,51882.84765625,-8162.3876953125,10828.212890625,-43040.33984375,-244.66220092773438,44334.03515625,9234.6455078125
57097.981066221,52489.765625,51914.5625,-8118.1982421875,10857.4267578125,-43010.703125,-233.97805786132812,44363.71875,9259.2548828125
57097.984997751,52601.34375,52021.47265625,-7990.01123046875,10958.7919921875,-42902.40625,-146.22511291503906,44473.01953125,9372.220703125
57097.988160918,52654.85546875,52076.61328125,-7927.3369140625,11015.095703125,-42842.1484375,-91.73155975341797,44525.1015625,9434.2470703125
57097.992130374,52564.57421875,51983.140625,-8039.36376953125,10914.6474609375,-42939.578125,-155.4340362548828,44444.05078125,9352.7744140625
57097.997060013,52440.1875,51857.43359375,-8177.05029296875,10792.8974609375,-43064.8828125,-260.1519470214844,44332.25,9239.361328125
57098.001102039,52472.796875,51892.0546875,-8130.8271484375,10834.5390625,-43030.125,-249.4678192138672,44358.46875,9263.703125
57098.005093011,52591.375,52017.26953125,-7993.36376953125,10958.5234375,-42910.51953125,-160.1949462890625,44466.60546875,9371.3037109375
57098.008160633,52653.98046875,52083.609375,-7926.17431640625,11022.271484375,-42841.96875,-97.74417877197266,44527.9140625,9437.0849609375
57098.011667685,52568.26171875,51996.83984375,-8039.58740234375,10929.5556640625,-42932.828125,-154.62936401367188,44443.046875,9354.517578125
57098.015837712,52444.76953125,51870.7109375,-8182.32568359375,10806.017578125,-43061.328125,-262.9012145996094,44319.171875,9225.66015625
57098.020179863,52475.63671875,51896.21484375,-8138.203125,10836.5947265625,-43028.3359375,-249.8031005859375,44348.23046875,9243.2060546875
57098.025106584,52586.01171875,52009.4453125,-8002.4609375,10952.935546875,-42905.9609375,-154.3834991455078,44458.6015625,9350.0927734375
57098.029165385,52661.0234375,52090.94140625,-7920.38525390625,11028.7978515625,-42826.6796875,-83.17083740234375,44528.54296875,9422.5791015625
57098.032789862,52577.78515625,52009.06640625,-8026.53369140625,10944.7109375,-42912.12890625,-139.16195678710938,44442.1953125,9339.36328125
57098.036806726,52457.0859375,51880.09765625,-8169.9423828125,10819.3173828125,-43040.40625,-246.78561401367188,44313.62890625,9212.673828125
57098.041119704,52479.75,51891.7890625,-8131.69873046875,10837.556640625,-43013.31640625,-239.90127563476562,44350.77734375,9243.2060546875
57098.046000476,52574.87890625,51986.515625,-8011.6474609375,10932.8193359375,-42909.875,-159.56910705566406,44454.8046875,9347.857421875
57098.049683665,52633.484375,52051.625,-7943.38525390625,10992.6103515625,-42848.49609375,-102.95213317871094,44513.0078125,9411.6044921875
57098.05399956,52571.97265625,52009.9375,-8021.90673828125,10950.119140625,-42909.62890625,-144.7275390625,44440.23046875,9340.66015625
57098.058005483,52460.23828125,51892.45703125,-8155.4140625,10829.2861328125,-43034.86328125,-243.1646270751953,44328.78515625,9227.0908203125
57098.062994199,52480.46484375,51909.109375,-8119.181640625,10853.8505859375,-43012.421875,-240.482421875,44352.3203125,9248.7275390625
57098.066014414,52601.25390625,52034.48046875,-7976.845703125,10983.6025390625,-42882.29296875,-141.21832275390625,44468.59375,9366.677734375
57098.06904411,52658.7890625,52093.6015625,-7911.556640625,11039.6162109375,-42819.90625,-83.68492889404297,44529.1015625,9432.9501953125
57098.072039162,52577.7421875,52010.7890625,-8017.14599609375,10950.96875,-42911.1015625,-141.3971405029297,44449.55078125,9360.552734375
57098.076221223,52447.05078125,51872.41015625,-8169.31689453125,10809.2138671875,-43052.140625,-251.8594512939453,44329.0078125,9239.8310546875
57098.081133722,52472.10546875,51885.953125,-8137.041015625,10829.0625,-43027.66796875,-245.04217529296875,44356.1640625,9261.892578125
57098.085162255,52579.41796875,51996.328125,-8008.96533203125,10938.4521484375,-42913.0234375,-154.91993713378906,44466.3828125,9371.5048828125
57098.089200999,52650.11328125,52078.1796875,-7929.5498046875,11017.8896484375,-42834.63671875,-83.95315551757812,44536.74609375,9444.5283203125
57098.092204439,52572.21875,52003.3671875,-8030.51220703125,10940.0615234375,-42915.99609375,-134.2445831298828,44453.84375,9368.2646484375
57098.096254488,52448.19140625,51868.140625,-8174.189453125,10809.8623046875,-43045.234375,-239.1413116455078,44342.08203125,9248.9951171875
57098.099821347,52462.5390625,51877.70703125,-8144.10400390625,10829.21875,-43023.93359375,-239.83421325683594,44365.0390625,9264.775390625
57098.104236068,52574.58984375,51997.33203125,-8012.228515625,10944.732421875,-42908.421875,-151.075439453125,44469.5546875,9368.0634765625
57098.109053752,52647.07421875,52075.7421875,-7937.37255859375,11011.966796875,-42839.75390625,-89.98812103271484,44529.90625,9430.513671875
57098.112817898,52576.51171875,52008.30859375,-8027.33837890625,10942.2744140625,-42912.95703125,-138.37965393066406,44453.08203125,9358.630859375
57098.117251947,52460.4140625,51886.3125,-8160.93505859375,10823.5859375,-43036.7421875,-241.86822509765625,44332.91796875,9235.62890625
57098.121276104,52488.51171875,51906.60546875,-8119.830078125,10847.2119140625,-43010.0078125,-233.39691162109375,44360.3671875,9257.0869140625
57098.125244831,52586.01171875,52002.78515625,-7997.96826171875,10944.7109375,-42902.33984375,-148.2367706298828,44464.81640625,9359.1669921875
57098.129299621,52651.8359375,52074.8046875,-7918.79833984375,11017.8232421875,-42827.0390625,-83.57317352294922,44531.359375,9428.703125
57098.134310946,52576.17578125,52000.52734375,-8017.6826171875,10938.18359375,-42913.8984375,-144.23580932617188,44446.2421875,9351.27734375
57098.13827712,52456.97265625,51877.34765625,-8157.984375,10813.6171875,-43046.17578125,-253.60289001464844,44322.28125,9225.7939453125
57098.142269551,52480.421875,51897.734375,-8113.7724609375,10845.6923828125,-43008.53515625,-236.52615356445312,44352.9921875,9251.185546875
57098.14632507,52583.6171875,52007.81640625,-7988.8935546875,10952.2431640625,-42897.37890625,-150.5166473388672,44457.8203125,9356.9765625
57098.148950345,52655.2578125,52084.97265625,-7909.09765625,11032.1728515625,-42815.32421875,-77.64996337890625,44530.77734375,9430.40234375
57098.153146263,52580.37890625,52012.17578125,-8009.59130859375,10954.2099609375,-42897.82421875,-129.41659545898438,44454.3359375,9354.3388671875
57098.156305054,52476.375,51913.1328125,-8137.46533203125,10854.9677734375,-43012.9609375,-225.50674438476562,44341.63671875,9239.0712890625
57098.160365678,52484.17578125,51916.64453125,-8115.51611328125,10863.529296875,-43000.7109375,-230.35707092285156,44357.52734375,9252.125
57098.164337323,52591.8203125,52023.57421875,-7989.94384765625,10969.8115234375,-42888.21484375,-143.02880859375,44468.3046875,9363.66015625
57098.168821332,52653.421875,52074.984375,-7925.8837890625,11016.6611328125,-42830.03125,-84.7578125,44532.7421875,9434.984375
57098.173304976,52570.921875,51988.234375,-8038.11181640625,10919.85546875,-42926.66015625,-146.35922241210938,44445.796875,9352.4619140625
57098.176354,52455.4765625,51882.578125,-8173.7421875,10815.8076171875,-43045.75,-248.3949432373047,44324.359375,9226.263671875
57098.180293553,52474.1640625,51902.73828125,-8137.93505859375,10843.703125,-43020.46875,-244.70689392089844,44346.10546875,9243.2509765625
57098.18429036,52574.54296875,51995.453125,-8019.26953125,10935.009765625,-42918.90234375,-165.15704345703125,44448.27734375,9348.013671875
57098.188327281,52642.62890625,52071.7421875,-7941.8876953125,11012.01171875,-42846.08203125,-103.89090728759766,44509.38671875,9410.3076171875
57098.192333934,52568.44140625,51997.64453125,-8037.70947265625,10934.2724609375,-42927.57421875,-156.0822296142578,44430.328125,9335.4296875
57098.197312803,52447.80859375,51873.4375,-8175.12841796875,10814.265625,-43053.796875,-260.5542907714844,44310.92578125,9217.7255859375
57098.201343525,52470.1171875,51888.12109375,-8140.5498046875,10832.3486328125,-43034.1953125,-260.218994140625,44331.33203125,9236.388671875
57098.205353095,52577.47265625,51995.140625,-8010.32861328125,10937.8935546875,-42918.546875,-166.6322479248047,44444.296875,9346.6279296875
57098.20936376,52642.11328125,52058.59765625,-7936.3447265625,10996.1865234375,-42848.2734375,-98.70530700683594,44515.30859375,9420.4111328125
57098.212914937,52560.23828125,51975.11328125,-8042.2919921875,10905.7294921875,-42939.625,-158.4962158203125,44432.78515625,9342.828125
57098.218327766,52446.35546875,51864.51953125,-8172.06591796875,10803.6708984375,-43051.5625,-255.36868286132812,44317.2734375,9222.9111328125
57098.222356664,52476.0390625,51895.9453125,-8127.0048828125,10843.2333984375,-43017.54296875,-246.2044677734375,44343.04296875,9241.865234375
57098.226320651,52563.66015625,51979.8515625,-8017.615234375,10921.30859375,-42927.62109375,-176.6234893798828,44435.46875,9334.0888671875
57098.230523862,52633.77734375,52058.6875,-7932.65625,10997.9296875,-42846.52734375,-102.41569519042969,44510.52734375,9412.498046875
57098.23296826,52560.93359375,51994.5625,-8020.275390625,10936.57421875,-42913.046875,-146.09100341796875,44439.625,9346.046875
57098.237366571,52446.6484375,51875.0234375,-8156.46435546875,10820.4345703125,-43034.9765625,-246.3385772705078,44320.625,9227.0908203125
57098.240379127,52461.2421875,51879.6953125,-8131.05078125,10828.9287109375,-43021.4296875,-249.82545471191406,44337.58984375,9243.51953125
57098.24437484,52560.28515625,51969.9296875,-8012.34033203125,10923.140625,-42913.58203125,-165.4923095703125,44443.203125,9350.2939453125
57098.248397904,52638.8515625,52059.203125,-7926.509765625,11010.9384765625,-42826.96875,-87.0823974609375,44520.62890625,9426.087890625
57098.253345046,52574.56640625,52004.375,-8024.74560546875,10937.6474609375,-42911.7734375,-142.8052978515625,44439.046875,9345.8681640625
57098.257405306,52455.6328125,51884.8125,-8164.13134765625,10821.26171875,-43040.54296875,-250.38424682617188,44316.82421875,9221.927734375
57098.260438649,52484.9375,51918.3203125,-8117.72900390625,10865.5849609375,-43003.953125,-238.18019104003906,44346.95703125,9247.900390625
57098.264407012,52587.0625,52018.6796875,-7996.6943359375,10964.4921875,-42896.28515625,-150.7848663330078,44455.40625,9356.1943359375
57098.268414759,52657.55859375,52089.9140625,-7922.5087890625,11030.67578125,-42821.875,-81.13683319091797,44526.59765625,9428.0771484375
57098.272436363,52578.3671875,52009.22265625,-8026.421875,10943.3916015625,-42906.83203125,-133.30580139160156,44449.28125,9354.65234375
57098.276452498,52451.1640625,51874.91015625,-8172.9375,10812.41015625,-43037.9921875,-239.61070251464844,44327.0625,9230.1748046875
57098.280478114,52466.65234375,51892.8828125,-8138.91845703125,10840.1708984375,-43010.92578125,-236.3697052001953,44347.22265625,9244.1455078125
57098.285339559,52573.4921875,52003.81640625,-8009.52392578125,10950.208984375,-42897.78125,-152.975341796875,44448.9921875,9348.9072265625
57098.289462907,52642.8515625,52073.77734375,-7932.2763671875,11015.4765625,-42828.7578125,-92.26799774169922,44512.0703125,9417.169921875
57098.293432728,52573.31640625,52002.20703125,-8024.18701171875,10937.916015625,-42903.63671875,-135.54098510742188,44441.8828125,9353.04296875
57098.297485694,52453.33203125,51876.8125,-8161.87353515625,10815.919921875,-43028.5390625,-236.57086181640625,44324.06640625,9235.47265625
57098.301503288,52463.6796875,51883.00390625,-8135.23046875,10828.7275390625,-43016.828125,-244.19281005859375,44346.15234375,9246.044921875
57098.306478875,52560.8203125,51983.875,-8010.462890625,10937.8486328125,-42901.625,-158.67503356933594,44450.04296875,9348.3486328125
57098.310458542,52641.12890625,52072.48046875,-7921.23486328125,11022.7177734375,-42817.203125,-83.39435577392578,44527.6484375,9428.9267578125
57098.314428728,52566.69921875,51991.0078125,-8025.59521484375,10926.0693359375,-42914.72265625,-144.03463745117188,44447.359375,9353.6015625
57098.317413205,52441.5078125,51860.98828125,-8168.6015625,10805.6376953125,-43043.58203125,-251.39007568359375,44323.5078125,9230.935546875
57098.321368804,52451.296875,51868.98828125,-8141.779296875,10821.4853515625,-43026.68359375,-252.30648803710938,44339.46875,9243.6982421875
57098.324417828,52561.82421875,51979.609375,-8009.21142578125,10933.19921875,-42907.83984375,-158.29505920410156,44450.95703125,9353.2666015625
57098.328360663,52644.75,52074.89453125,-7916.38427734375,11027.61328125,-42817.046875,-78.0075912475586,44529.5703125,9431.609375
57098.332469424,52564.015625,51998.83203125,-8020.56591796875,10944.732421875,-42903.4140625,-133.59637451171875,44449.19140625,9355.255859375
57098.336361935,52436.1640625,51865.66015625,-8171.931640625,10816.92578125,-43035.40234375,-243.43284606933594,44320.6484375,9222.9775390625
57098.340934195,52463.03125,51891.49609375,-8133.93408203125,10851.5927734375,-43001.3828125,-232.27932739257812,44344.453125,9236.076171875
57098.344367219,52562.453125,51985.6875,-8014.12841796875,10945.58203125,-42894.3828125,-147.85679626464844,44449.7734375,9340.6826171875
57098.34834178,52636.546875,52060.54296875,-7934.39990234375,11016.4150390625,-42818.4765625,-77.60525512695312,44517.7890625,9417.416015625
57098.352326189,52565.8046875,51990.8046875,-8029.8642578125,10938.4521484375,-42902.296875,-132.88111877441406,44440.2734375,9347.8125
57098.356353993,52450.87109375,51872.9453125,-8168.6015625,10822.55859375,-43028.29296875,-239.7671661376953,44323.98046875,9222.7548828125
57098.360341683,52466.65234375,51890.9609375,-8137.66650390625,10845.6025390625,-43007.41796875,-239.54364013671875,44340.140625,9232.09765625
57098.364520461,52571.52734375,52000.3515625,-8008.11572265625,10951.9970703125,-42895.63671875,-153.60118103027344,44447.0703125,9341.0625
57098.36947672,52646.91796875,52076.61328125,-7927.91796875,11024.0810546875,-42818.140625,-84.06491088867188,44520.7421875,9419.5615234375
57098.373541356,52567.97265625,51988.0546875,-8031.40625,10931.947265625,-42909.984375,-141.41949462890625,44442.3515625,9349.17578125
57098.377597605,52442.98046875,51859.19921875,-8176.1787109375,10804.4755859375,-43043.3359375,-251.0771484375,44317.33984375,9224.744140625
57098.381113409,52473.15625,51889.44140625,-8137.46533203125,10834.9189453125,-43016.66796875,-244.77395629882812,44340.453125,9242.46875
57098.385605076,52584.71484375,52003.32421875,-8001.18701171875,10953.2490234375,-42896.171875,-151.18719482421875,44452.56640625,9348.974609375
57098.389612459,52649.22265625,52078.1796875,-7921.1005859375,11025.1318359375,-42825.51953125,-89.83165740966797,44517.72265625,9415.873046875
57098.394570177,52564.796875,51988.94921875,-8026.19873046875,10929.310546875,-42920.734375,-152.79652404785156,44433.45703125,9337.44140625
57098.397579452,52443.00390625,51861.9921875,-8161.9853515625,10806.95703125,-43046.44140625,-251.90415954589844,44318.390625,9220.318359375
57098.401567871,52470.65234375,51894.46875,-8115.001953125,10846.83203125,-43013.2265625,-240.1918487548828,44345.03515625,9242.6474609375
57098.404632211,52566.1171875,51993.2421875,-7993.251953125,10945.224609375,-42908.578125,-160.4855194091797,44441.05859375,9338.24609375
57098.408237725,52651.03125,52084.37109375,-7900.22412109375,11037.7158203125,-42811.859375,-74.90069580078125,44518.9765625,9417.86328125
57098.413603511,52590.76953125,52027.6640625,-7987.0380859375,10976.13671875,-42877.93359375,-113.54685974121094,44463.90234375,9357.53515625
57098.41660768,52459.8125,51887.20703125,-8142.2041015625,10839.6123046875,-43016.1796875,-224.99266052246094,44338.6875,9231.0244140625
57098.420593183,52466.71875,51887.62890625,-8122.33349609375,10845.87109375,-43002.90234375,-228.9265594482422,44351.62890625,9240.568359375
57098.424569568,52566.07421875,51986.22265625,-8002.4833984375,10945.11328125,-42892.39453125,-144.7946014404297,44454.9140625,9342.1796875
57098.428625452,52646.60546875,52064.34375,-7918.865234375,11019.2978515625,-42810.54296875,-70.89973449707031,44531.0234375,9420.8798828125
57098.432690088,52585.25,52008.5078125,-8005.6572265625,10959.328125,-42878.04296875,-113.85978698730469,44461.84375,9357.37890625
57098.436660638,52460.6171875,51883.5625,-8150.02734375,10836.4609375,-43005.40625,-213.9285430908203,44344.1171875,9239.361328125
57098.441508955,52470.5859375,51893.84375,-8124.52392578125,10851.66015625,-42989.0859375,-217.54953002929688,44359.2265625,9250.2021484375
57098.445542593,52581.25,52003.34375,-7992.9169921875,10963.59765625,-42872.0078125,-127.9413833618164,44468.66015625,9355.2998046875
57098.449587902,52654.31640625,52078.8046875,-7911.265625,11032.9775390625,-42799.12109375,-62.16020202636719,44542.2890625,9434.8056640625
57098.453566475,52591.26171875,52016.6015625,-8001.79052734375,10957.2275390625,-42876.45703125,-108.20479583740234,44474.00390625,9371.52734375
57098.457605219,52462.26953125,51886.87109375,-8150.4296875,10831.23046875,-43012.4453125,-221.52813720703125,44344.05078125,9240.4345703125
57098.462655199,52478.69921875,51902.73828125,-8121.193359375,10850.341796875,-42999.37109375,-226.5796356201172,44357.6640625,9250.1796875
57098.466158605,52580.9140625,52007.97265625,-7993.453125,10954.1875,-42891.0078125,-139.02784729003906,44460.97265625,9356.462890625
57098.470175833,52664.64453125,52106.74609375,-7894.83740234375,11056.1787109375,-42796.9296875,-61.15437316894531,44541.796875,9436.66015625
57098.473820732,52595.8671875,52038.34765625,-7985.0712890625,10986.240234375,-42871.13671875,-106.95309448242188,44478.65234375,9374.1875
57098.477400718,52469.37890625,51900.55078125,-8138.31494140625,10845.625,-43015.62109375,-223.78565979003906,44346.0390625,9242.3125
57098.480637913,52476.3515625,51905.2421875,-8115.404296875,10859.103515625,-43004.33203125,-231.7205352783203,44355.5625,9245.2177734375
57098.484190185,52576.2890625,52002.1171875,-7997.0966796875,10956.892578125,-42900.08203125,-153.02005004882812,44455.2265625,9347.90234375
57098.488265761,52659.48046875,52081.41796875,-7908.740234375,11031.0107421875,-42815.28125,-72.48670959472656,44540.3671875,9438.5380859375
57098.492662249,52577.6953125,52007.45703125,-8007.93701171875,10955.2607421875,-42893.5546875,-123.58279418945312,44463.25390625,9363.369140625
57098.497610485,52462.78515625,51888.1875,-8152.9775390625,10832.83984375,-43025.36328125,-230.64764404296875,44338.39453125,9239.2275390625
57098.500631794,52476.10546875,51895.67578125,-8130.8046875,10841.5126953125,-43014.92578125,-237.62139892578125,44349.3046875,9249.7333984375
57098.503633046,52589.02734375,52015.125,-7993.251953125,10962.2568359375,-42891.6796875,-145.66632080078125,44461.28515625,9363.212890625
57098.50857873,52668.30859375,52094.09375,-7909.20947265625,11034.2958984375,-42814.140625,-74.14073944091797,44538.890625,9444.23828125
57098.512598511,52585.5859375,52005.7578125,-8011.55810546875,10944.21875,-42896.55078125,-121.83935546875,44464.94921875,9373.3603515625
57098.516611728,52451.0078125,51862.73046875,-8165.29345703125,10808.2080078125,-43033.8125,-234.15687561035156,44334.41796875,9241.1943359375
57098.52062604,52471.703125,51878.17578125,-8140.1474609375,10821.26171875,-43024.671875,-242.42701721191406,44346.62109375,9251.677734375
57098.525474356,52579.5078125,51985.44140625,-8016.05078125,10923.07421875,-42919.7734375,-162.51953125,44449.03515625,9356.57421875
57098.528519369,52667.97265625,52085.21875,-7917.0771484375,11021.33203125,-42823.953125,-78.20875549316406,44535.94140625,9446.1826171875
57098.533559503,52599.265625,52019.39453125,-8007.490234375,10951.3046875,-42899.5703125,-125.84032440185547,44459.05078125,9376.4453125
57098.537186167,52469.55859375,51890.51171875,-8153.29052734375,10827.8330078125,-43031.9140625,-238.94015502929688,44331.0625,9241.015625
57098.541527225,52479.953125,51899.07421875,-8124.70263671875,10843.501953125,-43015.86328125,-240.12478637695312,44352.07421875,9251.5439453125
57098.545749764,52579.03515625,51996.328125,-8002.3046875,10939.8828125,-42911.2578125,-160.57493591308594,44451.80859375,9352.283203125
57098.550730456,52651.1640625,52072.41015625,-7917.1220703125,11016.794921875,-42830.01171875,-90.52456665039062,44524.5859375,9427.02734375
57098.554683138,52594.078125,52022.09765625,-7991.37451171875,10964.9609375,-42888.05859375,-124.14158630371094,44464.86328125,9368.8681640625
57098.557709187,52474.1171875,51903.43359375,-8130.4248046875,10847.927734375,-43016.1796875,-229.30654907226562,44340.80859375,9245.0166015625
57098.561657858,52483.6171875,51905.04296875,-8109.1904296875,10855.28125,-43004.95703125,-233.95570373535156,44351.6484375,9253.353515625
57098.56476997,52583.953125,52009.22265625,-7982.6796875,10958.904296875,-42893.109375,-148.77320861816406,44456.92578125,9358.5185546875
57098.568713535,52664.53125,52090.80859375,-7893.42919921875,11037.6044921875,-42810.49609375,-75.03480529785156,44534.75390625,9437.9345703125
57098.572744256,52594.86328125,52015.21484375,-7986.92626953125,10958.970703125,-42887.921875,-123.94042205810547,44462.8515625,9369.806640625
57098.576702043,52476.8203125,51901.62109375,-8122.3779296875,10849.40234375,-43008.04296875,-221.90811157226562,44345.546875,9250.1796875
57098.580746987,52488.37890625,51918.2734375,-8097.36669921875,10868.0888671875,-42993.06640625,-224.0985870361328,44360.0078125,9259.2998046875
57098.584474666,52582.63671875,52006.2265625,-7983.1044921875,10956.1318359375,-42893.19921875,-145.4875030517578,44462.78125,9363.056640625
57098.587757809,52656.8671875,52078.69140625,-7901.1630859375,11027.5234375,-42813.06640625,-72.0396728515625,44539.8515625,9443.0537109375
57098.59265718,52587.1484375,52012.8671875,-7991.1064453125,10960.9150390625,-42884.48046875,-116.3631820678711,44463.87890625,9373.8525390625
57098.596298066,52466.78515625,51892.50390625,-8139.47705078125,10834.8291015625,-43021.02734375,-229.1277313232422,44342.3515625,9245.888671875
57098.600728469,52474.36328125,51895.09375,-8121.037109375,10846.18359375,-43007.8203125,-234.5592041015625,44356.0078125,9254.046875
57098.604995133,52571.37109375,51987.0078125,-8007.244140625,10935.658203125,-42907.703125,-154.6070098876953,44457.73046875,9358.2958984375
57098.60875308,52650.62890625,52062.64453125,-7921.41357421875,11009.1279296875,-42823.8203125,-75.97357940673828,44539.40625,9441.7119140625
57098.613675789,52588.08984375,52012.12890625,-8000.248046875,10956.19921875,-42888.6171875,-119.3359603881836,44470.5625,9375.0146484375
57098.617748813,52462.62890625,51890.04296875,-8146.92041015625,10832.728515625,-43024.87109375,-232.70401000976562,44339.71484375,9242.1337890625
57098.621730668,52470.38671875,51889.70703125,-8132.05615234375,10836.05859375,-43018.078125,-241.0412139892578,44345.19140625,9242.3125
57098.625787646,52582.56640625,51997.4453125,-8001.25390625,10944.46484375,-42901.35546875,-150.67311096191406,44454.6484375,9351.6123046875
57098.629869786,52662.4765625,52084.79296875,-7911.22119140625,11028.931640625,-42816.66796875,-78.34286499023438,44531.29296875,9428.6591796875
57098.634773897,52595.17578125,52024.7578125,-7998.79541015625,10960.625,-42890.515625,-123.56044006347656,44463.36328125,9365.9169921875
57098.638802795,52474.65234375,51903.96875,-8139.92431640625,10843.0771484375,-43014.6796875,-221.10345458984375,44346.15234375,9244.435546875
57098.641841609,52474.921875,51902.76171875,-8125.41796875,10848.7548828125,-43010.03125,-234.51449584960938,44350.66796875,9244.9716796875
57098.644824992,52577.78515625,52002.80859375,-8000.44921875,10952.376953125,-42901.1796875,-153.46707153320312,44453.39453125,9347.7900390625
57098.64876965,52657.3359375,52083.67578125,-7912.875,11027.9033203125,-42821.0703125,-80.39922332763672,44531.625,9427.3623046875
57098.652810218,52587.1484375,52012.26171875,-8002.6396484375,10953.1591796875,-42894.203125,-123.76161193847656,44464.94921875,9366.5654296875
57098.65681833,52463.390625,51889.6640625,-8144.7744140625,10832.0126953125,-43023.3984375,-229.06068420410156,44335.66796875,9245.1064453125
57098.660859262,52477.625,51900.2578125,-8114.7783203125,10851.4814453125,-43003.23828125,-226.1549530029297,44357.125,9258.71875
57098.664885607,52573.89453125,51998.96484375,-7993.095703125,10956.2890625,-42892.70703125,-142.76058959960938,44466.515625,9360.7763671875
57098.668783223,52660.5546875,52090.60546875,-7907.3095703125,11035.0341796875,-42812.93359375,-75.37007904052734,44536.27734375,9434.1572265625
57098.671376407,52595.82421875,52025.78515625,-7996.0458984375,10967.6435546875,-42881.8203125,-118.68775939941406,44468.484375,9371.728515625
57098.67587245,52462.09375,51886.9140625,-8153.13427734375,10832.0126953125,-43022.1015625,-234.134521484375,44334.21484375,9239.33984375
57098.68082324,52465.64453125,51883.5625,-8143.791015625,10832.68359375,-43019.484375,-244.7963104248047,44338.91015625,9241.0380859375
57098.684890793,52558.16015625,51969.21484375,-8033.41796875,10914.3125,-42925.921875,-170.3426513671875,44435.515625,9340.8837890625
57098.688854779,52639.18359375,52058.41796875,-7939.697265625,11000.791015625,-42835.30859375,-91.44098663330078,44519.04296875,9426.8486328125
57098.692958071,52586.30078125,52014.07421875,-8012.6982421875,10956.2216796875,-42889.21875,-123.87336730957031,44459.36328125,9369.6728515625
57098.696876473,52458.671875,51880.5,-8164.01953125,10822.4013671875,-43026.1015625,-232.39108276367188,44334.328125,9241.171875
57098.701863365,52457.44140625,51868.765625,-8154.92236328125,10816.4560546875,-43027.109375,-247.85848999023438,44337.45703125,9239.607421875
57098.705831363,52565.42578125,51980.5703125,-8024.90234375,10931.5234375,-42912.15234375,-162.74305725097656,44442.15234375,9343.833984375
57098.709829264,52662.96875,52088.03515625,-7922.7099609375,11028.283203125,-42817.515625,-77.76171875,44528.49609375,9430.3798828125
57098.713866549,52594.37109375,52024.7578125,-8006.283203125,10963.7314453125,-42881.57421875,-118.4865951538086,44461.0625,9364.9111328125
57098.717867732,52452.4140625,51887.609375,-8156.12939453125,10841.69140625,-43013.05078125,-229.53005981445312,44331.7578125,9236.9697265625
57098.722813416,52460.28125,51892.61328125,-8134.93994140625,10852.5322265625,-43003.01171875,-231.0946807861328,44341.79296875,9242.177734375
57098.725919694,52575.19140625,52002.8984375,-8003.6455078125,10957.451171875,-42890.0234375,-141.2406768798828,44451.44921875,9348.5048828125
57098.728928604,52646.984375,52067.78515625,-7923.7158203125,11017.7109375,-42818.765625,-75.37007904052734,44535.94140625,9431.654296875
57098.731942984,52585.67578125,52011.45703125,-8004.56201171875,10954.6796875,-42887.27734375,-116.20671844482422,44472.70703125,9374.478515625
57098.736351141,52453.44140625,51874.0625,-8155.01171875,10819.8984375,-43023.82421875,-225.08206176757812,44345.4375,9247.6318359375
57098.740666671,52469.69140625,51898.4921875,-8123.4287109375,10856.7783203125,-42998.85546875,-227.4960479736328,44353.88671875,9249.6884765625
57098.744758658,52569.359375,52005.78125,-7999.2197265625,10962.7705078125,-42891.38671875,-147.3426971435547,44451.67578125,9344.794921875
57098.748759111,52645.66796875,52077.640625,-7913.79150390625,11029.423828125,-42813.40234375,-74.63247680664062,44532.140625,9430.2236328125
57098.751777867,52597.20703125,52032.24609375,-7986.54638671875,10978.0146484375,-42869.39453125,-105.65669250488281,44476.91015625,9379.171875
57098.755795096,52473.1328125,51905.1328125,-8132.8388671875,10851.1904296875,-43000.48828125,-209.52525329589844,44353.4375,9254.494140625
57098.75980029,52468.6875,51893.3515625,-8125.0380859375,10847.234375,-43003.75,-228.52423095703125,44351.0234375,9249.7333984375
57098.763774488,52568.12890625,51990.984375,-8003.623046875,10945.3583984375,-42898.65234375,-147.56622314453125,44453.41796875,9351.2099609375
57098.768688445,52658.65234375,52081.0859375,-7909.58935546875,11029.22265625,-42809.06640625,-66.9211196899414,44541.1484375,9444.0146484375
57098.772694734,52583.86328125,52008.75390625,-8006.3056640625,10953.4501953125,-42886.8515625,-117.50312042236328,44467.43359375,9374.1201171875
57098.776723632,52455.09765625,51877.1484375,-8160.599609375,10824.369140625,-43023.33203125,-228.7477569580078,44337.45703125,9242.5361328125
57098.780966228,52466.83203125,51884.90234375,-8139.85693359375,10837.8916015625,-43009.47265625,-229.86534118652344,44349.19140625,9250.068359375
57098.785927228,52569.94140625,51986.53515625,-8012.2958984375,10937.267578125,-42898.67578125,-143.14056396484375,44450.80078125,9354.96484375
57098.788674303,52646.73828125,52056.1171875,-7929.482421875,10996.923828125,-42826.48046875,-76.68883514404297,44533.68359375,9435.5205078125
57098.793914277,52594.97265625,52016.98046875,-7997.4765625,10957.71875,-42877.44140625,-109.63530731201172,44475.0078125,9376.35546875
57098.798007358,52473.69140625,51899.07421875,-8133.9560546875,10852.21875,-42996.62109375,-213.90618896484375,44348.1640625,9248.50390625
57098.802034797,52471.97265625,51893.12890625,-8121.88623046875,10857.6728515625,-42993.40234375,-229.08302307128906,44346.8203125,9243.8095703125
57098.80698194,52583.0390625,52010.7890625,-7992.8720703125,10963.888671875,-42887.3203125,-145.80043029785156,44452.27734375,9349.0869140625
57098.810000696,52668.95703125,52094.765625,-7900.4697265625,11040.443359375,-42801.64453125,-67.56932067871094,44534.2421875,9430.8271484375
57098.81303331,52605.74609375,52033.98828125,-7978.58935546875,10981.6806640625,-42861.6171875,-102.68391418457031,44473.9375,9371.86328125
57098.816096556,52482.76953125,51916.59765625,-8121.93115234375,10864.802734375,-42994.05078125,-210.6875457763672,44346.98046875,9242.916015625
57098.819955517,52472.3515625,51908.44140625,-8117.50537109375,10863.9091796875,-42996.44140625,-229.15008544921875,44340.9453125,9233.5947265625
57098.824953349,52572.82421875,51994.2265625,-8000.18115234375,10946.8564453125,-42898.3828125,-149.2873077392578,44446.1328125,9344.03515625
57098.829026372,52655.4140625,52076.5234375,-7907.734375,11026.3837890625,-42814.2734375,-75.012451171875,44528.38671875,9431.4970703125
57098.833059282,52607.87109375,52037.6328125,-7976.8681640625,10980.8984375,-42866.82421875,-103.51092529296875,44472.23828125,9377.0712890625
57098.836026619,52488.2421875,51916.41796875,-8119.87451171875,10859.6171875,-42994.40625,-203.66909790039062,44348.07421875,9253.8681640625
57098.839987688,52483.52734375,51909.82421875,-8111.56005859375,10862.7470703125,-42993.4921875,-221.2822723388672,44355.76171875,9251.2529296875
57098.844031173,52587.57421875,52010.98828125,-7986.52392578125,10965.69921875,-42884.70703125,-139.38548278808594,44460.234375,9354.2724609375
57098.847945929,52676.4453125,52098.0703125,-7894.23388671875,11047.908203125,-42796.37109375,-61.713165283203125,44542.6015625,9439.5439453125
57098.852956524,52609.546875,52026.90234375,-7986.56884765625,10971.8232421875,-42872.03125,-106.77428436279297,44475.5,9378.658203125
57098.856950779,52471.99609375,51886.51171875,-8143.70166015625,10832.19140625,-43013.2265625,-218.1083221435547,44345.7265625,9249.30859375
57098.860994264,52473.26953125,51879.73828125,-8134.4482421875,10832.8623046875,-43010.6796875,-230.46884155273438,44350.51171875,9249.7998046875
57098.865059994,52562.67578125,51974.2421875,-8017.74951171875,10929.9140625,-42908.46484375,-155.724609375,44448.25390625,9347.8798828125
57098.86899663,52650.83203125,52063.3359375,-7922.732421875,11010.3349609375,-42818.36328125,-72.35260009765625,44538.15234375,9438.650390625
57098.873948148,52605.14453125,52025.8984375,-7990.279296875,10971.2421875,-42867.2265625,-101.11929321289062,44483.390625,9386.66015625
#57121.876353526,52636.97265625,51967.87109375,-7955.43310546875,10899.58203125,-42365.78515625,-10.035933494567871,44435.8046875,9308.294921875
57121.881363027,52674.3671875,51999.79296875,-7904.8955078125,10938.6982421875,-42323.8984375,7.219613552093506,44472.6640625,9343.5654296875
57121.885380985,52788.515625,52114.72265625,-7775.25537109375,11051.2392578125,-42209.30078125,94.59258270263672,44575.90625,9448.9990234375
57121.888408129,52852.21875,52185.6015625,-7706.70263671875,11112.818359375,-42145.84765625,156.59632873535156,44630.0859375,9510.220703125
57121.892303557,52760.0625,52090.2265625,-7821.12109375,11015.4091796875,-42242.96484375,91.12805938720703,44544.92578125,9421.7294921875
57121.895423692,52632.74609375,51955.421875,-7963.8369140625,10885.1435546875,-42374.6171875,-20.720067977905273,44425.12109375,9300.091796875
57121.899022642,52664.578125,51988.078125,-7918.708984375,10917.1728515625,-42344.6875,-16.070903778076172,44448.09765625,9320.6328125
57121.903346195,52774.2578125,52105.22265625,-7787.3251953125,11031.7255859375,-42230.203125,68.19517517089844,44548.7265625,9420.8798828125
57121.9074896,52843.01171875,52175.87890625,-7712.06689453125,11100.1669921875,-42157.19921875,136.25624084472656,44614.7734375,9489.0751953125
57121.911463068,52763.125,52094.8984375,-7813.9912109375,11017.1298828125,-42240.52734375,85.36131286621094,44535.828125,9410.9111328125
57121.915475191,52643.07421875,51974.734375,-7947.63232421875,10905.103515625,-42364.35546875,-24.452808380126953,44411.15234375,9283.9755859375
57121.919434801,52673.515625,52003.90234375,-7898.16748046875,10940.9111328125,-42329.12890625,-11.309982299804688,44443.60546875,9312.7421875
57121.923454583,52774.94921875,52101.625,-7774.1826171875,11044.1533203125,-42217.21484375,76.4876708984375,44550.24609375,9418.265625
57121.927454307,52848.015625,52189.82421875,-7693.33642578125,11129.6044921875,-42137.21875,146.5380401611328,44617.078125,9488.2705078125
57121.931422669,52766.90234375,52111.4140625,-7798.23291015625,11043.728515625,-42227.453125,90.16693878173828,44534.0859375,9409.4365234375
57121.935070485,52645.578125,51982.3125,-7939.697265625,10916.6591796875,-42359.5078125,-18.194320678710938,44410.2109375,9287.41796875
57121.939519486,52675.6640625,52009.11328125,-7894.2783203125,10950.298828125,-42326.3359375,-9.991230010986328,44446.890625,9314.7763671875
57121.944471369,52772.109375,52103.390625,-7779.6142578125,11044.3095703125,-42222.578125,69.06688690185547,44547.4296875,9413.5263671875
57121.947496689,52841.6015625,52168.76953125,-7714.3916015625,11101.1953125,-42158.9453125,132.5011444091797,44611.35546875,9483.15234375
57121.952488686,52756.01953125,52086.73828125,-7822.61865234375,11013.330078125,-42250.2265625,74.43131256103516,44527.7578125,9401.45703125
57121.95553771,52635.85546875,51965.7734375,-7955.90234375,10899.4482421875,-42369.54296875,-25.8386173248291,44415.0625,9284.3115234375
57121.960520226,52674.8828125,52003.14453125,-7898.927734375,10943.2802734375,-42324.99609375,-3.1515960693359375,44454.84765625,9317.861328125
57121.965375836,52777.33984375,52103.90625,-7776.10498046875,11040.80078125,-42218.51171875,80.71215057373047,44558.40234375,9421.908203125
57121.969441201,52833.2421875,52166.8046875,-7716.09033203125,11093.3720703125,-42164.375,133.52932739257812,44612.98828125,9482.1689453125
57121.972354203,52755.94921875,52093.9609375,-7817.65673828125,11020.1025390625,-42246.0703125,79.92984008789062,44533.234375,9407.4248046875
57121.975323363,52640.14453125,51974.421875,-7947.18505859375,10910.69140625,-42358.8359375,-12.27110767364502,44424.60546875,9294.8837890625
57121.979329652,52665.4921875,51993.7109375,-7902.951171875,10937.46875,-42329.53125,-4.827976703643799,44452.12109375,9319.0234375
57121.983336305,52783.77734375,52114.27734375,-7769.623046875,11050.45703125,-42214.04296875,82.83556365966797,44557.44140625,9424.478515625
57121.987590206,52841.89453125,52170.984375,-7710.390625,11099.65234375,-42157.8046875,139.51959228515625,44613.546875,9482.03515625
57121.991546534,52752.95703125,52082.76171875,-7823.49072265625,11005.5966796875,-42254.05078125,78.92401123046875,44523.89453125,9399.6240234375
57121.995576161,52639.18359375,51968.921875,-7952.54931640625,10900.3642578125,-42369.609375,-21.502378463745117,44414.66015625,9288.5576171875
57121.998583248,52668.109375,51994.875,-7907.6669921875,10933.8701171875,-42336.55078125,-11.533499717712402,44449.23828125,9316.6767578125
57122.00209103,52770.859375,52103.16796875,-7780.44091796875,11046.1201171875,-42222.0859375,72.37494659423828,44550.06640625,9416.9013671875
57122.007537408,52841.51171875,52185.46875,-7703.93115234375,11123.591796875,-42148.50390625,137.32911682128906,44612.18359375,9479.576171875
57122.011683002,52757.73828125,52105.1796875,-7813.02978515625,11035.2353515625,-42237.82421875,79.48280334472656,44526.10546875,9394.6396484375
57122.015566031,52638.78125,51976.14453125,-7951.34228515625,10908.2998046875,-42365.609375,-25.078657150268555,44408.98046875,9277.0693359375
57122.019571955,52669.2265625,51997.7109375,-7908.22607421875,10934.8759765625,-42333.9140625,-12.181700706481934,44442.578125,9308.0263671875
57122.023569126,52766.96875,52095.94921875,-7789.82861328125,11034.7431640625,-42226.6015625,70.40799713134766,44544.43359375,9410.7998046875
57122.027541865,52839.03125,52179.27734375,-7710.65869140625,11115.2763671875,-42147.61328125,140.5701141357422,44612.96484375,9483.2861328125
57122.032603514,52767.3515625,52108.46484375,-7812.314453125,11038.4091796875,-42231.54296875,87.66354370117188,44535.6484375,9410.6435546875
57122.036606885,52649.51171875,51987.296875,-7950.62744140625,10918.849609375,-42356.01953125,-15.310944557189941,44419.17578125,9290.2568359375
57122.04060041,52667.55078125,51998.83203125,-7914.21630859375,10937.333984375,-42330.5390625,-9.8571195602417,44444.38671875,9309.658203125
57122.044635873,52769.16015625,52096.55078125,-7791.05810546875,11036.7998046875,-42221.21484375,75.97357940673828,44549.953125,9415.76171875
57122.048543335,52845.359375,52182.1796875,-7712.93896484375,11113.98046875,-42145.6015625,144.23580932617188,44617.5234375,9486.1474609375
57122.053611913,52765.0703125,52105.58203125,-7813.923828125,11032.84375,-42229.91015625,92.71503448486328,44540.6796875,9410.5087890625
57122.056627387,52638.203125,51973.125,-7958.58447265625,10904.9462890625,-42363.640625,-18.887224197387695,44410.8828125,9282.1875
57122.059831397,52662.02734375,51992.21484375,-7920.05029296875,10930.8525390625,-42337.64453125,-14.483930587768555,44433.1875,9299.3984375
57122.063081355,52762.72265625,52092.55078125,-7795.2158203125,11029.2001953125,-42230.53515625,68.30693054199219,44546.4921875,9408.4306640625
57122.067637569,52834.18359375,52167.02734375,-7718.70556640625,11098.826171875,-42156.6640625,136.50210571289062,44617.390625,9484.9853515625
57122.071619789,52754.20703125,52087.296875,-7825.9267578125,11012.8837890625,-42246.29296875,78.92401123046875,44535.60546875,9408.810546875
57122.075677861,52635.20703125,51965.48046875,-7966.20654296875,10894.5751953125,-42372.8046875,-26.576223373413086,44415.0625,9289.3623046875
57122.079643306,52663.125,51996.73046875,-7921.3466796875,10935.76953125,-42336.37109375,-15.869738578796387,44441.59375,9309.724609375
57122.082677379,52769.921875,52099.703125,-7792.22021484375,11039.1015625,-42221.75390625,76.64413452148438,44553.57421875,9419.3154296875
57122.086693878,52826.73828125,52158.53515625,-7726.90869140625,11095.4287109375,-42160.73046875,132.41172790527344,44610.23828125,9481.9228515625
57122.090726058,52737.66796875,52066.7109375,-7842.86962890625,10992.54296875,-42263.41796875,66.67525482177734,44520.94140625,9397.58984375
57122.095672471,52621.23828125,51947.109375,-7975.52734375,10879.734375,-42381.14453125,-29.772523880004883,44408.98046875,9284.35546875
57122.09960072,52653.421875,51985.10546875,-7925.66015625,10929.3994140625,-42339.92578125,-19.20014762878418,44434.484375,9303.1982421875
57122.103564706,52763.28125,52095.078125,-7794.83544921875,11039.0791015625,-42222.9375,73.44783020019531,44546.46875,9413.236328125
57122.107691701,52841.51171875,52182.44921875,-7711.8212890625,11118.40625,-42144.68359375,145.1522216796875,44616.20703125,9484.8955078125
57122.111755243,52753.15625,52101.46875,-7821.45654296875,11033.2900390625,-42233.95703125,86.88123321533203,44525.3671875,9398.55078125
57122.116700927,52635.49609375,51976.25390625,-7959.23291015625,10916.189453125,-42356.69140625,-16.272069931030273,44417.56640625,9282.7021484375
57122.120695911,52653.69140625,51991.72265625,-7924.69921875,10936.619140625,-42334.8515625,-15.668572425842285,44442.46484375,9303.5556640625
57122.124694541,52758.296875,52096.1953125,-7796.7802734375,11039.548828125,-42223.25,72.33024597167969,44548.5,9411.7158203125
57122.127727519,52827.65625,52165.53125,-7723.5556640625,11104.2353515625,-42151.94921875,140.0560302734375,44617.43359375,9485.1865234375
57122.133638855,52757.58203125,52095.79296875,-7818.751953125,11031.1220703125,-42228.1015625,95.12902069091797,44546.2890625,9418.533203125
57122.136304244,52631.20703125,51964.85546875,-7963.255859375,10902.48828125,-42360.84765625,-13.902785301208496,44422.4609375,9292.4697265625
57122.139305131,52642.73828125,51972.65625,-7934.04248046875,10916.7265625,-42344.9765625,-19.490720748901367,44436.20703125,9300.6728515625
57122.142521175,52758.56640625,52088.90625,-7793.5390625,11035.1904296875,-42222.98046875,77.85112762451172,44552.5703125,9415.203125
57122.146534757,52835.4765625,52166.421875,-7710.70361328125,11107.5654296875,-42148.21484375,147.9685516357422,44624.96875,9488.896484375
57122.151461843,52765.26953125,52099.2109375,-7807.1962890625,11033.71484375,-42228.63671875,97.36419677734375,44550.2890625,9418.9130859375
57122.155527937,52651.078125,51981.3046875,-7940.099609375,10916.0107421875,-42351.7734375,-1.0952354669570923,44437.01171875,9301.8798828125
57122.159558659,52666.36328125,51989.93359375,-7904.560546875,10930.2939453125,-42331.90234375,-1.9446017742156982,44455.69921875,9317.123046875
57122.163522645,52768.4453125,52098.5859375,-7773.06494140625,11045.025390625,-42211.73828125,83.7296371459961,44556.90625,9417.818359375
57122.166595373,52848.6640625,52186.046875,-7685.021484375,11128.240234375,-42127.47265625,159.0326690673828,44631.8515625,9494.8642578125
57122.170558995,52774.66015625,52105.94140625,-7789.06884765625,11043.9072265625,-42213.3046875,103.73444366455078,44551.98828125,9419.5615234375
57122.17447922,52649.9375,51976.1640625,-7935.1376953125,10918.0,-42345.359375,-5.409121990203857,44426.28125,9294.615234375
57122.179494921,52667.1015625,51992.1015625,-7902.7275390625,10939.3017578125,-42326.8515625,-4.984438896179199,44438.5546875,9306.7744140625
57122.18351142,52776.44921875,52101.6484375,-7771.05322265625,11048.9814453125,-42212.69921875,81.42740631103516,44552.16796875,9412.23046875
57122.187504945,52843.8828125,52174.4921875,-7691.3916015625,11120.171875,-42134.984375,154.56231689453125,44629.03515625,9486.6171875
57122.191281855,52763.66015625,52094.5859375,-7798.814453125,11035.078125,-42224.43359375,94.54788208007812,44543.4296875,9406.10546875
57122.195312576,52659.34765625,51992.4375,-7931.02490234375,10931.5234375,-42343.8359375,-7.621944904327393,44425.23046875,9285.2275390625
57122.200507331,52672.7578125,52002.875,-7900.08984375,10947.9072265625,-42324.078125,-4.000962257385254,44448.1640625,9303.421875
57122.204778372,52769.62890625,52099.546875,-7779.345703125,11044.48828125,-42217.796875,81.06977844238281,44555.23046875,9411.380859375
57122.20756082,52836.91015625,52163.0703125,-7708.08837890625,11101.0166015625,-42149.69140625,147.8120880126953,44625.6171875,9484.9853515625
57122.212540054,52765.3828125,52107.4140625,-7798.45654296875,11049.271484375,-42215.44921875,99.95700073242188,44545.4609375,9407.1337890625
57122.21658281,52642.78515625,51980.16796875,-7944.8603515625,10923.6552734375,-42347.703125,-9.745360374450684,44421.69921875,9286.2783203125
57122.221889519,52656.8203125,51984.32421875,-7917.83740234375,10931.5234375,-42333.78125,-13.209880828857422,44439.37890625,9303.1533203125
57122.224623466,52768.0859375,52094.8984375,-7787.0126953125,11041.515625,-42218.37890625,76.57707977294922,44549.73046875,9412.900390625
57122.227574758,52838.25,52170.89453125,-7707.68603515625,11113.82421875,-42141.98046875,145.19692993164062,44621.078125,9484.9853515625
57122.230599349,52760.46484375,52093.35546875,-7809.38671875,11029.6474609375,-42227.20703125,91.955078125,44543.44921875,9408.8330078125
57122.235690173,52641.734375,51969.75,-7947.56494140625,10908.5009765625,-42353.0,-9.767712593078613,44426.91015625,9290.123046875
57122.239700108,52662.5859375,51984.078125,-7912.38330078125,10926.962890625,-42332.37109375,-8.62777328491211,44446.62109375,9305.9921875
57122.243778237,52770.74609375,52086.16015625,-7789.9404296875,11023.74609375,-42227.18359375,72.55376434326172,44550.625,9412.0732421875
57122.247875693,52826.89453125,52143.35546875,-7728.3837890625,11075.6025390625,-42169.44921875,124.38745880126953,44606.50390625,9474.4794921875
57122.25038172,52758.609375,52085.80078125,-7816.7177734375,11016.705078125,-42240.23828125,77.00176239013672,44524.31640625,9400.16015625
57122.254810299,52651.92578125,51985.0625,-7940.79248046875,10922.1572265625,-42349.87109375,-17.41200828552246,44416.5390625,9283.1044921875
57122.25886363,52663.97265625,51992.32421875,-7913.36669921875,10934.5849609375,-42335.23046875,-20.697715759277344,44437.32421875,9296.626953125
57122.262913679,52764.734375,52085.77734375,-7790.923828125,11027.12109375,-42229.12890625,65.80353546142578,44545.52734375,9405.837890625
57122.267724434,52823.38671875,52137.87890625,-7723.421875,11074.7080078125,-42167.7734375,125.92972564697266,44609.9921875,9473.7646484375
57122.271362039,52751.859375,52069.37109375,-7812.64990234375,11005.9091796875,-42241.51171875,82.09795379638672,44539.984375,9404.49609375
57122.275757797,52639.67578125,51962.5078125,-7942.80419921875,10903.3154296875,-42358.94921875,-16.5179386138916,44424.2265625,9288.916015625
57122.279785601,52672.66796875,52005.0234375,-7894.4794921875,10952.5556640625,-42316.078125,-2.212822675704956,44450.82421875,9311.982421875
57122.283767092,52768.53515625,52097.9609375,-7776.9990234375,11047.3271484375,-42211.1796875,79.23693084716797,44550.37890625,9408.720703125
57122.28767419,52840.91015625,52172.03515625,-7697.9853515625,11113.890625,-42136.3671875,151.18719482421875,44625.32421875,9484.91796875
57122.292811327,52771.84375,52107.34765625,-7788.28662109375,11049.763671875,-42206.3984375,105.16495513916016,44553.375,9418.6455078125
57122.296900396,52656.640625,52001.22265625,-7920.58642578125,10947.884765625,-42323.65234375,5.654991149902344,44434.46484375,9295.8896484375
57122.300842866,52668.4453125,52003.5,-7897.318359375,10954.7021484375,-42309.55078125,6.057322978973389,44450.64453125,9307.5791015625
57122.304927924,52767.57421875,52094.18359375,-7780.88818359375,11045.5166015625,-42208.02734375,84.80252075195312,44546.78125,9407.0
57122.308874406,52852.95703125,52179.56640625,-7691.2353515625,11122.8095703125,-42127.2734375,156.17164611816406,44632.69921875,9490.1259765625
57122.311925253,52776.46875,52108.59765625,-7791.6171875,11046.03125,-42211.29296875,100.78401947021484,44554.87109375,9414.6884765625
57122.31454907,52650.359375,51980.79296875,-7936.63525390625,10925.2646484375,-42338.25,-4.85032844543457,44431.98046875,9292.291015625
57122.31872019,52656.015625,51976.25390625,-7915.736328125,10924.6611328125,-42330.3359375,-9.365381240844727,44447.49609375,9305.7685546875
57122.323671708,52762.54296875,52082.24609375,-7788.30908203125,11028.685546875,-42220.61328125,75.70536041259766,44552.92578125,9412.23046875
57122.327687114,52849.15625,52181.0859375,-7692.4423828125,11127.369140625,-42127.13671875,154.51760864257812,44631.3359375,9490.505859375
57122.331712365,52776.3125,52106.41015625,-7791.90771484375,11044.48828125,-42211.62890625,101.76749420166016,44555.25390625,9417.259765625
57122.335454995,52653.78125,51978.2421875,-7936.4560546875,10919.900390625,-42342.96484375,-4.671514511108398,44432.02734375,9295.0400390625
57122.338461717,52668.5546875,51989.28515625,-7906.5048828125,10938.4521484375,-42325.0859375,-5.610287666320801,44448.54296875,9309.30078125
57122.342481134,52776.76171875,52103.8828125,-7774.27197265625,11052.5126953125,-42210.12890625,80.19805908203125,44554.69140625,9413.794921875
57122.3467354,52839.16796875,52162.78125,-7703.193359375,11106.9619140625,-42144.19140625,143.43113708496094,44624.140625,9486.9970703125
57122.351686918,52771.375,52095.79296875,-7795.751953125,11032.0615234375,-42223.09375,93.56439971923828,44549.44140625,9415.650390625
57122.355691383,52667.640625,51996.21484375,-7926.19677734375,10925.8232421875,-42343.32421875,-6.52670955657959,44430.171875,9295.375
57122.35942672,52675.37109375,51999.6328125,-7900.537109375,10943.212890625,-42322.828125,-6.727875232696533,44444.9453125,9303.3544921875
57122.363768142,52782.2578125,52108.46484375,-7770.583984375,11056.3798828125,-42203.58203125,83.12613677978516,44549.55078125,9409.0341796875
57122.366761736,52863.53125,52189.4453125,-7685.669921875,11128.77734375,-42126.37890625,155.8587188720703,44622.484375,9487.689453125
57122.37181901,52778.75,52109.42578125,-7790.25341796875,11042.41015625,-42215.875,94.61493682861328,44548.27734375,9412.296875
57122.376910927,52654.0703125,51981.86328125,-7933.01416015625,10921.2412109375,-42342.16015625,-10.527671813964844,44426.6171875,9288.4462890625
57122.381015312,52666.72265625,51987.83203125,-7906.57177734375,10934.6748046875,-42324.90625,-11.108817100524902,44442.66796875,9301.701171875
57122.384998991,52761.875,52077.30859375,-7790.3876953125,11023.74609375,-42224.48046875,66.22821807861328,44540.34375,9399.4892578125
57122.388968448,52848.6875,52175.07421875,-7691.48095703125,11120.41796875,-42128.1640625,148.4602813720703,44623.15625,9481.7890625
57122.392985312,52774.703125,52097.7578125,-7790.41015625,11034.966796875,-42211.3125,99.7558364868164,44551.71875,9413.34765625
57122.395939156,52647.92578125,51965.1015625,-7941.84326171875,10906.8466796875,-42345.24609375,-8.918346405029297,44425.4765625,9287.9765625
57122.398971041,52661.55859375,51983.83203125,-7910.77392578125,10934.2275390625,-42323.18359375,-9.186567306518555,44439.87109375,9297.5654296875
57122.403019631,52773.8984375,52101.37890625,-7776.1943359375,11051.529296875,-42203.625,81.33799743652344,44549.70703125,9407.603515625
57122.407014614,52844.80078125,52169.10546875,-7702.0537109375,11114.3154296875,-42132.97265625,145.53221130371094,44619.3359375,9483.4208984375
57122.412007706,52768.8046875,52096.3046875,-7797.763671875,11037.470703125,-42212.3203125,95.15137481689453,44544.76953125,9415.248046875
57122.416001595,52653.6484375,51974.78125,-7934.7353515625,10918.8720703125,-42338.203125,-6.303192138671875,44425.90234375,9295.3974609375
57122.419045514,52669.62890625,51990.13671875,-7908.8740234375,10936.2841796875,-42324.390625,-10.550023078918457,44438.0859375,9305.34375
57122.423039039,52771.9765625,52090.71875,-7789.29248046875,11032.3291015625,-42218.3984375,71.88320922851562,44537.81640625,9406.0830078125
57122.426984062,52845.22265625,52160.38671875,-7709.94384765625,11101.5302734375,-42144.4375,137.15029907226562,44609.25390625,9480.849609375
57122.430998738,52780.359375,52110.1875,-7794.34375,11044.1083984375,-42215.1796875,88.62466430664062,44545.1484375,9414.0185546875
57122.435085984,52667.4375,51997.7578125,-7927.58251953125,10930.181640625,-42337.98046875,-9.253622055053711,44430.12890625,9299.95703125
57122.439991189,52680.15625,52003.2109375,-7901.83349609375,10941.4248046875,-42321.328125,-7.912517547607422,44447.7421875,9311.9599609375
57122.444023369,52779.890625,52102.7890625,-7780.9326171875,11045.337890625,-42214.30859375,69.08924102783203,44544.45703125,9406.84375
57122.446991071,52846.96875,52168.9921875,-7704.73583984375,11106.9619140625,-42145.2421875,132.2105712890625,44612.359375,9475.4404296875
57122.451993279,52769.18359375,52091.34375,-7804.02197265625,11022.7177734375,-42228.5234375,81.51681518554688,44537.9296875,9408.609375
57122.455657141,52649.9140625,51966.421875,-7945.39697265625,10901.884765625,-42354.25390625,-18.99898338317871,44420.0,9291.9326171875
57122.46090842,52647.7890625,51949.76953125,-7934.869140625,10890.306640625,-42354.5,-31.314794540405273,44426.75390625,9296.3359375
57122.464994936,52754.38671875,52069.9296875,-7796.154296875,11023.27734375,-42224.8359375,58.96390151977539,44532.1171875,9399.3779296875
57122.468083345,52849.08984375,52181.53515625,-7688.93310546875,11129.0009765625,-42122.0859375,149.13084411621094,44623.26953125,9488.8076171875
57122.473076071,52774.50390625,52100.8203125,-7788.30908203125,11039.302734375,-42206.28515625,97.99005126953125,44550.1796875,9419.4052734375
57122.476080605,52645.53125,51973.796875,-7935.7412109375,10918.1123046875,-42340.41796875,-15.266241073608398,44415.10546875,9288.53515625
57122.480077047,52657.35546875,51980.27734375,-7914.5068359375,10930.0478515625,-42330.2265625,-25.033954620361328,44418.66015625,9291.1953125
57122.483100909,52756.95703125,52078.19921875,-7793.8076171875,11029.2451171875,-42220.703125,59.41093826293945,44534.12890625,9395.869140625
57122.487071095,52839.14453125,52156.41015625,-7706.412109375,11100.9716796875,-42136.4140625,138.2902374267578,44621.078125,9481.900390625
57122.491148859,52777.23046875,52099.703125,-7789.62744140625,11041.0693359375,-42201.546875,99.15233612060547,44560.125,9421.55078125
57122.495154783,52645.77734375,51972.12109375,-7935.96435546875,10919.765625,-42330.47265625,-5.006790637969971,44440.09765625,9294.7939453125
57122.500142769,52644.81640625,51956.765625,-7924.900390625,10912.859375,-42325.015625,-11.82407283782959,44452.3671875,9303.17578125
57122.503168089,52748.375,52059.60546875,-7808.5146484375,11006.177734375,-42227.65234375,57.60044479370117,44542.2421875,9395.734375
57122.507081021,52836.08203125,52160.76953125,-7710.94970703125,11101.5751953125,-42134.9375,137.82086181640625,44623.78125,9476.6923828125
57122.511127788,52791.0,52128.24609375,-7778.67529296875,11064.91796875,-42185.49609375,111.60225677490234,44571.14453125,9424.859375
57122.515142829,52662.90234375,51994.42578125,-7932.09765625,10934.1162109375,-42325.21875,-1.9893052577972412,44439.8046875,9296.380859375
57122.519177197,52663.05859375,51987.3203125,-7918.10546875,10932.1484375,-42325.5078125,-18.37313461303711,44439.671875,9291.9775390625
57122.523251679,52763.9296875,52086.91796875,-7792.9580078125,11030.7197265625,-42221.3046875,60.70733642578125,44533.97265625,9389.6552734375
57122.528163813,52842.05078125,52167.921875,-7705.9873046875,11104.7265625,-42139.54296875,134.8480682373047,44611.80078125,9469.8525390625
57122.532163537,52783.3984375,52107.90625,-7788.80078125,11036.7548828125,-42208.1640625,95.91133880615234,44559.96875,9413.83984375
57122.536191706,52662.02734375,51986.1328125,-7931.2705078125,10920.5263671875,-42334.515625,-9.477139472961426,44434.1484375,9289.3623046875
57122.540171374,52670.9453125,51999.07421875,-7905.61083984375,10945.783203125,-42317.55078125,-16.920270919799805,44439.26953125,9291.59765625
57122.54376777,52766.0078125,52090.94140625,-7786.31982421875,11038.587890625,-42216.41015625,59.43328857421875,44537.32421875,9388.4921875
57122.54816207,52851.19140625,52176.125,-7691.14599609375,11120.9091796875,-42127.29296875,141.2406768798828,44625.34765625,9477.4306640625
57122.55312854,52792.09375,52123.91015625,-7775.70263671875,11057.3408203125,-42196.80859375,99.42056274414062,44560.953125,9416.9912109375
57122.557134464,52672.1328125,51995.03125,-7924.36376953125,10928.1474609375,-42331.03125,-7.197261810302734,44437.97265625,9294.5927734375
57122.561223898,52661.625,51976.8359375,-7920.43017578125,10918.24609375,-42335.74609375,-25.525691986083984,44435.9609375,9287.2841796875
57122.565123702,52758.25390625,52073.28515625,-7797.3837890625,11020.125,-42223.49609375,62.33901596069336,44543.78515625,9394.5048828125
57122.568132612,52827.96875,52146.21875,-7715.419921875,11089.884765625,-42146.11328125,128.3213653564453,44616.18359375,9473.8759765625
57122.571253841,52781.609375,52110.20703125,-7786.27490234375,11042.6337890625,-42204.4296875,92.35740661621094,44554.203125,9416.677734375
57122.5751923,52656.53125,51976.07421875,-7935.7412109375,10910.5791015625,-42340.8203125,-16.160310745239258,44421.27734375,9286.5244140625
57122.579189107,52650.00390625,51965.859375,-7928.7001953125,10908.947265625,-42344.171875,-38.087371826171875,44421.85546875,9277.0693359375
57122.583898484,52751.59375,52072.5,-7800.04345703125,11014.1796875,-42232.66015625,45.9775390625,44528.4296875,9382.5244140625
57122.588046629,52833.80078125,52149.48046875,-7708.87060546875,11089.884765625,-42145.53125,126.35440826416016,44613.390625,9472.1328125
57122.5910384,52779.15234375,52104.84375,-7784.88916015625,11042.41015625,-42201.97265625,92.89385223388672,44553.64453125,9416.0966796875
57122.594741281,52668.84765625,51998.60546875,-7920.38525390625,10935.3896484375,-42320.1015625,-0.8940697908401489,44438.64453125,9298.9736328125
57122.598932094,52661.046875,51986.11328125,-7913.5009765625,10930.025390625,-42320.92578125,-14.439227104187012,44440.1640625,9293.3857421875
57122.602937288,52758.43359375,52080.078125,-7790.85693359375,11028.6640625,-42212.36328125,67.92694854736328,44543.3828125,9395.0859375
57122.607469434,52842.0703125,52160.58984375,-7700.55615234375,11100.0107421875,-42131.83203125,145.6439666748047,44629.4609375,9483.15234375
57122.612150366,52788.91796875,52110.65625,-7778.7646484375,11041.6279296875,-42194.90625,108.85299682617188,44569.69140625,9428.8154296875
57122.616209896,52663.703125,51996.03515625,-7921.9501953125,10934.5185546875,-42318.3125,1.9222500324249268,44441.3046875,9300.091796875
57122.619235216,52672.5546875,52004.88671875,-7900.24658203125,10956.2890625,-42301.59375,-2.8833749294281006,44449.9296875,9304.6513671875
57122.624287385,52770.81640625,52100.59765625,-7780.26220703125,11051.171875,-42199.7578125,74.52071380615234,44550.58203125,9405.2783203125
57122.627256545,52847.61328125,52178.31640625,-7692.68798828125,11123.703125,-42122.2421875,143.81112670898438,44628.51953125,9485.3427734375
57122.632301785,52786.90625,52119.86328125,-7774.51806640625,11057.1396484375,-42192.11328125,102.05806732177734,44564.19140625,9428.2783203125
57122.637189486,52660.6640625,51984.03515625,-7927.068359375,10917.44140625,-42331.05078125,-5.923212051391602,44433.703125,9301.0751953125
57122.64127272,52661.06640625,51980.03125,-7917.63623046875,10919.296875,-42329.9140625,-22.172929763793945,44441.50390625,9295.9560546875
57122.645187476,52773.765625,52102.51953125,-7779.94921875,11046.4560546875,-42205.01171875,68.46339416503906,44550.4453125,9401.76953125
57122.648536989,52855.88671875,52186.1171875,-7686.0048828125,11126.6982421875,-42120.54296875,142.02297973632812,44630.51171875,9487.6005859375
57122.652327027,52786.55078125,52107.2578125,-7776.66357421875,11042.455078125,-42197.0546875,98.54884338378906,44567.45703125,9432.32421875
57122.65531661,52661.08984375,51983.296875,-7925.16845703125,10919.2744140625,-42327.25390625,-5.3644185066223145,44441.94921875,9301.5888671875
57122.659311229,52666.0078125,51984.6796875,-7914.126953125,10920.5478515625,-42328.01171875,-21.480026245117188,44441.75,9298.7275390625
57122.662931694,52766.27734375,52078.42578125,-7790.9462890625,11018.5830078125,-42220.1875,60.70733642578125,44545.171875,9404.294921875
57122.668056067,52854.69921875,52179.03125,-7690.0283203125,11115.5,-42122.80078125,146.7615509033203,44632.96875,9492.0703125
57122.672161546,52791.8046875,52122.34765625,-7768.84033203125,11054.591796875,-42184.359375,113.36804962158203,44576.62109375,9439.3427734375
57122.675135813,52665.0,51998.8515625,-7913.23291015625,10937.87109375,-42311.94140625,7.778407096862793,44450.22265625,9313.2568359375
57122.679011913,52655.5234375,51988.34765625,-7906.23681640625,10936.0380859375,-42314.22265625,-11.332334518432617,44444.87890625,9303.33203125
57122.683277119,52761.6953125,52090.26953125,-7778.45166015625,11037.984375,-42204.36328125,73.06785583496094,44544.859375,9406.10546875
57122.68734686,52851.83984375,52181.375,-7678.0029296875,11126.720703125,-42109.16796875,156.8645477294922,44641.59765625,9499.7373046875
57122.691344396,52787.78125,52118.390625,-7762.783203125,11058.279296875,-42175.86328125,117.25724792480469,44583.48046875,9441.533203125
57122.695356155,52656.77734375,51975.78515625,-7923.38037109375,10913.91015625,-42323.80859375,-1.3187528848648071,44446.69140625,9306.0146484375
57122.700232551,52651.58984375,51964.49609375,-7917.345703125,10907.0478515625,-42327.36328125,-16.58499526977539,44446.2421875,9301.767578125
57122.704332925,52764.1328125,52091.87890625,-7774.29443359375,11040.755859375,-42194.03515625,83.61787414550781,44561.80078125,9412.9677734375
57122.707401276,52854.34375,52189.55859375,-7674.56103515625,11134.72265625,-42100.0234375,163.8606414794922,44648.4140625,9501.5703125
57122.712335655,52794.28515625,52128.8046875,-7757.48583984375,11067.6455078125,-42168.265625,124.36510467529297,44587.73046875,9447.3671875
57122.716351061,52669.6953125,51994.62890625,-7910.55078125,10930.31640625,-42309.08203125,14.550985336303711,44460.8828125,9325.908203125
57122.721267935,52655.97265625,51970.7109375,-7915.4677734375,10913.6416015625,-42323.1640625,-13.567508697509766,44447.7421875,9310.373046875
57122.725398212,52753.4921875,52071.29296875,-7795.64013671875,11021.689453125,-42216.74609375,59.120365142822266,44538.2890625,9398.4169921875
57122.728362268,52848.59765625,52168.390625,-7699.70654296875,11105.083984375,-42134.15625,130.13185119628906,44617.61328125,9481.6103515625
57122.731405092,52794.28515625,52116.421875,-7775.63525390625,11041.560546875,-42196.47265625,97.92298889160156,44558.91796875,9429.2626953125
57122.735316566,52673.8984375,51998.7421875,-7915.7138671875,10928.70703125,-42319.0703125,-0.7152557969093323,44433.16796875,9303.3544921875
57122.739354945,52678.34375,52007.703125,-7899.53125,10946.07421875,-42311.671875,-14.506281852722168,44442.33203125,9300.404296875
57122.743356128,52773.96484375,52099.92578125,-7781.0224609375,11039.7275390625,-42210.91015625,60.1932487487793,44540.6796875,9398.5283203125
57122.747379921,52856.15234375,52182.5625,-7689.96142578125,11117.8251953125,-42126.625,132.88111877441406,44620.05078125,9483.0849609375
57122.751378916,52801.50390625,52131.3984375,-7765.2197265625,11060.5595703125,-42184.1328125,103.73444366455078,44566.31640625,9433.4638671875
57122.755442093,52681.296875,52005.15625,-7908.85205078125,10934.2275390625,-42313.57421875,4.671514511108398,44448.09765625,9316.2744140625
57122.759377635,52662.69921875,51971.44921875,-7921.56982421875,10902.2421875,-42338.62890625,-27.514997482299805,44432.18359375,9298.2138671875
57122.763381736,52748.62109375,52055.46875,-7809.54296875,10991.26953125,-42239.43359375,44.502323150634766,44525.234375,9390.2587890625
57122.7673924,52838.09375,52163.1171875,-7700.1982421875,11105.5986328125,-42131.4296875,128.4778289794922,44612.4296875,9477.1171875
57122.771438073,52801.703125,52135.51171875,-7757.44091796875,11071.6240234375,-42174.1875,109.38943481445312,44569.84765625,9440.125
57122.775232852,52684.42578125,52006.85546875,-7905.119140625,10938.7421875,-42309.81640625,4.000962257385254,44448.27734375,9321.9287109375
57122.779252998,52660.015625,51970.48828125,-7917.6806640625,10909.8193359375,-42329.5546875,-25.0116024017334,44435.2890625,9307.0654296875
57122.784178989,52752.77734375,52067.828125,-7798.61328125,11012.615234375,-42223.80859375,50.76081085205078,44529.2109375,9400.5625
57122.786933723,52846.02734375,52164.92578125,-7698.5888671875,11105.5986328125,-42130.578125,131.96470642089844,44616.33984375,9486.3935546875
57122.792179167,52794.73046875,52121.71875,-7764.88427734375,11061.0068359375,-42180.42578125,104.33794403076172,44564.26171875,9436.4814453125
57122.796357581,52681.7421875,52015.39453125,-7899.3525390625,10954.6123046875,-42297.30078125,11.980534553527832,44448.92578125,9318.912109375
57122.800370433,52681.296875,52011.32421875,-7894.4794921875,10952.220703125,-42299.11328125,-2.5928022861480713,44450.6015625,9312.630859375
57122.805255946,52774.66015625,52103.390625,-7774.87548828125,11050.9931640625,-42189.6328125,82.45558166503906,44552.92578125,9412.5654296875
57122.809264058,52860.890625,52186.8984375,-7680.72998046875,11129.1123046875,-42104.13671875,156.35044860839844,44635.5859375,9500.6982421875
57122.813132865,52807.76171875,52128.46875,-7758.89404296875,11062.19140625,-42172.734375,114.88796997070312,44582.921875,9451.7255859375
57122.816323017,52673.2734375,51988.94921875,-7918.865234375,10924.4599609375,-42315.47265625,1.2069941759109497,44447.80859375,9318.2412109375
57122.819998913,52655.5234375,51967.08984375,-7926.4873046875,10909.484375,-42330.96484375,-25.771560668945312,44434.171875,9301.298828125
57122.823261999,52758.72265625,52072.90234375,-7800.64697265625,11015.7890625,-42222.46875,55.25351333618164,44536.72265625,9402.685546875
57122.827434578,52852.17578125,52171.6328125,-7696.10791015625,11111.2314453125,-42125.23828125,136.07742309570312,44624.67578125,9493.814453125
57122.831446337,52795.89453125,52117.80859375,-7771.4111328125,11051.2392578125,-42187.0625,98.81706237792969,44566.515625,9441.8017578125
57122.835548534,52674.3671875,51990.06640625,-7918.8876953125,10922.1796875,-42321.7109375,-4.671514511108398,44443.2265625,9320.87890625
57122.84046942,52660.5546875,51968.3203125,-7924.7216796875,10907.583984375,-42338.203125,-34.287574768066406,44426.5078125,9301.0078125
57122.843541783,52768.15625,52079.36328125,-7791.728515625,11019.0966796875,-42222.578125,53.06304168701172,44533.9296875,9406.9775390625
57122.846755639,52852.0390625,52172.5703125,-7691.95068359375,11111.2978515625,-42128.8828125,130.7353515625,44618.23828125,9493.478515625
57122.851479967,52809.08203125,52132.3828125,-7754.9599609375,11064.560546875,-42179.3515625,105.32141876220703,44566.5859375,9453.2236328125
57122.855519076,52670.03125,51990.24609375,-7914.39501953125,10921.666015625,-42323.98828125,-7.040799617767334,44438.5078125,9323.001953125
57122.859544327,52646.13671875,51956.765625,-7928.8564453125,10894.9775390625,-42344.6640625,-35.58397674560547,44431.421875,9303.33203125
57122.86354551,52748.23828125,52057.125,-7807.71044921875,10997.3037109375,-42235.3203125,45.79872512817383,44532.8125,9402.462890625
57122.867600665,52835.546875,52147.625,-7714.12353515625,11079.603515625,-42148.9296875,122.06287384033203,44617.078125,9488.740234375
57122.872520821,52786.41796875,52097.73828125,-7780.06103515625,11032.5751953125,-42196.875,96.20191192626953,44568.55078125,9443.03125
