#57080.872995625,52696.11328125,52097.78125,-8009.79248046875,11036.083984375,-43202.03125,-236.95083618164062,44542.2890625,9422.9365234375
57080.87788369,52573.94140625,51978.421875,-8158.87841796875,10912.0322265625,-43332.12109375,-333.84564208984375,44417.85546875,9299.1083984375
57080.881468053,52494.61328125,51895.23046875,-8243.703125,10833.80078125,-43411.58203125,-410.0427551269531,44349.01171875,9218.775390625
57080.88555931,52578.0078125,51981.73046875,-8133.12939453125,10930.1591796875,-43315.6015625,-347.279052734375,44432.98828125,9298.9072265625
57080.888554727,52703.78125,52110.72265625,-7991.0615234375,11054.6142578125,-43187.1484375,-242.0917510986328,44553.75390625,9421.1484375
57080.8929782,52727.38671875,52132.8515625,-7975.4599609375,11070.70703125,-43164.390625,-208.18414306640625,44575.03515625,9450.6748046875
57080.896998346,52599.19921875,52005.828125,-8125.50732421875,10943.2802734375,-43294.5703125,-302.91082763671875,44453.4609375,9330.8251953125
57080.900666219,52531.33984375,51944.06640625,-8195.736328125,10883.82421875,-43363.81640625,-369.1614074707031,44384.73046875,9260.953125
57080.905924062,52606.57421875,52014.609375,-8098.8642578125,10959.3505859375,-43284.01953125,-315.18194580078125,44458.3359375,9338.24609375
57080.909823137,52712.6328125,52123.62109375,-7973.2919921875,11065.7900390625,-43169.9140625,-222.31045532226562,44571.76953125,9451.703125
57080.913945391,52736.21484375,52147.22265625,-7957.80224609375,11082.017578125,-43151.98828125,-194.3037109375,44596.9140625,9477.4970703125
57080.917576432,52616.3203125,52027.28515625,-8104.2509765625,10959.775390625,-43280.51171875,-288.9410095214844,44473.53515625,9354.451171875
57080.921740624,52531.47265625,51934.03125,-8198.7763671875,10868.3564453125,-43374.65625,-373.43060302734375,44389.53515625,9265.982421875
57080.926974034,52604.65234375,52004.10546875,-8107.15673828125,10941.3134765625,-43299.171875,-325.12847900390625,44461.93359375,9334.8486328125
57080.93098798,52715.0703125,52119.88671875,-7976.9130859375,11058.5927734375,-43180.39453125,-232.234619140625,44567.27734375,9445.4228515625
57080.935016878,52740.328125,52147.53515625,-7956.86328125,11080.072265625,-43157.796875,-198.63995361328125,44590.90234375,9473.4072265625
57080.938977583,52612.36328125,52016.109375,-8109.1904296875,10949.203125,-43290.390625,-295.1771240234375,44467.85546875,9353.2216796875
57080.943037113,52532.3671875,51939.0390625,-8193.7919921875,10878.99609375,-43369.91796875,-374.5928955078125,44383.58984375,9266.02734375
57080.946949681,52613.45703125,52024.37890625,-8098.52880859375,10958.166015625,-43292.46875,-328.0342102050781,44449.3046875,9328.4560546875
57080.94995385,52722.35546875,52129.02734375,-7972.15185546875,11064.515625,-43178.49609375,-233.88865661621094,44554.29296875,9438.001953125
57080.952977347,52729.0390625,52134.73046875,-7970.76611328125,11064.806640625,-43172.4375,-216.36488342285156,44574.1171875,9455.7490234375
57080.956974154,52610.8203125,52015.21484375,-8113.5712890625,10943.4140625,-43293.921875,-298.6863708496094,44468.21484375,9349.3095703125
57080.961919473,52524.7890625,51929.8984375,-8203.6708984375,10867.306640625,-43377.1796875,-379.8902587890625,44380.52734375,9260.0595703125
57080.965857203,52598.1484375,52006.765625,-8105.27880859375,10948.287109375,-43295.57421875,-327.05072021484375,44453.10546875,9329.037109375
57080.968932484,52709.99609375,52124.515625,-7970.36376953125,11065.208984375,-43170.62890625,-223.94212341308594,44569.66796875,9444.5732421875
57080.972993473,52741.33203125,52161.86328125,-7947.453125,11099.98828125,-43139.24609375,-190.03453063964844,44586.27734375,9467.1484375
57080.978028866,52619.94140625,52031.1953125,-8101.09912109375,10969.1630859375,-43273.55859375,-288.91864013671875,44467.1875,9347.25390625
57080.983095257,52531.60546875,51937.09375,-8199.0224609375,10879.3095703125,-43368.88671875,-375.0399169921875,44384.5078125,9258.830078125
57080.987024599,52600.76171875,52000.75390625,-8114.86767578125,10943.81640625,-43301.9453125,-334.8067932128906,44447.44921875,9321.482421875
57080.990087481,52714.3984375,52115.7734375,-7985.76416015625,11053.8544921875,-43185.73828125,-238.73898315429688,44560.01171875,9433.732421875
57080.993993484,52731.38671875,52131.3984375,-7976.890625,11063.4208984375,-43170.7421875,-213.41445922851562,44577.06640625,9455.6591796875
57080.999075191,52612.80859375,52018.87890625,-8119.29345703125,10949.6279296875,-43292.734375,-305.23541259765625,44456.0546875,9340.90625
57081.002646425,52534.9375,51934.45703125,-8208.8125,10868.826171875,-43379.39453125,-383.7347412109375,44372.37109375,9256.818359375
57081.007077557,52594.3046875,51993.66796875,-8125.015625,10936.4404296875,-43307.01953125,-337.980712890625,44439.3359375,9318.8896484375
57081.011051389,52700.09375,52099.3671875,-8001.34326171875,11040.7783203125,-43196.53515625,-247.6796875,44542.87109375,9422.2216796875
57081.015005165,52722.01953125,52122.50390625,-7986.4345703125,11054.5693359375,-43180.3515625,-221.52813720703125,44553.6640625,9440.572265625
57081.018008605,52602.484375,52003.16796875,-8131.9892578125,10932.640625,-43311.06640625,-320.1216735839844,44440.1640625,9323.359375
57081.022550232,52504.91796875,51902.3828125,-8235.232421875,10837.376953125,-43409.16796875,-410.51214599609375,44351.78515625,9236.0986328125
57081.026013159,52567.52734375,51969.125,-8151.30126953125,10908.9033203125,-43338.4453125,-369.83197021484375,44411.91015625,9294.01171875
57081.029162468,52682.94921875,52082.4921875,-8024.4326171875,11017.6884765625,-43226.484375,-281.1402282714844,44514.81640625,9400.2724609375
57081.034073143,52714.890625,52121.0703125,-7997.36474609375,11051.9541015625,-43192.7578125,-243.0975799560547,44538.5546875,9431.072265625
57081.037933563,52594.83984375,52003.3671875,-8141.53369140625,10933.892578125,-43315.19921875,-329.285888671875,44423.04296875,9312.0498046875
57081.041070108,52502.81640625,51903.34375,-8240.9990234375,10838.4501953125,-43408.453125,-409.0816345214844,44341.5234375,9223.939453125
57081.045103382,52575.796875,51970.21875,-8150.0048828125,10905.416015625,-43334.87109375,-360.5559997558594,44417.140625,9297.2080078125
57081.049100554,52683.8671875,52084.50390625,-8017.32470703125,11027.0322265625,-43205.7421875,-258.6990966796875,44529.2578125,9404.474609375
57081.053163366,52713.03515625,52119.59765625,-7990.39111328125,11055.306640625,-43176.70703125,-222.6904296875,44553.75390625,9436.6826171875
57081.0571857,52597.43359375,52005.84765625,-8130.46923828125,10940.1953125,-43296.87109375,-309.0799255371094,44437.59375,9326.466796875
57081.061232832,52505.609375,51912.70703125,-8229.0849609375,10852.7998046875,-43390.45703125,-397.3469543457031,44356.23046875,9235.5400390625
57081.066128921,52573.0234375,51972.85546875,-8143.7685546875,10915.943359375,-43323.58203125,-356.93499755859375,44422.05859375,9300.091796875
57081.070203767,52686.59375,52081.6875,-8017.92822265625,11020.7734375,-43214.66015625,-269.5396728515625,44525.5703125,9405.3681640625
57081.073396472,52719.8515625,52119.55078125,-7994.52587890625,11047.751953125,-43189.0234375,-236.7943878173828,44549.015625,9433.017578125
57081.078246247,52603.2421875,52003.34375,-8138.404296875,10925.353515625,-43316.09375,-328.74945068359375,44431.89453125,9319.2919921875
57081.082272228,52511.98046875,51910.83203125,-8237.7802734375,10833.3544921875,-43412.609375,-417.6870422363281,44339.35546875,9225.861328125
57081.087183268,52580.625,51983.80859375,-8141.46630859375,10910.8701171875,-43332.07421875,-365.80865478515625,44413.65234375,9301.208984375
57081.091162206,52690.39453125,52093.15625,-8010.462890625,11026.00390625,-43211.28515625,-267.2597961425781,44525.1875,9412.7890625
57081.094230922,52723.47265625,52121.5859375,-7984.17724609375,11053.4072265625,-43179.078125,-225.08206176757812,44553.21875,9444.9306640625
57081.098132914,52600.00390625,51998.83203125,-8132.88330078125,10925.7119140625,-43310.6640625,-321.55218505859375,44442.15234375,9327.9638671875
57081.101184491,52510.640625,51910.4296875,-8230.0908203125,10842.49609375,-43403.22265625,-408.4557800292969,44352.296875,9235.427734375
57081.105191144,52585.31640625,51988.4375,-8134.33642578125,10924.951171875,-43321.4140625,-352.7328796386719,44426.99609375,9304.181640625
57081.10917847,52696.3828125,52100.6640625,-8006.4619140625,11034.2294921875,-43207.015625,-261.1801452636719,44534.8671875,9414.3310546875
57081.113181476,52713.9296875,52123.62109375,-7993.54248046875,11050.92578125,-43189.8046875,-240.54946899414062,44547.1171875,9433.4638671875
57081.117159685,52602.953125,52013.6484375,-8131.3857421875,10936.8203125,-43312.62890625,-330.8952331542969,44430.55078125,9319.3583984375
57081.122176844,52514.484375,51921.3828125,-8225.6435546875,10851.615234375,-43399.98046875,-405.9300231933594,44350.80078125,9234.064453125
57081.125191954,52574.9453125,51983.67578125,-8139.8125,10919.9228515625,-43324.8984375,-358.38787841796875,44417.51953125,9299.9130859375
57081.129182561,52686.16796875,52095.7265625,-8010.41796875,11028.9091796875,-43209.3203125,-263.9964599609375,44525.76953125,9413.1015625
57081.133271266,52705.16796875,52108.30859375,-7999.55517578125,11034.810546875,-43197.5625,-241.6670684814453,44552.59375,9439.052734375
57081.137213007,52587.8203125,51993.82421875,-8144.86376953125,10918.291015625,-43317.66015625,-330.9622802734375,44433.63671875,9318.62109375
57081.141182464,52514.953125,51926.3203125,-8230.8291015625,10854.1416015625,-43394.79296875,-403.0242919921875,44352.8125,9228.8115234375
57081.145244547,52586.03125,51991.36328125,-8141.5556640625,10925.2421875,-43318.953125,-350.96710205078125,44428.6953125,9300.3369140625
57081.150230709,52687.375,52096.39453125,-8019.18017578125,11032.1953125,-43207.5546875,-263.48236083984375,44532.72265625,9403.69140625
57081.154278206,52714.93359375,52125.1171875,-7996.2470703125,11056.5361328125,-43181.0234375,-230.75941467285156,44556.19140625,9433.53125
57081.158263343,52603.04296875,52015.3046875,-8136.951171875,10939.5693359375,-43302.125,-316.34423828125,44442.64453125,9328.03125
57081.162280572,52510.59375,51915.90625,-8238.115234375,10847.0556640625,-43396.671875,-399.4033203125,44356.76953125,9240.6806640625
57081.166285766,52573.8515625,51968.85546875,-8159.4375,10904.25390625,-43333.86328125,-361.13714599609375,44419.578125,9300.4716796875
57081.171244943,52670.5,52059.71484375,-8049.57861328125,10987.8046875,-43239.91796875,-283.39776611328125,44516.09375,9399.6689453125
57081.175254878,52710.77734375,52101.73828125,-8015.96142578125,11025.310546875,-43203.53125,-243.90223693847656,44540.38671875,9430.7373046875
57081.178290774,52608.609375,52014.38671875,-8143.388671875,10936.6416015625,-43307.77734375,-326.0225524902344,44432.36328125,9318.93359375
57081.18331778,52508.40625,51911.90234375,-8251.056640625,10841.0205078125,-43405.65625,-414.4013366699219,44342.57421875,9223.849609375
57081.187334279,52565.42578125,51964.7890625,-8176.46923828125,10892.5419921875,-43347.38671875,-378.6162109375,44403.57421875,9286.2333984375
57081.190285935,52662.36328125,52052.36328125,-8062.18505859375,10977.5224609375,-43253.21875,-303.11199951171875,44500.265625,9388.1572265625
57081.193322196,52698.7734375,52096.41796875,-8024.6787109375,11022.62890625,-43208.0,-258.0732421875,44531.359375,9418.3095703125
57081.197322649,52598.1015625,52004.08203125,-8146.6298828125,10934.8310546875,-43300.91796875,-319.83111572265625,44435.0,9315.8271484375
57081.201392755,52526.35546875,51930.5234375,-8230.8291015625,10865.853515625,-43375.05859375,-384.1147155761719,44360.30078125,9231.9189453125
57081.206300149,52583.59765625,51982.4921875,-8158.65478515625,10918.1123046875,-43321.97265625,-357.98553466796875,44410.2578125,9283.5732421875
57081.210331235,52676.9140625,52071.046875,-8045.51025390625,11006.53515625,-43222.37109375,-276.0216979980469,44507.21875,9388.58203125
57081.213319723,52713.4375,52116.734375,-8015.98388671875,11038.6103515625,-43194.23046875,-243.56695556640625,44535.26953125,9419.1591796875
57081.217340599,52606.3515625,52010.7421875,-8151.994140625,10930.0478515625,-43312.25,-329.8446960449219,44432.25,9311.580078125
57081.220819206,52525.48046875,51924.51171875,-8242.4736328125,10851.3251953125,-43394.01171875,-399.9621276855469,44355.203125,9228.4541015625
57081.225324366,52572.7109375,51972.296875,-8172.2001953125,10901.3701171875,-43335.09375,-365.20513916015625,44412.40234375,9285.2275390625
57081.229325914,52684.89453125,52087.6796875,-8039.34130859375,11015.1181640625,-43212.046875,-266.3657531738281,44526.375,9401.45703125
57081.233415712,52720.25390625,52128.40234375,-8004.78564453125,11056.87109375,-43174.02734375,-228.52423095703125,44554.76171875,9432.861328125
57081.238402239,52602.86328125,52013.29296875,-8149.22265625,10936.6640625,-43301.23046875,-321.4627990722656,44433.63671875,9314.0390625
57081.241382705,52513.09765625,51915.63671875,-8251.5263671875,10842.6748046875,-43399.62109375,-407.4052429199219,44343.55859375,9222.7763671875
57081.246353551,52577.00390625,51973.68359375,-8168.46728515625,10905.259765625,-43333.41796875,-366.6133117675781,44408.19921875,9287.3955078125
57081.25038719,52684.6484375,52081.77734375,-8039.94482421875,11013.5537109375,-43218.640625,-273.518310546875,44513.1171875,9396.2041015625
57081.254401866,52721.75390625,52123.12890625,-8005.880859375,11048.7802734375,-43181.6484375,-230.08885192871094,44545.70703125,9430.044921875
57081.258933282,52608.65234375,52007.99609375,-8147.47900390625,10929.8916015625,-43303.75390625,-318.37823486328125,44444.74609375,9321.8173828125
57081.263391764,52509.546875,51904.328125,-8255.884765625,10831.5439453125,-43407.40234375,-412.0767517089844,44349.16796875,9221.837890625
57081.26697248,52573.58203125,51969.99609375,-8171.171875,10901.4150390625,-43338.66796875,-370.9718933105469,44410.32421875,9282.0986328125
57081.271318278,52683.0859375,52089.6015625,-8039.38623046875,11017.2646484375,-43217.1640625,-273.6971130371094,44520.16015625,9392.806640625
57081.274383348,52715.3359375,52126.32421875,-8005.03125,11053.630859375,-43177.3125,-227.0043182373047,44557.59765625,9434.0673828125
57081.277415232,52612.18359375,52013.6953125,-8141.08642578125,10936.0380859375,-43299.8203125,-312.6785583496094,44447.09375,9330.646484375
57081.28137776,52503.15234375,51896.6171875,-8259.2158203125,10828.3251953125,-43410.26171875,-413.8872375488281,44338.328125,9223.2685546875
57081.285456254,52567.48046875,51965.859375,-8175.7763671875,10900.5654296875,-43343.69921875,-377.3868408203125,44390.140625,9273.58203125
57081.289419146,52677.609375,52076.078125,-8050.56201171875,11002.3330078125,-43235.671875,-290.81854248046875,44499.328125,9382.345703125
57081.294390722,52710.2421875,52112.5546875,-8013.279296875,11038.0517578125,-43190.43359375,-237.33082580566406,44549.55078125,9426.423828125
57081.297396714,52609.16796875,52018.1875,-8137.80078125,10947.03515625,-43290.76953125,-308.498779296875,44446.890625,9324.455078125
57081.301369453,52512.5859375,51913.7578125,-8248.3974609375,10841.1103515625,-43399.28515625,-402.2196350097656,44349.59375,9227.26953125
57081.305416949,52562.36328125,51950.23828125,-8181.38671875,10878.794921875,-43354.47265625,-378.1691589355469,44400.265625,9279.3046875
57081.309415944,52681.98828125,52074.87109375,-8040.52587890625,11003.8974609375,-43231.046875,-284.1353759765625,44512.73828125,9393.0966796875
57081.313484956,52719.359375,52123.28515625,-7998.1025390625,11052.69140625,-43183.28125,-239.54364013671875,44548.27734375,9428.234375
57081.31741831,52614.95703125,52019.86328125,-8126.69189453125,10948.80078125,-43288.15234375,-308.61053466796875,44445.86328125,9322.845703125
57081.322406296,52512.25,51916.30859375,-8236.1259765625,10850.7216796875,-43394.703125,-401.70556640625,44342.8671875,9222.396484375
57081.32544985,52575.52734375,51982.3125,-8156.3525390625,10913.6416015625,-43336.58984375,-375.5093078613281,44396.80078125,9276.0634765625
57081.330487796,52687.93359375,52094.00390625,-8025.0810546875,11023.1650390625,-43217.03125,-276.513427734375,44520.8984375,9392.3818359375
57081.334496272,52739.859375,52145.92578125,-7975.54931640625,11072.5625,-43160.4140625,-213.48150634765625,44575.0546875,9453.2236328125
57081.338506937,52623.09375,52031.59765625,-8117.34912109375,10955.9306640625,-43282.8359375,-304.14019775390625,44457.53125,9345.2646484375
57081.343501122,52518.39453125,51923.01171875,-8235.298828125,10848.5751953125,-43394.2578125,-400.78912353515625,44354.890625,9236.8359375
57081.347499023,52576.01953125,51977.23828125,-8158.87841796875,10906.9140625,-43331.73828125,-364.33343505859375,44413.65234375,9290.994140625
57081.351318235,52683.0859375,52082.71484375,-8031.697265625,11013.0625,-43216.96484375,-271.75250244140625,44522.4609375,9401.8369140625
57081.354364706,52719.96484375,52122.79296875,-7997.07421875,11045.9189453125,-43181.6015625,-232.03346252441406,44555.65625,9438.873046875
57081.358311917,52610.23828125,52012.375,-8132.01171875,10932.1044921875,-43296.35546875,-311.6727294921875,44443.3828125,9331.9873046875
57081.361319733,52504.3359375,51903.0078125,-8250.0068359375,10831.07421875,-43402.7734375,-408.746337890625,44344.80859375,9222.396484375
57081.365297577,52562.40625,51959.625,-8170.3447265625,10893.681640625,-43338.22265625,-370.5919189453125,44408.87109375,9281.1591796875
57081.369295114,52672.9375,52067.515625,-8041.0625,10999.986328125,-43223.9375,-278.32391357421875,44520.2265625,9393.8349609375
57081.373351362,52718.69140625,52124.24609375,-7995.80029296875,11052.333984375,-43174.98828125,-230.04415893554688,44559.5,9437.263671875
57081.378297046,52608.80859375,52017.515625,-8134.13525390625,10940.4189453125,-43295.21875,-317.2159423828125,44444.09765625,9323.716796875
57081.381499962,52494.390625,51888.45703125,-8258.25390625,10819.9873046875,-43413.92578125,-419.00579833984375,44336.02734375,9217.658203125
57081.384508507,52555.23046875,51950.70703125,-8175.4189453125,10889.009765625,-43341.640625,-370.90484619140625,44403.57421875,9276.845703125
57081.389518738,52685.8125,52089.9140625,-8030.8701171875,11022.896484375,-43210.50390625,-268.869140625,44521.61328125,9395.623046875
57081.393487465,52732.4375,52137.3671875,-7990.4580078125,11062.34765625,-43169.6015625,-223.2045135498047,44557.3515625,9438.3369140625
57081.397470415,52610.93359375,52020.84765625,-8132.9951171875,10940.9326171875,-43291.6875,-309.6163635253906,44449.03515625,9329.8193359375
57081.401532133,52507.80078125,51917.73828125,-8246.921875,10845.2001953125,-43396.11328125,-406.8911437988281,44352.453125,9225.212890625
57081.40554608,52565.1796875,51971.515625,-8172.333984375,10904.5,-43336.65625,-373.9893798828125,44404.6015625,9277.6279296875
57081.410487387,52673.5859375,52078.625,-8045.443359375,11010.9609375,-43222.39453125,-281.4084777832031,44512.58203125,9387.9560546875
57081.414506075,52719.16015625,52119.3046875,-8004.71826171875,11047.55078125,-43179.81640625,-236.34735107421875,44553.7109375,9434.2470703125
57081.418524397,52612.921875,52015.05859375,-8137.46533203125,10938.2060546875,-43296.6484375,-320.9263610839844,44442.33203125,9325.1923828125
57081.422599609,52516.1171875,51915.83984375,-8253.1806640625,10835.1865234375,-43406.6640625,-414.647216796875,44340.921875,9217.748046875
57081.426549373,52562.875,51957.48046875,-8184.62744140625,10885.03125,-43350.11328125,-380.44903564453125,44397.6953125,9268.9111328125
57081.431523866,52667.1015625,52063.60546875,-8057.55810546875,10992.990234375,-43235.71875,-291.55615234375,44503.41796875,9378.0546875
57081.435531248,52708.4765625,52107.90625,-8018.53173828125,11032.642578125,-43194.3203125,-247.63497924804688,44536.74609375,9421.0595703125
57081.438563862,52612.7890625,52012.5546875,-8143.88037109375,10931.7685546875,-43301.18359375,-322.1109924316406,44443.6484375,9325.974609375
57081.442488464,52508.76171875,51905.01953125,-8259.39453125,10828.9287109375,-43406.59765625,-413.8648986816406,44346.44140625,9223.291015625
57081.445502115,52550.0,51942.05859375,-8198.4189453125,10869.9658203125,-43361.9609375,-392.0048828125,44393.44921875,9266.876953125
57081.449525907,52664.8671875,52074.04296875,-8059.234375,11000.0537109375,-43235.11328125,-296.74176025390625,44503.12890625,9377.6298828125
57081.453539489,52720.5234375,52131.0390625,-8006.685546875,11056.15625,-43177.46875,-236.034423828125,44552.19140625,9426.0439453125
57081.457574951,52614.12890625,52017.6953125,-8141.10888671875,10940.642578125,-43293.02734375,-313.997314453125,44447.6953125,9321.3251953125
57081.46158124,52507.19921875,51909.48828125,-8256.2646484375,10838.986328125,-43397.72265625,-404.81243896484375,44348.4296875,9217.1669921875
57081.465509853,52566.40625,51968.72265625,-8175.2177734375,10902.2646484375,-43331.76171875,-364.2663879394531,44411.0625,9276.3984375
57081.468518034,52666.03125,52066.734375,-8054.8759765625,10998.1533203125,-43228.36328125,-281.7660827636719,44506.32421875,9380.580078125
57081.473475387,52709.6171875,52115.3515625,-8008.76416015625,11044.466796875,-43179.2578125,-232.32403564453125,44554.203125,9426.53515625
57081.477440468,52607.98046875,52015.21484375,-8139.2314453125,10936.9990234375,-43294.30078125,-315.8525085449219,44452.27734375,9324.208984375
57081.481482859,52498.63671875,51901.5546875,-8264.04296875,10826.8720703125,-43411.828125,-421.0845031738281,44337.76953125,9209.857421875
57081.485493523,52549.9140625,51950.015625,-8192.517578125,10880.5166015625,-43354.42578125,-389.4791564941406,44389.46875,9260.1708984375
57081.489633282,52668.265625,52065.640625,-8053.10986328125,10999.091796875,-43229.14453125,-290.3268127441406,44505.51953125,9376.6689453125
57081.494331718,52717.4375,52123.12890625,-8002.95263671875,11046.544921875,-43181.08984375,-240.43771362304688,44551.4296875,9426.490234375
57081.498427351,52612.96484375,52019.08203125,-8136.48193359375,10931.7021484375,-43300.40234375,-324.7708435058594,44441.70703125,9317.01171875
57081.502381491,52508.91796875,51905.33203125,-8251.19140625,10824.279296875,-43408.8984375,-419.3187255859375,44338.84375,9210.05859375
57081.506426435,52563.50390625,51963.42578125,-8173.45166015625,10888.33984375,-43347.72265625,-385.94757080078125,44389.76171875,9263.3896484375
57081.510436005,52666.8359375,52070.15625,-8047.6787109375,10997.4833984375,-43230.21875,-291.95849609375,44502.6796875,9369.60546875
57081.515355797,52707.15625,52115.328125,-8003.0869140625,11041.8515625,-43182.2734375,-244.930419921875,44551.33984375,9417.1474609375
57081.519402929,52605.48046875,52021.13671875,-8130.3798828125,10942.1396484375,-43290.2109375,-319.83111572265625,44446.2421875,9312.943359375
57081.522656534,52504.29296875,51917.60546875,-8246.2958984375,10845.357421875,-43392.42578125,-407.33819580078125,44348.05078125,9211.869140625
57081.525689513,52551.54296875,51956.09375,-8179.375,10893.8828125,-43338.7578125,-376.6716003417969,44401.828125,9262.9208984375
57081.529616302,52665.046875,52067.33984375,-8048.6171875,11003.2724609375,-43224.80859375,-286.14703369140625,44511.17578125,9372.98046875
57081.533572266,52712.1875,52117.83203125,-8004.74072265625,11046.544921875,-43179.703125,-242.7399444580078,44548.63671875,9418.421875
57081.537681392,52605.41015625,52016.734375,-8134.984375,10941.9169921875,-43291.5078125,-322.9380187988281,44438.77734375,9315.6484375
57081.541707008,52493.921875,51896.2578125,-8261.5625,10822.021484375,-43411.24609375,-421.1739196777344,44329.6328125,9207.599609375
57081.545711108,52539.765625,51936.1796875,-8197.2119140625,10867.4853515625,-43359.61328125,-393.5248107910156,44389.76171875,9257.6455078125
57081.549667437,52655.5234375,52062.59765625,-8055.72509765625,10996.4775390625,-43232.5,-298.01580810546875,44501.83203125,9369.806640625
57081.552675982,52706.88671875,52123.28515625,-7996.91748046875,11055.10546875,-43176.28515625,-242.78465270996094,44550.58203125,9421.796875
57081.557631512,52604.7421875,52016.33203125,-8124.1884765625,10943.056640625,-43287.9765625,-317.7747497558594,44452.34375,9328.03125
57081.561653117,52498.4140625,51907.76953125,-8245.6923828125,10832.3037109375,-43402.59375,-412.9931945800781,44347.359375,9218.26171875
57081.565672533,52541.93359375,51938.2109375,-8192.048828125,10865.2275390625,-43364.3046875,-394.754150390625,44387.94921875,9254.3154296875
57081.569709454,52645.04296875,52040.984375,-8069.11376953125,10970.1689453125,-43253.8671875,-308.7669982910156,44492.77734375,9360.2626953125
57081.573721213,52699.578125,52103.546875,-8014.486328125,11030.3173828125,-43195.4609375,-254.16168212890625,44540.27734375,9414.6669921875
57081.577698327,52617.05859375,52039.8671875,-8115.15869140625,10969.9677734375,-43268.3515625,-302.6426086425781,44458.3125,9332.412109375
57081.582684125,52514.484375,51938.4375,-8232.5947265625,10866.255859375,-43376.5546875,-393.7483215332031,44358.9375,9227.8955078125
57081.585248135,52565.3359375,51978.2890625,-8165.740234375,10913.708984375,-43324.65625,-363.1040954589844,44406.1640625,9276.287109375
57081.590717124,52666.8125,52076.45703125,-8045.75634765625,11011.318359375,-43221.8359375,-283.17425537109375,44510.3046875,9377.80859375
57081.594733988,52705.8828125,52116.3984375,-8005.52294921875,11046.142578125,-43181.4921875,-242.2705535888672,44554.8046875,9422.3779296875
57081.598755957,52606.9296875,52016.375,-8132.27978515625,10941.849609375,-43288.5546875,-316.8136291503906,44451.71875,9323.44921875
57081.602725778,52509.1640625,51918.54296875,-8246.318359375,10843.45703125,-43396.60546875,-411.3391418457031,44346.95703125,9215.9150390625
57081.60571536,52555.7890625,51965.90625,-8179.64306640625,10891.2001953125,-43347.05078125,-384.9864501953125,44395.28125,9262.1826171875
57081.608772043,52657.4453125,52065.4609375,-8056.3955078125,10995.44921875,-43233.75,-295.87005615234375,44501.2265625,9365.6044921875
57081.612754627,52702.91015625,52111.50390625,-8011.423828125,11038.0068359375,-43186.1640625,-246.67385864257812,44546.33203125,9414.8681640625
57081.617741884,52610.39453125,52017.5625,-8129.642578125,10940.3076171875,-43286.61328125,-313.3490905761719,44454.01953125,9325.4609375
57081.621573859,52507.7578125,51911.234375,-8246.8994140625,10843.546875,-43392.0234375,-406.6005859375,44346.95703125,9220.4521484375
57081.62557176,52548.1484375,51948.31640625,-8189.83544921875,10885.0087890625,-43350.203125,-389.859130859375,44382.47265625,9253.689453125
57081.629607951,52650.3828125,52049.7265625,-8066.0068359375,10982.328125,-43245.3046875,-306.7553405761719,44495.86328125,9362.05078125
57081.632626708,52688.55859375,52085.109375,-8025.39404296875,11010.3125,-43208.5390625,-263.0129699707031,44538.46484375,9410.5537109375
57081.636613304,52614.6875,52021.94140625,-8129.642578125,10935.5458984375,-43296.71484375,-321.12750244140625,44450.7578125,9324.7900390625
57081.64059917,52506.66015625,51915.5703125,-8250.23046875,10838.875,-43406.3515625,-422.5150146484375,44336.02734375,9208.5615234375
57081.644574097,52552.73046875,51954.4609375,-8186.6171875,10880.404296875,-43360.796875,-398.9115905761719,44383.58984375,9254.494140625
57081.649796202,52656.77734375,52054.84375,-8066.4765625,10976.271484375,-43257.2421875,-320.4122619628906,44482.07421875,9360.4189453125
57081.653807596,52704.33984375,52109.5390625,-8015.73779296875,11029.892578125,-43201.00390625,-265.60577392578125,44530.10546875,9408.6982421875
57081.657823731,52615.0234375,52028.1328125,-8126.69189453125,10943.81640625,-43290.56640625,-320.9486999511719,44446.578125,9321.3037109375
57081.660492037,52515.37890625,51931.21484375,-8238.4501953125,10848.12890625,-43391.41796875,-404.4324645996094,44350.30859375,9218.6640625
57081.665799476,52558.5390625,51964.69921875,-8176.29052734375,10890.41796875,-43345.375,-381.7901611328125,44391.66015625,9261.2890625
57081.670718174,52665.828125,52065.9296875,-8050.4501953125,10992.296875,-43232.54296875,-291.64556884765625,44506.79296875,9373.9638671875
57081.674787915,52709.30078125,52112.0625,-8005.32177734375,11033.447265625,-43188.51171875,-249.0878448486328,44550.625,9420.9921875
57081.678842705,52614.0859375,52017.47265625,-8126.177734375,10935.5458984375,-43290.27734375,-319.18292236328125,44451.3828125,9325.05859375
57081.681865837,52505.87890625,51902.71875,-8251.0126953125,10824.97265625,-43404.671875,-417.6647033691406,44342.8203125,9215.802734375
57081.687833333,52543.69921875,51938.03515625,-8191.3330078125,10869.3408203125,-43358.31640625,-397.5257873535156,44382.65234375,9250.873046875
57081.69083422,52654.5390625,52052.296875,-8051.76904296875,10986.552734375,-43233.16796875,-296.0711975097656,44502.61328125,9369.359375
57081.693882515,52709.6171875,52110.9921875,-7996.873046875,11039.9287109375,-43179.390625,-242.76229858398438,44553.30859375,9422.1767578125
57081.697791071,52616.765625,52022.61328125,-8118.9580078125,10943.4365234375,-43282.27734375,-315.0254821777344,44452.8125,9325.2373046875
57081.701739012,52512.5390625,51919.14453125,-8236.0146484375,10846.4296875,-43387.21875,-404.0748291015625,44347.94140625,9217.412109375
57081.705814223,52547.02734375,51947.421875,-8184.87353515625,10880.0244140625,-43348.078125,-384.360595703125,44386.453125,9251.7451171875
57081.709834734,52657.1796875,52056.8984375,-8056.0380859375,10988.564453125,-43235.3359375,-297.8593444824219,44503.1953125,9362.095703125
57081.71386035,52716.23046875,52122.703125,-7994.16845703125,11048.712890625,-43175.90234375,-244.95277404785156,44554.359375,9418.623046875
57081.716838263,52608.80859375,52014.41015625,-8130.15625,10931.2548828125,-43295.7109375,-329.4423522949219,44443.046875,9313.033203125
57081.7208296,52498.01171875,51895.07421875,-8257.583984375,10814.4892578125,-43417.75,-430.5169372558594,44334.171875,9203.95703125
57081.724896059,52542.55859375,51936.04296875,-8196.0712890625,10860.7353515625,-43371.4140625,-408.63458251953125,44378.046875,9246.357421875
57081.728923498,52649.1328125,52057.61328125,-8061.96142578125,10987.0673828125,-43240.38671875,-308.2752685546875,44488.15234375,9354.4287109375
57081.73383308,52708.41015625,52120.66796875,-8003.265625,11043.7509765625,-43183.5703125,-250.13836669921875,44542.84765625,9410.375
57081.737887869,52622.17578125,52033.67578125,-8116.25390625,10955.1708984375,-43274.40625,-308.6552429199219,44455.49609375,9327.986328125
57081.74189197,52515.3359375,51922.72265625,-8241.5576171875,10849.2236328125,-43385.98828125,-403.3819274902344,44344.65234375,9213.6123046875
57081.745872002,52548.52734375,51949.140625,-8194.328125,10878.728515625,-43353.8671875,-395.4470520019531,44386.00390625,9245.4638671875
57081.749904911,52646.96484375,52050.93359375,-8072.265625,10978.751953125,-43247.62890625,-311.1139221191406,44489.73828125,9353.958984375
57081.75379961,52703.4921875,52110.4765625,-8013.3017578125,11033.4697265625,-43188.12890625,-250.89833068847656,44545.9296875,9413.236328125
57081.758871106,52609.43359375,52016.265625,-8132.50341796875,10937.8486328125,-43287.640625,-318.4453125,44451.5390625,9320.677734375
57081.76289344,52493.5625,51895.05078125,-8261.7861328125,10820.8369140625,-43407.40234375,-417.6199951171875,44341.2578125,9210.70703125
57081.766936195,52535.83203125,51936.0234375,-8198.2177734375,10869.18359375,-43354.31640625,-386.57342529296875,44391.81640625,9256.416015625
57081.770967646,52651.58984375,52059.26953125,-8060.6201171875,10990.375,-43229.66015625,-290.304443359375,44505.09375,9368.6669921875
57081.774895895,52714.48828125,52123.015625,-7999.15283203125,11047.8857421875,-43168.08203125,-231.42996215820312,44562.96484375,9428.703125
57081.778062708,52616.3203125,52022.703125,-8125.68603515625,10941.0673828125,-43277.1796875,-306.3083190917969,44463.90234375,9334.267578125
57081.780951276,52499.12890625,51901.890625,-8257.0693359375,10824.8603515625,-43398.81640625,-407.3158264160156,44352.07421875,9220.2734375
57081.784972151,52535.1171875,51944.8515625,-8197.2783203125,10874.302734375,-43350.42578125,-384.7852783203125,44387.5703125,9253.3984375
57081.78984563,52646.26953125,52061.48046875,-8062.4755859375,10989.861328125,-43230.53125,-291.8243713378906,44501.62890625,9361.6484375
57081.793910631,52706.10546875,52125.25,-7999.48828125,11049.0927734375,-43173.33203125,-240.72828674316406,44558.875,9416.365234375
57081.797963233,52618.64453125,52034.28125,-8115.6279296875,10954.8359375,-43271.2109375,-308.2528991699219,44461.5078125,9322.2197265625
57081.800965214,52513.25390625,51921.13671875,-8237.712890625,10846.5419921875,-43384.0,-403.203125,44355.25,9216.09375
57081.804926283,52548.83984375,51949.09765625,-8182.03466796875,10879.935546875,-43345.484375,-385.54522705078125,44396.0859375,9255.455078125
57081.808949346,52648.9296875,52044.60546875,-8062.29638671875,10975.4892578125,-43241.5078125,-302.26263427734375,44498.0078125,9360.552734375
57081.812953811,52702.6640625,52105.40234375,-8005.52294921875,11028.9990234375,-43189.515625,-253.4017333984375,44544.74609375,9412.0517578125
57081.817790823,52623.60546875,52036.76171875,-8102.70849609375,10964.8271484375,-43266.203125,-305.9059753417969,44460.61328125,9327.13671875
57081.821810969,52513.79296875,51928.2421875,-8231.41015625,10853.1357421875,-43382.3671875,-403.4266357421875,44347.1796875,9210.908203125
57081.825877428,52538.46875,51937.25,-8195.22265625,10864.6240234375,-43363.30078125,-403.0242919921875,44373.0859375,9238.5126953125
57081.828878315,52650.2734375,52050.12890625,-8064.4423828125,10973.56640625,-43248.8359375,-310.398681640625,44483.68359375,9349.4892578125
57081.832846678,52715.828125,52128.0234375,-7991.55322265625,11051.3955078125,-43172.4375,-238.40370178222656,44544.96875,9414.9345703125
57081.837848157,52624.96875,52040.26953125,-8105.90478515625,10963.6650390625,-43265.01953125,-301.39093017578125,44462.15625,9327.271484375
57081.841821989,52506.484375,51915.1015625,-8241.4677734375,10840.6181640625,-43390.546875,-408.2322692871094,44350.734375,9212.8974609375
57081.846782625,52535.7421875,51937.5625,-8196.8095703125,10865.1826171875,-43362.921875,-401.0350036621094,44381.22265625,9244.1669921875
57081.85096979,52634.3359375,52032.671875,-8080.11083984375,10960.3115234375,-43259.1640625,-320.7475280761719,44483.078125,9348.1923828125
57081.854053458,52696.09375,52096.6875,-8015.91650390625,11021.8466796875,-43192.15234375,-256.7991943359375,44545.59765625,9415.9853515625
57081.857991918,52612.85546875,52012.44140625,-8126.13330078125,10937.06640625,-43281.42578125,-316.1207275390625,44458.19921875,9331.697265625
57081.861050788,52504.671875,51909.19921875,-8249.3359375,10837.51171875,-43392.08984375,-408.1428527832031,44350.3984375,9213.5458984375
57081.865003834,52534.37890625,51939.30859375,-8200.05078125,10872.6708984375,-43354.91796875,-392.8989562988281,44384.8203125,9243.83203125
57081.869099102,52648.125,52056.4296875,-8066.16357421875,10983.4912109375,-43237.7734375,-300.5191955566406,44495.55078125,9355.7919921875
#57125.87468041,52880.16015625,52175.8125,-7661.55224609375,11129.58203125,-42063.1015625,202.7750244140625,44635.78515625,9523.765625
57125.878697639,52757.26953125,52057.63671875,-7804.82666015625,11017.1298828125,-42187.15234375,101.3204574584961,44513.0078125,9400.5625
57125.883634206,52753.26953125,52052.00390625,-7792.91357421875,11021.623046875,-42183.64453125,86.63536071777344,44512.11328125,9398.2158203125
57125.887647787,52849.671875,52143.9140625,-7673.4658203125,11112.638671875,-42081.33984375,166.72166442871094,44611.69140625,9500.2958984375
57125.890660709,52926.09375,52215.7109375,-7589.55712890625,11178.1298828125,-42006.34765625,234.06747436523438,44699.0859375,9588.33984375
57125.895902871,52873.38671875,52170.53515625,-7662.11083984375,11131.1015625,-42059.41015625,203.6914520263672,44645.21875,9538.5625
57125.899917547,52754.20703125,52050.88671875,-7805.87744140625,11012.2802734375,-42184.87109375,107.13191223144531,44526.1953125,9414.9794921875
57125.904753829,52742.31640625,52029.7890625,-7808.42529296875,10999.4501953125,-42194.88671875,84.10961151123047,44519.66796875,9404.138671875
57125.908803878,52850.72265625,52142.4609375,-7676.2373046875,11111.8125,-42078.140625,173.2483673095703,44628.7890625,9512.701171875
57125.911904321,52933.71484375,52228.44921875,-7584.81884765625,11191.138671875,-41994.03125,246.9197235107422,44707.04296875,9594.0615234375
57125.916830313,52879.890625,52177.15234375,-7660.09912109375,11133.9404296875,-42054.3359375,213.12388610839844,44649.82421875,9540.283203125
57125.919889548,52761.984375,52055.4921875,-7800.736328125,11015.900390625,-42177.5859375,118.03956604003906,44534.375,9422.6240234375
57125.923834206,52760.12890625,52047.4453125,-7792.3544921875,11015.296875,-42179.55078125,101.09693908691406,44532.33984375,9417.9521484375
57125.926822695,52851.1484375,52142.015625,-7676.2373046875,11108.1689453125,-42082.234375,170.67791748046875,44624.1171875,9511.181640625
57125.930887331,52931.61328125,52225.609375,-7584.05859375,11188.166015625,-41995.26171875,244.75160217285156,44702.4609375,9589.9931640625
57125.934905653,52880.29296875,52176.63671875,-7654.66796875,11136.0859375,-42051.25390625,214.46498107910156,44641.9765625,9538.16015625
57125.939818881,52754.23046875,52044.5859375,-7805.720703125,11004.0986328125,-42189.56640625,105.18730926513672,44520.18359375,9411.291015625
57125.943884247,52739.9921875,52024.69140625,-7802.7705078125,10995.91796875,-42196.7421875,82.83556365966797,44519.625,9405.6591796875
57125.946883311,52845.73828125,52133.43359375,-7680.439453125,11096.2548828125,-42094.19140625,159.8820343017578,44618.28515625,9506.9345703125
57125.950905645,52931.12109375,52221.96875,-7586.0478515625,11180.767578125,-42002.81640625,239.5212860107422,44702.328125,9592.228515625
57125.954795967,52880.96484375,52176.75,-7655.2265625,11135.4375,-42055.0078125,212.4309844970703,44651.72265625,9547.7939453125
57125.958895247,52759.19140625,52058.98046875,-7801.9658203125,11018.314453125,-42188.0,104.78498077392578,44525.58984375,9420.7685546875
57125.962908464,52750.765625,52049.5234375,-7800.1328125,11017.0849609375,-42191.80078125,83.4390640258789,44516.3359375,9406.3515625
57125.967828986,52852.66796875,52148.1171875,-7677.466796875,11118.4951171875,-42081.94140625,165.71583557128906,44618.86328125,9507.404296875
57125.971835639,52937.84765625,52236.02734375,-7583.8798828125,11201.21875,-41994.66015625,243.20933532714844,44702.28125,9594.0166015625
57125.975847397,52895.11328125,52193.53515625,-7651.046875,11152.7158203125,-42045.84375,220.67877197265625,44650.515625,9550.69921875
57125.979909481,52763.21484375,52059.29296875,-7803.59765625,11021.3544921875,-42180.84765625,112.69749450683594,44529.01171875,9425.6640625
57125.983948589,52740.73046875,52029.765625,-7814.48291015625,10996.25390625,-42202.484375,77.18057250976562,44515.64453125,9406.6865234375
57125.988862547,52832.19140625,52116.109375,-7700.82421875,11081.771484375,-42106.08203125,149.8907928466797,44609.96875,9502.7099609375
57125.991864163,52921.734375,52207.19140625,-7600.77783203125,11169.748046875,-42013.34375,230.78176879882812,44697.65625,9596.341796875
57125.996591044,52868.04296875,52155.40234375,-7675.0302734375,11112.0361328125,-42072.64453125,198.30467224121094,44641.4609375,9546.2958984375
57126.000632706,52746.51953125,52033.87890625,-7821.41162109375,10995.515625,-42199.17578125,96.67129516601562,44516.49609375,9418.421875
57126.003476419,52748.28515625,52035.0859375,-7813.0078125,11005.3056640625,-42195.109375,81.44976043701172,44512.44921875,9407.40234375
57126.007497295,52845.515625,52133.609375,-7693.2021484375,11103.318359375,-42090.90625,159.4573516845703,44610.1484375,9504.1630859375
57126.01089531,52931.3671875,52216.19921875,-7602.8115234375,11178.3759765625,-42010.08203125,229.5971221923828,44687.93359375,9585.03125
57126.014521245,52875.578125,52158.80078125,-7680.5732421875,11108.951171875,-42078.3203125,192.2473602294922,44630.19921875,9533.64453125
57126.018483408,52745.7578125,52026.3671875,-7832.49853515625,10979.802734375,-42214.04296875,81.42740631103516,44497.91796875,9400.71875
57126.023499839,52742.31640625,52024.66796875,-7822.26123046875,10990.7099609375,-42210.421875,64.90946960449219,44493.42578125,9391.6669921875
57126.02745799,52843.66015625,52121.4296875,-7701.69580078125,11084.095703125,-42110.41796875,142.5147247314453,44591.1484375,9491.1318359375
57126.030907789,52917.890625,52190.62890625,-7617.6083984375,11151.0166015625,-42033.28125,210.6204833984375,44665.55859375,9570.8603515625
57126.034804676,52878.328125,52159.78515625,-7679.8583984375,11112.7509765625,-42081.8515625,181.56321716308594,44622.46484375,9525.0166015625
57126.038897756,52763.640625,52043.82421875,-7823.9150390625,10991.6044921875,-42212.1875,79.75102233886719,44499.7734375,9401.9931640625
57126.042863566,52749.984375,52033.609375,-7818.998046875,10996.5888671875,-42209.63671875,64.12715148925781,44494.0546875,9389.341796875
57126.046881159,52841.4453125,52128.13671875,-7705.763671875,11090.17578125,-42112.7421875,133.86459350585938,44586.56640625,9478.3466796875
57126.050898388,52936.5078125,52222.86328125,-7598.05078125,11180.5439453125,-42012.80859375,223.13746643066406,44683.9296875,9578.728515625
57126.055449861,52878.03515625,52165.59765625,-7673.3984375,11119.3896484375,-42075.08203125,188.00051879882812,44627.91796875,9530.42578125
57126.059549505,52751.2109375,52032.60546875,-7823.4013671875,10984.138671875,-42211.08984375,83.84139251708984,44504.8046875,9409.056640625
57126.063867953,52741.30859375,52019.39453125,-7821.45654296875,10980.71875,-42214.62109375,63.61306381225586,44494.12109375,9392.046875
57126.06804272,52839.9921875,52121.8984375,-7696.9794921875,11090.6669921875,-42103.1328125,140.83834838867188,44589.80859375,9486.7734375
57126.072116838,52926.80859375,52224.13671875,-7595.32373046875,11186.9140625,-42011.9140625,216.1190185546875,44671.546875,9569.318359375
57126.077010009,52881.03125,52177.59765625,-7661.865234375,11132.46484375,-42064.3515625,195.4436492919922,44630.28515625,9530.962890625
57126.08101885,52764.04296875,52049.30078125,-7807.7548828125,11004.7021484375,-42193.56640625,97.25244140625,44505.85546875,9411.5595703125
57126.085085309,52741.48828125,52026.16796875,-7816.42724609375,10991.26953125,-42207.2890625,69.02218627929688,44489.984375,9389.4541015625
57126.08908868,52841.84765625,52132.94140625,-7685.8486328125,11106.7158203125,-42090.3671875,153.17649841308594,44602.5703125,9493.7470703125
57126.091703744,52935.703125,52229.5234375,-7580.37060546875,11199.0283203125,-41990.96875,240.46006774902344,44695.5546875,9588.0263671875
57126.096130135,52883.9609375,52180.34765625,-7653.818359375,11143.328125,-42048.5703125,207.53594970703125,44640.703125,9537.154296875
57126.099041678,52756.62109375,52046.91015625,-7808.380859375,11009.083984375,-42188.2265625,98.03475189208984,44512.984375,9408.876953125
57126.103095009,52741.46484375,52020.1328125,-7817.20947265625,10986.3291015625,-42207.15625,69.75979614257812,44501.02734375,9394.6171875
57126.10709291,52826.42578125,52106.7890625,-7704.06494140625,11076.228515625,-42110.23828125,140.01132202148438,44592.01953125,9487.1083984375
57126.11110248,52909.53125,52196.7109375,-7601.671875,11168.0263671875,-42012.6953125,224.2997589111328,44681.828125,9580.650390625
57126.115040575,52866.859375,52164.5234375,-7664.279296875,11130.4755859375,-42059.9921875,196.67300415039062,44629.796875,9530.515625
57126.11808267,52749.69140625,52041.5,-7810.5263671875,11003.4951171875,-42192.80859375,95.08432006835938,44507.44140625,9407.357421875
57126.123028354,52732.03515625,52013.6484375,-7821.322265625,10980.0263671875,-42213.48046875,68.15046691894531,44495.9296875,9390.7724609375
57126.127048135,52829.53125,52113.94140625,-7697.44921875,11083.4482421875,-42104.5625,150.04725646972656,44599.1953125,9492.40625
57126.131201751,52921.21875,52213.13671875,-7592.55224609375,11180.0517578125,-42004.15625,234.02276611328125,44688.9140625,9584.4052734375
57126.135190171,52881.65625,52172.52734375,-7655.427734375,11136.2646484375,-42051.765625,212.2298126220703,44644.16796875,9545.669921875
57126.139224903,52752.8671875,52044.49609375,-7808.3359375,11007.9208984375,-42188.15625,105.07555389404297,44514.50390625,9417.013671875
57126.144099112,52747.1875,52041.1875,-7804.44677734375,11010.9833984375,-42193.1875,83.70728302001953,44513.0078125,9405.4130859375
57126.148165206,52830.5390625,52120.9375,-7695.54931640625,11088.0078125,-42105.546875,149.95785522460938,44603.0390625,9496.9658203125
57126.152157637,52921.44140625,52217.609375,-7587.92529296875,11182.890625,-42005.56640625,237.2414093017578,44695.75390625,9589.4794921875
57126.156180336,52885.5234375,52194.7421875,-7641.2568359375,11159.779296875,-42041.1953125,217.99656677246094,44652.7734375,9546.8095703125
57126.160184436,52760.01953125,52065.640625,-7795.48388671875,11028.5517578125,-42180.24609375,108.0259780883789,44523.33203125,9420.3212890625
57126.16514179,52736.34765625,52033.36328125,-7813.47705078125,11001.3271484375,-42202.26171875,75.83946990966797,44502.48046875,9398.595703125
57126.169158653,52828.48046875,52118.2109375,-7699.48291015625,11085.7724609375,-42101.76953125,153.60118103027344,44601.51953125,9496.384765625
57126.172162093,52915.05078125,52202.140625,-7602.029296875,11166.3505859375,-42009.09765625,236.3249969482422,44693.33984375,9591.267578125
57126.175181579,52877.85546875,52173.5078125,-7653.2822265625,11141.517578125,-42041.53125,221.9751739501953,44653.265625,9555.4150390625
57126.179165622,52758.296875,52060.41015625,-7792.130859375,11031.6591796875,-42163.9296875,124.70038604736328,44531.55859375,9433.0615234375
57126.183107728,52733.93359375,52028.1328125,-7807.68798828125,11007.02734375,-42187.421875,92.02213287353516,44512.6484375,9409.2353515625
57126.187109641,52833.4453125,52125.83203125,-7693.71630859375,11097.5517578125,-42092.40234375,162.720703125,44605.09765625,9504.587890625
57126.191181935,52932.7734375,52228.49609375,-7586.96435546875,11194.1787109375,-41992.37890625,248.30552673339844,44695.3984375,9597.7939453125
57126.195184576,52880.0234375,52177.17578125,-7656.4111328125,11138.6123046875,-42046.78125,220.76817321777344,44658.76171875,9556.8681640625
57126.200145577,52749.35546875,52038.01171875,-7814.572265625,10999.2041015625,-42190.6171875,108.0259780883789,44529.16796875,9426.7587890625
57126.203168344,52727.36328125,52017.62890625,-7822.26123046875,10993.146484375,-42201.859375,79.77337646484375,44509.4296875,9402.775390625
57126.206675761,52830.89453125,52123.44140625,-7690.810546875,11101.6865234375,-42083.73046875,170.29794311523438,44618.375,9508.767578125
57126.21113169,52928.796875,52225.54296875,-7580.8623046875,11197.4638671875,-41985.8984375,254.00521850585938,44712.02734375,9607.271484375
57126.215179551,52882.73046875,52179.58984375,-7647.4482421875,11142.76953125,-42043.4765625,222.8245391845703,44660.55078125,9560.9365234375
57126.219148643,52747.63671875,52036.73828125,-7809.38671875,10999.494140625,-42190.23828125,108.29420471191406,44524.98828125,9428.2568359375
57126.222782601,52733.98046875,52020.19921875,-7819.46728515625,10988.765625,-42206.375,78.63343811035156,44505.71875,9405.189453125
57126.227601379,52838.36328125,52128.71484375,-7692.0400390625,11098.7138671875,-42094.97265625,156.9315948486328,44603.33203125,9501.078125
57126.23185528,52926.13671875,52217.2734375,-7590.76416015625,11184.4326171875,-42003.109375,233.88865661621094,44682.546875,9587.1328125
57126.236250674,52885.8359375,52181.53515625,-7647.56005859375,11146.14453125,-42042.22265625,216.78956604003906,44644.6796875,9549.1796875
57126.24005311,52755.16796875,52049.90234375,-7803.68701171875,11014.470703125,-42179.55078125,110.23880004882812,44523.578125,9422.466796875
57126.244059034,52734.9609375,52020.2421875,-7821.90380859375,10985.7705078125,-42206.8671875,76.8676528930664,44504.2890625,9402.08203125
57126.248033961,52841.1796875,52126.8828125,-7696.4208984375,11092.947265625,-42096.71484375,158.6973876953125,44608.47265625,9504.69921875
57126.253275394,52934.20703125,52228.5625,-7591.0546875,11193.3740234375,-41997.07421875,239.65541076660156,44695.33203125,9592.1171875
57126.257143107,52902.21875,52200.98046875,-7638.8427734375,11160.8291015625,-42034.734375,221.4163818359375,44655.90234375,9558.6787109375
57126.260216199,52770.48046875,52066.37890625,-7790.87939453125,11028.08203125,-42173.62890625,114.30682373046875,44528.67578125,9433.12890625
57126.263278351,52741.1328125,52025.609375,-7809.29736328125,10999.271484375,-42191.30859375,94.3243637084961,44518.55078125,9415.2919921875
57126.26718946,52835.390625,52121.83203125,-7692.53173828125,11097.529296875,-42085.18359375,173.27072143554688,44617.43359375,9511.6953125
57126.271281811,52929.80078125,52228.2265625,-7585.17626953125,11199.9228515625,-41985.65234375,253.4017333984375,44703.37890625,9600.365234375
57126.27526549,52893.75,52193.71484375,-7641.52490234375,11155.7783203125,-42032.703125,231.7205352783203,44661.78125,9563.283203125
57126.279302046,52758.8125,52046.10546875,-7804.49169921875,11007.8544921875,-42178.09765625,122.889892578125,44527.87109375,9431.453125
57126.283300312,52741.4453125,52025.62890625,-7818.3271484375,10997.2373046875,-42195.421875,90.27869415283203,44509.609375,9406.240234375
57126.287240959,52844.0625,52147.37890625,-7684.90966796875,11124.59765625,-42076.64453125,172.06373596191406,44616.6953125,9505.7724609375
57126.290346872,52935.9921875,52240.85546875,-7576.41455078125,11215.546875,-41978.2734375,255.92747497558594,44709.58984375,9600.3203125
57126.295245149,52906.2421875,52209.78515625,-7623.37548828125,11176.900390625,-42014.8203125,244.03634643554688,44678.5234375,9573.9677734375
57126.299277329,52769.7421875,52067.18359375,-7784.91162109375,11034.8994140625,-42159.90625,130.84710693359375,44544.03125,9444.841796875
57126.303312062,52736.6171875,52024.98046875,-7811.509765625,10999.583984375,-42191.6875,93.07266235351562,44519.22265625,9419.091796875
57126.307285894,52833.69140625,52122.97265625,-7688.798828125,11102.0888671875,-42082.9921875,172.1754913330078,44616.16015625,9512.6123046875
57126.311305675,52926.6953125,52217.96484375,-7585.869140625,11191.607421875,-41991.08203125,247.7020263671875,44700.62890625,9598.1962890625
57126.315942117,52890.84375,52179.25390625,-7646.62109375,11143.5068359375,-42040.63671875,221.99752807617188,44655.85546875,9558.4326171875
57126.320187266,52761.16015625,52047.8046875,-7805.09521484375,11010.40234375,-42183.0390625,110.2164535522461,44523.04296875,9429.396484375
57126.324223457,52720.703125,52003.58984375,-7836.2978515625,10973.3203125,-42219.65234375,65.40120697021484,44491.125,9394.8408203125
57126.328260378,52811.5625,52093.06640625,-7721.3876953125,11069.7685546875,-42114.62109375,141.2406768798828,44582.20703125,9486.169921875
57126.332269949,52901.86328125,52188.640625,-7615.52978515625,11164.205078125,-42013.58984375,228.0548553466797,44679.7734375,9579.1083984375
57126.337194846,52881.34375,52176.4140625,-7654.37744140625,11143.640625,-42042.19921875,218.8682861328125,44657.9140625,9555.4375
57126.341223744,52755.50390625,52054.375,-7803.26220703125,11023.1201171875,-42173.02734375,118.15132141113281,44533.21484375,9431.0283203125
57126.344290273,52731.41015625,52023.52734375,-7826.48583984375,10994.5546875,-42201.7265625,83.46141052246094,44509.54296875,9404.630859375
57126.347249587,52823.54296875,52113.515625,-7711.3740234375,11086.3310546875,-42101.23046875,157.7139129638672,44605.09765625,9498.1728515625
57126.351206645,52922.828125,52221.2734375,-7594.98876953125,11195.0947265625,-41988.69140625,253.87110900878906,44707.78125,9600.767578125
57126.355273834,52900.69921875,52205.71875,-7638.3955078125,11173.5927734375,-42015.109375,243.61166381835938,44673.60546875,9570.8603515625
57126.359225057,52763.953125,52062.5546875,-7804.26806640625,11031.904296875,-42162.921875,125.92972564697266,44530.6640625,9430.15625
57126.363232804,52735.921875,52030.14453125,-7824.67529296875,11005.3056640625,-42190.86328125,89.71990203857422,44505.18359375,9401.3896484375
57126.367356517,52825.95703125,52114.03125,-7712.26806640625,11090.9580078125,-42096.76171875,159.23382568359375,44599.64453125,9496.6748046875
57126.371323785,52907.96484375,52189.37890625,-7618.16748046875,11162.908203125,-42013.703125,233.93336486816406,44684.0859375,9589.61328125
57126.374382655,52876.6953125,52169.375,-7663.69775390625,11137.4716796875,-42046.9609375,218.28713989257812,44648.52734375,9554.72265625
57126.379280202,52755.75,52046.7734375,-7812.560546875,11012.458984375,-42179.21875,117.99485778808594,44534.15234375,9434.693359375
57126.383323687,52725.28515625,52012.5546875,-7834.26416015625,10987.3125,-42205.94921875,79.99689483642578,44504.9609375,9405.033203125
57126.387332528,52821.73046875,52113.11328125,-7713.36328125,11086.509765625,-42104.18359375,150.89662170410156,44596.37890625,9495.3115234375
57126.391374919,52912.63671875,52210.078125,-7603.52685546875,11183.248046875,-42002.4609375,235.16270446777344,44689.54296875,9588.6298828125
57126.395434085,52883.9140625,52178.31640625,-7652.09716796875,11143.0595703125,-42042.671875,219.20355224609375,44655.74609375,9561.7412109375
57126.400366641,52744.640625,52036.671875,-7816.82958984375,11003.451171875,-42189.1171875,102.88507843017578,44517.0546875,9428.1669921875
57126.403364246,52721.015625,52002.0703125,-7838.9580078125,10975.130859375,-42217.7734375,66.02705383300781,44490.03125,9399.9365234375
57126.408382864,52819.5859375,52100.57421875,-7720.76171875,11070.193359375,-42119.6484375,136.25624084472656,44582.27734375,9492.16015625
57126.411465803,52901.4609375,52176.8828125,-7625.52099609375,11141.2939453125,-42034.71484375,211.00047302246094,44667.14453125,9579.6220703125
57126.41643592,52873.20703125,52150.171875,-7667.408203125,11112.7509765625,-42062.2734375,204.1161346435547,44636.390625,9554.833984375
57126.421334196,52756.5546875,52049.34375,-7802.47998046875,11016.8623046875,-42176.48828125,111.6246109008789,44525.43359375,9434.1796875
57126.425376223,52723.40625,52016.19921875,-7826.64208984375,10992.3193359375,-42204.16015625,75.34773254394531,44499.1953125,9400.4287109375
57126.428434363,52819.49609375,52111.59375,-7706.47900390625,11092.791015625,-42096.359375,154.42820739746094,44596.9375,9496.8310546875
57126.431399513,52926.44921875,52228.62890625,-7585.0419921875,11207.455078125,-41982.1875,249.7360382080078,44699.93359375,9599.6044921875
57126.434975853,52897.63671875,52200.3984375,-7632.673828125,11167.8251953125,-42023.3359375,230.64764404296875,44664.39453125,9570.32421875
57126.439351919,52758.921875,52053.7265625,-7796.64599609375,11020.259765625,-42169.31640625,121.28056335449219,44534.01953125,9440.37109375
57126.443039484,52740.41796875,52037.6328125,-7809.54296875,11011.5419921875,-42180.08984375,103.04154205322266,44521.79296875,9417.0361328125
57126.447013681,52835.8125,52131.33203125,-7694.07373046875,11107.23046875,-42078.8125,175.863525390625,44614.6640625,9507.3818359375
57126.451017781,52912.76953125,52204.98046875,-7599.97314453125,11179.2470703125,-41995.375,245.7127227783203,44696.6953125,9595.6708984375
57126.455322736,52893.52734375,52189.15625,-7637.97119140625,11154.81640625,-42025.05859375,236.7943878173828,44668.8671875,9571.330078125
57126.458478974,52769.47265625,52072.8828125,-7784.64306640625,11041.359375,-42153.578125,137.48558044433594,44541.4375,9442.4501953125
57126.462584453,52743.4765625,52050.8203125,-7803.7763671875,11030.1611328125,-42173.96484375,105.23200988769531,44511.82421875,9408.20703125
57126.467385727,52828.19140625,52132.5390625,-7695.95166015625,11113.9130859375,-42080.64453125,172.24253845214844,44612.18359375,9499.3349609375
57126.471479901,52916.68359375,52221.20703125,-7592.93212890625,11198.134765625,-41988.5546875,249.78074645996094,44702.68359375,9592.2060546875
57126.475054782,52891.53515625,52193.06640625,-7636.38427734375,11163.19921875,-42022.2421875,239.67774963378906,44673.24609375,9568.916015625
57126.47942392,52752.75390625,52046.125,-7803.150390625,11016.5263671875,-42170.56640625,125.59445190429688,44537.1484375,9436.2587890625
57126.483460476,52717.90625,52004.375,-7835.20263671875,10982.2841796875,-42207.60546875,81.04742431640625,44503.41796875,9401.166015625
57126.488365681,52808.96875,52095.703125,-7722.9521484375,11074.015625,-42112.38671875,147.14154052734375,44593.47265625,9491.3779296875
57126.492432505,52919.67578125,52221.5859375,-7595.6591796875,11203.4990234375,-41987.9765625,244.95277404785156,44696.671875,9592.876953125
57126.496553301,52884.6953125,52187.0546875,-7645.7939453125,11163.9814453125,-42023.44921875,232.68165588378906,44664.62109375,9564.1328125
57126.500506347,52747.1875,52042.01171875,-7810.63818359375,11017.2197265625,-42171.23828125,120.90058898925781,44532.453125,9434.89453125
57126.504528681,52710.0859375,51993.51171875,-7851.36328125,10968.8505859375,-42218.51171875,71.3691177368164,44492.109375,9393.6337890625
57126.509438627,52807.73828125,52097.2890625,-7727.244140625,11077.63671875,-42108.49609375,151.88009643554688,44592.24609375,9494.126953125
57126.512514272,52905.88671875,52204.95703125,-7612.53466796875,11185.70703125,-41997.05078125,243.5893096923828,44691.375,9594.0615234375
57126.515551626,52875.578125,52179.20703125,-7657.35009765625,11154.8388671875,-42026.890625,232.6593017578125,44660.10546875,9564.78125
57126.519494826,52752.0390625,52045.92578125,-7812.64990234375,11016.4599609375,-42169.25,124.25334930419922,44531.42578125,9440.1923828125
57126.523438391,52700.51953125,51970.734375,-7864.7744140625,10945.068359375,-42228.32421875,68.8210220336914,44486.02734375,9395.421875
57126.527441398,52786.75,52046.28125,-7759.45263671875,11019.1865234375,-42141.734375,133.52932739257812,44573.53515625,9481.453125
57126.531539583,52900.20703125,52183.6796875,-7626.95166015625,11156.0458984375,-42020.36328125,222.8916015625,44677.29296875,9579.779296875
57126.535426624,52898.265625,52210.1875,-7633.79150390625,11187.4052734375,-42011.9140625,233.64279174804688,44663.01171875,9567.5751953125
57126.539595556,52773.31640625,52088.34765625,-7784.576171875,11062.6162109375,-42145.265625,133.52932739257812,44538.734375,9442.5390625
57126.543529275,52730.15625,52029.67578125,-7826.7314453125,11009.9326171875,-42191.93359375,87.1270980834961,44504.2890625,9402.3505859375
57126.547491438,52815.13671875,52111.88671875,-7716.0234375,11094.154296875,-42099.0625,154.29409790039062,44595.1953125,9491.400390625
57126.553515457,52909.375,52205.09375,-7609.0478515625,11182.8681640625,-41999.0859375,241.71176147460938,44693.1171875,9590.3515625
57126.556558647,52888.71875,52183.0078125,-7649.50439453125,11152.2021484375,-42028.20703125,237.35317993164062,44672.375,9576.8056640625
57126.560495647,52776.55859375,52072.74609375,-7791.08056640625,11040.041015625,-42153.1328125,141.8218231201172,44551.20703125,9456.375
57126.564560648,52731.98828125,52025.51953125,-7828.22900390625,10999.427734375,-42195.33203125,91.64215087890625,44508.515625,9410.53125
57126.56853521,52818.19921875,52110.05078125,-7717.14111328125,11085.4814453125,-42101.41015625,158.89854431152344,44598.19140625,9499.6923828125
57126.57259474,52910.4453125,52210.30078125,-7606.052734375,11184.3212890625,-42000.42578125,240.30360412597656,44690.79296875,9593.390625
57126.576712254,52895.87109375,52194.5625,-7634.37255859375,11161.9697265625,-42022.33203125,238.40370178222656,44673.1796875,9579.6220703125
57126.580200343,52768.734375,52059.5390625,-7789.44873046875,11025.2216796875,-42160.8671875,135.58567810058594,44548.61328125,9455.3017578125
57126.583589971,52724.390625,52010.96875,-7828.5419921875,10986.396484375,-42198.68359375,94.7490463256836,44508.828125,9413.7275390625
57126.58661602,52810.46484375,52102.7421875,-7713.966796875,11088.2314453125,-42094.28125,165.469970703125,44599.93359375,9500.7431640625
57126.590535882,52909.21484375,52202.8125,-7597.73779296875,11187.271484375,-41991.44140625,249.57957458496094,44706.125,9602.130859375
57126.595557417,52907.5390625,52205.31640625,-7614.904296875,11176.85546875,-42004.2265625,256.6203918457031,44695.5078125,9598.6435546875
57126.599540367,52788.40625,52083.65625,-7764.92919921875,11047.3720703125,-42140.68359375,154.674072265625,44569.46875,9475.75390625
57126.603621413,52742.203125,52035.8671875,-7808.939453125,11006.46875,-42185.69921875,100.35932922363281,44521.76953125,9424.5908203125
57126.606613183,52833.0859375,52128.46875,-7693.33642578125,11106.1123046875,-42082.79296875,172.6001739501953,44615.2890625,9514.154296875
57126.610545808,52927.74609375,52227.5546875,-7584.4384765625,11204.7509765625,-41982.9921875,254.31814575195312,44708.8515625,9608.4560546875
57126.614627584,52909.26171875,52209.25,-7620.08984375,11176.5654296875,-42009.72265625,249.6689910888672,44685.875,9589.0322265625
57126.618647729,52785.9453125,52076.234375,-7772.12646484375,11040.845703125,-42146.984375,149.1531982421875,44560.5703125,9463.169921875
57126.623583567,52746.18359375,52043.01953125,-7803.08349609375,11020.326171875,-42174.79296875,109.41178894042969,44522.84375,9417.5498046875
57126.627604078,52837.625,52137.76953125,-7687.8154296875,11117.9140625,-42075.4609375,175.46119689941406,44610.73046875,9505.7275390625
57126.631580828,52927.94921875,52224.6484375,-7584.75146484375,11200.90625,-41983.99609375,251.5018310546875,44699.265625,9597.01171875
57126.635639264,52909.0390625,52209.4296875,-7619.12841796875,11178.017578125,-42006.75,248.9537353515625,44679.328125,9580.13671875
57126.639618567,52781.25390625,52077.75390625,-7775.5458984375,11044.935546875,-42144.23828125,145.59925842285156,44548.74609375,9454.4306640625
57126.644200673,52736.16796875,52028.0,-7817.83544921875,11003.1826171875,-42189.1640625,95.84427642822266,44506.59375,9409.3017578125
57126.648635816,52820.2578125,52109.6953125,-7710.0107421875,11089.1025390625,-42098.5703125,157.19981384277344,44599.30859375,9496.228515625
57126.652216167,52917.46484375,52206.09765625,-7598.72119140625,11180.6552734375,-41999.015625,240.46006774902344,44695.64453125,9595.0673828125
57126.656687412,52906.37890625,52196.890625,-7627.57763671875,11162.0810546875,-42018.6640625,241.17532348632812,44679.484375,9582.505859375
57126.660688595,52779.30859375,52064.87890625,-7782.765625,11029.7587890625,-42155.92578125,136.77032470703125,44552.390625,9457.1572265625
57126.664690872,52721.41796875,51992.52734375,-7838.779296875,10966.056640625,-42210.6640625,83.8637466430664,44508.203125,9410.7998046875
57126.667668785,52808.8359375,52091.7890625,-7721.72314453125,11075.37890625,-42103.9140625,155.6128387451172,44598.48046875,9496.5859375
57126.670780898,52920.953125,52223.77734375,-7592.060546875,11205.3544921875,-41983.01171875,248.4619903564453,44698.75,9596.0283203125
57126.674743425,52904.61328125,52206.6796875,-7627.4658203125,11176.8779296875,-42013.34375,239.45423889160156,44676.17578125,9579.0634765625
57126.678733668,52771.62109375,52064.05078125,-7792.68994140625,11028.3056640625,-42164.375,126.80144500732422,44541.99609375,9448.8203125
57126.683710349,52724.2109375,52016.0625,-7835.560546875,10991.0908203125,-42207.828125,75.75006103515625,44496.33203125,9400.607421875
57126.687286324,52820.234375,52109.47265625,-7717.7666015625,11086.107421875,-42105.546875,151.72364807128906,44593.609375,9494.5068359375
57126.690622345,52914.3125,52196.375,-7611.484375,11165.9482421875,-42011.35546875,235.76620483398438,44691.015625,9592.4970703125
57126.694736212,52900.0078125,52187.45703125,-7639.13330078125,11150.0556640625,-42031.984375,229.21713256835938,44668.62109375,9577.990234375
57126.698751617,52779.82421875,52075.33984375,-7783.1904296875,11037.0458984375,-42159.99609375,126.5332260131836,44539.26953125,9451.2783203125
57126.702746966,52732.30078125,52030.859375,-7826.1953125,11002.4453125,-42201.76953125,78.02993774414062,44488.5546875,9397.9921875
57126.706731374,52812.703125,52107.50390625,-7721.208984375,11084.23046875,-42110.3046875,142.00062561035156,44579.390625,9483.8232421875
57126.711798493,52906.265625,52198.23046875,-7611.70751953125,11171.1787109375,-42012.1171875,224.76914978027344,44680.78125,9583.6005859375
57126.715742787,52902.8671875,52195.34765625,-7634.4169921875,11155.0625,-42028.5,228.85951232910156,44668.640625,9575.0625
57126.719777885,52783.17578125,52077.3515625,-7780.44091796875,11036.822265625,-42155.92578125,132.83641052246094,44548.90234375,9456.576171875
57126.723796937,52724.63671875,52021.76171875,-7829.5478515625,10994.0634765625,-42206.171875,77.06881713867188,44497.29296875,9401.4345703125
57126.727744513,52809.37109375,52096.77734375,-7721.90185546875,11073.412109375,-42115.9375,142.33590698242188,44586.58984375,9489.791015625
57126.731721992,52903.0234375,52188.7734375,-7613.11572265625,11159.6220703125,-42017.859375,226.9149169921875,44683.4609375,9587.646484375
57126.736722742,52899.58203125,52193.84765625,-7625.94580078125,11160.9189453125,-42016.33984375,246.9867706298828,44682.1640625,9589.1220703125
57126.740756016,52783.66796875,52085.95703125,-7762.783203125,11058.771484375,-42130.87109375,159.770263671875,44565.625,9466.8798828125
57126.74480023,52732.97265625,52033.36328125,-7813.96875,11007.9208984375,-42186.45703125,99.01822662353516,44512.8046875,9410.9111328125
57126.748334998,52815.5390625,52113.29296875,-7708.826171875,11088.87890625,-42099.4453125,158.071533203125,44596.22265625,9496.09375
57126.751336614,52911.18359375,52205.5625,-7598.36376953125,11178.7333984375,-42001.67578125,238.51547241210938,44690.03125,9593.5029296875
57126.754386367,52902.2421875,52202.25390625,-7618.34619140625,11173.837890625,-42009.4765625,246.0703582763672,44679.39453125,9586.8642578125
57126.758334673,52777.41015625,52075.05078125,-7771.27685546875,11041.9853515625,-42146.60546875,146.7615509033203,44552.90625,9462.2529296875
57126.762467138,52734.2265625,52025.8984375,-7816.09228515625,11000.9248046875,-42190.55078125,98.32532501220703,44505.609375,9409.6376953125
57126.767600993,52811.80859375,52100.73046875,-7714.74951171875,11080.2294921875,-42104.44921875,153.02005004882812,44592.06640625,9487.17578125
57126.771450107,52910.22265625,52195.52734375,-7599.16845703125,11170.1279296875,-42000.3125,241.71176147460938,44695.01953125,9592.966796875
57126.774596499,52911.453125,52212.265625,-7609.58447265625,11179.0908203125,-42002.03515625,248.8866729736328,44685.78515625,9587.244140625
57126.778779653,52794.4609375,52105.828125,-7752.27783203125,11069.791015625,-42129.70703125,147.65562438964844,44559.7890625,9463.6611328125
57126.782750933,52742.83203125,52045.3203125,-7806.81591796875,11013.9111328125,-42185.09375,91.46334075927734,44507.77734375,9407.0224609375
57126.786845837,52830.31640625,52130.59375,-7695.794921875,11106.984375,-42084.8046875,162.0054473876953,44598.2578125,9492.71875
57126.79084082,52934.71875,52237.2109375,-7576.19091796875,11207.388671875,-41977.8515625,254.65342712402344,44704.76171875,9602.734375
57126.795840476,52909.21484375,52208.33203125,-7613.40625,11173.927734375,-42006.05859375,249.82545471191406,44686.234375,9591.0888671875
57126.799816861,52784.29296875,52089.5546875,-7762.537109375,11055.7763671875,-42134.06640625,151.85775756835938,44559.51953125,9464.1533203125
57126.803801269,52744.125,52051.19921875,-7802.47998046875,11028.216796875,-42169.3828125,107.8918685913086,44515.375,9412.6103515625
57126.807830167,52829.82421875,52130.16796875,-7694.7890625,11112.2587890625,-42077.359375,173.58364868164062,44602.4609375,9499.4462890625
57126.811859795,52923.1875,52227.3984375,-7581.6669921875,11206.1142578125,-41975.2109375,259.1908264160156,44697.07421875,9597.75
57126.816756977,52916.859375,52224.08984375,-7600.39794921875,11193.10546875,-41989.13671875,263.1918029785156,44696.87109375,9597.3916015625
57126.820768371,52794.39453125,52096.05859375,-7753.30615234375,11061.4541015625,-42126.7109375,161.13372802734375,44575.2578125,9482.794921875
57126.82473564,52741.0859375,52035.84375,-7806.41357421875,11009.708984375,-42179.4609375,106.1484375,44523.78125,9428.7255859375
57126.828794441,52813.39453125,52109.5390625,-7706.412109375,11089.974609375,-42095.10546875,159.2561798095703,44599.2421875,9500.51953125
57126.833741219,52909.4609375,52207.3046875,-7594.072265625,11184.208984375,-41996.2890625,239.9906768798828,44693.8984375,9598.263671875
57126.83679863,52912.16796875,52209.8984375,-7608.73486328125,11175.1796875,-42005.5,251.74769592285156,44692.1796875,9600.767578125
57126.839778002,52794.88671875,52091.38671875,-7753.9990234375,11057.05078125,-42131.8984375,155.12110900878906,44567.94921875,9475.75390625
57126.842810251,52740.9296875,52032.87109375,-7804.04443359375,11005.2392578125,-42184.60546875,101.83454895019531,44517.859375,9421.439453125
57126.846706043,52823.07421875,52107.32421875,-7701.4052734375,11078.955078125,-42100.3359375,161.13372802734375,44601.85546875,9505.3251953125
57126.851389893,52932.3046875,52228.828125,-7573.4638671875,11206.0693359375,-41979.3046875,252.53001403808594,44702.9296875,9610.4677734375
57126.855718187,52924.37109375,52233.3203125,-7593.73681640625,11205.8232421875,-41988.22265625,256.1286315917969,44686.9921875,9594.5087890625
57126.859631119,52800.51953125,52106.56640625,-7749.93115234375,11073.3447265625,-42125.8203125,155.5234375,44563.25390625,9469.919921875
57126.862948177,52739.61328125,52025.765625,-7817.50048828125,10995.8955078125,-42195.7578125,92.22329711914062,44510.234375,9416.07421875
57126.866885542,52820.078125,52100.6640625,-7714.97265625,11073.9482421875,-42110.53125,150.18136596679688,44587.55078125,9496.33984375
57126.870908606,52926.29296875,52220.78125,-7590.49609375,11192.255859375,-41992.71484375,240.1471405029297,44690.50390625,9591.4462890625
