#57079.873479544,52747.16796875,52125.3203125,-7945.9111328125,11084.54296875,-43182.20703125,-185.87710571289062,44586.140625,9484.716796875
57079.876422449,52616.67578125,51990.26953125,-8106.88818359375,10946.6328125,-43326.30859375,-298.105224609375,44450.87109375,9349.376953125
57079.880367472,52582.078125,51953.34375,-8135.7890625,10918.1123046875,-43357.80078125,-340.5735168457031,44411.375,9309.412109375
57079.884527288,52678.94921875,52048.18359375,-8019.4482421875,11012.8388671875,-43258.6953125,-270.9478454589844,44511.28515625,9405.390625
57079.889762886,52778.79296875,52145.0546875,-7909.9248046875,11103.9892578125,-43160.390625,-188.358154296875,44611.7109375,9504.990234375
57079.893774645,52747.94921875,52114.6796875,-7956.61767578125,11069.947265625,-43192.64453125,-199.15403747558594,44578.7421875,9477.564453125
57079.897762335,52600.71875,51965.4375,-8124.09912109375,10927.65625,-43336.6796875,-310.4433898925781,44440.6328125,9339.654296875
57079.901626036,52567.2109375,51933.29296875,-8152.53076171875,10899.0234375,-43369.671875,-349.8941955566406,44409.36328125,9304.47265625
57079.90496461,52686.05859375,52064.3671875,-8014.53076171875,11018.1357421875,-43252.19140625,-262.4989013671875,44518.3046875,9410.9111328125
57079.910385097,52789.43359375,52167.296875,-7896.40185546875,11121.6025390625,-43146.0625,-175.7741241455078,44616.4296875,9510.9130859375
57079.913949403,52756.26171875,52135.64453125,-7947.1181640625,11083.0234375,-43186.90234375,-194.90721130371094,44573.109375,9476.8486328125
57079.918820693,52618.1953125,51996.03515625,-8111.0458984375,10944.2412109375,-43330.21875,-309.7057800292969,44436.5859375,9341.5087890625
57079.922888247,52581.5859375,51953.74609375,-8142.49462890625,10911.9208984375,-43365.37890625,-356.08563232421875,44407.1953125,9298.83984375
57079.925867983,52676.15625,52048.5859375,-8024.58935546875,11004.5234375,-43265.35546875,-283.4648132324219,44500.06640625,9395.4443359375
57079.92993189,52769.8515625,52137.09765625,-7922.39697265625,11086.7783203125,-43174.67578125,-205.099609375,44591.6171875,9493.322265625
57079.93297435,52740.88671875,52104.21875,-7972.39794921875,11046.298828125,-43213.12109375,-217.8848114013672,44560.640625,9468.6240234375
57079.936990849,52598.97265625,51967.046875,-8138.359375,10912.6806640625,-43356.50390625,-331.4093017578125,44421.09765625,9325.70703125
57079.940997137,52569.37890625,51935.484375,-8160.53271484375,10894.44140625,-43378.859375,-365.80865478515625,44392.5546875,9289.1171875
57079.945021659,52666.03125,52037.38671875,-8034.17822265625,11001.8193359375,-43269.421875,-289.209228515625,44489.31640625,9385.8994140625
57079.94994838,52760.62109375,52131.5546875,-7924.296875,11092.0751953125,-43173.4453125,-207.46888732910156,44584.4453125,9487.935546875
57079.953979102,52729.73046875,52102.20703125,-7972.6884765625,11053.9658203125,-43210.125,-218.0189208984375,44549.6875,9457.1572265625
57079.957498188,52601.56640625,51974.48828125,-8125.86474609375,10927.2763671875,-43340.5234375,-313.50555419921875,44432.9453125,9329.640625
57079.961082915,52567.79296875,51937.140625,-8155.45849609375,10897.7939453125,-43373.515625,-356.3985595703125,44406.48046875,9297.2080078125
57079.964979437,52660.015625,52028.06640625,-8040.19091796875,10989.32421875,-43275.234375,-286.2811279296875,44499.484375,9391.9345703125
57079.969030581,52763.39453125,52134.34765625,-7922.12890625,11087.2255859375,-43168.484375,-193.7449188232422,44603.6875,9498.0166015625
57079.97300186,52732.03515625,52107.63671875,-7965.98291015625,11060.6708984375,-43196.55859375,-202.70797729492188,44572.53125,9470.8369140625
57079.978019749,52592.6953125,51971.13671875,-8126.625,10930.427734375,-43335.18359375,-311.44921875,44435.40234375,9332.3447265625
57079.981913354,52561.15625,51938.8828125,-8155.72705078125,10900.677734375,-43371.97265625,-357.4938049316406,44399.4375,9289.8994140625
57079.986039984,52666.609375,52039.9140625,-8028.0537109375,11004.568359375,-43264.4375,-277.9439392089844,44501.3828125,9389.431640625
57079.990073988,52761.60546875,52139.33203125,-7920.2734375,11097.1494140625,-43168.1484375,-199.4669647216797,44585.16015625,9480.6484375
57079.994048914,52737.30859375,52115.39453125,-7963.14404296875,11064.5830078125,-43198.61328125,-211.31338500976562,44562.71875,9456.6650390625
57079.999016114,52596.3828125,51970.98046875,-8128.90478515625,10920.1904296875,-43346.3125,-325.7096252441406,44426.68359375,9322.8681640625
57080.002493263,52554.16015625,51927.1015625,-8164.64501953125,10879.9130859375,-43389.23046875,-374.212890625,44387.48046875,9285.3837890625
57080.007035984,52646.47265625,52016.890625,-8050.11474609375,10971.1748046875,-43292.37890625,-305.3918762207031,44479.43359375,9369.76171875
57080.010982831,52742.875,52112.69140625,-7935.6962890625,11069.4560546875,-43186.9453125,-217.3036651611328,44577.3125,9467.70703125
57080.013992106,52724.5,52097.0,-7969.58154296875,11049.71875,-43207.57421875,-218.71182250976562,44555.87890625,9450.0048828125
57080.017925824,52592.26953125,51965.99609375,-8126.11083984375,10921.21875,-43345.64453125,-327.1624755859375,44422.68359375,9315.6708984375
57080.02050588,52547.34375,51913.984375,-8167.90869140625,10873.54296875,-43393.83203125,-378.30328369140625,44381.421875,9275.6162109375
57080.024772544,52633.23828125,51998.26953125,-8058.72021484375,10958.255859375,-43300.4921875,-312.3432922363281,44465.53125,9366.6328125
57080.028861249,52733.98046875,52106.609375,-7943.072265625,11067.1533203125,-43185.78125,-216.6778106689453,44574.49609375,9471.283203125
57080.033855069,52712.87890625,52099.390625,-7978.5,11055.7763671875,-43208.46875,-223.00335693359375,44551.80859375,9446.0927734375
57080.037819056,52580.109375,51959.0,-8142.62890625,10913.015625,-43355.9921875,-334.0691833496094,44415.84375,9311.021484375
57080.041575179,52525.32421875,51895.3203125,-8193.658203125,10856.80078125,-43408.765625,-389.0544738769531,44368.75,9260.4169921875
57080.044851029,52626.46875,52000.484375,-8066.14111328125,10970.3701171875,-43292.66796875,-308.6552429199219,44467.56640625,9359.30078125
57080.048980212,52744.5078125,52127.734375,-7936.38916015625,11087.9853515625,-43174.5859375,-209.43585205078125,44580.3984375,9474.859375
57080.053003275,52718.33203125,52108.30859375,-7975.81787109375,11061.1181640625,-43203.796875,-219.04708862304688,44554.37890625,9453.8046875
57080.057030715,52588.37890625,51977.8203125,-8129.75390625,10930.8525390625,-43338.890625,-321.7980651855469,44425.6796875,9324.65625
57080.061992809,52548.1484375,51930.76953125,-8165.69580078125,10889.6357421875,-43380.6015625,-365.2498474121094,44389.42578125,9290.591796875
57080.066050151,52643.9453125,52023.41796875,-8046.8740234375,10985.994140625,-43277.828125,-290.706787109375,44485.359375,9386.458984375
57080.070025443,52737.93359375,52118.2109375,-7936.5234375,11075.8701171875,-43181.6484375,-210.50872802734375,44586.296875,9481.587890625
57080.07408315,52709.6171875,52087.56640625,-7980.82470703125,11036.1962890625,-43218.75,-226.02084350585938,44554.6484375,9452.7763671875
57080.076686909,52584.109375,51966.82421875,-8130.15625,10915.943359375,-43347.38671875,-327.3189392089844,44423.82421875,9324.4775390625
57080.080682987,52539.25,51921.73828125,-8173.89892578125,10875.7109375,-43395.77734375,-384.762939453125,44370.6484375,9267.4580078125
57080.087055268,52633.6640625,52008.0625,-8062.408203125,10961.8095703125,-43304.08984375,-320.7251892089844,44460.0546875,9359.7255859375
57080.090119244,52735.0078125,52108.53125,-7948.1015625,11057.20703125,-43204.0,-238.18019104003906,44556.32421875,9459.3251953125
57080.094036187,52717.21484375,52097.46875,-7982.16552734375,11037.984375,-43224.2265625,-240.32595825195312,44535.203125,9440.5048828125
57080.098118328,52582.6796875,51956.4296875,-8148.2392578125,10899.626953125,-43365.71484375,-347.59197998046875,44404.9375,9306.1044921875
57080.101149483,52541.44140625,51913.73828125,-8186.48291015625,10863.126953125,-43402.59375,-384.2935485839844,44377.33203125,9267.435546875
57080.105153948,52642.046875,52021.0703125,-8056.95458984375,10974.169921875,-43281.94140625,-294.3501281738281,44479.6796875,9373.3828125
57080.109166436,52751.2578125,52136.94140625,-7928.43212890625,11098.177734375,-43160.48046875,-200.60690307617188,44586.9921875,9479.1513671875
57080.113195334,52737.2421875,52127.46484375,-7956.4609375,11082.4638671875,-43179.078125,-202.46209716796875,44572.46484375,9466.8134765625
57080.117196517,52605.859375,51991.58984375,-8116.92431640625,10944.576171875,-43322.328125,-313.25970458984375,44436.2734375,9337.1728515625
57080.122088594,52561.37890625,51945.51953125,-8161.89599609375,10899.626953125,-43371.63671875,-367.4850158691406,44388.1953125,9284.7802734375
57080.126157241,52652.8203125,52033.1171875,-8046.96337890625,10988.1845703125,-43275.2578125,-297.501708984375,44482.00390625,9372.935546875
57080.129205536,52750.38671875,52125.296875,-7932.34375,11081.5029296875,-43171.3203125,-207.20066833496094,44585.515625,9479.576171875
57080.133119562,52739.6328125,52119.88671875,-7961.22216796875,11065.4326171875,-43192.46484375,-209.7711181640625,44565.53515625,9467.70703125
57080.137160859,52603.109375,51981.70703125,-8127.4072265625,10925.48828125,-43341.73046875,-326.3578186035156,44418.125,9327.4501953125
57080.141125575,52543.38671875,51923.2578125,-8178.43603515625,10877.3427734375,-43389.18359375,-378.92913818359375,44371.921875,9272.0625
57080.145178176,52631.71875,52008.5078125,-8070.6787109375,10963.955078125,-43299.8203125,-318.1100158691406,44463.9453125,9354.8310546875
57080.150122766,52729.57421875,52107.52734375,-7956.4609375,11062.7724609375,-43196.2890625,-232.48049926757812,44560.16796875,9452.9326171875
57080.154112645,52704.54296875,52086.6953125,-7994.14599609375,11037.4921875,-43220.71875,-236.63792419433594,44533.50390625,9433.7548828125
57080.158183115,52575.23828125,51963.69140625,-8150.1611328125,10915.138671875,-43354.3828125,-340.1264953613281,44401.0234375,9301.365234375
57080.162199614,52520.36328125,51910.16015625,-8207.1357421875,10863.193359375,-43410.70703125,-400.2079772949219,44347.15625,9241.75390625
57080.166235077,52600.3359375,51981.21875,-8106.30712890625,10940.6201171875,-43324.87890625,-340.2606201171875,44431.4453125,9322.197265625
57080.171122778,52697.2109375,52069.171875,-7996.6494140625,11026.0927734375,-43228.54296875,-256.06158447265625,44529.01171875,9420.388671875
57080.174126218,52675.70703125,52049.27734375,-8032.90380859375,10998.8017578125,-43257.0390625,-266.3433837890625,44496.48828125,9401.1435546875
57080.178160221,52547.296875,51924.15234375,-8186.572265625,10872.291015625,-43393.921875,-375.4869689941406,44370.71484375,9271.302734375
57080.18319525,52506.19140625,51881.37109375,-8223.5869140625,10837.98046875,-43430.1328125,-419.4975280761719,44337.2109375,9227.91796875
57080.186160034,52617.34765625,51995.9453125,-8087.12939453125,10953.4501953125,-43311.22265625,-329.59881591796875,44450.64453125,9340.7490234375
57080.190122197,52717.171875,52099.30078125,-7967.74853515625,11056.916015625,-43201.69921875,-239.02955627441406,44556.8828125,9445.7802734375
57080.193155176,52707.37890625,52094.1171875,-7989.00537109375,11045.6953125,-43212.94140625,-231.7205352783203,44545.86328125,9437.5546875
57080.197173863,52579.6171875,51966.44140625,-8144.39453125,10914.22265625,-43351.453125,-338.29364013671875,44411.0390625,9311.111328125
57080.201194009,52531.046875,51911.6796875,-8195.1103515625,10863.595703125,-43404.62890625,-394.86590576171875,44360.5,9257.0869140625
57080.206190747,52624.23046875,52007.50390625,-8076.55712890625,10962.2119140625,-43303.0625,-324.3685302734375,44448.92578125,9346.2255859375
57080.210169685,52733.48828125,52118.12109375,-7950.6494140625,11071.4453125,-43185.5390625,-225.39498901367188,44562.515625,9459.3251953125
57080.213165832,52719.94140625,52103.4140625,-7977.22607421875,11052.892578125,-43200.4921875,-221.81871032714844,44557.0390625,9454.6533203125
57080.217144405,52595.80078125,51982.40234375,-8129.68701171875,10925.48828125,-43335.203125,-322.9603576660156,44428.94140625,9328.7021484375
57080.221180596,52561.19921875,51950.05859375,-8166.27685546875,10893.8603515625,-43375.52734375,-369.5637512207031,44388.5078125,9283.39453125
57080.225161722,52648.171875,52033.07421875,-8056.4404296875,10981.0546875,-43278.921875,-297.702880859375,44483.75,9376.2890625
57080.229312786,52744.7734375,52128.15625,-7941.61962890625,11077.5244140625,-43172.8203125,-206.26190185546875,44588.80078125,9483.2861328125
57080.233351895,52733.93359375,52124.1328125,-7965.98291015625,11069.0751953125,-43185.58203125,-204.8090362548828,44573.06640625,9469.4951171875
57080.238273146,52607.2890625,52002.25,-8115.1806640625,10947.7724609375,-43316.47265625,-305.6824645996094,44447.515625,9341.978515625
57080.241284608,52561.6484375,51952.44921875,-8155.5927734375,10906.8466796875,-43360.84375,-354.4986572265625,44402.58984375,9295.173828125
57080.248279385,52650.83203125,52039.48828125,-8043.14111328125,10997.0361328125,-43264.37109375,-286.57171630859375,44490.0078125,9384.447265625
57080.251363053,52754.25390625,52143.9609375,-7926.2861328125,11094.6455078125,-43159.40625,-195.4883575439453,44591.37109375,9489.2763671875
57080.253891325,52733.98046875,52127.6875,-7959.81396484375,11071.244140625,-43183.50390625,-203.78085327148438,44576.10546875,9470.7470703125
57080.257353887,52594.59375,51986.53515625,-8123.607421875,10934.7197265625,-43325.7734375,-317.2159423828125,44437.9296875,9330.84765625
57080.263321383,52553.3984375,51937.1171875,-8165.6064453125,10889.9482421875,-43368.84375,-359.88543701171875,44401.6953125,9290.5693359375
57080.267260571,52651.34375,52038.63671875,-8041.35302734375,10995.6728515625,-43260.1484375,-282.2801818847656,44502.45703125,9387.419921875
57080.270022234,52755.34765625,52146.08203125,-7919.60302734375,11101.75390625,-43147.984375,-186.7935333251953,44609.87890625,9494.529296875
57080.273199987,52738.11328125,52129.67578125,-7947.654296875,11079.5810546875,-43169.69140625,-190.54861450195312,44590.9921875,9484.76171875
57080.277313489,52610.0390625,52003.32421875,-8104.34033203125,10948.845703125,-43310.26171875,-299.8262939453125,44449.9296875,9348.3486328125
57080.281324153,52546.625,51943.80078125,-8163.7509765625,10894.150390625,-43367.5703125,-361.8300476074219,44397.24609375,9285.5400390625
57080.285362533,52635.453125,52028.109375,-8053.400390625,10978.751953125,-43274.09375,-291.7349548339844,44495.52734375,9381.49609375
57080.289380855,52746.71875,52129.65625,-7930.2646484375,11084.3193359375,-43158.71484375,-192.98495483398438,44603.0859375,9491.6240234375
57080.29435316,52749.1796875,52145.5703125,-7942.3349609375,11092.5224609375,-43162.15625,-187.1064453125,44589.5625,9479.822265625
57080.297425523,52624.12109375,52021.49609375,-8099.4228515625,10964.4921875,-43301.1640625,-296.6300048828125,44454.04296875,9343.8115234375
57080.300425317,52561.71484375,51955.265625,-8158.1630859375,10906.66796875,-43358.7421875,-356.3985595703125,44397.8046875,9286.9267578125
57080.305312653,52646.13671875,52038.81640625,-8049.4443359375,10992.7666015625,-43268.328125,-294.61834716796875,44485.15625,9373.6953125
57080.309371819,52757.3359375,52154.17578125,-7922.93359375,11102.0888671875,-43154.37890625,-200.47279357910156,44592.53515625,9484.4267578125
57080.313396706,52740.23828125,52136.5390625,-7953.01904296875,11081.1904296875,-43172.9296875,-198.01409912109375,44575.99609375,9471.1494140625
57080.317365433,52598.81640625,51990.29296875,-8119.69580078125,10935.9931640625,-43320.67578125,-310.2198486328125,44438.44140625,9335.630859375
57080.321396884,52537.640625,51925.359375,-8178.63720703125,10877.9462890625,-43382.234375,-374.7716979980469,44379.58984375,9271.705078125
57080.326342932,52624.6796875,52014.4296875,-8070.16455078125,10968.2470703125,-43289.875,-310.7563171386719,44459.54296875,9352.2158203125
57080.330418508,52734.71484375,52123.9765625,-7950.4931640625,11074.7978515625,-43179.58984375,-220.18704223632812,44565.5546875,9457.8720703125
57080.334434278,52722.3125,52114.61328125,-7979.55029296875,11056.8046875,-43198.25390625,-220.18704223632812,44558.2265625,9453.1337890625
57080.338405923,52582.32421875,51968.453125,-8149.78125,10907.94140625,-43348.32421875,-333.8680114746094,44422.1484375,9318.3974609375
57080.342318126,52517.90625,51898.73828125,-8211.5615234375,10848.396484375,-43408.921875,-398.10693359375,44364.92578125,9257.712890625
57080.347452345,52604.2265625,51996.03515625,-8098.0146484375,10950.0302734375,-43306.21484375,-326.290771484375,44455.921875,9344.7275390625
57080.35032742,52710.46484375,52104.33203125,-7976.15283203125,11060.0234375,-43190.87890625,-227.74192810058594,44564.83984375,9457.3359375
57080.353402336,52703.46875,52098.36328125,-7998.75048828125,11046.58984375,-43204.9609375,-224.38916015625,44548.81640625,9448.0380859375
57080.356860522,52570.72265625,51963.6484375,-8157.11279296875,10909.7080078125,-43345.8203125,-329.2412109375,44412.6484375,9313.5244140625
57080.361359847,52500.984375,51889.8671875,-8229.353515625,10835.9248046875,-43424.27734375,-408.6569519042969,44347.984375,9239.3837890625
57080.365349726,52575.90625,51964.05078125,-8131.07275390625,10914.021484375,-43343.18359375,-356.1303405761719,44425.58984375,9312.8095703125
57080.369372789,52675.91015625,52060.72265625,-8012.8994140625,11016.5263671875,-43233.6171875,-266.4104309082031,44525.01171875,9414.8896484375
57080.373380171,52674.703125,52065.171875,-8025.79638671875,11016.5712890625,-43236.23046875,-256.4192199707031,44516.359375,9409.9951171875
57080.378285741,52555.2109375,51952.4296875,-8177.87744140625,10892.98828125,-43371.4140625,-359.5054626464844,44388.84375,9277.8740234375
57080.381312156,52500.22265625,51892.01171875,-8232.728515625,10842.3623046875,-43424.43359375,-415.2730712890625,44335.9375,9223.4697265625
57080.385308233,52585.69921875,51973.70703125,-8123.00390625,10926.404296875,-43332.41015625,-349.5812683105469,44426.70703125,9315.693359375
57080.389245599,52697.6796875,52086.4921875,-7995.30859375,11036.12890625,-43214.5703125,-249.6019287109375,44540.76953125,9428.904296875
57080.393290178,52705.3671875,52102.00390625,-7997.94580078125,11049.0927734375,-43208.515625,-233.39691162109375,44533.16796875,9426.423828125
57080.397294278,52572.66796875,51968.20703125,-8154.14013671875,10917.0615234375,-43345.328125,-338.7630310058594,44404.55859375,9294.50390625
57080.401238937,52516.9453125,51909.82421875,-8207.60546875,10862.9033203125,-43401.8125,-398.01751708984375,44358.06640625,9241.619140625
57080.405299197,52600.5625,51996.68359375,-8100.6298828125,10945.4931640625,-43315.9609375,-340.2382507324219,44441.66015625,9327.0478515625
57080.409308402,52710.12890625,52106.20703125,-7973.470703125,11054.2568359375,-43195.9296875,-236.63792419433594,44556.7265625,9440.9970703125
57080.414474348,52717.4375,52109.8046875,-7980.57861328125,11055.8876953125,-43194.45703125,-219.98587036132812,44559.72265625,9446.40625
57080.418478449,52600.40625,51994.89453125,-8122.91455078125,10937.916015625,-43320.7890625,-316.43365478515625,44437.52734375,9325.728515625
57080.422513546,52537.44140625,51931.26171875,-8183.28662109375,10879.130859375,-43382.4765625,-380.2925720214844,44376.81640625,9263.0771484375
57080.425528291,52628.27734375,52019.9765625,-8067.12451171875,10973.7900390625,-43283.4375,-310.1751708984375,44471.2109375,9352.1708984375
57080.431523866,52733.12890625,52127.77734375,-7942.40185546875,11079.6923828125,-43169.51171875,-214.86732482910156,44578.56640625,9465.5615234375
57080.435422211,52735.1640625,52131.375,-7952.83984375,11076.4296875,-43170.91796875,-199.7351837158203,44572.484375,9471.0380859375
57080.439465332,52610.0625,52005.71484375,-8105.0107421875,10948.845703125,-43306.55078125,-305.3248291015625,44451.98828125,9347.119140625
57080.44247023,52549.5546875,51940.4921875,-8165.47216796875,10886.4619140625,-43369.08984375,-366.5462646484375,44401.26953125,9288.7587890625
57080.445560098,52639.765625,52031.93359375,-8051.52294921875,10983.333984375,-43265.421875,-289.857421875,44495.171875,9374.1201171875
57080.449470477,52753.37890625,52154.77734375,-7917.36767578125,11108.056640625,-43138.734375,-185.43006896972656,44608.8515625,9485.1416015625
57080.453512139,52750.6328125,52156.92578125,-7926.912109375,11108.9736328125,-43139.91796875,-174.164794921875,44605.8359375,9487.443359375
57080.457506028,52636.75,52043.2890625,-8075.0595703125,10984.5185546875,-43272.73046875,-275.10528564453125,44478.875,9363.81640625
57080.461528727,52575.4375,51972.9921875,-8142.1591796875,10915.0947265625,-43340.79296875,-339.3665466308594,44419.93359375,9305.6572265625
57080.465512406,52653.71484375,52048.47265625,-8039.6767578125,10991.671875,-43254.8515625,-278.54742431640625,44502.58984375,9390.99609375
57080.468568723,52767.953125,52171.921875,-7907.37646484375,11114.583984375,-43132.62890625,-182.41258239746094,44615.625,9503.783203125
57080.472627889,52769.00390625,52181.265625,-7913.18798828125,11126.4970703125,-43128.2265625,-170.61087036132812,44618.10546875,9504.990234375
57080.477077619,52644.05859375,52053.01171875,-8063.2802734375,11000.8359375,-43255.41015625,-262.2753601074219,44498.0546875,9384.7373046875
57080.481314745,52587.53125,51986.04296875,-8122.9814453125,10940.3291015625,-43313.1640625,-317.6853332519531,44444.27734375,9328.0087890625
57080.485574845,52664.82421875,52058.8203125,-8027.271484375,11012.6826171875,-43235.71875,-269.8749694824219,44514.796875,9400.5625
57080.489612131,52766.79296875,52161.21484375,-7912.04833984375,11109.8896484375,-43135.19921875,-189.90042114257812,44612.25,9504.3193359375
57080.493615137,52774.27734375,52176.86328125,-7910.77392578125,11122.09375,-43120.73828125,-158.22799682617188,44626.578125,9519.138671875
57080.498559727,52642.55859375,52042.66015625,-8066.4765625,10988.6982421875,-43255.90234375,-256.5980224609375,44500.71484375,9392.1806640625
57080.502582425,52585.98828125,51987.09375,-8126.22265625,10936.216796875,-43317.0546875,-319.20526123046875,44441.94921875,9326.01953125
57080.505594253,52667.37109375,52071.94140625,-8020.6328125,11022.5390625,-43226.93359375,-256.8439025878906,44523.19921875,9403.1103515625
57080.509482387,52778.99609375,52183.6796875,-7890.12109375,11133.7841796875,-43110.81640625,-162.07249450683594,44633.4375,9518.244140625
57080.513594066,52784.73828125,52188.26171875,-7897.1171875,11129.8056640625,-43114.99609375,-152.93063354492188,44634.265625,9521.462890625
57080.519527282,52644.81640625,52045.45703125,-8061.11181640625,10985.0556640625,-43262.09375,-265.3375549316406,44496.33203125,9386.5927734375
57080.522587246,52576.3984375,51972.92578125,-8131.65380859375,10916.79296875,-43332.41015625,-334.13623046875,44431.82421875,9317.7490234375
57080.525640646,52667.81640625,52066.4453125,-8019.626953125,11014.4482421875,-43235.89453125,-268.4891662597656,44522.6875,9405.3681640625
57080.52951857,52768.17578125,52170.71484375,-7898.7041015625,11123.189453125,-43122.4375,-175.84117126464844,44626.93359375,9510.3095703125
57080.533509178,52760.7109375,52169.57421875,-7911.77978515625,11118.2275390625,-43125.9921875,-162.98892211914062,44620.51953125,9504.8115234375
57080.537558862,52640.21484375,52048.36328125,-8070.2763671875,10986.1728515625,-43266.09375,-267.416259765625,44481.89453125,9369.7392578125
57080.541640638,52575.90625,51980.74609375,-8145.86962890625,10915.02734375,-43340.74609375,-339.43359375,44421.09765625,9299.041015625
57080.545667348,52645.69140625,52044.94140625,-8053.802734375,10985.9716796875,-43266.02734375,-291.55615234375,44499.05859375,9371.52734375
57080.548682093,52741.46484375,52130.7734375,-7941.91015625,11075.2001953125,-43166.91796875,-207.80416870117188,44595.84375,9470.6572265625
57080.552663583,52742.31640625,52135.8671875,-7951.8564453125,11077.3232421875,-43168.05859375,-198.2376251220703,44589.5859375,9474.9716796875
57080.556645439,52617.7734375,52018.54296875,-8101.76953125,10960.826171875,-43296.9140625,-298.01580810546875,44461.5078125,9353.4228515625
57080.56154408,52554.96484375,51954.57421875,-8167.0146484375,10901.8623046875,-43357.69140625,-358.4325866699219,44398.7890625,9285.9873046875
57080.565604704,52631.02734375,52028.82421875,-8069.0244140625,10977.947265625,-43274.98828125,-304.36370849609375,44475.92578125,9356.462890625
57080.569667517,52737.77734375,52134.4140625,-7949.107421875,11078.8212890625,-43167.453125,-215.5602264404297,44577.8515625,9458.251953125
57080.573673441,52745.9609375,52150.5546875,-7951.4541015625,11086.8896484375,-43163.2734375,-200.49514770507812,44573.26953125,9467.505859375
57080.578556401,52612.51953125,52013.08984375,-8111.56005859375,10951.169921875,-43302.86328125,-306.3753662109375,44447.8984375,9335.630859375
57080.582553937,52542.71484375,51938.81640625,-8182.30322265625,10884.71875,-43371.7265625,-371.6201171875,44388.88671875,9268.1064453125
57080.586594505,52615.08984375,52010.72265625,-8085.05078125,10959.306640625,-43290.14453125,-316.2995300292969,44465.80078125,9344.2138671875
57080.59065987,52719.7421875,52119.75390625,-7962.78662109375,11064.068359375,-43177.3359375,-222.7798309326172,44572.57421875,9449.7138671875
57080.594668347,52722.69140625,52130.28125,-7972.37548828125,11062.7275390625,-43178.67578125,-210.01699829101562,44574.33984375,9455.212890625
57080.598672447,52592.9375,52003.9921875,-8129.15087890625,10934.4736328125,-43312.5859375,-311.9632873535156,44445.640625,9329.193359375
57080.603507271,52522.3984375,51930.09765625,-8202.5087890625,10867.708984375,-43383.21484375,-379.1079406738281,44378.2265625,9258.5615234375
57080.607614573,52604.67578125,52017.00390625,-8101.6357421875,10952.109375,-43299.375,-323.63092041015625,44449.75,9330.1318359375
57080.610599415,52716.38671875,52135.35546875,-7973.73876953125,11066.080078125,-43184.59765625,-231.27349853515625,44563.2109375,9439.9912109375
57080.613731584,52712.69921875,52127.64453125,-7987.4404296875,11054.79296875,-43192.19921875,-223.91976928710938,44561.3984375,9444.751953125
57080.617641599,52575.99609375,51985.3515625,-8150.630859375,10915.4072265625,-43335.76171875,-332.9292297363281,44425.07421875,9311.982421875
57080.621694201,52503.6875,51907.92578125,-8224.48046875,10843.76953125,-43409.97265625,-404.052490234375,44358.15625,9239.607421875
57080.625631566,52574.34375,51970.80078125,-8129.35205078125,10913.775390625,-43330.77734375,-352.12939453125,44435.671875,9313.837890625
57080.629671404,52683.59765625,52081.0859375,-8001.0751953125,11024.2158203125,-43212.26953125,-253.51348876953125,44545.26171875,9425.216796875
57080.633682798,52705.03515625,52122.75,-7986.8818359375,11059.5986328125,-43188.1953125,-224.99266052246094,44554.15625,9437.7109375
57080.637645691,52588.8046875,52011.52734375,-8130.044921875,10948.3310546875,-43309.0078125,-313.3490905761719,44432.0703125,9315.291015625
57080.640689974,52513.58984375,51927.05859375,-8208.119140625,10871.1064453125,-43389.6328125,-390.37322998046875,44364.58984375,9238.6240234375
57080.64561086,52594.078125,52005.0,-8101.859375,10952.533203125,-43300.40234375,-329.4423522949219,44452.6796875,9324.65625
57080.649644499,52707.3125,52116.890625,-7972.2861328125,11062.236328125,-43181.9375,-230.20062255859375,44563.65625,9438.873046875
57080.653740861,52718.01953125,52129.3203125,-7969.40283203125,11069.5224609375,-43171.703125,-206.10543823242188,44573.625,9452.6640625
57080.657692084,52590.16796875,52000.125,-8124.68017578125,10936.9990234375,-43309.9921875,-311.896240234375,44440.98828125,9325.6171875
57080.661840595,52513.76953125,51919.9296875,-8205.1240234375,10860.6904296875,-43390.90625,-389.54620361328125,44366.15625,9247.6767578125
57080.66576155,52595.30859375,52005.6015625,-8095.265625,10955.0146484375,-43294.90625,-323.7203063964844,44454.24609375,9329.9091796875
57080.670733125,52706.28515625,52124.84765625,-7964.2392578125,11068.583984375,-43175.5234375,-226.75845336914062,44562.25,9444.86328125
57080.674701853,52723.13671875,52142.55078125,-7957.4892578125,11080.2734375,-43161.15234375,-198.37173461914062,44575.30078125,9463.9296875
57080.678766853,52597.3203125,52012.6875,-8111.93994140625,10950.25390625,-43297.36328125,-300.4521484375,44458.53515625,9338.291015625
57080.682763296,52519.40234375,51929.65234375,-8193.3896484375,10872.9169921875,-43377.5625,-375.665771484375,44383.92578125,9258.8974609375
57080.68678563,52598.1015625,52008.28515625,-8091.55517578125,10955.349609375,-43292.17578125,-317.5735778808594,44462.8515625,9340.32421875
57080.691618265,52702.59765625,52108.421875,-7973.80615234375,11049.3837890625,-43189.8046875,-230.1112060546875,44566.65234375,9451.1220703125
57080.694697921,52721.1953125,52126.4140625,-7967.61474609375,11061.9228515625,-43177.69140625,-207.848876953125,44576.30859375,9462.6337890625
57080.697750957,52605.12109375,52014.90234375,-8109.48095703125,10951.4384765625,-43300.1796875,-302.3296813964844,44453.6640625,9340.16796875
57080.700693861,52520.09375,51914.20703125,-8201.123046875,10857.13671875,-43392.1328125,-387.44512939453125,44373.44140625,9259.8583984375
57080.705611101,52607.24609375,52003.58984375,-8096.583984375,10944.509765625,-43302.4609375,-327.9447937011719,44454.98046875,9333.91015625
57080.709792796,52719.5859375,52126.45703125,-7966.0947265625,11065.365234375,-43183.2578125,-235.49798583984375,44560.75,9442.2490234375
57080.713773922,52727.67578125,52138.328125,-7967.54736328125,11070.4609375,-43181.3359375,-224.70208740234375,44561.2421875,9452.91015625
57080.717834547,52594.078125,52004.3046875,-8127.34033203125,10933.892578125,-43318.84375,-322.80389404296875,44429.96875,9322.80078125
57080.720851115,52530.9140625,51935.93359375,-8191.84716796875,10878.794921875,-43371.32421875,-368.78143310546875,44389.42578125,9264.306640625
57080.724798691,52612.20703125,52020.95703125,-8086.8388671875,10967.53125,-43280.8671875,-307.2917785644531,44478.765625,9345.3984375
57080.728802792,52720.72265625,52134.6171875,-7960.88671875,11080.720703125,-43164.63671875,-213.95089721679688,44585.31640625,9455.0341796875
57080.732876544,52735.90234375,52153.3046875,-7956.21533203125,11092.4775390625,-43153.53125,-192.4708709716797,44592.7578125,9469.115234375
57080.737810924,52616.87890625,52032.984375,-8107.73779296875,10963.2177734375,-43289.203125,-294.1712951660156,44464.546875,9341.822265625
57080.74177491,52526.28515625,51934.79296875,-8202.0625,10871.732421875,-43382.61328125,-380.67254638671875,44381.734375,9251.9013671875
57080.74582897,52600.26953125,52002.4296875,-8103.37890625,10946.677734375,-43303.3515625,-329.1070861816406,44455.2265625,9325.86328125
57080.749938461,52709.6171875,52114.0078125,-7976.5107421875,11056.8271484375,-43190.1875,-238.98484802246094,44558.94140625,9432.525390625
57080.753824772,52722.24609375,52131.5546875,-7974.14111328125,11065.857421875,-43179.703125,-216.85662841796875,44563.859375,9445.1318359375
57080.758830992,52594.078125,52005.9375,-8123.65234375,10943.212890625,-43306.66015625,-310.6669006347656,44441.75,9323.8740234375
57080.761846101,52533.23828125,51943.46484375,-8193.4345703125,10882.4609375,-43377.16015625,-379.2420349121094,44382.65234375,9257.109375
57080.766854873,52609.58984375,52014.7890625,-8097.388671875,10956.84765625,-43298.2109375,-327.788330078125,44457.640625,9331.40625
57080.770478985,52713.70703125,52119.84375,-7976.13037109375,11058.771484375,-43188.375,-236.23558044433594,44563.296875,9439.455078125
57080.774832077,52722.69140625,52130.4609375,-7977.15869140625,11062.861328125,-43181.40234375,-217.28131103515625,44572.75390625,9455.4140625
57080.778843836,52598.28125,52001.890625,-8132.48095703125,10931.1875,-43319.89453125,-321.9992370605469,44445.953125,9333.060546875
57080.781857122,52514.70703125,51912.39453125,-8221.552734375,10847.1455078125,-43407.421875,-405.1700744628906,44363.49609375,9248.548828125
57080.784888277,52598.9296875,51997.95703125,-8112.4541015625,10937.021484375,-43310.4375,-336.483154296875,44451.76171875,9334.5126953125
57080.788832571,52707.06640625,52106.140625,-7984.13232421875,11048.2216796875,-43190.1640625,-237.42022705078125,44559.05078125,9441.890625
57080.793829674,52727.5625,52133.5234375,-7970.4306640625,11069.947265625,-43169.890625,-206.91009521484375,44569.17578125,9456.21875
57080.797833774,52599.35546875,51999.703125,-8128.234375,10926.8291015625,-43314.0390625,-313.6396789550781,44450.265625,9336.345703125
57080.801879447,52522.44140625,51922.7890625,-8205.4599609375,10863.4619140625,-43384.71484375,-385.8134460449219,44379.6328125,9260.8193359375
57080.80489638,52611.46875,52027.73046875,-8084.0673828125,10978.5283203125,-43272.6875,-306.3753662109375,44474.33984375,9344.884765625
57080.808889175,52729.91015625,52151.3125,-7950.82861328125,11093.39453125,-43155.98828125,-211.93923950195312,44585.16015625,9456.375
57080.812911874,52747.234375,52167.765625,-7943.2509765625,11102.7373046875,-43144.296875,-189.11810302734375,44598.59375,9474.591796875
57080.816890447,52631.00390625,52045.8125,-8087.71044921875,10982.1044921875,-43269.35546875,-280.4920349121094,44480.10546875,9360.5751953125
57080.821897761,52543.00390625,51953.03125,-8182.30322265625,10892.83203125,-43362.02734375,-368.7367248535156,44391.45703125,9272.5537109375
57080.825860288,52607.87109375,52013.515625,-8098.35009765625,10953.986328125,-43295.1484375,-329.6658935546875,44452.41015625,9331.8984375
57080.829928571,52715.47265625,52120.0,-7971.77197265625,11062.638671875,-43179.61328125,-234.335693359375,44558.828125,9436.4814453125
57080.833918085,52733.75390625,52140.09375,-7964.17236328125,11076.7646484375,-43164.4609375,-206.82069396972656,44568.3046875,9454.876953125
57080.838863404,52610.93359375,52015.75,-8117.72900390625,10948.1748046875,-43299.5078125,-309.5940246582031,44447.7421875,9328.7021484375
57080.84190951,52533.52734375,51931.55078125,-8202.4423828125,10869.67578125,-43381.96484375,-385.9922790527344,44374.828125,9249.77734375
57080.846912083,52599.93359375,51997.4453125,-8112.94580078125,10936.73046875,-43309.3671875,-337.19842529296875,44447.58203125,9321.1025390625
57080.8509315,52700.16015625,52104.015625,-7993.900390625,11038.341796875,-43204.08984375,-252.03826904296875,44548.234375,9420.5673828125
57080.854972067,52711.3125,52116.1328125,-7988.93798828125,11047.2822265625,-43192.64453125,-229.3959503173828,44559.07421875,9437.2197265625
57080.859920304,52600.3828125,52001.734375,-8126.6025390625,10937.3564453125,-43309.41015625,-314.0643615722656,44445.81640625,9326.4443359375
57080.86294453,52515.578125,51915.59375,-8222.46875,10849.939453125,-43404.671875,-402.4208068847656,44356.92578125,9232.74609375
57080.865925361,52579.953125,51978.4453125,-8134.93994140625,10920.212890625,-43327.3125,-350.3859558105469,44431.7578125,9304.6064453125
57080.869037108,52676.46875,52075.00390625,-8021.16943359375,11019.0078125,-43218.86328125,-263.9517517089844,44530.328125,9405.435546875
#57116.875911178,52713.55078125,52039.7578125,-7842.89208984375,11007.4521484375,-42405.83984375,28.47612190246582,44490.07421875,9384.6923828125
57116.87991382,52805.01171875,52128.42578125,-7729.27783203125,11097.775390625,-42304.96875,109.70236206054688,44589.78515625,9489.6123046875
57116.882967585,52826.26953125,52154.75390625,-7711.2177734375,11122.2724609375,-42279.80078125,144.10169982910156,44613.65625,9518.4013671875
57116.886949076,52714.0859375,52051.15625,-7854.984375,11013.0625,-42405.03515625,46.31281280517578,44488.59765625,9396.7626953125
57116.890940048,52643.72265625,51971.94140625,-7942.60302734375,10932.08203125,-42490.3515625,-30.420724868774414,44410.2578125,9318.017578125
57116.895852911,52702.10546875,52025.96484375,-7861.64501953125,10993.6611328125,-42420.2578125,14.70744800567627,44473.33203125,9380.53515625
57116.899881809,52815.67578125,52147.04296875,-7729.47900390625,11112.5048828125,-42299.87109375,111.4905014038086,44595.0390625,9495.736328125
57116.903923836,52837.1328125,52174.40234375,-7715.53173828125,11131.34765625,-42280.3828125,139.78781127929688,44617.859375,9525.240234375
57116.907953463,52723.09375,52062.8671875,-7857.912109375,11017.8232421875,-42399.2265625,54.8958854675293,44501.8984375,9409.5478515625
57116.911867854,52635.80859375,51967.06640625,-7955.90234375,10925.95703125,-42494.9140625,-32.879417419433594,44413.40625,9319.4931640625
57116.916562279,52694.484375,52023.41796875,-7871.9716796875,10988.9892578125,-42425.77734375,11.712313652038574,44480.23828125,9383.2626953125
57116.920933239,52793.4140625,52127.9765625,-7750.1767578125,11096.5908203125,-42310.35546875,106.70722961425781,44586.9453125,9488.896484375
57116.924940986,52818.9140625,52149.61328125,-7737.32470703125,11106.537109375,-42295.87109375,135.92095947265625,44609.1875,9517.88671875
57116.929005622,52703.26953125,52037.87890625,-7875.81591796875,10995.359375,-42416.48046875,44.770545959472656,44491.05859375,9400.205078125
57116.932988207,52621.39453125,51957.703125,-7955.79052734375,10927.701171875,-42489.79296875,-26.10683822631836,44414.7265625,9317.458984375
57116.937904353,52698.88671875,52035.62109375,-7854.04541015625,11008.837890625,-42408.5,26.911500930786133,44491.23828125,9392.4267578125
57116.940971975,52811.33984375,52154.98046875,-7722.46044921875,11122.02734375,-42292.16015625,120.05121612548828,44599.77734375,9499.4912109375
57116.943956452,52837.71484375,52182.26953125,-7705.69677734375,11138.6123046875,-42271.9765625,150.874267578125,44620.80859375,9523.720703125
57116.947912051,52727.23046875,52067.6953125,-7845.46240234375,11023.34375,-42391.40234375,65.17768859863281,44509.05078125,9413.90625
57116.951890989,52637.7109375,51977.39453125,-7933.43896484375,10948.2421875,-42471.53125,-9.901823043823242,44428.29296875,9332.3447265625
57116.955931556,52709.19140625,52051.15625,-7840.5,11022.5166015625,-42397.99609375,34.46638870239258,44490.296875,9395.98046875
57116.959939668,52815.8515625,52159.1796875,-7718.83984375,11125.201171875,-42290.328125,119.98416137695312,44599.5546875,9497.0546875
57116.963605717,52828.97265625,52175.8125,-7706.68017578125,11139.5732421875,-42273.5625,146.9180145263672,44617.27734375,9516.232421875
57116.967074479,52722.7578125,52073.015625,-7837.3935546875,11036.1513671875,-42385.03125,66.9211196899414,44509.2734375,9413.19140625
57116.971069098,52641.33203125,51985.93359375,-7927.80615234375,10951.0810546875,-42474.9296875,-14.774502754211426,44427.2421875,9330.2666015625
57116.975055694,52711.5390625,52050.640625,-7838.08642578125,11018.806640625,-42401.59375,30.7336483001709,44496.1328125,9397.3212890625
57116.979948865,52814.01953125,52154.53125,-7714.95068359375,11124.9775390625,-42289.27734375,120.20767974853516,44600.53515625,9502.12890625
57116.983974846,52838.25,52179.41015625,-7697.06884765625,11145.09375,-42264.7578125,155.9481201171875,44626.0859375,9530.5830078125
57116.988023436,52726.984375,52069.4375,-7837.326171875,11029.53515625,-42387.625,67.32345581054688,44510.68359375,9417.4384765625
57116.991958978,52634.1328125,51968.56640625,-7940.36767578125,10932.685546875,-42487.11328125,-24.005773544311523,44416.58203125,9320.185546875
57116.996062269,52699.2890625,52030.234375,-7857.24169921875,10998.8916015625,-42416.9296875,19.580127716064453,44483.52734375,9385.7880859375
57117.000972215,52809.03515625,52145.58984375,-7729.92626953125,11112.5947265625,-42299.9375,115.2232437133789,44595.26171875,9496.9208984375
57117.004941307,52833.80078125,52175.3203125,-7709.18359375,11132.3984375,-42276.0234375,151.00839233398438,44622.12890625,9527.2744140625
57117.00905955,52724.03125,52062.8671875,-7848.05517578125,11015.185546875,-42397.55078125,64.88711547851562,44509.453125,9416.25390625
57117.013060004,52640.48046875,51979.62890625,-7937.41748046875,10945.4482421875,-42478.84375,-16.473236083984375,44422.59375,9324.8798828125
57117.016648378,52709.4609375,52047.6015625,-7847.85400390625,11020.5048828125,-42400.7890625,31.895938873291016,44491.66015625,9388.783203125
57117.021105036,52810.84765625,52149.859375,-7728.31689453125,11121.9150390625,-42290.68359375,120.92293548583984,44595.26171875,9494.23828125
57117.025027086,52837.53515625,52179.34375,-7711.12841796875,11144.6689453125,-42269.40625,149.62257385253906,44608.8515625,9518.69140625
57117.028058241,52714.890625,52053.16796875,-7859.65576171875,11013.732421875,-42402.64453125,52.481895446777344,44492.66796875,9402.283203125
57117.031125133,52646.0234375,51985.375,-7940.01025390625,10947.080078125,-42478.953125,-20.7647705078125,44421.65625,9321.75
57117.035997883,52700.5625,52036.4921875,-7862.80712890625,11001.9306640625,-42415.18359375,18.97663116455078,44483.83984375,9383.955078125
57117.040007089,52804.3203125,52137.03125,-7739.73876953125,11103.5419921875,-42304.1875,110.43997192382812,44591.59765625,9493.009765625
57117.044084853,52834.60546875,52166.87109375,-7717.52099609375,11129.0673828125,-42278.37109375,142.96176147460938,44614.37109375,9519.8095703125
57117.048208201,52724.4140625,52055.37890625,-7856.83935546875,11015.0068359375,-42400.87890625,51.61017608642578,44493.828125,9398.3271484375
57117.050716781,52627.203125,51956.453125,-7954.62841796875,10924.7275390625,-42491.60546875,-29.906633377075195,44407.37109375,9308.3388671875
57117.054740938,52693.41015625,52026.12109375,-7862.5615234375,10999.2490234375,-42416.2578125,17.814340591430664,44477.87109375,9377.9873046875
57117.059117734,52808.27734375,52145.48046875,-7730.3505859375,11114.046875,-42298.15234375,114.84326171875,44590.703125,9494.529296875
57117.063192216,52835.25390625,52178.0,-7709.29541015625,11138.5224609375,-42273.2265625,145.8451385498047,44611.78125,9519.7197265625
57117.067166048,52717.23828125,52052.25,-7859.7451171875,11005.6640625,-42407.98828125,46.3798713684082,44487.52734375,9396.583984375
57117.072161692,52633.88671875,51965.859375,-7949.15185546875,10930.517578125,-42491.3359375,-33.4605598449707,44402.8125,9304.31640625
57117.076128596,52703.89453125,52034.03515625,-7855.27490234375,11003.8310546875,-42413.75390625,18.708410263061523,44474.44921875,9373.1591796875
57117.080125768,52808.65625,52141.5,-7727.6015625,11111.8349609375,-42298.53125,113.01042175292969,44577.8515625,9481.7216796875
57117.084059851,52826.4921875,52164.76953125,-7711.48583984375,11131.0341796875,-42276.671875,141.2406768798828,44604.203125,9508.833984375
57117.089005535,52717.88671875,52056.23046875,-7849.26220703125,11014.134765625,-42399.11328125,52.5265998840332,44493.71875,9400.115234375
57117.093108826,52641.8671875,51976.25390625,-7935.6962890625,10939.48046875,-42480.62890625,-23.491683959960938,44412.6484375,9316.3408203125
57117.09709834,52709.59375,52040.671875,-7850.1787109375,11009.1279296875,-42408.8125,22.441150665283203,44480.640625,9381.9208984375
57117.101048833,52814.1328125,52144.62890625,-7732.4072265625,11108.8837890625,-42302.5546875,110.32820892333984,44585.60546875,9488.5390625
57117.105077367,52840.41796875,52176.34765625,-7708.826171875,11138.0751953125,-42272.71484375,143.85581970214844,44609.92578125,9515.5400390625
57117.110021956,52724.43359375,52057.79296875,-7853.3076171875,11015.5205078125,-42399.046875,52.1019172668457,44494.140625,9401.166015625
57117.113006069,52627.8984375,51949.8359375,-7959.8583984375,10911.65234375,-42501.0390625,-36.32158660888672,44404.890625,9310.931640625
57117.116110888,52687.44140625,52011.859375,-7870.45166015625,10985.9267578125,-42426.00390625,9.343029022216797,44472.88671875,9375.908203125
57117.119999387,52812.34375,52158.01953125,-7723.2431640625,11128.888671875,-42288.40625,116.0726089477539,44591.796875,9491.556640625
57117.124095385,52838.4296875,52183.92578125,-7704.46728515625,11147.41796875,-42265.16015625,149.6002197265625,44619.04296875,9523.966796875
57117.128195394,52716.72265625,52059.9609375,-7852.86083984375,11021.7119140625,-42393.48046875,56.32639694213867,44500.15625,9409.8828125
57117.132215175,52639.54296875,51977.5078125,-7942.9384765625,10941.291015625,-42480.80859375,-21.43532371520996,44419.12890625,9326.51171875
57117.135207675,52695.53515625,52029.00390625,-7865.3330078125,10997.7509765625,-42416.45703125,18.842519760131836,44481.4453125,9381.541015625
57117.139207399,52804.8359375,52139.4453125,-7736.4306640625,11107.7216796875,-42297.12109375,117.92780303955078,44594.8359375,9491.7353515625
57117.142779728,52833.890625,52171.87890625,-7711.12841796875,11134.2978515625,-42267.86328125,152.88592529296875,44616.2734375,9523.0498046875
57117.147322814,52722.625,52064.05078125,-7846.26708984375,11026.3388671875,-42385.94921875,61.42259216308594,44506.81640625,9412.185546875
57117.150769695,52627.203125,51960.609375,-7951.0517578125,10929.51171875,-42485.97265625,-28.431419372558594,44416.3125,9318.173828125
57117.155725954,52693.74609375,52028.7578125,-7863.63427734375,11004.0771484375,-42409.3515625,18.574298858642578,44480.88671875,9378.6357421875
57117.159722761,52798.08203125,52132.08984375,-7741.66064453125,11105.240234375,-42300.609375,107.51189422607422,44586.27734375,9485.4326171875
57117.164114873,52836.55078125,52170.89453125,-7708.8037109375,11138.6787109375,-42265.7421875,150.47193908691406,44621.50390625,9524.7490234375
57117.168049321,52720.45703125,52058.91015625,-7849.99951171875,11022.4052734375,-42389.0546875,60.237953186035156,44504.3359375,9411.0009765625
57117.173078515,52628.58984375,51962.0625,-7951.275390625,10928.9296875,-42484.54296875,-25.123361587524414,44414.50390625,9316.095703125
57117.176934558,52685.02734375,52014.0078125,-7873.20068359375,10984.9658203125,-42421.59765625,12.91930866241455,44474.78515625,9372.6455078125
57117.180715479,52793.3671875,52122.34765625,-7748.07568359375,11092.0751953125,-42309.21484375,100.98518371582031,44579.19140625,9478.8388671875
57117.184892799,52826.203125,52154.84375,-7722.25927734375,11117.556640625,-42279.734375,137.66439819335938,44609.07421875,9515.2265625
57117.189229115,52711.875,52047.421875,-7860.19189453125,11007.876953125,-42397.37109375,52.14662170410156,44495.70703125,9401.9931640625
57117.192188065,52623.25,51953.3671875,-7960.0595703125,10916.4580078125,-42491.3125,-27.55970001220703,44412.0,9310.8427734375
57117.196258536,52677.13671875,51998.6953125,-7882.1640625,10971.9794921875,-42425.7109375,13.455750465393066,44478.609375,9373.5166015625
57117.199323241,52796.69921875,52136.875,-7738.53173828125,11112.7958984375,-42292.51953125,112.40692138671875,44586.61328125,9483.3759765625
57117.203328071,52838.36328125,52181.01953125,-7703.90869140625,11148.669921875,-42256.0859375,154.85289001464844,44616.49609375,9517.529296875
57117.20726106,52723.4296875,52063.71875,-7844.68017578125,11029.7138671875,-42379.734375,63.769527435302734,44508.15625,9404.5185546875
57117.212134539,52635.4765625,51976.25390625,-7941.61962890625,10944.0625,-42473.6796875,-22.195281982421875,44418.66015625,9312.6083984375
57117.2163104,52700.05078125,52037.9453125,-7859.7451171875,11008.30078125,-42407.25,20.31773567199707,44483.0546875,9374.34375
57117.219290136,52811.83203125,52140.40625,-7734.642578125,11107.69921875,-42295.9609375,113.5692138671875,44593.36328125,9487.64453125
57117.223271262,52823.05078125,52153.7265625,-7724.67333984375,11116.8857421875,-42281.69921875,134.06576538085938,44604.9609375,9504.2744140625
57117.227474473,52710.8671875,52046.796875,-7858.62744140625,11009.7314453125,-42395.8046875,49.06208038330078,44490.9453125,9393.9013671875
57117.231324317,52635.87890625,51974.46484375,-7940.43505859375,10943.5478515625,-42470.9296875,-19.490720748901367,44414.2109375,9318.6884765625
57117.235330241,52693.65625,52031.9765625,-7860.37109375,11003.919921875,-42408.56640625,16.294422149658203,44472.26171875,9372.265625
57117.240252951,52803.29296875,52139.37890625,-7730.8203125,11110.76171875,-42293.12109375,109.5458984375,44581.5390625,9480.044921875
57117.244256686,52836.55078125,52175.2734375,-7699.88525390625,11140.4443359375,-42260.578125,149.42141723632812,44613.94921875,9515.9873046875
57117.248338462,52722.33203125,52062.82421875,-7840.25439453125,11024.8193359375,-42382.796875,60.6179313659668,44499.59765625,9403.7587890625
57117.252252124,52632.01171875,51968.140625,-7938.7138671875,10935.904296875,-42476.046875,-23.894014358520508,44410.66015625,9312.318359375
57117.256331346,52693.140625,52023.86328125,-7859.63330078125,10993.3251953125,-42416.81640625,9.007753372192383,44468.4375,9368.509765625
57117.261258067,52800.453125,52132.0703125,-7732.83203125,11102.1787109375,-42300.69921875,102.41569519042969,44577.78125,9479.3974609375
57117.265276025,52834.78515625,52170.53515625,-7700.31005859375,11137.5166015625,-42262.9453125,146.80625915527344,44612.203125,9518.580078125
57117.269323522,52722.69140625,52053.79296875,-7841.349609375,11016.6826171875,-42385.703125,63.16603088378906,44497.83203125,9410.4423828125
57117.273314494,52627.7421875,51956.71875,-7942.8486328125,10928.662109375,-42477.74609375,-20.29538345336914,44417.74609375,9319.716796875
57117.277387517,52685.96875,52019.70703125,-7863.20947265625,10995.8291015625,-42410.1328125,17.948450088500977,44480.953125,9378.3447265625
57117.281302638,52790.796875,52125.96875,-7738.9560546875,11097.484375,-42299.04296875,107.80245971679688,44587.88671875,9489.2099609375
57117.284279457,52823.7421875,52155.58203125,-7711.86572265625,11116.86328125,-42273.71875,143.05116271972656,44618.23828125,9525.44140625
57117.287376617,52702.75390625,52027.21484375,-7863.9248046875,10982.775390625,-42408.8828125,45.172874450683594,44496.7578125,9409.927734375
57117.291390564,52621.81640625,51955.66796875,-7953.64453125,10919.6318359375,-42488.02734375,-31.33714485168457,44411.0390625,9319.470703125
57117.295422015,52689.6796875,52026.859375,-7866.45068359375,11002.19921875,-42410.1328125,14.327467918395996,44475.58984375,9379.3056640625
57117.300324302,52803.9609375,52151.89453125,-7736.14013671875,11120.41796875,-42295.53515625,101.47692108154297,44577.55859375,9481.9453125
57117.304406807,52833.421875,52181.69140625,-7709.98828125,11142.1884765625,-42269.4296875,135.8986053466797,44606.8828125,9517.037109375
57117.30742994,52712.05078125,52053.6796875,-7858.44873046875,11010.6484375,-42401.1015625,42.065982818603516,44489.15625,9402.931640625
57117.311350165,52620.25390625,51958.5078125,-7956.86328125,10923.6103515625,-42492.140625,-40.16608428955078,44399.86328125,9309.501953125
57117.315426471,52681.51953125,52021.96484375,-7871.345703125,10992.9677734375,-42419.23046875,7.621944904327393,44466.828125,9367.080078125
57117.319436771,52786.6171875,52128.828125,-7746.46630859375,11098.1328125,-42306.15234375,98.79470825195312,44571.703125,9473.4736328125
57117.32434307,52818.71484375,52162.64453125,-7719.5546875,11125.40234375,-42273.609375,138.37965393066406,44599.2421875,9509.7509765625
57117.328338783,52711.40234375,52054.75390625,-7856.3251953125,11009.9775390625,-42395.8046875,49.419708251953125,44493.828125,9400.3837890625
57117.332438427,52623.78515625,51962.3984375,-7953.689453125,10923.029296875,-42485.4140625,-30.934814453125,44409.2734375,9312.0947265625
57117.336427576,52683.8203125,52021.96484375,-7871.14453125,10993.99609375,-42410.55859375,12.695791244506836,44469.51171875,9369.203125
57117.340432771,52789.0546875,52131.109375,-7745.416015625,11103.005859375,-42296.36328125,102.08041381835938,44574.69921875,9477.9443359375
57117.344452187,52825.8671875,52167.7421875,-7712.55859375,11131.5263671875,-42263.484375,140.72657775878906,44609.12109375,9517.7978515625
57117.34944309,52717.50390625,52056.40625,-7847.60791015625,11016.28125,-42382.57421875,55.16410446166992,44497.67578125,9411.58203125
57117.353427863,52619.24609375,51954.171875,-7955.74560546875,10918.6708984375,-42485.68359375,-39.36142349243164,44395.8828125,9308.294921875
57117.357480465,52679.73046875,52007.79296875,-7880.26416015625,10975.66796875,-42427.12109375,-6.750226974487305,44452.234375,9361.3125
57117.361477637,52786.90625,52115.796875,-7753.7978515625,11080.8994140625,-42315.6953125,84.24372863769531,44559.90234375,9466.4775390625
57117.364450079,52813.73046875,52153.48046875,-7718.30322265625,11115.1650390625,-42278.078125,126.1085433959961,44593.94140625,9503.3583984375
57117.368396562,52702.3515625,52043.6015625,-7854.06787109375,11004.9931640625,-42395.5390625,41.686004638671875,44484.44140625,9396.091796875
57117.371420058,52600.73828125,51923.90625,-7968.8662109375,10890.7978515625,-42501.26171875,-42.22244644165039,44398.09765625,9304.337890625
57117.375508398,52656.0390625,51973.125,-7894.345703125,10940.5087890625,-42445.29296875,-8.471311569213867,44457.77734375,9361.111328125
57117.379534014,52788.359375,52129.609375,-7738.017578125,11099.630859375,-42301.28125,100.6052017211914,44578.8984375,9477.609375
57117.384418433,52835.390625,52185.46875,-7692.822265625,11153.7216796875,-42250.62890625,152.6847686767578,44620.69921875,9517.1943359375
57117.388493645,52726.2890625,52073.12890625,-7826.21728515625,11041.2919921875,-42364.08984375,73.44783020019531,44514.5703125,9415.0693359375
57117.391454053,52627.046875,51968.2734375,-7935.6962890625,10938.943359375,-42469.1171875,-18.194320678710938,44414.52734375,9318.7109375
57117.395451589,52690.4140625,52037.69921875,-7855.43115234375,11000.9697265625,-42411.78515625,11.578203201293945,44466.78515625,9367.50390625
57117.39943928,52794.12890625,52143.69140625,-7726.05908203125,11108.6826171875,-42293.5,108.6518325805664,44587.73046875,9477.9443359375
57117.403508292,52836.484375,52190.453125,-7683.47900390625,11157.56640625,-42242.4296875,161.06666564941406,44631.00390625,9521.8203125
57117.407484312,52738.62890625,52105.359375,-7806.25732421875,11074.2607421875,-42342.09375,84.40018463134766,44525.34375,9418.623046875
57117.411573746,52646.16015625,52008.3515625,-7913.65771484375,10976.673828125,-42444.33203125,-4.515052318572998,44431.9375,9323.8291015625
57117.416459624,52700.13671875,52054.93359375,-7840.1875,11026.4736328125,-42387.69140625,29.638412475585938,44489.76171875,9380.7138671875
57117.420529365,52805.16796875,52154.93359375,-7718.86181640625,11124.6640625,-42279.17578125,116.13966369628906,44593.40625,9489.4111328125
57117.4244113,52837.87109375,52185.19921875,-7692.12939453125,11149.6533203125,-42247.90234375,153.57884216308594,44624.765625,9525.5986328125
57117.428442022,52726.9609375,52073.1953125,-7830.3076171875,11033.24609375,-42367.9765625,69.31275939941406,44513.296875,9418.6005859375
57117.432942076,52626.64453125,51968.1171875,-7941.060546875,10933.802734375,-42470.4375,-20.496549606323242,44414.234375,9317.7939453125
57117.437367008,52678.92578125,52017.203125,-7868.79736328125,10988.162109375,-42411.80859375,12.986363410949707,44470.71875,9374.5
57117.441348863,52785.4765625,52123.171875,-7746.26513671875,11093.0810546875,-42299.828125,101.90160369873047,44577.26953125,9483.0849609375
57117.445402195,52821.10546875,52159.875,-7715.55419921875,11124.10546875,-42265.09375,140.95010375976562,44610.640625,9518.2001953125
57117.448422409,52709.66015625,52047.46875,-7856.302734375,11007.294921875,-42385.234375,54.94058609008789,44499.44140625,9408.966796875
57117.452301063,52613.3671875,51940.203125,-7967.97216796875,10900.23046875,-42492.34375,-36.589805603027344,44403.39453125,9314.0615234375
57117.45536905,52657.69140625,51965.2578125,-7906.81787109375,10927.208984375,-42447.99609375,-8.51601505279541,44457.796875,9366.3642578125
57117.459304956,52772.3125,52094.60546875,-7762.3583984375,11067.8681640625,-42309.1484375,97.49830627441406,44574.49609375,9479.240234375
57117.46338819,52827.09765625,52181.4453125,-7702.52294921875,11154.66015625,-42246.046875,148.68380737304688,44611.82421875,9515.5849609375
57117.467413077,52721.0390625,52071.16015625,-7835.82861328125,11040.1748046875,-42364.53515625,65.91529083251953,44505.40625,9411.1123046875
57117.472538544,52624.27734375,51971.3359375,-7943.63134765625,10941.3798828125,-42464.984375,-18.97663116455078,44413.1171875,9318.7998046875
57117.475588298,52673.98828125,52012.91015625,-7875.16796875,10987.4697265625,-42407.98828125,17.076732635498047,44465.3515625,9370.611328125
57117.479569424,52771.93359375,52095.34375,-7763.45361328125,11064.6943359375,-42314.4453125,92.89385223388672,44570.921875,9472.78125
57117.483626402,52818.9140625,52151.26953125,-7718.86181640625,11111.7451171875,-42270.7265625,135.0939483642578,44610.171875,9515.8974609375
57117.487650924,52721.05859375,52072.859375,-7835.560546875,11040.7783203125,-42362.6796875,63.18838119506836,44503.6875,9408.7880859375
57117.491688209,52632.27734375,51987.36328125,-7932.63427734375,10963.0615234375,-42451.68359375,-16.227367401123047,44414.1015625,9312.02734375
57117.495695956,52678.390625,52023.1953125,-7867.45654296875,11003.5849609375,-42402.66796875,9.499491691589355,44464.4375,9359.63671875
57117.500545731,52781.43359375,52122.32421875,-7746.1982421875,11099.228515625,-42296.25,94.23495483398438,44568.05859375,9465.830078125
57117.50459031,52820.8828125,52161.3515625,-7708.8037109375,11130.498046875,-42258.6328125,138.31259155273438,44608.58203125,9512.58984375
57117.508701989,52717.05859375,52054.484375,-7839.40478515625,11020.6396484375,-42369.83203125,62.98721694946289,44507.5546875,9414.197265625
57117.512592312,52620.05078125,51959.828125,-7947.341796875,10933.5791015625,-42466.50390625,-23.268165588378906,44411.57421875,9314.3291015625
57117.516631785,52678.2109375,52019.23828125,-7871.25634765625,10996.5888671875,-42401.796875,14.171006202697754,44468.99609375,9366.3642578125
57117.52153772,52786.05859375,52127.93359375,-7746.08642578125,11104.279296875,-42286.73046875,107.22132110595703,44579.03515625,9474.7705078125
57117.525597615,52824.83984375,52171.23046875,-7706.5908203125,11141.96484375,-42245.55859375,152.6400604248047,44619.66796875,9519.7421875
57117.529674285,52719.29296875,52066.51171875,-7838.26513671875,11032.798828125,-42359.953125,72.35260009765625,44514.1484375,9419.0029296875
57117.53270544,52620.3203125,51962.64453125,-7949.59912109375,10932.037109375,-42464.91796875,-18.060209274291992,44417.02734375,9317.5703125
57117.536600139,52669.8984375,52002.5859375,-7880.755859375,10973.5888671875,-42411.296875,15.713275909423828,44473.87109375,9370.4326171875
57117.539656092,52763.05859375,52089.3984375,-7766.89599609375,11059.978515625,-42311.42578125,95.08432006835938,44571.45703125,9469.6298828125
57117.543659463,52817.08203125,52161.8203125,-7707.9990234375,11136.48828125,-42247.90234375,146.80625915527344,44612.09375,9512.8798828125
57117.547743062,52712.9921875,52064.8125,-7838.62255859375,11033.9609375,-42361.33984375,64.32832336425781,44502.90625,9407.3125
57117.551700849,52613.16796875,51962.2421875,-7957.4443359375,10930.830078125,-42472.71875,-35.36045837402344,44396.01953125,9297.2978515625
57117.556653461,52666.03125,52016.77734375,-7882.5439453125,10994.1298828125,-42411.1171875,-3.7997965812683105,44447.5390625,9343.990234375
57117.559668936,52769.20703125,52113.203125,-7759.408203125,11086.041015625,-42304.25390625,86.56830596923828,44559.296875,9456.9111328125
57117.563690905,52796.85546875,52119.59765625,-7741.90673828125,11079.8935546875,-42286.171875,122.39815521240234,44596.6015625,9497.8818359375
57117.567225307,52708.05078125,52047.109375,-7850.26806640625,11016.8173828125,-42367.328125,63.70247268676758,44503.44140625,9401.6357421875
57117.571159391,52624.7890625,51991.23046875,-7935.00341796875,10975.0869140625,-42440.30859375,-13.276936531066895,44409.65234375,9301.5224609375
57117.575552596,52671.3046875,52027.91015625,-7868.66357421875,11014.2021484375,-42390.6875,14.953316688537598,44462.53515625,9351.34375
57117.579538463,52771.41796875,52124.08984375,-7749.23828125,11106.1572265625,-42287.66796875,98.21356201171875,44565.265625,9457.5146484375
57117.5846085,52812.6328125,52163.25,-7711.0166015625,11138.947265625,-42248.3046875,144.4146270751953,44604.15625,9504.185546875
57117.588678242,52703.9140625,52050.5078125,-7845.84228515625,11023.232421875,-42362.5234375,68.50809478759766,44499.26171875,9403.7587890625
57117.591721066,52597.07421875,51921.55859375,-7968.44140625,10893.9716796875,-42481.859375,-27.313831329345703,44411.796875,9306.88671875
57117.596706864,52629.1484375,51940.11328125,-7916.16064453125,10916.681640625,-42446.140625,-13.232233047485352,44452.74609375,9346.2255859375
57117.600729563,52769.67578125,52124.24609375,-7741.50439453125,11113.98046875,-42276.359375,106.01432037353516,44576.12890625,9464.421875
57117.604763931,52825.375,52186.09375,-7687.9716796875,11169.4345703125,-42221.6640625,162.83245849609375,44627.24609375,9518.2666015625
57117.609161512,52725.26171875,52081.7109375,-7816.04736328125,11061.9453125,-42329.734375,91.1504135131836,44530.171875,9424.255859375
57117.613249852,52625.640625,51983.921875,-7927.82861328125,10968.828125,-42434.25,-1.8551948070526123,44428.6953125,9322.443359375
57117.616735753,52678.27734375,52033.921875,-7862.58349609375,11011.6982421875,-42389.7265625,18.30607795715332,44471.65625,9365.9619140625
57117.620749335,52782.81640625,52130.37109375,-7741.66064453125,11106.1796875,-42281.74609375,106.41665649414062,44576.8203125,9472.3564453125
57117.623713026,52827.02734375,52172.97265625,-7700.75732421875,11143.529296875,-42239.1640625,152.75181579589844,44617.2578125,9513.6845703125
57117.627241594,52718.22265625,52071.5859375,-7831.7607421875,11037.626953125,-42354.6796875,69.98331451416016,44507.80078125,9407.3798828125
57117.631730343,52616.20703125,51969.50390625,-7942.111328125,10941.357421875,-42457.5625,-18.060209274291992,44404.82421875,9306.3271484375
57117.635798261,52661.40234375,52010.2734375,-7876.732421875,10987.9609375,-42406.5546875,7.219613552093506,44460.03515625,9353.244140625
57117.639777929,52767.55078125,52114.3203125,-7752.9931640625,11089.5048828125,-42300.40625,90.18928527832031,44566.4296875,9461.068359375
57117.643787135,52809.1484375,52153.8828125,-7713.609375,11121.0654296875,-42260.48828125,135.11630249023438,44606.125,9506.6435546875
57117.646881378,52697.8359375,52032.8046875,-7854.87255859375,10990.53125,-42387.265625,50.80551528930664,44500.33203125,9406.0166015625
57117.651807369,52595.17578125,51929.671875,-7966.36279296875,10898.5322265625,-42490.01953125,-44.36821365356445,44395.32421875,9300.650390625
57117.655797612,52658.296875,52005.4453125,-7878.45361328125,10984.6083984375,-42414.58203125,-4.671514511108398,44449.10546875,9348.7060546875
57117.659783844,52769.78515625,52122.75,-7743.67236328125,11098.7138671875,-42290.75390625,97.78887939453125,44566.71875,9462.1865234375
57117.663428742,52823.2734375,52176.5703125,-7689.9833984375,11146.7705078125,-42234.11328125,159.1220703125,44623.9375,9520.189453125
57117.667763235,52730.73828125,52092.83984375,-7807.28564453125,11064.1357421875,-42331.6796875,85.96480560302734,44522.171875,9418.3994140625
57117.672277147,52625.9296875,51985.41796875,-7924.38623046875,10960.267578125,-42442.296875,-8.650125503540039,44419.48828125,9314.3740234375
57117.676511721,52659.81640625,52004.328125,-7869.19970703125,10985.7255859375,-42400.23046875,16.80851173400879,44469.109375,9359.6142578125
57117.6805563,52770.234375,52117.65234375,-7741.32568359375,11094.6904296875,-42285.12109375,108.0259780883789,44578.23046875,9468.2216796875
57117.68458848,52839.45703125,52212.9140625,-7667.96728515625,11187.0703125,-42208.67578125,173.76246643066406,44635.44921875,9527.185546875
57117.688583463,52738.11328125,52110.20703125,-7795.66259765625,11078.5078125,-42320.546875,96.69364929199219,44534.77734375,9430.8935546875
57117.692582094,52634.08984375,51998.3828125,-7911.310546875,10972.494140625,-42428.171875,5.498528957366943,44435.73828125,9329.751953125
57117.697562786,52688.62890625,52043.15234375,-7842.5791015625,11021.5107421875,-42373.453125,37.014488220214844,44489.0,9382.0556640625
57117.700574249,52794.171875,52144.83203125,-7720.09130859375,11120.037109375,-42265.8984375,121.81700897216797,44587.88671875,9486.21484375
57117.703582065,52827.38671875,52177.33203125,-7683.09912109375,11145.787109375,-42230.76171875,162.76539611816406,44627.2265625,9529.15234375
57117.707576684,52721.640625,52071.765625,-7816.29345703125,11031.837890625,-42348.33203125,80.9356689453125,44530.48828125,9430.267578125
57117.711569479,52624.7890625,51974.66796875,-7927.1357421875,10938.2958984375,-42450.1640625,-8.717180252075195,44429.30078125,9328.7021484375
57117.715591449,52670.5,52017.16015625,-7862.1142578125,10986.396484375,-42399.55859375,17.188491821289062,44474.98828125,9370.3876953125
57117.719595184,52779.46484375,52136.5390625,-7725.65673828125,11113.7568359375,-42272.984375,112.27281188964844,44582.54296875,9475.1728515625
57117.723631011,52837.82421875,52199.8828125,-7666.8271484375,11172.8544921875,-42211.2265625,174.2989044189453,44637.6171875,9532.080078125
57117.727590621,52736.640625,52097.37890625,-7796.400390625,11063.6220703125,-42324.90625,95.64311218261719,44534.46484375,9432.97265625
57117.730662984,52625.4375,51971.828125,-7926.97900390625,10934.2275390625,-42452.578125,-9.968877792358398,44425.07421875,9326.9580078125
57117.734758618,52657.78125,51982.984375,-7882.7001953125,10947.951171875,-42426.42578125,-4.269183158874512,44458.91796875,9364.9560546875
57117.739573384,52757.671875,52098.20703125,-7750.44482421875,11078.9326171875,-42295.73828125,93.2291259765625,44565.421875,9468.4892578125
57117.743641667,52828.9296875,52201.91796875,-7671.49853515625,11183.7177734375,-42208.18359375,170.0520782470703,44630.2421875,9528.615234375
57117.747637744,52736.50390625,52109.47265625,-7790.923828125,11083.626953125,-42308.74609375,106.23783874511719,44540.09765625,9440.2587890625
57117.751673207,52636.59375,52004.5078125,-7906.52734375,10981.568359375,-42417.5078125,13.768674850463867,44438.46484375,9336.6142578125
57117.75573456,52679.55078125,52046.21484375,-7842.5791015625,11029.2001953125,-42365.296875,43.58590316772461,44490.69921875,9382.390625
57117.760626638,52774.14453125,52132.08984375,-7727.556640625,11114.583984375,-42263.39453125,127.22612762451172,44596.58203125,9490.2822265625
57117.764658453,52824.30078125,52176.94921875,-7683.88134765625,11150.01171875,-42220.34375,176.93641662597656,44638.6484375,9541.8251953125
57117.768697197,52730.73828125,52085.7109375,-7807.44189453125,11054.8603515625,-42324.5703125,103.66738891601562,44542.46875,9445.9365234375
57117.772703121,52633.171875,51996.8203125,-7913.1435546875,10975.064453125,-42420.4140625,13.634564399719238,44445.2578125,9341.330078125
57117.776772862,52670.09765625,52027.39453125,-7859.1640625,11009.0390625,-42381.5234375,28.02908706665039,44480.7109375,9376.2666015625
57117.781672962,52780.15625,52131.7109375,-7731.4013671875,11110.001953125,-42270.8828125,116.60905456542969,44587.640625,9483.0400390625
57117.784732197,52823.96875,52176.70703125,-7688.44140625,11148.46875,-42229.8671875,158.11624145507812,44625.48046875,9523.2509765625
57117.787733449,52724.63671875,52076.9921875,-7813.70068359375,11044.1982421875,-42340.41796875,80.6897964477539,44522.015625,9423.7861328125
57117.790781014,52616.4296875,51964.0078125,-7936.2998046875,10932.23828125,-42456.9609375,-17.590822219848633,44415.77734375,9316.498046875
57117.79569716,52664.3515625,52011.90625,-7867.61279296875,10987.5361328125,-42401.328125,10.348857879638672,44464.078125,9362.564453125
57117.799746844,52773.23046875,52125.49609375,-7735.5810546875,11103.1396484375,-42281.38671875,105.18730926513672,44573.58203125,9470.1435546875
57117.803928175,52824.859375,52181.35546875,-7684.41796875,11151.173828125,-42229.5078125,158.09388732910156,44622.15234375,9520.6142578125
57117.807952332,52728.6796875,52083.1640625,-7809.81103515625,11046.791015625,-42337.9375,80.62274169921875,44519.48828125,9421.6630859375
57117.810945926,52629.28515625,51975.16015625,-7925.5263671875,10941.201171875,-42447.39453125,-10.214747428894043,44419.6875,9323.1357421875
57117.814999987,52669.96484375,52008.88671875,-7865.3779296875,10983.625,-42398.265625,16.40618133544922,44467.03125,9365.9169921875
57117.819037637,52780.13671875,52129.2734375,-7731.1552734375,11108.50390625,-42272.9140625,112.60808563232422,44577.9375,9473.5859375
57117.823474968,52837.890625,52193.24609375,-7673.75634765625,11166.57421875,-42217.03515625,166.967529296875,44628.8125,9527.095703125
57117.82797794,52726.9609375,52074.24609375,-7807.26318359375,11043.3935546875,-42337.22265625,87.57413482666016,44527.22265625,9428.994140625
57117.831931351,52616.83203125,51958.53125,-7932.052734375,10924.6162109375,-42458.45703125,-12.941659927368164,44420.29296875,9324.208984375
57117.835984682,52662.41015625,52011.30078125,-7867.568359375,10983.87109375,-42403.5390625,9.298325538635254,44460.34765625,9359.4130859375
57117.839972007,52779.75390625,52143.78125,-7725.0087890625,11122.3623046875,-42271.41796875,106.41665649414062,44571.6796875,9469.115234375
57117.844831264,52836.68359375,52205.25,-7666.447265625,11180.4091796875,-42211.89453125,162.8101043701172,44623.78125,9523.5869140625
57117.849014054,52736.86328125,52104.33203125,-7792.91357421875,11075.9375,-42319.16015625,89.13875579833984,44524.47265625,9427.6533203125
57117.851927784,52630.04296875,51991.8125,-7916.5185546875,10969.1630859375,-42430.4296875,-5.207956314086914,44420.24609375,9322.2197265625
57117.857001833,52671.796875,52029.0703125,-7855.98974609375,11010.7373046875,-42381.61328125,22.374095916748047,44467.92578125,9363.8388671875
57117.86098697,52773.25,52128.359375,-7733.68115234375,11108.7724609375,-42272.87109375,107.0425033569336,44571.63671875,9466.34375
57117.865978967,52821.88671875,52178.55859375,-7684.95458984375,11152.134765625,-42223.2265625,157.53509521484375,44618.9765625,9515.5849609375
57117.868975479,52732.14453125,52087.43359375,-7805.09521484375,11055.5751953125,-42325.75390625,89.42932891845703,44526.55078125,9426.9375
57117.871985118,52619.828125,51970.734375,-7935.47265625,10939.3681640625,-42448.5546875,-14.059247016906738,44413.87890625,9312.6533203125
