#57098.877996009,52478.8125,51898.046875,-8138.8291015625,10851.50390625,-42996.75390625,-207.49124145507812,44355.62890625,9257.9140625
57098.882008497,52463.3203125,51875.13671875,-8147.568359375,10832.794921875,-43014.5703125,-236.83908081054688,44342.6875,9239.96484375
57098.886049065,52575.88671875,51992.03515625,-8016.810546875,10945.515625,-42900.12890625,-149.7343292236328,44448.6796875,9345.6220703125
57098.889975125,52659.68359375,52078.2890625,-7922.97802734375,11026.96484375,-42813.8046875,-73.80545806884766,44523.51171875,9427.3173828125
57098.893005916,52602.99609375,52019.125,-7998.482421875,10959.8427734375,-42881.30859375,-113.90448760986328,44471.54296875,9374.5673828125
57098.896037435,52470.921875,51883.16015625,-8146.85302734375,10827.05078125,-43014.58984375,-219.36001586914062,44348.2734375,9250.3583984375
57098.900066698,52474.1640625,51890.984375,-8129.15087890625,10848.8662109375,-43000.26171875,-227.16078186035156,44348.90234375,9242.916015625
57098.904096325,52581.6953125,52001.6015625,-8000.60595703125,10958.12109375,-42891.859375,-146.89566040039062,44452.0546875,9347.701171875
57098.909026693,52657.08984375,52073.26171875,-7917.14453125,11023.6123046875,-42816.7109375,-77.5829086303711,44529.390625,9429.396484375
57098.91312889,52593.90234375,52014.8125,-7994.74951171875,10964.1337890625,-42877.84375,-113.45745849609375,44467.4765625,9372.6455078125
57098.917139919,52474.9453125,51896.75,-8136.236328125,10845.2900390625,-43006.8125,-217.08013916015625,44344.20703125,9247.7880859375
57098.920139713,52468.015625,51879.89453125,-8134.0458984375,10835.4326171875,-43012.84765625,-232.9945831298828,44345.390625,9241.955078125
57098.924126673,52569.87109375,51978.87109375,-8015.08984375,10935.501953125,-42905.828125,-152.52830505371094,44446.9375,9345.2421875
57098.92816323,52652.796875,52063.6484375,-7924.25244140625,11015.185546875,-42818.453125,-76.04063415527344,44529.75,9430.9609375
57098.932112629,52592.89453125,52004.59765625,-8003.15380859375,10950.298828125,-42883.18359375,-115.58087158203125,44467.765625,9372.6005859375
57098.936218473,52482.41015625,51903.87890625,-8132.92822265625,10856.3095703125,-42996.77734375,-212.40863037109375,44346.8671875,9249.0849609375
57098.94077104,52479.7734375,51895.36328125,-8128.52490234375,10851.951171875,-42999.37109375,-225.55145263671875,44347.78515625,9242.2451171875
57098.945163881,52562.5859375,51976.3203125,-8026.0419921875,10930.0703125,-42913.65234375,-162.9442138671875,44428.62890625,9328.6123046875
57098.949207366,52642.29296875,52062.59765625,-7935.7412109375,11014.939453125,-42828.265625,-93.85497283935547,44505.83203125,9413.0126953125
57098.953208549,52596.1796875,52016.8671875,-8005.32177734375,10964.7822265625,-42880.97265625,-120.49825286865234,44464.70703125,9370.72265625
57098.958121048,52468.91015625,51882.82421875,-8160.30908203125,10831.07421875,-43017.921875,-227.09371948242188,44337.1875,9241.9326171875
57098.962119314,52462.13671875,51868.140625,-8158.9677734375,10824.591796875,-43023.17578125,-244.55043029785156,44334.171875,9232.5888671875
57098.966122685,52547.23046875,51949.27734375,-8055.8818359375,10903.9853515625,-42934.39453125,-179.1268768310547,44419.9140625,9315.8720703125
57098.97017638,52642.42578125,52048.47265625,-7953.4658203125,10992.140625,-42843.0625,-100.26992797851562,44506.4375,9407.5361328125
57098.97414839,52590.5703125,52000.21484375,-8017.8837890625,10943.615234375,-42891.90234375,-124.87919616699219,44456.74609375,9361.4921875
57098.978161242,52461.7578125,51874.1953125,-8158.6328125,10824.0107421875,-43015.9765625,-222.9810028076172,44337.12109375,9239.7421875
57098.9811614,52462.76171875,51877.39453125,-8145.7578125,10834.4716796875,-43010.41015625,-233.1957550048828,44339.46875,9235.4501953125
57098.984156453,52576.30859375,51992.63671875,-8013.18994140625,10949.8740234375,-42893.265625,-145.19692993164062,44447.40625,9342.26953125
57098.988160553,52664.46484375,52084.03515625,-7916.7421875,11036.21875,-42804.05859375,-68.41869354248047,44529.859375,9429.150390625
57098.992198568,52591.75390625,52014.1875,-8003.9140625,10965.3408203125,-42873.37109375,-108.76358795166016,44464.66015625,9364.6435546875
57098.997008594,52468.0390625,51883.78515625,-8150.69775390625,10838.0478515625,-43003.21484375,-209.18997192382812,44338.6640625,9240.412109375
57099.001162574,52465.2421875,51875.203125,-8148.08251953125,10834.0244140625,-43010.45703125,-231.9440460205078,44336.71875,9233.4609375
57099.004146322,52560.3046875,51967.76171875,-8033.8203125,10927.9912109375,-42913.09375,-162.2960205078125,44434.30859375,9328.6796875
57099.008184702,52646.09375,52059.0234375,-7936.92578125,11009.1728515625,-42826.30078125,-84.35548400878906,44519.06640625,9418.1982421875
57099.012189531,52592.40234375,52003.390625,-8012.78759765625,10942.7431640625,-42889.48828125,-116.22907257080078,44467.74609375,9372.1533203125
57099.016169928,52483.953125,51896.59375,-8141.06396484375,10847.7041015625,-42996.5546875,-207.06655883789062,44353.75,9257.1533203125
57099.019761949,52476.91015625,51896.6171875,-8134.5595703125,10856.6669921875,-42997.2890625,-227.51840209960938,44344.25,9240.568359375
57099.024713832,52568.30859375,51978.69140625,-8023.40478515625,10938.18359375,-42905.0,-157.62449645996094,44438.0625,9335.0498046875
57099.028980496,52653.37890625,52066.265625,-7929.326171875,11018.4931640625,-42819.52734375,-83.61787414550781,44518.9765625,9417.5947265625
57099.033010853,52604.02734375,52019.4609375,-8000.6279296875,10964.2236328125,-42874.578125,-110.3505630493164,44468.01171875,9366.7216796875
57099.037209324,52477.26953125,51889.171875,-8151.25634765625,10834.1806640625,-43010.4765625,-217.2589569091797,44342.3515625,9239.9208984375
57099.041314074,52469.89453125,51883.98828125,-8144.640625,10837.3330078125,-43008.53515625,-229.6865234375,44342.015625,9235.3603515625
57099.043885742,52571.6171875,51986.60546875,-8021.39306640625,10938.072265625,-42903.8828125,-148.326171875,44446.6015625,9339.0283203125
57099.050264587,52659.703125,52073.1953125,-7922.5537109375,11020.7060546875,-42813.6953125,-66.47409057617188,44536.9453125,9434.8505859375
57099.054264312,52606.171875,52025.94140625,-7994.74951171875,10970.59375,-42868.92578125,-98.25827026367188,44477.578125,9382.435546875
57099.057850862,52465.265625,51877.28125,-8162.767578125,10821.6640625,-43020.828125,-222.10928344726562,44343.71484375,9241.91015625
57099.060932707,52452.37109375,51853.38671875,-8164.3994140625,10808.029296875,-43027.01953125,-239.16366577148438,44343.24609375,9234.98046875
57099.065240579,52575.90625,51983.85546875,-8019.56005859375,10946.185546875,-42893.22265625,-141.3971405029297,44456.078125,9344.1689453125
57099.068235267,52658.07421875,52079.296875,-7919.7373046875,11034.2294921875,-42805.46875,-65.2223892211914,44539.3359375,9429.2177734375
57099.072275835,52596.58203125,52028.06640625,-7988.98291015625,10981.3896484375,-42858.0625,-89.56343841552734,44491.52734375,9384.71484375
57099.076291969,52469.51171875,51898.0234375,-8138.87353515625,10853.8056640625,-42990.5390625,-192.71673583984375,44366.8046875,9258.7412109375
57099.080324514,52458.13671875,51875.2265625,-8146.5625,10835.857421875,-43006.38671875,-223.29393005371094,44351.44921875,9240.2109375
57099.085253058,52557.95703125,51972.23046875,-8029.439453125,10928.6171875,-42906.65625,-150.89662170410156,44446.8671875,9334.6474609375
57099.088375746,52655.79296875,52078.0234375,-7924.1181640625,11028.529296875,-42809.11328125,-69.82685089111328,44533.01171875,9424.1884765625
57099.092280656,52614.375,52039.0625,-7988.0888671875,10980.96484375,-42859.9609375,-97.14067840576172,44482.00390625,9379.5966796875
57099.096432084,52476.3515625,51898.046875,-8146.96484375,10847.79296875,-42999.68359375,-214.15206909179688,44343.24609375,9242.9599609375
57099.100353403,52471.546875,51888.234375,-8144.86376953125,10843.814453125,-43008.4453125,-237.733154296875,44335.625,9233.572265625
57099.104326871,52560.3046875,51974.98046875,-8033.216796875,10931.03125,-42913.29296875,-167.79454040527344,44428.8515625,9327.4501953125
57099.108331336,52639.140625,52054.88671875,-7940.16650390625,11010.6259765625,-42824.421875,-88.53526306152344,44514.08203125,9413.951171875
57099.113329898,52607.3125,52023.1484375,-7999.4208984375,10965.1171875,-42873.640625,-111.15522766113281,44468.5703125,9372.01953125
57099.11732634,52489.7421875,51903.0546875,-8140.4384765625,10848.798828125,-42999.4375,-213.63796997070312,44339.71484375,9244.4130859375
57099.121327888,52471.32421875,51886.06640625,-8144.1708984375,10841.3779296875,-43008.48828125,-235.7438507080078,44326.97265625,9227.26953125
57099.125343657,52569.08984375,51982.1328125,-8025.103515625,10934.8310546875,-42906.5,-155.54579162597656,44443.359375,9335.0048828125
57099.128375906,52656.1953125,52074.66796875,-7925.90625,11022.47265625,-42815.125,-76.01828002929688,44534.6875,9428.904296875
57099.134320427,52609.078125,52027.59765625,-7996.11328125,10970.83984375,-42868.1640625,-101.72278594970703,44486.6328125,9383.798828125
57099.138353702,52480.7578125,51892.81640625,-8151.837890625,10838.2041015625,-43005.73828125,-209.36878967285156,44359.47265625,9256.9521484375
57099.141328332,52465.0859375,51876.25390625,-8158.25244140625,10828.6826171875,-43018.99609375,-236.4591064453125,44346.48828125,9243.787109375
57099.144439351,52564.3515625,51972.8359375,-8036.77099609375,10929.3994140625,-42911.4140625,-155.63519287109375,44449.03515625,9343.9013671875
57099.148368693,52648.68359375,52053.14453125,-7944.8603515625,11000.74609375,-42829.05078125,-78.9910659790039,44535.42578125,9429.4853515625
57099.152361853,52603.4453125,52019.2578125,-8004.875,10965.0732421875,-42870.84765625,-99.46526336669922,44488.66796875,9384.1787109375
57099.156381999,52484.95703125,51905.625,-8144.2158203125,10854.2978515625,-42992.39453125,-197.00827026367188,44366.671875,9261.1328125
57099.16038537,52468.1484375,51879.5390625,-8155.9501953125,10832.28125,-43014.03125,-231.58642578125,44346.10546875,9239.6748046875
57099.164372696,52561.53515625,51967.71484375,-8043.58837890625,10918.7822265625,-42918.3203125,-159.79261779785156,44434.375,9331.6298828125
57099.169336613,52651.5,52065.08203125,-7942.98291015625,11010.357421875,-42825.5859375,-81.51681518554688,44524.765625,9420.8798828125
57099.172334219,52608.49609375,52027.41796875,-8002.79638671875,10971.845703125,-42869.5078125,-106.08138275146484,44480.39453125,9378.92578125
57099.175402935,52481.89453125,51896.30078125,-8152.68701171875,10841.9150390625,-43002.87890625,-211.31338500976562,44350.46484375,9249.3974609375
57099.180291001,52461.04296875,51871.87109375,-8163.90771484375,10824.123046875,-43022.45703125,-246.89736938476562,44327.890625,9223.24609375
57099.184298018,52549.375,51959.4453125,-8048.12548828125,10915.630859375,-42924.26953125,-175.17062377929688,44421.453125,9318.9560546875
57099.188337492,52637.48828125,52048.67578125,-7949.8671875,11003.0712890625,-42831.77734375,-97.4312515258789,44506.97265625,9408.67578125
57099.192371495,52600.26953125,52014.4765625,-8015.044921875,10955.5068359375,-42883.6328125,-126.75674438476562,44455.5625,9362.8779296875
57099.197217259,52469.46875,51881.73046875,-8166.29931640625,10826.9833984375,-43018.2578125,-233.486328125,44326.90625,9235.181640625
57099.201269496,52456.5703125,51866.0625,-8168.44482421875,10819.0712890625,-43029.43359375,-256.93328857421875,44316.421875,9221.279296875
57099.204319979,52553.95703125,51961.99609375,-8048.2822265625,10915.1171875,-42926.4140625,-179.05982971191406,44415.890625,9318.12890625
57099.209275509,52638.22265625,52043.30859375,-7953.62255859375,10991.1123046875,-42841.1640625,-104.42735290527344,44492.95703125,9401.45703125
57099.213562595,52597.87890625,52005.2890625,-8014.28515625,10946.5205078125,-42887.09765625,-124.43215942382812,44456.9921875,9363.97265625
57099.217521111,52474.72265625,51891.33984375,-8154.49755859375,10837.3994140625,-43006.3671875,-220.29879760742188,44342.3515625,9243.318359375
57099.222469348,52458.875,51872.2734375,-8158.54296875,10829.21875,-43016.40234375,-245.95860290527344,44329.27734375,9226.95703125
57099.226501528,52552.1015625,51963.91796875,-8039.05078125,10923.0966796875,-42914.72265625,-167.4592742919922,44430.796875,9331.71875
57099.229510803,52643.23046875,52051.87109375,-7941.59716796875,11004.412109375,-42828.51171875,-92.29035186767578,44515.98046875,9420.9248046875
57099.23253357,52597.140625,52006.54296875,-8008.54052734375,10947.548828125,-42885.66796875,-123.56044006347656,44463.07421875,9371.818359375
57099.236495004,52482.9453125,51896.2578125,-8141.91357421875,10841.53515625,-42997.69140625,-209.18997192382812,44348.34375,9252.3037109375
57099.240499834,52464.7734375,51881.6171875,-8142.85205078125,10842.8310546875,-42998.07421875,-224.61268615722656,44342.12890625,9237.3720703125
57099.244498464,52572.77734375,51995.27734375,-8015.2236328125,10957.16015625,-42886.671875,-143.5876007080078,44443.40234375,9336.279296875
57099.248510952,52663.28125,52096.44140625,-7911.310546875,11052.736328125,-42793.59765625,-65.80353546142578,44529.50390625,9427.6533203125
57099.253465388,52609.8828125,52046.37109375,-7982.6796875,10998.578125,-42849.56640625,-98.01239776611328,44474.71875,9377.25
57099.2574673,52473.87109375,51897.84375,-8144.52880859375,10849.2685546875,-42994.00390625,-207.2900848388672,44345.68359375,9248.4365234375
57099.260451048,52443.6953125,51856.58203125,-8163.12548828125,10814.3994140625,-43019.12890625,-236.63792419433594,44327.77734375,9230.80078125
57099.264478852,52562.71875,51988.8828125,-8026.4443359375,10946.990234375,-42897.55859375,-153.2659149169922,44430.93359375,9329.751953125
57099.268386679,52666.09765625,52093.109375,-7919.75927734375,11043.2373046875,-42801.265625,-70.25153350830078,44530.8203125,9427.5859375
57099.272393697,52616.4765625,52036.71484375,-7991.888671875,10979.154296875,-42862.734375,-102.95213317871094,44477.69140625,9381.6533203125
57099.276434264,52473.87109375,51890.4921875,-8157.4033203125,10829.978515625,-43015.6640625,-224.21034240722656,44336.29296875,9240.0546875
57099.280410285,52456.97265625,51879.515625,-8157.53759765625,10833.890625,-43015.53125,-242.0470428466797,44327.3984375,9223.3583984375
57099.28529908,52560.28515625,51982.06640625,-8033.060546875,10937.625,-42904.6640625,-156.77513122558594,44433.79296875,9327.673828125
57099.289383043,52652.91015625,52070.87109375,-7937.61865234375,11014.7158203125,-42818.85546875,-79.92984008789062,44522.953125,9421.7744140625
57099.293391155,52600.31640625,52013.625,-8011.4462890625,10953.2041015625,-42877.59765625,-111.11051940917969,44471.45703125,9375.23828125
57099.297586709,52477.515625,51899.03125,-8152.64208984375,10846.2060546875,-42996.08203125,-206.35130310058594,44350.1953125,9253.64453125
57099.301500006,52461.17578125,51882.95703125,-8156.7998046875,10839.9033203125,-43003.953125,-229.038330078125,44337.61328125,9234.82421875
57099.306566396,52550.3359375,51959.2890625,-8045.64453125,10916.345703125,-42912.578125,-158.67503356933594,44434.12890625,9332.9931640625
57099.310528924,52646.8515625,52056.7890625,-7935.115234375,11011.5419921875,-42811.75,-69.33511352539062,44533.1015625,9434.2021484375
57099.31459903,52616.9453125,52046.796875,-7981.271484375,10998.9580078125,-42839.15234375,-80.62274169921875,44490.7890625,9393.41015625
57099.317589706,52482.1875,51908.73046875,-8143.07568359375,10858.6337890625,-42986.359375,-196.44947814941406,44352.296875,9256.1484375
57099.320584394,52464.41796875,51878.7578125,-8157.91748046875,10830.828125,-43011.8203125,-232.9275360107422,44339.421875,9236.3662109375
57099.324576825,52554.1796875,51967.5390625,-8044.638671875,10921.5986328125,-42916.78125,-168.1521759033203,44425.61328125,9322.689453125
57099.328598794,52643.140625,52061.1484375,-7937.03759765625,11015.5205078125,-42815.01171875,-78.09699249267578,44524.62890625,9421.3720703125
57099.332604718,52588.53515625,51999.94921875,-8003.310546875,10951.4384765625,-42867.828125,-99.800537109375,44484.64453125,9386.81640625
57099.336563234,52469.06640625,51879.26953125,-8145.73583984375,10833.8232421875,-42995.34765625,-202.2162322998047,44357.23828125,9260.9755859375
57099.341586958,52460.640625,51877.99609375,-8151.390625,10833.2421875,-43008.19921875,-232.6593017578125,44334.91015625,9234.1982421875
57099.344174307,52560.796875,51975.6953125,-8029.23828125,10935.8369140625,-42900.1953125,-152.93063354492188,44435.78125,9335.474609375
57099.347639057,52650.2265625,52074.04296875,-7924.18505859375,11030.6083984375,-42804.26171875,-73.33607482910156,44523.17578125,9425.931640625
57099.352556297,52609.7265625,52032.15625,-7988.826171875,10975.17578125,-42860.140625,-102.84037780761719,44474.5859375,9383.1728515625
57099.356620568,52473.53515625,51888.27734375,-8152.150390625,10831.07421875,-43006.4765625,-219.96351623535156,44333.5234375,9243.9443359375
57099.36064509,52458.2265625,51876.58984375,-8156.7998046875,10830.0908203125,-43014.81640625,-246.36093139648438,44313.31640625,9216.3623046875
57099.364665965,52563.703125,51985.328125,-8029.685546875,10936.57421875,-42904.30859375,-162.47482299804688,44428.31640625,9321.2587890625
57099.368584003,52657.3125,52072.1875,-7928.20849609375,11020.05859375,-42809.11328125,-78.38756561279297,44521.1875,9418.779296875
57099.373607362,52614.30859375,52026.5,-7994.1015625,10969.431640625,-42860.83203125,-107.08720397949219,44468.70703125,9374.947265625
57099.377639178,52489.29296875,51902.0703125,-8145.48974609375,10843.30078125,-42995.63671875,-212.095703125,44341.5703125,9248.9951171875
57099.381688133,52449.0625,51844.55859375,-8182.19140625,10785.8564453125,-43042.44140625,-259.97314453125,44310.72265625,9217.412109375
57099.385660142,52539.02734375,51935.70703125,-8065.51513671875,10885.7685546875,-42937.0078125,-185.67593383789062,44404.06640625,9309.76953125
57099.389668254,52656.77734375,52083.05078125,-7926.44287109375,11041.2919921875,-42795.85546875,-74.72187805175781,44512.1796875,9412.7890625
57099.394639829,52626.01953125,52060.4765625,-7974.40966796875,11011.162109375,-42831.171875,-83.64022827148438,44480.59765625,9382.8828125
57099.39865487,52492.46875,51918.8125,-8134.828125,10869.0498046875,-42977.6875,-197.70118713378906,44345.50390625,9247.3857421875
57099.401631324,52465.4453125,51887.65234375,-8155.1904296875,10841.6689453125,-43005.26953125,-233.75454711914062,44321.9453125,9221.2119140625
57099.404640599,52562.78515625,51982.58203125,-8037.93310546875,10936.619140625,-42902.921875,-154.5399627685547,44420.984375,9322.2646484375
57099.408666944,52651.0546875,52070.37890625,-7939.8759765625,11019.2314453125,-42815.2578125,-78.29816436767578,44517.43359375,9414.509765625
57099.412657552,52609.8828125,52029.51953125,-8003.51171875,10971.0859375,-42864.609375,-101.2757568359375,44476.3515625,9377.31640625
57099.416690461,52479.83984375,51892.0546875,-8166.5673828125,10833.3984375,-43008.1328125,-214.39793395996094,44340.33984375,9242.22265625
57099.420709878,52446.55859375,51856.11328125,-8189.29931640625,10804.900390625,-43037.63671875,-255.34632873535156,44311.015625,9213.791015625
57099.424717625,52549.9140625,51957.3671875,-8062.69873046875,10906.98046875,-42929.02734375,-175.26002502441406,44412.6015625,9316.6767578125
57099.428735947,52635.31640625,52037.51953125,-7965.06640625,10984.1162109375,-42838.68359375,-95.37489318847656,44502.390625,9407.8720703125
57099.431743399,52589.09375,51995.8359375,-8023.71728515625,10938.5634765625,-42885.578125,-118.0172119140625,44457.7109375,9364.3974609375
57099.43659755,52453.8203125,51865.234375,-8179.48681640625,10806.509765625,-43028.6484375,-234.29098510742188,44320.58203125,9228.2080078125
57099.440585969,52425.8828125,51817.66796875,-8208.4990234375,10758.654296875,-43068.03515625,-275.7087707519531,44296.9765625,9203.7333984375
57099.444638571,52526.1953125,51915.03515625,-8090.0126953125,10853.8505859375,-42967.33984375,-203.8255615234375,44390.98828125,9297.6103515625
57099.448649236,52635.69921875,52055.2890625,-7950.314453125,11012.81640625,-42823.1484375,-92.29035186767578,44499.26171875,9397.791015625
57099.452590612,52613.28125,52058.59765625,-7982.12109375,11019.25390625,-42835.75390625,-93.92202758789062,44465.53125,9363.3466796875
57099.457534838,52488.2421875,51924.46484375,-8134.89501953125,10880.60546875,-42974.0,-200.62925720214844,44337.43359375,9238.892578125
57099.461574676,52458.89453125,51888.078125,-8154.9443359375,10846.876953125,-43003.796875,-238.85073852539062,44321.921875,9215.2890625
57099.465540121,52545.57421875,51967.3828125,-8048.2373046875,10924.1025390625,-42915.328125,-172.93544006347656,44412.87109375,9307.1318359375
57099.468585133,52638.828125,52052.875,-7947.3193359375,11004.3671875,-42823.171875,-90.99394989013672,44505.4296875,9404.49609375
57099.473604481,52602.68359375,52019.41796875,-8004.51708984375,10963.150390625,-42871.5625,-118.8218765258789,44456.2578125,9361.1337890625
57099.478526826,52468.3515625,51889.3046875,-8157.29150390625,10835.0751953125,-43006.7890625,-225.41734313964844,44324.60546875,9227.4931640625
57099.482579793,52450.42578125,51868.54296875,-8163.572265625,10825.6875,-43013.09375,-241.22003173828125,44314.27734375,9207.3095703125
57099.485795836,52553.2890625,51971.6484375,-8040.615234375,10925.8681640625,-42911.55078125,-169.2027130126953,44410.14453125,9303.533203125
57099.488843766,52642.08984375,52054.9765625,-7943.4521484375,11000.388671875,-42825.94140625,-91.19511413574219,44502.50390625,9400.451171875
57099.492767639,52608.5859375,52023.9296875,-7996.26953125,10965.0732421875,-42860.9453125,-100.67225646972656,44465.0625,9370.052734375
57099.496821699,52473.37890625,51890.37890625,-8148.86474609375,10842.33984375,-42992.4609375,-207.40184020996094,44335.109375,9237.39453125
57099.500826164,52450.9375,51860.78515625,-8165.0029296875,10815.7412109375,-43017.31640625,-236.90614318847656,44325.4296875,9216.49609375
57099.504794527,52556.52734375,51976.546875,-8037.642578125,10929.01953125,-42903.94921875,-153.02005004882812,44426.83984375,9314.552734375
57099.508410981,52664.77734375,52091.90234375,-7914.21630859375,11046.634765625,-42787.80859375,-57.93572235107422,44527.671875,9418.533203125
57099.512753132,52625.59375,52051.24609375,-7974.16357421875,11000.7685546875,-42835.59765625,-81.47210693359375,44483.52734375,9380.892578125
57099.515789028,52480.9140625,51888.078125,-8151.591796875,10830.828125,-42998.65625,-204.049072265625,44343.625,9244.681640625
57099.520706632,52451.7890625,51849.25390625,-8174.85986328125,10796.7421875,-43027.7578125,-241.44354248046875,44319.0390625,9218.4853515625
57099.524757775,52552.21484375,51969.078125,-8041.55419921875,10925.7783203125,-42909.8046875,-165.6040802001953,44412.15625,9307.3330078125
57099.528785579,52648.52734375,52076.61328125,-7930.22021484375,11031.7705078125,-42806.921875,-82.34382629394531,44503.8671875,9397.6572265625
57099.53280536,52625.59375,52064.76953125,-7967.0556640625,11018.76171875,-42823.5078125,-78.67813873291016,44481.9375,9372.9580078125
57099.536841917,52495.46484375,51928.80078125,-8123.25,10883.6455078125,-42962.53515625,-185.9441680908203,44352.65625,9245.7099609375
57099.539735226,52467.7265625,51888.703125,-8149.580078125,10845.8935546875,-42998.09375,-226.04319763183594,44323.578125,9218.2392578125
57099.545793889,52554.96484375,51963.8046875,-8044.77294921875,10919.251953125,-42910.9921875,-159.79261779785156,44412.37890625,9312.6533203125
57099.549822058,52637.53125,52045.0078125,-7947.5205078125,11000.43359375,-42822.8359375,-86.61300659179688,44507.59765625,9405.30078125
57099.553798808,52625.28125,52053.43359375,-7979.8408203125,10997.4833984375,-42842.59375,-94.36906433105469,44476.23828125,9376.087890625
57099.557863079,52501.1171875,51927.7734375,-8134.2021484375,10867.4853515625,-42979.87890625,-200.60690307617188,44345.50390625,9245.955078125
57099.560836251,52479.3046875,51899.69921875,-8146.1826171875,10847.7490234375,-42999.75,-226.98196411132812,44330.57421875,9228.23046875
57099.566831826,52582.79296875,52002.0703125,-8018.75537109375,10952.8017578125,-42886.671875,-142.02297973632812,44437.59375,9336.279296875
57099.569820315,52665.8046875,52090.671875,-7916.80908203125,11042.2978515625,-42790.60546875,-60.863800048828125,44526.77734375,9426.6474609375
57099.572852199,52624.45703125,52046.39453125,-7979.4384765625,10988.7431640625,-42842.39453125,-86.97063446044922,44483.4140625,9385.564453125
57099.575849075,52484.82421875,51894.69140625,-8148.88720703125,10835.6337890625,-42992.8203125,-203.44557189941406,44346.15234375,9248.7939453125
57099.580414406,52458.0703125,51873.52734375,-8159.30322265625,10828.3916015625,-43005.3359375,-231.0276336669922,44326.01171875,9223.447265625
57099.584854654,52559.7265625,51983.54296875,-8030.91455078125,10939.591796875,-42895.90234375,-147.85679626464844,44430.59765625,9323.1806640625
57099.588842344,52660.015625,52083.3203125,-7921.8828125,11033.5361328125,-42798.5390625,-65.35649871826172,44517.92578125,9416.7451171875
57099.592889111,52617.59375,52043.21875,-7979.8408203125,10985.681640625,-42844.58203125,-87.86470794677734,44478.80859375,9380.69140625
57099.595916619,52485.0234375,51901.33203125,-8139.41015625,10842.138671875,-42987.4765625,-196.78475952148438,44354.7578125,9250.783203125
57099.599861278,52465.265625,51890.984375,-8145.35546875,10847.123046875,-42990.71875,-220.32115173339844,44336.0703125,9224.2294921875
57099.603915339,52569.203125,52000.796875,-8016.52001953125,10958.2333984375,-42879.296875,-138.75962829589844,44437.5703125,9324.2763671875
57099.608463165,52674.14453125,52103.94921875,-7899.9111328125,11056.849609375,-42775.0234375,-48.771507263183594,44536.65625,9430.1337890625
57099.612861841,52636.19140625,52064.05078125,-7956.21533203125,11008.8154296875,-42822.9453125,-70.3409423828125,44497.44921875,9394.4384765625
57099.616947263,52493.0703125,51910.47265625,-8127.02734375,10852.1962890625,-42981.15234375,-193.63316345214844,44354.78125,9255.8349609375
57099.620888275,52461.7578125,51878.30859375,-8149.11083984375,10831.07421875,-43004.734375,-229.8206329345703,44325.51953125,9222.5751953125
57099.624869766,52567.99609375,51993.375,-8021.79541015625,10947.392578125,-42892.19140625,-151.3660125732422,44423.265625,9319.2919921875
57099.627883781,52671.70703125,52097.9140625,-7911.24365234375,11043.1474609375,-42793.93359375,-68.70925903320312,44516.875,9415.716796875
57099.633809704,52635.98828125,52066.0625,-7960.484375,11006.087890625,-42830.8359375,-82.05325317382812,44484.0625,9388.4482421875
57099.637861941,52506.1015625,51934.8359375,-8112.0068359375,10874.771484375,-42965.6171875,-184.11131286621094,44361.640625,9264.9541015625
57099.641781438,52476.3515625,51894.984375,-8139.47705078125,10840.796875,-42998.05078125,-222.93629455566406,44336.65234375,9238.736328125
57099.645509116,52564.953125,51979.6953125,-8029.0146484375,10925.3310546875,-42904.77734375,-155.4340362548828,44423.30859375,9326.578125
57099.650383689,52650.8984375,52064.1640625,-7926.80029296875,11008.5244140625,-42811.34765625,-73.67134857177734,44514.01171875,9417.572265625
57099.653784622,52627.2734375,52051.265625,-7966.40771484375,10992.1181640625,-42836.44921875,-82.29912567138672,44492.109375,9391.6884765625
57099.656814683,52508.671875,51934.81640625,-8111.26904296875,10878.19140625,-42960.2109375,-179.08218383789062,44369.8671875,9269.3359375
57099.659767433,52463.2109375,51889.0390625,-8148.93212890625,10841.244140625,-43001.3828125,-232.25697326660156,44325.609375,9221.837890625
57099.663773357,52571.48046875,51993.15234375,-8026.8466796875,10942.654296875,-42897.4921875,-157.06570434570312,44425.45703125,9321.75
57099.668746392,52654.62890625,52075.67578125,-7930.82373046875,11020.8408203125,-42810.5859375,-83.46141052246094,44510.28125,9408.51953125
57099.672745386,52612.921875,52033.9453125,-7987.91015625,10972.11328125,-42860.38671875,-109.61295318603516,44467.25390625,9373.94140625
57099.676554752,52485.78515625,51905.0859375,-8143.43359375,10840.9755859375,-42998.5859375,-217.23660278320312,44336.2734375,9243.876953125
57099.679544334,52469.1796875,51893.44140625,-8150.4072265625,10842.048828125,-43004.8671875,-236.83908081054688,44321.54296875,9222.1953125
57099.683511238,52565.46875,51985.9765625,-8033.12744140625,10934.8984375,-42902.65234375,-160.08319091796875,44418.97265625,9317.5703125
57099.687798324,52648.6171875,52063.4921875,-7938.15478515625,11007.228515625,-42816.98046875,-82.43323516845703,44508.91796875,9409.771484375
57099.691829046,52607.01953125,52022.61328125,-7999.2197265625,10961.541015625,-42861.4140625,-102.28158569335938,44461.95703125,9369.359375
57099.696922057,52493.96484375,51917.6484375,-8137.86767578125,10859.4609375,-42980.19140625,-199.0869903564453,44340.85546875,9242.37890625
57099.700947673,52473.359375,51899.05078125,-8151.345703125,10848.44140625,-42999.90625,-232.18992614746094,44324.24609375,9215.646484375
57099.704984959,52569.91796875,51994.359375,-8031.80859375,10942.9892578125,-42896.015625,-154.13763427734375,44424.60546875,9318.5537109375
57099.70800882,52662.9453125,52089.69140625,-7924.498046875,11034.8994140625,-42796.640625,-69.40216827392578,44518.328125,9416.365234375
57099.713989444,52625.59375,52047.40234375,-7981.20458984375,10987.5361328125,-42842.39453125,-88.7811279296875,44480.7109375,9379.7080078125
57099.718001567,52483.90625,51896.48046875,-8151.27880859375,10834.337890625,-42998.25390625,-208.96646118164062,44340.71875,9238.9814453125
57099.720991149,52457.15234375,51876.140625,-8166.90283203125,10822.357421875,-43017.875,-242.6952362060547,44316.109375,9209.544921875
57099.724977745,52558.44921875,51983.83203125,-8039.2744140625,10931.9921875,-42904.6640625,-159.7479248046875,44421.25390625,9313.7255859375
57099.728937356,52653.625,52079.20703125,-7931.650390625,11022.62890625,-42806.09375,-74.61012268066406,44516.80859375,9412.6328125
57099.733039553,52622.46484375,52048.25,-7979.6396484375,10984.18359375,-42844.11328125,-88.44585418701172,44484.75390625,9386.16796875
57099.736052474,52489.4296875,51910.98828125,-8136.638671875,10847.48046875,-42987.03125,-200.1598663330078,44349.7734375,9250.26953125
57099.740048917,52460.01171875,51875.71484375,-8160.86767578125,10817.1494140625,-43016.7578125,-237.12965393066406,44322.37109375,9213.92578125
57099.744061404,52553.5546875,51961.12109375,-8050.0029296875,10901.794921875,-42920.87109375,-165.96170043945312,44415.84375,9304.875
57099.748050553,52644.52734375,52047.625,-7946.537109375,10985.1669921875,-42828.66796875,-86.12126922607422,44505.40625,9400.6748046875
57099.752945548,52606.57421875,52018.72265625,-7993.251953125,10960.625,-42859.71484375,-103.08624267578125,44463.4296875,9366.9677734375
57099.757038628,52493.453125,51928.109375,-8125.9990234375,10872.9609375,-42971.83203125,-197.4776611328125,44348.58984375,9243.876953125
57099.761077008,52480.0859375,51922.296875,-8134.7607421875,10868.4462890625,-42986.8984375,-225.3726348876953,44328.5625,9216.9208984375
57099.764083365,52581.2734375,52015.70703125,-8013.435546875,10963.486328125,-42882.6953125,-145.93453979492188,44430.3515625,9317.123046875
57099.768064856,52668.66796875,52099.32421875,-7915.9150390625,11041.6943359375,-42792.55078125,-66.98817443847656,44521.30078125,9410.9560546875
57099.772089742,52629.26171875,52057.66015625,-7974.07421875,10991.2919921875,-42837.1640625,-85.62953186035156,44483.859375,9379.6416015625
57099.776116817,52499.41796875,51925.58203125,-8130.69287109375,10859.7734375,-42974.22265625,-193.40963745117188,44351.96484375,9249.8447265625
57099.780125294,52467.92578125,51886.9609375,-8156.50927734375,10830.42578125,-43004.4453125,-233.10633850097656,44322.52734375,9220.4296875
57099.785044356,52555.65625,51972.5234375,-8045.6669921875,10915.720703125,-42913.203125,-167.36985778808594,44413.02734375,9309.8369140625
57099.789075443,52650.02734375,52070.9375,-7933.8857421875,11012.369140625,-42810.98828125,-81.47210693359375,44510.4375,9409.212890625
57099.79309413,52629.28515625,52063.0234375,-7966.2509765625,11005.6865234375,-42823.9765625,-80.77920532226562,44487.4609375,9388.58203125
57099.797238629,52504.3359375,51937.36328125,-8114.93505859375,10881.947265625,-42954.01953125,-179.95388793945312,44362.6484375,9261.53515625
57099.800998034,52470.20703125,51894.87109375,-8144.439453125,10844.9990234375,-42989.6015625,-219.091796875,44333.4765625,9226.107421875
57099.805637394,52555.859375,51976.9921875,-8037.73193359375,10927.0751953125,-42898.67578125,-152.1259765625,44418.86328125,9311.6923828125
57099.808911785,52647.90234375,52061.7265625,-7939.83154296875,11004.009765625,-42810.9453125,-75.34773254394531,44512.62890625,9406.240234375
57099.814190415,52618.0625,52022.6328125,-7994.0341796875,10955.4619140625,-42854.640625,-93.2291259765625,44485.203125,9380.177734375
57099.8180326,52499.5078125,51915.5703125,-8134.26904296875,10853.158203125,-42972.83984375,-188.7828369140625,44360.3671875,9255.9248046875
57099.822032325,52472.30859375,51898.828125,-8150.3623046875,10852.5322265625,-42986.0703125,-223.00335693359375,44327.35546875,9215.1552734375
57099.825133497,52561.89453125,51980.5,-8042.53759765625,10932.1484375,-42893.9375,-154.02586364746094,44419.7578125,9306.439453125
57099.828166111,52666.20703125,52089.37890625,-7926.59912109375,11036.3076171875,-42791.34375,-69.62568664550781,44515.734375,9408.4970703125
57099.832173493,52633.53125,52056.7890625,-7973.96240234375,10996.1416015625,-42830.74609375,-86.25537872314453,44480.93359375,9378.859375
57099.836207132,52485.76171875,51895.921875,-8144.2158203125,10837.82421875,-42982.60546875,-201.52333068847656,44342.39453125,9240.5244140625
57099.841058366,52463.34375,51872.72265625,-8167.953125,10813.3935546875,-43012.06640625,-237.8672637939453,44312.46875,9202.1904296875
57099.844885965,52561.66796875,51980.61328125,-8042.626953125,10925.5771484375,-42901.4453125,-160.57493591308594,44408.7578125,9295.9560546875
57099.848176766,52673.09375,52097.73828125,-7915.40087890625,11043.169921875,-42785.30859375,-66.45173645019531,44513.05078125,9403.736328125
57099.852161904,52634.35546875,52062.35546875,-7969.4921875,10999.9638671875,-42830.546875,-90.0104751586914,44471.72265625,9367.75
57099.856110209,52489.71875,51910.49609375,-8140.12548828125,10847.7041015625,-42984.88671875,-209.6817169189453,44327.35546875,9232.74609375
57099.860121603,52453.91015625,51868.69921875,-8167.48388671875,10814.7578125,-43015.86328125,-244.930419921875,44309.515625,9206.884765625
57099.864210307,52550.4921875,51965.45703125,-8046.203125,10915.318359375,-42907.4140625,-160.55258178710938,44420.671875,9309.45703125
57099.869068835,52646.13671875,52068.07421875,-7939.80908203125,11014.291015625,-42808.3515625,-78.65579223632812,44510.2578125,9400.2275390625
57099.873097368,52635.4296875,52063.44921875,-7966.98876953125,11004.2998046875,-42823.57421875,-76.77824401855469,44490.765625,9386.1005859375
#57123.876578893,52741.04296875,52064.9453125,-7828.5869140625,11002.6689453125,-42215.671875,72.62081909179688,44508.40234375,9394.1025390625
57123.879209274,52678.859375,52008.10546875,-7890.45654296875,10950.208984375,-42278.5703125,6.906689167022705,44442.77734375,9323.5830078125
57123.884624655,52751.66015625,52071.203125,-7800.66943359375,11014.068359375,-42209.4140625,48.480934143066406,44508.22265625,9389.38671875
57123.887680608,52847.2578125,52160.90234375,-7697.69482421875,11098.6025390625,-42117.078125,121.6605453491211,44596.7578125,9479.486328125
57123.893618929,52849.22265625,52161.86328125,-7710.32373046875,11092.03125,-42121.484375,131.785888671875,44593.80859375,9481.095703125
57123.896653367,52727.23046875,52033.25,-7864.103515625,10959.41796875,-42258.85546875,31.270090103149414,44468.99609375,9359.7705078125
57123.899680146,52657.1796875,51951.69140625,-7939.02685546875,10881.41015625,-42334.7421875,-35.226348876953125,44406.234375,9296.42578125
57123.903567915,52726.42578125,52014.65625,-7841.70703125,10954.6572265625,-42248.41796875,24.31869888305664,44482.49609375,9372.578125
57123.90756764,52841.04296875,52144.3828125,-7703.0146484375,11089.013671875,-42115.8515625,126.93555450439453,44601.05078125,9481.453125
57123.911649415,52859.83984375,52183.703125,-7693.06787109375,11119.8583984375,-42100.71875,145.1298828125,44604.984375,9487.1533203125
57123.91565461,52740.1015625,52049.2109375,-7850.46923828125,10974.1474609375,-42246.65234375,40.92604446411133,44481.625,9371.416015625
57123.919627713,52666.140625,51968.56640625,-7925.63818359375,10905.103515625,-42318.984375,-30.152503967285156,44413.54296875,9300.8740234375
57123.923620873,52747.14453125,52053.81640625,-7819.35546875,11001.841796875,-42222.04296875,32.92411804199219,44493.80859375,9372.4443359375
57123.9266998,52861.2265625,52171.85546875,-7686.56396484375,11117.5791015625,-42099.21875,137.39617919921875,44609.23046875,9485.1416015625
57123.930313701,52852.62109375,52163.40625,-7702.9921875,11103.0947265625,-42107.19921875,146.02394104003906,44605.7890625,9487.443359375
57123.935622599,52721.52734375,52025.18359375,-7860.7060546875,10961.5859375,-42249.37890625,39.629642486572266,44477.82421875,9366.275390625
57123.939710938,52668.95703125,51974.9140625,-7918.99951171875,10909.1708984375,-42311.046875,-22.374095916748047,44417.140625,9302.7958984375
57123.943710298,52753.046875,52063.0,-7809.7216796875,11002.154296875,-42216.65625,41.32837677001953,44501.78515625,9386.6826171875
57123.947754877,52865.54296875,52178.71875,-7681.0205078125,11115.947265625,-42099.3984375,136.7479705810547,44609.6328125,9492.115234375
57123.951744755,52869.7890625,52188.23828125,-7686.630859375,11121.8701171875,-42095.890625,152.50595092773438,44611.35546875,9492.7412109375
57123.956252103,52741.9375,52059.1796875,-7838.04150390625,10992.029296875,-42229.44140625,54.09122085571289,44487.1015625,9369.29296875
57123.960778779,52673.6953125,51986.53515625,-7905.45458984375,10924.146484375,-42297.45703125,-12.382866859436035,44422.99609375,9303.869140625
57123.964795643,52751.3671875,52062.21875,-7802.85986328125,11002.8916015625,-42212.921875,45.21757888793945,44499.3515625,9381.0048828125
57123.967693328,52851.125,52154.53125,-7687.390625,11094.35546875,-42107.01953125,133.17169189453125,44604.44921875,9486.7060546875
57123.972727627,52849.15625,52148.6328125,-7699.416015625,11081.5703125,-42114.12890625,143.63230895996094,44614.91015625,9497.501953125
57123.977532183,52726.55859375,52034.59375,-7847.9658203125,10961.7197265625,-42247.01171875,44.39056396484375,44488.8671875,9371.8857421875
57123.98053307,52670.74609375,51990.6484375,-7900.44775390625,10931.634765625,-42289.96875,-5.699694633483887,44431.78125,9309.5908203125
57123.983600328,52759.640625,52077.0625,-7792.66748046875,11025.4228515625,-42194.328125,59.0980110168457,44516.29296875,9388.6044921875
57123.987765613,52860.82421875,52181.578125,-7672.95166015625,11130.1181640625,-42085.51953125,146.18040466308594,44617.63671875,9491.8466796875
57123.990883925,52870.5703125,52190.20703125,-7677.95849609375,11125.759765625,-42088.58203125,158.7867889404297,44619.19921875,9501.0556640625
57123.995814657,52740.52734375,52049.234375,-7843.6962890625,10977.076171875,-42236.953125,50.53729248046875,44488.421875,9374.9921875
57123.999833344,52659.50390625,51960.40625,-7925.1240234375,10903.5830078125,-42311.78515625,-21.68119239807129,44418.4609375,9303.1533203125
57124.003371029,52731.20703125,52034.16796875,-7827.26806640625,10982.931640625,-42229.8671875,31.82888412475586,44495.88671875,9378.970703125
57124.006903973,52859.8203125,52181.734375,-7683.94873046875,11123.546875,-42096.875,132.5011444091797,44605.1875,9487.421875
57124.010804142,52872.40234375,52193.42578125,-7684.7978515625,11128.642578125,-42091.62109375,150.2931365966797,44609.92578125,9495.2001953125
57124.01483851,52747.8828125,52058.3515625,-7843.31640625,10990.4873046875,-42232.66015625,46.87160873413086,44482.72265625,9370.0302734375
57124.018858291,52667.7265625,51973.2578125,-7922.12890625,10913.4853515625,-42306.734375,-21.748247146606445,44415.12890625,9297.3642578125
57124.023842266,52742.5625,52052.609375,-7819.22119140625,10998.421875,-42217.57421875,39.026145935058594,44497.71875,9377.048828125
57124.02775848,52847.37109375,52161.10546875,-7694.69970703125,11103.876953125,-42104.49609375,132.32232666015625,44605.72265625,9486.5947265625
57124.03173523,52851.7265625,52166.55859375,-7698.14208984375,11100.14453125,-42104.6953125,146.15805053710938,44608.94140625,9494.685546875
57124.035755011,52729.41796875,52039.46484375,-7846.49072265625,10970.8173828125,-42233.48828125,51.6995849609375,44486.96875,9375.2158203125
57124.038929482,52660.890625,51970.66796875,-7915.1103515625,10912.009765625,-42299.69140625,-14.618041038513184,44419.2421875,9304.2490234375
57124.044686927,52732.078125,52037.9453125,-7823.82568359375,10978.349609375,-42227.98828125,32.43238067626953,44487.2578125,9373.5166015625
57124.04878183,52836.640625,52141.48046875,-7700.89111328125,11078.6201171875,-42116.7890625,128.187255859375,44602.34765625,9482.4150390625
57124.052801247,52861.0703125,52174.3359375,-7683.34521484375,11110.314453125,-42089.87890625,163.19007873535156,44627.359375,9506.4208984375
57124.056848743,52745.35546875,52057.4140625,-7827.513671875,10992.4541015625,-42215.2265625,69.78214263916016,44507.80078125,9391.6220703125
57124.060311306,52671.015625,51987.3203125,-7902.951171875,10930.62890625,-42287.15234375,-5.163252830505371,44431.06640625,9309.501953125
57124.063381845,52748.171875,52066.78125,-7801.27294921875,11016.4599609375,-42202.6875,47.743324279785156,44503.62109375,9377.8759765625
57124.066646026,52846.23046875,52163.40625,-7684.462890625,11106.3134765625,-42101.12109375,135.0939483642578,44606.953125,9480.8056640625
57124.070840485,52859.328125,52178.89453125,-7676.662109375,11117.9814453125,-42087.6875,160.97726440429688,44621.703125,9499.15625
57124.07481687,52740.484375,52060.85546875,-7817.544921875,11009.0615234375,-42206.21875,68.61985778808594,44501.4296875,9381.138671875
57124.078853791,52678.16796875,51999.1875,-7891.17138671875,10942.6318359375,-42281.58984375,-4.157424449920654,44429.30078125,9306.3271484375
57124.083886996,52753.76171875,52069.4609375,-7796.7353515625,11011.8330078125,-42203.69140625,49.97850036621094,44507.53125,9384.6923828125
57124.087826185,52844.30859375,52161.52734375,-7682.51806640625,11107.23046875,-42096.8046875,137.88790893554688,44611.2421875,9489.58984375
57124.091914889,52857.65234375,52176.546875,-7676.93017578125,11118.6298828125,-42084.06640625,160.84315490722656,44622.41796875,9506.107421875
57124.094881862,52743.14453125,52061.59375,-7821.3447265625,10998.935546875,-42214.109375,63.344844818115234,44499.9296875,9383.4853515625
57124.098819957,52667.484375,51983.6328125,-7901.05126953125,10924.4375,-42292.00390625,-7.28666877746582,44430.12890625,9309.5234375
57124.102905379,52739.6796875,52050.3515625,-7808.47021484375,10995.515625,-42212.41015625,47.34099578857422,44507.59765625,9386.4140625
57124.106885046,52847.4375,52153.68359375,-7684.93212890625,11096.322265625,-42100.828125,140.7712860107422,44616.3828125,9498.4404296875
57124.111827813,52860.35546875,52176.75,-7677.73486328125,11111.6337890625,-42089.609375,162.51953125,44621.01171875,9509.326171875
57124.115845042,52748.0625,52073.88671875,-7814.1923828125,11011.2744140625,-42203.0234375,76.84529876708984,44513.41015625,9393.767578125
57124.118935638,52671.4609375,51993.265625,-7897.02783203125,10934.4287109375,-42284.78515625,-3.442168712615967,44437.48046875,9314.8212890625
57124.123884604,52727.453125,52034.32421875,-7825.501953125,10971.2197265625,-42236.55078125,22.28468894958496,44491.125,9372.8466796875
57124.12792736,52829.95703125,52132.8515625,-7704.28857421875,11070.259765625,-42127.13671875,113.79273223876953,44598.97265625,9479.888671875
57124.132916804,52853.8515625,52166.4453125,-7685.580078125,11103.0283203125,-42097.05078125,154.5846710205078,44624.09375,9502.9111328125
57124.136843594,52746.5859375,52072.65625,-7817.1875,11014.42578125,-42201.25390625,76.64413452148438,44512.13671875,9389.431640625
57124.14088635,52675.0390625,51998.94140625,-7888.6904296875,10949.3154296875,-42270.63671875,11.555851936340332,44444.453125,9317.861328125
57124.144928741,52750.18359375,52073.1484375,-7791.6171875,11023.9697265625,-42193.61328125,59.16506576538086,44514.70703125,9386.369140625
57124.148891633,52858.0546875,52175.3203125,-7673.89013671875,11118.00390625,-42089.67578125,143.20762634277344,44616.00390625,9488.337890625
57124.151882674,52858.390625,52174.5390625,-7681.89208984375,11110.314453125,-42093.4296875,151.1425018310547,44616.1171875,9496.0048828125
57124.154956861,52741.22265625,52052.54296875,-7830.1962890625,10984.33984375,-42220.234375,62.04844284057617,44499.75390625,9381.697265625
57124.159003992,52666.65625,51979.18359375,-7907.7568359375,10923.4765625,-42285.6796875,-2.12341570854187,44431.01953125,9306.39453125
57124.16300007,52735.09765625,52054.8203125,-7812.91796875,11005.529296875,-42204.9453125,47.11747741699219,44501.5625,9372.82421875
57124.167862973,52845.08984375,52163.6953125,-7684.88720703125,11108.4814453125,-42093.18359375,139.16195678710938,44609.90234375,9483.599609375
57124.171863792,52862.703125,52177.53125,-7680.8642578125,11109.0400390625,-42088.6484375,157.02101135253906,44621.16796875,9503.0234375
57124.174910263,52734.46875,52037.83203125,-7844.7021484375,10963.486328125,-42237.6875,45.37404251098633,44487.75,9378.1435546875
57124.17881809,52661.06640625,51959.1796875,-7925.79443359375,10892.51953125,-42310.78125,-21.904708862304688,44414.2578125,9301.3212890625
57124.182917734,52732.59375,52035.26171875,-7828.83251953125,10977.4111328125,-42225.05859375,30.26426124572754,44483.3671875,9365.984375
57124.186904695,52846.51953125,52168.03125,-7683.09912109375,11120.126953125,-42084.2890625,142.49237060546875,44613.92578125,9484.9853515625
57124.190995223,52876.40234375,52203.66015625,-7665.6201171875,11144.1552734375,-42063.234375,173.76246643066406,44634.82421875,9511.6279296875
57124.195813636,52753.22265625,52076.63671875,-7817.67919921875,11013.5986328125,-42199.35546875,73.04550170898438,44510.75,9394.0810546875
57124.199842169,52679.0625,51994.6953125,-7901.00634765625,10936.4853515625,-42281.5,-3.8445000648498535,44432.921875,9312.474609375
57124.203855387,52746.78515625,52056.85546875,-7811.08544921875,11000.3212890625,-42209.37109375,42.7812385559082,44502.390625,9377.96484375
57124.207465276,52849.0234375,52165.328125,-7686.74267578125,11108.146484375,-42097.1875,134.08811950683594,44608.44921875,9482.8173828125
57124.211552887,52866.2109375,52183.61328125,-7676.72900390625,11121.53515625,-42082.48046875,160.4631805419922,44625.03515625,9503.0234375
57124.216729773,52736.70703125,52038.3046875,-7835.716796875,10973.8798828125,-42222.53515625,63.993045806884766,44505.40625,9386.2353515625
57124.220143469,52660.15234375,51958.62109375,-7919.58056640625,10900.0068359375,-42300.4765625,-9.745360374450684,44426.91015625,9302.9970703125
57124.22487582,52742.71875,52058.17578125,-7807.08447265625,11007.2509765625,-42203.08984375,52.59365463256836,44507.44140625,9376.244140625
57124.228973276,52854.85546875,52184.68359375,-7667.92236328125,11133.806640625,-42074.74609375,157.33392333984375,44626.28515625,9496.541015625
57124.23305104,52871.3515625,52199.94921875,-7660.009765625,11141.4951171875,-42060.55078125,183.01608276367188,44641.26171875,9518.4013671875
57124.23798469,52751.8828125,52074.4453125,-7809.38671875,11013.46484375,-42192.8515625,84.17666625976562,44516.96484375,9397.701171875
57124.240939264,52667.2578125,51983.5625,-7903.21923828125,10927.6337890625,-42284.60546875,-1.1399389505386353,44430.640625,9307.7138671875
57124.243983182,52740.1015625,52051.7578125,-7812.314453125,10999.8076171875,-42209.32421875,48.23506546020508,44501.05078125,9375.283203125
57124.247019443,52846.20703125,52157.68359375,-7687.390625,11103.0947265625,-42099.0625,138.60316467285156,44605.05078125,9489.232421875
57124.254027712,52860.2890625,52166.87109375,-7684.28369140625,11101.1728515625,-42094.7265625,153.80235290527344,44623.15625,9512.3212890625
57124.258023061,52737.0625,52039.95703125,-7834.86767578125,10972.9404296875,-42223.71875,60.863800048828125,44506.75,9396.7626953125
57124.261081566,52667.39453125,51977.88671875,-7907.24267578125,10922.671875,-42287.33203125,-4.962087154388428,44432.49609375,9317.8388671875
57124.264120744,52738.78515625,52055.06640625,-7812.515625,11006.3564453125,-42204.09375,46.58103561401367,44504.06640625,9383.083984375
57124.267938497,52842.05078125,52160.23046875,-7689.87158203125,11110.4482421875,-42093.8125,135.11630249023438,44608.0703125,9485.208984375
57124.271156364,52858.14453125,52174.40234375,-7678.986328125,11117.466796875,-42080.9140625,161.13372802734375,44625.90625,9507.2919921875
57124.275119256,52748.39453125,52062.0859375,-7817.20947265625,11002.3779296875,-42202.8203125,75.61595153808594,44515.15234375,9399.4228515625
57124.279107676,52670.7890625,51976.76953125,-7911.869140625,10911.8759765625,-42297.5703125,-8.292497634887695,44431.3359375,9311.3125
57124.284091286,52728.01171875,52025.62890625,-7832.587890625,10966.5927734375,-42232.30078125,33.0358772277832,44495.57421875,9372.623046875
57124.288075329,52836.86328125,52131.62109375,-7705.0263671875,11073.3671875,-42117.16796875,126.75674438476562,44605.03125,9484.4482421875
57124.29108351,52875.7109375,52193.15625,-7666.53662109375,11132.4873046875,-42071.32421875,170.96849060058594,44634.78125,9515.6513671875
57124.29612182,52772.58203125,52097.15625,-7795.43896484375,11036.263671875,-42178.34375,94.72669219970703,44529.4375,9412.69921875
57124.299151881,52684.53515625,52002.765625,-7889.18212890625,10948.80078125,-42266.3203125,15.89208984375,44447.62890625,9327.427734375
57124.305090203,52743.87890625,52054.5546875,-7808.09033203125,11004.322265625,-42200.78515625,56.79578399658203,44512.671875,9389.833984375
57124.309033768,52849.984375,52155.13671875,-7687.033203125,11098.4453125,-42097.20703125,140.45835876464844,44612.65234375,9491.9140625
57124.313150552,52868.26953125,52176.21484375,-7671.8115234375,11114.2041015625,-42079.05859375,167.86160278320312,44627.9609375,9509.974609375
57124.317132772,52757.6484375,52072.27734375,-7803.23974609375,11013.5087890625,-42187.10546875,90.54691314697266,44519.82421875,9399.4453125
57124.321079254,52680.35546875,51996.2578125,-7886.9248046875,10941.6259765625,-42268.1328125,13.701619148254395,44437.75,9316.498046875
57124.324105668,52745.6015625,52056.02734375,-7799.9541015625,11004.568359375,-42199.06640625,59.701507568359375,44503.953125,9384.55859375
57124.327166727,52845.40234375,52154.98046875,-7679.4560546875,11103.6533203125,-42092.87109375,144.14639282226562,44616.7421875,9491.1318359375
57124.331158428,52843.03125,52144.18359375,-7687.033203125,11087.2255859375,-42096.78515625,153.7353057861328,44624.23046875,9505.1689453125
57124.335212124,52743.63671875,52060.921875,-7814.9296875,11005.4404296875,-42201.30078125,69.75979614257812,44508.3125,9390.83984375
57124.338796487,52684.1328125,52009.515625,-7883.21435546875,10956.3330078125,-42260.48828125,15.7803316116333,44445.83984375,9323.8740234375
57124.343974467,52762.03125,52084.90625,-7782.5419921875,11037.58203125,-42173.62890625,77.76171875,44528.49609375,9399.51171875
57124.347099707,52864.9140625,52191.16796875,-7659.0263671875,11140.2880859375,-42063.90625,167.32516479492188,44634.17578125,9506.95703125
57124.35107828,52883.87109375,52206.45703125,-7648.96826171875,11145.7421875,-42054.203125,188.40284729003906,44649.21875,9531.72265625
57124.355103532,52747.703125,52056.80859375,-7819.154296875,10987.447265625,-42209.48046875,75.10186004638672,44513.96875,9402.88671875
57124.359118572,52649.22265625,51944.06640625,-7928.6552734375,10876.0234375,-42317.75390625,-18.216670989990234,44421.09765625,9307.7353515625
57124.363144553,52733.82421875,52051.6015625,-7813.1416015625,11003.1826171875,-42208.25,44.79289627075195,44496.2421875,9373.62890625
57124.367144642,52850.90234375,52174.71484375,-7678.31591796875,11122.943359375,-42089.00390625,139.31842041015625,44604.3828125,9481.0732421875
57124.372178577,52875.2421875,52197.1796875,-7659.2275390625,11136.935546875,-42067.703125,172.10842895507812,44628.7890625,9512.5224609375
57124.376169913,52763.9296875,52081.890625,-7801.787109375,11016.90625,-42191.35546875,84.84722137451172,44511.33203125,9401.61328125
57124.379166425,52671.1484375,51983.6328125,-7903.46484375,10923.2080078125,-42287.80078125,-2.7269127368927,44430.640625,9313.9052734375
57124.384266729,52732.7734375,52039.48828125,-7821.7470703125,10982.5966796875,-42221.4375,36.00865936279297,44494.6796875,9378.814453125
57124.388230351,52831.09765625,52134.73046875,-7706.50146484375,11072.673828125,-42122.375,114.2397689819336,44590.1875,9479.0390625
57124.393190257,52852.01953125,52150.6640625,-7693.87255859375,11080.3857421875,-42108.47265625,137.97732543945312,44606.99609375,9502.7998046875
57124.39725854,52738.359375,52044.6953125,-7827.67041015625,10982.6640625,-42215.94140625,59.5226936340332,44496.19921875,9393.0966796875
57124.400337102,52665.8046875,51977.8203125,-7906.05810546875,10924.34765625,-42283.375,-2.6598575115203857,44426.03515625,9315.357421875
57124.404245294,52733.5078125,52038.63671875,-7816.80712890625,10992.3193359375,-42208.07421875,47.363346099853516,44500.84765625,9384.513671875
57124.40720315,52853.4921875,52160.6796875,-7680.39453125,11107.453125,-42089.98828125,144.34756469726562,44614.9765625,9500.2958984375
57124.411164584,52876.984375,52183.76953125,-7663.8544921875,11118.5625,-42073.2265625,173.3154296875,44637.9765625,9530.560546875
57124.415330599,52756.0390625,52067.515625,-7806.1904296875,11003.3837890625,-42194.1015625,86.81417846679688,44524.80859375,9418.220703125
57124.419319018,52673.60546875,51988.50390625,-7893.78662109375,10928.908203125,-42277.3203125,12.516977310180664,44446.84765625,9336.2119140625
57124.423337705,52745.4453125,52060.96875,-7801.3623046875,11007.294921875,-42199.78125,59.99208068847656,44514.37109375,9400.8974609375
57124.428213007,52835.72265625,52148.80859375,-7691.212890625,11093.8857421875,-42103.30859375,138.55845642089844,44611.69140625,9499.0439453125
57124.431286464,52874.7734375,52183.34375,-7662.22265625,11125.4462890625,-42066.40625,180.49034118652344,44643.20703125,9533.935546875
57124.43521289,52775.08203125,52084.7265625,-7789.962890625,11023.34375,-42177.1171875,101.38751220703125,44534.80078125,9427.3623046875
57124.439297583,52670.1875,51979.94140625,-7901.744140625,10920.81640625,-42284.94140625,2.302229642868042,44433.2109375,9323.8740234375
57124.44330533,52723.80859375,52031.015625,-7824.00439453125,10977.90234375,-42222.53515625,37.79679870605469,44490.43359375,9377.7412109375
57124.447316723,52833.3984375,52135.53515625,-7695.92919921875,11081.4140625,-42108.3828125,132.47879028320312,44596.3359375,9487.48828125
57124.451290191,52868.53515625,52172.97265625,-7666.69287109375,11111.923828125,-42076.0859375,171.23670959472656,44633.73046875,9522.22265625
57124.456316468,52768.06640625,52079.87890625,-7798.2109375,11014.42578125,-42188.6484375,86.2330322265625,44523.9609375,9412.4091796875
57124.459371327,52679.39453125,51990.89453125,-7895.39599609375,10931.232421875,-42278.390625,4.313886642456055,44434.21875,9317.50390625
57124.464898663,52735.87890625,52045.3203125,-7815.7568359375,10991.380859375,-42212.07421875,44.36821365356445,44496.33203125,9375.23828125
57124.46930609,52845.1796875,52155.0703125,-7685.28955078125,11102.3798828125,-42093.56640625,142.62648010253906,44611.51171875,9489.232421875
57124.4723821,52871.48828125,52181.6015625,-7663.11669921875,11124.91015625,-42066.96484375,178.5457305908203,44641.375,9523.0947265625
57124.47734857,52765.203125,52079.7421875,-7796.44482421875,11020.5947265625,-42180.625,96.22425842285156,44531.1328125,9414.9345703125
57124.480350916,52672.51171875,51986.203125,-7895.99951171875,10929.2431640625,-42276.8046875,11.48879623413086,44442.734375,9326.109375
57124.485343643,52733.15234375,52036.60546875,-7820.29443359375,10977.9697265625,-42218.109375,49.375003814697266,44506.859375,9390.6611328125
57124.489025008,52830.6484375,52133.36328125,-7704.91455078125,11072.47265625,-42114.6875,132.52349853515625,44607.35546875,9493.27734375
57124.491979947,52867.53125,52184.484375,-7665.0615234375,11127.5029296875,-42065.11328125,178.29986572265625,44642.08984375,9528.6376953125
57124.496034007,52774.45703125,52100.88671875,-7784.64306640625,11043.37109375,-42166.72265625,102.66156005859375,44537.125,9425.1044921875
57124.499020672,52676.9609375,51995.07421875,-7894.45751953125,10939.0556640625,-42274.16796875,7.7560553550720215,44439.3359375,9325.6845703125
57124.503396374,52733.10546875,52042.37109375,-7823.3564453125,10985.994140625,-42220.72265625,38.46735382080078,44494.140625,9379.126953125
57124.507393181,52825.1953125,52126.01171875,-7713.765625,11069.90234375,-42122.35546875,118.44189453125,44592.9609375,9482.4814453125
57124.512307138,52857.828125,52164.8125,-7685.49072265625,11103.5419921875,-42089.1171875,157.7809600830078,44624.36328125,9522.55859375
57124.51533647,52762.34375,52075.80859375,-7813.1416015625,11005.1044921875,-42199.04296875,79.08047485351562,44513.90234375,9415.5380859375
57124.519266542,52668.734375,51977.70703125,-7914.41748046875,10917.4638671875,-42292.046875,-8.471311569213867,44415.28515625,9315.603515625
57124.52327903,52733.7109375,52049.6796875,-7825.5693359375,10998.01953125,-42218.19921875,29.794876098632812,44482.85546875,9371.6171875
57124.527361534,52842.921875,52160.90234375,-7699.52783203125,11106.447265625,-42103.69140625,120.74412536621094,44588.9140625,9478.1005859375
57124.53142617,52877.38671875,52192.53125,-7671.23046875,11130.5654296875,-42070.69921875,166.0287628173828,44625.859375,9518.69140625
57124.535388333,52771.1484375,52082.828125,-7805.09521484375,11019.8349609375,-42184.08984375,88.46820831298828,44522.484375,9415.248046875
57124.539440935,52672.15234375,51975.6953125,-7917.546875,10913.9326171875,-42294.640625,-10.214747428894043,44423.21875,9317.0791015625
57124.544346505,52719.2265625,52019.8203125,-7845.9541015625,10959.8427734375,-42241.69140625,19.803646087646484,44477.265625,9370.8349609375
57124.548353888,52835.90234375,52139.71484375,-7705.54052734375,11081.369140625,-42108.71875,133.21640014648438,44601.9453125,9489.857421875
57124.552371481,52874.39453125,52187.1875,-7667.52001953125,11126.609375,-42064.59765625,179.21629333496094,44639.765625,9529.9794921875
57124.556412413,52763.953125,52082.0234375,-7805.318359375,11017.353515625,-42184.15625,88.69171905517578,44523.24609375,9415.962890625
57124.560325345,52677.78515625,51988.4140625,-7902.9287109375,10932.7744140625,-42272.78125,10.751189231872559,44437.125,9328.1875
57124.565395383,52736.21484375,52046.125,-7822.46240234375,10998.0419921875,-42208.7890625,47.98919677734375,44490.6328125,9382.14453125
57124.569437044,52836.6171875,52155.0703125,-7701.62890625,11104.8603515625,-42101.61328125,131.0706329345703,44597.67578125,9482.146484375
57124.572442672,52873.1171875,52195.078125,-7661.37353515625,11140.310546875,-42059.65625,181.74203491210938,44645.8671875,9529.509765625
57124.576372744,52767.41796875,52087.65625,-7792.533203125,11029.53515625,-42172.66796875,104.2038345336914,44541.19140625,9427.943359375
57124.5793977,52667.66015625,51978.17578125,-7900.1123046875,10927.4326171875,-42274.76953125,16.56264305114746,44449.953125,9334.5576171875
57124.583431703,52714.82421875,52025.25,-7827.55859375,10983.625,-42215.60546875,47.788028717041016,44504.24609375,9385.20703125
57124.587454402,52835.96875,52155.9609375,-7691.14599609375,11107.54296875,-42094.2578125,140.480712890625,44611.0859375,9490.8408203125
57124.591440998,52866.859375,52182.09375,-7666.2236328125,11124.708984375,-42069.08984375,177.0034637451172,44641.9765625,9526.2685546875
57124.59508152,52758.1171875,52069.28125,-7804.64794921875,11007.8544921875,-42188.29296875,93.78791809082031,44532.72265625,9421.640625
57124.598883957,52667.6171875,51980.0546875,-7908.091796875,10924.9736328125,-42280.87109375,8.560718536376953,44441.05859375,9328.03125
57124.602205756,52725.57421875,52032.42578125,-7831.73828125,10978.908203125,-42222.78125,42.065982818603516,44498.2109375,9383.708984375
57124.607460317,52835.90234375,52152.5,-7698.611328125,11099.5185546875,-42098.4609375,138.4467010498047,44604.87109375,9488.181640625
57124.611361944,52871.8203125,52190.921875,-7665.396484375,11131.5263671875,-42064.12890625,176.7799530029297,44635.7421875,9520.904296875
57124.615429862,52767.6171875,52083.05078125,-7795.68505859375,11023.9697265625,-42174.9921875,98.37002563476562,44531.0234375,9419.091796875
57124.619467877,52676.0,51983.98828125,-7899.39697265625,10927.6787109375,-42275.23828125,13.120473861694336,44440.8125,9328.0537109375
57124.62346979,52732.83984375,52035.0390625,-7823.04345703125,10982.775390625,-42215.60546875,46.893959045410156,44496.7578125,9380.7587890625
57124.628406357,52834.13671875,52145.1015625,-7698.9912109375,11093.037109375,-42104.29296875,131.62942504882812,44594.34375,9478.4365234375
57124.631474708,52884.49609375,52196.77734375,-7657.4619140625,11132.5771484375,-42063.58984375,175.81881713867188,44629.52734375,9518.736328125
57124.63645613,52779.12890625,52097.421875,-7783.23486328125,11033.7373046875,-42168.51171875,100.38168334960938,44536.54296875,9420.9921875
57124.639508801,52677.47265625,51989.91015625,-7891.39501953125,10934.1376953125,-42269.29296875,11.868776321411133,44444.140625,9328.7021484375
57124.644110963,52728.34765625,52039.28515625,-7819.84716796875,10985.7255859375,-42215.42578125,40.85898971557617,44496.33203125,9378.1435546875
57124.648568351,52836.37109375,52147.53515625,-7691.10107421875,11096.0986328125,-42096.515625,140.0560302734375,44611.19921875,9492.0478515625
57124.6535082,52872.3828125,52187.5,-7656.16552734375,11133.314453125,-42057.46875,182.61375427246094,44646.515625,9533.8681640625
57124.656514193,52770.34375,52087.6796875,-7785.8056640625,11027.0986328125,-42172.37890625,100.4263916015625,44537.2578125,9428.033203125
57124.659523103,52677.453125,51994.26953125,-7886.3212890625,10940.1728515625,-42267.26171875,16.11560821533203,44446.0859375,9334.177734375
57124.66343093,52731.33984375,52043.98046875,-7806.88330078125,11000.232421875,-42199.66796875,58.74038314819336,44511.93359375,9395.9130859375
57124.667419714,52844.640625,52154.80078125,-7677.31005859375,11108.6826171875,-42083.6875,153.13180541992188,44623.4921875,9508.9013671875
57124.671454812,52899.62890625,52217.20703125,-7630.59521484375,11160.1591796875,-42033.6171875,207.89356994628906,44670.4765625,9556.0859375
57124.675431197,52785.72265625,52104.734375,-7764.68310546875,11047.70703125,-42149.82421875,126.44381713867188,44562.0703125,9447.322265625
57124.679499115,52677.25,51990.26953125,-7881.38134765625,10936.8427734375,-42263.73046875,27.738513946533203,44457.8671875,9342.4482421875
57124.683429916,52719.40625,52031.375,-7813.365234375,10985.1669921875,-42210.46484375,55.23115921020508,44508.6484375,9390.392578125
57124.686549687,52838.875,52153.8828125,-7673.4208984375,11109.95703125,-42084.625,154.29409790039062,44624.41015625,9507.8505859375
57124.690612135,52882.484375,52193.22265625,-7637.74755859375,11139.5283203125,-42048.21484375,199.3105010986328,44662.5390625,9551.99609375
57124.695479414,52779.59765625,52098.31640625,-7767.65576171875,11043.4384765625,-42155.12109375,120.63236236572266,44551.00390625,9445.3779296875
57124.699020381,52689.36328125,52008.3515625,-7875.05615234375,10954.076171875,-42255.703125,31.292442321777344,44463.07421875,9349.01953125
57124.703460994,52737.8671875,52047.578125,-7807.93359375,10999.3154296875,-42201.703125,62.718994140625,44518.484375,9403.69140625
57124.707559179,52831.56640625,52140.94140625,-7693.1796875,11097.9541015625,-42095.17578125,145.5545654296875,44617.6796875,9504.1630859375
57124.711438562,52882.59765625,52202.65625,-7646.55419921875,11152.044921875,-42046.6953125,194.6389923095703,44660.0390625,9548.1962890625
57124.716515163,52785.453125,52107.234375,-7777.423828125,11051.73046875,-42156.953125,113.9491958618164,44552.01171875,9443.4111328125
57124.719493805,52690.19140625,52008.75390625,-7888.958984375,10954.9697265625,-42261.6953125,23.581090927124023,44454.3125,9343.7890625
57124.724532481,52742.359375,52055.78125,-7819.109375,11005.865234375,-42204.83203125,57.44398498535156,44509.56640625,9397.09765625
57124.728571225,52844.46484375,52154.6875,-7696.845703125,11103.966796875,-42093.140625,147.87913513183594,44614.953125,9502.3525390625
57124.732590277,52887.4453125,52192.93359375,-7657.12646484375,11133.42578125,-42056.125,193.0296630859375,44657.8671875,9551.6376953125
57124.737551277,52783.64453125,52089.64453125,-7786.47607421875,11024.8642578125,-42168.84765625,114.4632797241211,44555.4765625,9453.6484375
57124.740510227,52681.96484375,51989.3984375,-7898.25732421875,10930.7626953125,-42274.0546875,18.015506744384766,44451.94140625,9349.0869140625
57124.743597541,52733.375,52039.265625,-7824.60791015625,10988.8330078125,-42213.7734375,50.425537109375,44505.33984375,9398.23828125
57124.74751485,52840.171875,52147.53515625,-7695.794921875,11098.7138671875,-42096.0,141.50889587402344,44611.9375,9501.8603515625
57124.751571463,52877.92578125,52185.82421875,-7655.89697265625,11132.197265625,-42056.28125,185.98886108398438,44650.6953125,9543.3681640625
57124.755574469,52772.46875,52078.46875,-7790.85693359375,11015.990234375,-42176.66796875,102.84037780761719,44542.87109375,9438.4931640625
57124.759527151,52684.24609375,51991.96875,-7892.06591796875,10937.0888671875,-42268.35546875,17.166139602661133,44445.50390625,9336.63671875
57124.76356006,52744.5078125,52052.296875,-7809.7890625,11004.3896484375,-42200.20703125,60.77439498901367,44506.859375,9393.6337890625
57124.766640811,52854.58984375,52162.01953125,-7681.10986328125,11109.8232421875,-42088.4453125,150.06961059570312,44608.94140625,9497.2333984375
57124.770587658,52889.45703125,52201.515625,-7643.53662109375,11141.9873046875,-42054.359375,185.5194854736328,44650.3828125,9534.0029296875
57124.774619109,52776.46875,52094.8515625,-7774.62939453125,11037.783203125,-42165.60546875,104.44969940185547,44542.3984375,9426.9599609375
57124.779585214,52678.546875,51991.38671875,-7882.767578125,10940.955078125,-42263.83984375,22.374095916748047,44449.52734375,9330.5341796875
57124.783573998,52732.703125,52039.578125,-7808.9169921875,10994.5322265625,-42204.51953125,56.05817413330078,44506.078125,9383.955078125
57124.787635352,52840.10546875,52151.046875,-7680.8193359375,11104.5927734375,-42089.765625,143.4534912109375,44610.37109375,9488.78515625
57124.791629971,52872.87109375,52176.97265625,-7649.482421875,11120.8642578125,-42060.1953125,186.43589782714844,44651.609375,9534.1591796875
57124.795670539,52765.91796875,52066.80078125,-7782.29638671875,11010.0224609375,-42174.3671875,106.12608337402344,44546.08984375,9432.5703125
57124.799153158,52677.83203125,51987.609375,-7881.42626953125,10938.51953125,-42264.7578125,19.781293869018555,44447.80859375,9330.892578125
57124.804618864,52740.05859375,52068.65625,-7791.1474609375,11032.4638671875,-42183.2421875,65.78118133544922,44507.7109375,9383.396484375
57124.80856717,52854.34375,52185.98046875,-7656.0087890625,11152.73828125,-42057.625,166.98988342285156,44623.6484375,9498.5078125
57124.812590598,52894.59765625,52219.12890625,-7620.53662109375,11179.203125,-42018.91015625,214.5543975830078,44670.4765625,9549.044921875
57124.816627519,52787.80078125,52101.76171875,-7759.564453125,11056.0888671875,-42141.21875,129.84127807617188,44564.08203125,9447.6572265625
57124.820572177,52688.671875,52000.1484375,-7875.8828125,10951.505859375,-42254.1640625,30.7336483001709,44457.53125,9343.341796875
57124.823640529,52745.06640625,52055.84765625,-7806.3916015625,11006.5126953125,-42196.76171875,61.64611053466797,44507.30859375,9389.0517578125
57124.826642875,52851.125,52165.39453125,-7678.29345703125,11121.69140625,-42075.9296875,153.77999877929688,44612.98828125,9489.232421875
57124.830697665,52900.3671875,52211.1953125,-7629.16455078125,11162.103515625,-42028.8125,207.75946044921875,44658.62890625,9543.7255859375
57124.835609434,52796.20703125,52103.4375,-7765.353515625,11047.439453125,-42148.99609375,120.72177124023438,44553.3515625,9439.9462890625
57124.839644167,52694.1015625,51998.91796875,-7883.84033203125,10945.380859375,-42258.96875,25.279823303222656,44456.2578125,9337.0390625
57124.843664313,52740.55078125,52046.28125,-7813.1865234375,10997.9970703125,-42203.1328125,59.45563888549805,44511.3515625,9387.978515625
57124.847284778,52837.46875,52133.27734375,-7696.86767578125,11081.48046875,-42105.234375,141.08421325683594,44612.98828125,9489.6337890625
57124.8507364,52882.6171875,52177.1953125,-7652.4775390625,11121.982421875,-42056.83984375,191.86737060546875,44658.60546875,9536.8857421875
57124.854693093,52794.328125,52111.328125,-7762.42578125,11059.7998046875,-42144.59375,122.10758209228516,44556.48046875,9435.3193359375
57124.858679689,52692.984375,52003.12109375,-7880.42041015625,10950.767578125,-42256.5546875,27.358535766601562,44453.953125,9329.8193359375
57124.862742502,52738.31640625,52046.28125,-7811.197265625,11001.283203125,-42200.921875,56.37110137939453,44502.6796875,9375.5283203125
57124.867692197,52834.40625,52145.90625,-7694.587890625,11099.25,-42101.07421875,129.23779296875,44592.78125,9470.7919921875
57124.871706508,52883.87109375,52193.91796875,-7649.0576171875,11138.9697265625,-42057.890625,177.8528289794922,44639.13671875,9522.423828125
