#57092.873397129,52457.15234375,51857.5234375,-8274.9287109375,10745.4443359375,-43206.7265625,-356.4432678222656,44259.80859375,9155.587890625
57092.876437036,52502.99609375,51898.13671875,-8210.935546875,10790.1484375,-43155.31640625,-322.2227478027344,44314.27734375,9204.6494140625
57092.880343404,52623.40625,52011.546875,-8075.77490234375,10899.3369140625,-43037.43359375,-225.84202575683594,44429.61328125,9323.8291015625
57092.884397464,52669.2265625,52057.078125,-8030.19970703125,10934.697265625,-42996.91015625,-181.63027954101562,44469.33203125,9374.1201171875
57092.888458454,52571.01171875,51957.16796875,-8149.53564453125,10829.5546875,-43103.015625,-253.44642639160156,44382.51953125,9283.9091796875
57092.893377152,52447.80859375,51831.4140625,-8281.791015625,10710.77734375,-43225.1015625,-357.3149719238281,44270.40234375,9166.5625
57092.897413708,52494.8828125,51875.359375,-8213.751953125,10763.2587890625,-43169.62109375,-322.4462585449219,44322.79296875,9213.12109375
57092.901428384,52612.49609375,52001.8046875,-8071.9970703125,10895.603515625,-43036.7421875,-221.43873596191406,44437.48046875,9326.4443359375
57092.90441906,52667.28125,52057.61328125,-8023.0244140625,10941.6484375,-42988.73046875,-173.51658630371094,44483.01171875,9372.8466796875
57092.909442055,52583.73046875,51971.89453125,-8135.72216796875,10853.671875,-43080.171875,-234.44744873046875,44393.671875,9286.5244140625
57092.913338941,52463.25390625,51850.52734375,-8266.099609375,10735.85546875,-43202.92578125,-340.93115234375,44277.46484375,9170.8984375
57092.918384181,52491.08203125,51866.46484375,-8218.37890625,10756.978515625,-43170.359375,-324.5696716308594,44315.953125,9207.197265625
57092.922421102,52604.5859375,51982.9609375,-8082.2568359375,10876.5380859375,-43045.2578125,-226.8031463623047,44429.234375,9321.146484375
57092.925432565,52673.8515625,52067.6953125,-8016.72119140625,10948.1298828125,-42981.12890625,-170.9014434814453,44481.3359375,9378.2333984375
57092.930486556,52585.140625,51977.125,-8133.73291015625,10847.9052734375,-43083.32421875,-236.61557006835938,44390.07421875,9292.3134765625
57092.934423557,52461.62109375,51839.171875,-8275.263671875,10714.0625,-43215.35546875,-346.2061767578125,44266.84765625,9171.7705078125
57092.937460182,52502.9296875,51881.4375,-8211.78515625,10769.96484375,-43162.6484375,-322.2004089355469,44318.8828125,9209.0078125
57092.940434083,52623.203125,52015.05859375,-8065.068359375,10909.23828125,-43028.47265625,-220.0752716064453,44437.16796875,9325.0810546875
57092.944450583,52685.7890625,52077.41796875,-8000.33740234375,10963.3291015625,-42969.75390625,-160.7313995361328,44494.703125,9389.9677734375
57092.948414934,52582.43359375,51972.41015625,-8132.30224609375,10851.1015625,-43087.14453125,-246.11505126953125,44386.05078125,9289.138671875
57092.953445586,52464.37109375,51843.39453125,-8268.513671875,10721.103515625,-43214.73046875,-349.4695129394531,44274.2890625,9176.173828125
57092.957586074,52503.5546875,51868.6328125,-8215.1376953125,10749.8037109375,-43173.66796875,-325.5084533691406,44318.546875,9217.7255859375
57092.960528614,52629.55078125,52009.1328125,-8066.94580078125,10894.642578125,-43038.0390625,-226.13259887695312,44432.875,9331.205078125
57092.968297589,52588.53515625,51982.1328125,-8122.69091796875,10862.8134765625,-43076.328125,-235.78855895996094,44392.15234375,9291.642578125
57092.972070852,52477.8046875,51861.03125,-8252.5546875,10743.65625,-43195.640625,-330.62701416015625,44281.64453125,9182.72265625
57092.976054531,52509.0078125,51876.56640625,-8204.587890625,10766.208984375,-43159.296875,-312.5891418457031,44326.1015625,9221.4130859375
57092.981161765,52616.20703125,51999.6796875,-8071.12548828125,10888.8759765625,-43040.1171875,-225.26087951660156,44435.40234375,9323.515625
57092.985437546,52686.75,52084.7265625,-7999.6669921875,10963.486328125,-42970.6484375,-159.50204467773438,44496.04296875,9386.615234375
57092.98949343,52591.7109375,51986.37890625,-8118.13134765625,10864.2216796875,-43070.1796875,-225.77496337890625,44404.3125,9300.8740234375
57092.992575639,52472.0390625,51858.8203125,-8254.5888671875,10738.873046875,-43197.80859375,-334.5162048339844,44284.4375,9182.119140625
57092.997616138,52510.7734375,51892.1015625,-8198.8876953125,10777.876953125,-43157.21875,-316.0983581542969,44322.8828125,9215.9150390625
57093.001983451,52617.75,52000.953125,-8071.818359375,10889.099609375,-43043.69140625,-227.45135498046875,44427.51171875,9318.7998046875
57093.005518948,52673.62890625,52055.06640625,-8014.6875,10938.67578125,-42987.859375,-169.89561462402344,44483.68359375,9382.681640625
57093.010599561,52584.3125,51968.9921875,-8127.69775390625,10846.4970703125,-43085.6484375,-237.0849609375,44390.765625,9295.263671875
57093.013231035,52469.66796875,51856.73828125,-8250.7216796875,10740.3935546875,-43199.640625,-336.4161071777344,44279.72265625,9181.4931640625
57093.017509734,52504.984375,51886.01953125,-8201.01171875,10776.3125,-43161.10546875,-319.6746520996094,44315.41796875,9211.265625
57093.020505151,52615.9609375,51993.21875,-8071.0810546875,10886.484375,-43039.9375,-222.37750244140625,44425.6796875,9321.9287109375
57093.024062892,52664.93359375,52048.8515625,-8017.95068359375,10936.73046875,-42988.1484375,-172.1307830810547,44486.20703125,9381.4296875
57093.028332109,52563.45703125,51952.40625,-8146.09326171875,10832.6162109375,-43097.1796875,-248.90902709960938,44385.66796875,9285.9208984375
57093.032390546,52463.12109375,51854.19140625,-8263.1943359375,10741.779296875,-43198.25390625,-338.2265930175781,44279.6328125,9177.4697265625
57093.03735264,52505.54296875,51891.6328125,-8208.72265625,10785.1640625,-43155.98828125,-320.0993347167969,44316.66796875,9210.21484375
57093.041464319,52609.32421875,51990.984375,-8087.576171875,10878.5498046875,-43055.6953125,-241.6894073486328,44415.375,9311.06640625
57093.045647108,52660.91015625,52042.2578125,-8028.880859375,10927.9462890625,-42998.54296875,-183.26194763183594,44473.06640625,9374.6572265625
57093.048608611,52581.359375,51965.81640625,-8135.14111328125,10845.357421875,-43086.4296875,-238.31430053710938,44389.71484375,9292.7158203125
57093.052574056,52467.58984375,51853.56640625,-8269.3857421875,10730.201171875,-43208.984375,-343.2557373046875,44271.18359375,9171.4345703125
57093.056455991,52507.35546875,51887.85546875,-8213.193359375,10774.61328125,-43163.51953125,-323.45208740234375,44310.1875,9208.001953125
57093.060425448,52615.0234375,51994.046875,-8089.47607421875,10882.3486328125,-43052.92578125,-238.85073852539062,44409.140625,9308.6298828125
57093.065535599,52666.9453125,52049.79296875,-8032.8818359375,10929.734375,-43001.203125,-187.62054443359375,44461.46484375,9364.3974609375
57093.069365386,52577.515625,51960.296875,-8145.802734375,10831.4765625,-43102.07421875,-256.2403869628906,44378.7421875,9281.6513671875
57093.073083219,52467.2109375,51851.265625,-8265.9208984375,10732.1904296875,-43205.9453125,-344.82037353515625,44274.3125,9172.7763671875
57093.077093883,52513.703125,51896.703125,-8200.7880859375,10781.900390625,-43154.421875,-314.1761169433594,44324.359375,9215.5576171875
57093.080170258,52622.30859375,52009.4453125,-8069.96337890625,10895.7158203125,-43034.73046875,-222.042236328125,44431.89453125,9320.587890625
57093.086347804,52683.0625,52075.38671875,-8000.44921875,10958.6357421875,-42967.13671875,-157.24452209472656,44494.703125,9382.837890625
57093.090368679,52593.98828125,51985.91015625,-8112.54345703125,10867.619140625,-43062.42578125,-221.88577270507812,44405.16015625,9298.9072265625
57093.093105909,52480.59765625,51865.6796875,-8243.703125,10746.427734375,-43188.5546875,-326.089599609375,44291.61328125,9192.7587890625
57093.098178499,52507.37890625,51878.7109375,-8205.1240234375,10761.1357421875,-43168.19140625,-324.189697265625,44318.2109375,9218.7314453125
57093.104136148,52608.09375,51983.7421875,-8082.92724609375,10869.7646484375,-43058.48828125,-242.67288208007812,44415.46484375,9314.0390625
57093.107144693,52671.88671875,52065.796875,-8010.41796875,10949.5830078125,-42984.6171875,-177.74107360839844,44469.62109375,9370.9462890625
57093.110380794,52593.18359375,51987.87890625,-8115.2255859375,10867.5302734375,-43071.36328125,-232.9945831298828,44390.6328125,9289.7421875
57093.114457829,52475.2578125,51863.6484375,-8252.1748046875,10746.607421875,-43197.65234375,-338.9642028808594,44282.11328125,9175.033203125
57093.117429177,52499.0859375,51875.76171875,-8211.0029296875,10762.9013671875,-43169.578125,-324.52496337890625,44319.28515625,9206.9736328125
57093.120497164,52592.4921875,51969.1484375,-8090.14697265625,10862.3447265625,-43062.0234375,-242.33761596679688,44421.38671875,9313.435546875
57093.125707965,52678.45703125,52072.61328125,-7997.07421875,10955.751953125,-42979.1171875,-169.89561462402344,44489.60546875,9385.810546875
57093.129282481,52597.87890625,51997.35546875,-8104.6083984375,10871.59765625,-43070.13671875,-232.435791015625,44398.92578125,9300.4716796875
57093.132268417,52483.640625,51879.58203125,-8236.103515625,10761.2919921875,-43185.515625,-331.0293273925781,44285.04296875,9182.9462890625
57093.136684597,52515.71484375,51903.27734375,-8191.28857421875,10791.3779296875,-43151.83203125,-318.15472412109375,44317.51953125,9212.025390625
57093.140733917,52615.73828125,51999.5234375,-8073.4501953125,10887.5791015625,-43047.0234375,-235.78855895996094,44418.125,9313.48046875
57093.14474057,52687.0625,52066.0859375,-8006.5068359375,10944.8671875,-42984.68359375,-175.3717803955078,44478.65234375,9380.1328125
57093.148686687,52593.05078125,51972.38671875,-8122.86962890625,10845.06640625,-43082.2265625,-239.2977752685547,44384.4609375,9296.224609375
57093.153631277,52470.40625,51840.01953125,-8264.1328125,10714.912109375,-43213.34375,-347.1449279785156,44274.58203125,9182.119140625
57093.157311184,52494.3671875,51862.75390625,-8222.916015625,10746.5625,-43185.55859375,-345.982666015625,44297.26953125,9199.576171875
57093.161656982,52615.046875,51982.1796875,-8082.88232421875,10865.9208984375,-43064.34765625,-251.0100860595703,44410.1875,9310.5966796875
57093.164695795,52677.921875,52059.8046875,-8005.56787109375,10946.4765625,-42984.015625,-178.16575622558594,44477.46875,9376.04296875
57093.169661172,52597.765625,51985.8203125,-8108.29638671875,10864.9814453125,-43069.77734375,-232.54754638671875,44396.44140625,9296.068359375
57093.173577751,52482.3203125,51869.859375,-8240.931640625,10753.8486328125,-43190.140625,-336.59490966796875,44280.39453125,9179.34765625
57093.178611321,52503.64453125,51885.5078125,-8207.8515625,10773.451171875,-43170.91796875,-338.9418640136719,44301.3359375,9203.1962890625
57093.182601928,52604.7421875,51984.19140625,-8087.91162109375,10867.150390625,-43065.57421875,-252.9993896484375,44408.1328125,9310.060546875
57093.185233038,52661.0,52036.15625,-8021.95166015625,10922.2021484375,-42994.96484375,-179.52920532226562,44479.48046875,9377.853515625
57093.189219999,52598.99609375,51995.05078125,-8107.5810546875,10873.7216796875,-43061.328125,-222.44456481933594,44405.83203125,9301.5439453125
57093.19227194,52483.3046875,51878.98046875,-8242.0048828125,10760.3759765625,-43182.9453125,-326.40252685546875,44288.26171875,9185.6279296875
57093.196544074,52508.16015625,51897.64453125,-8198.552734375,10787.98046875,-43149.86328125,-311.248046875,44317.09375,9216.3173828125
57093.200601052,52613.45703125,52000.3515625,-8073.71826171875,10889.7470703125,-43039.625,-227.2725372314453,44424.96484375,9319.42578125
57093.204615728,52682.63671875,52068.25390625,-8003.93603515625,10948.4208984375,-42977.44140625,-166.49813842773438,44495.015625,9385.8330078125
57093.209660238,52601.9453125,51987.2734375,-8109.74951171875,10858.8798828125,-43071.72265625,-228.03250122070312,44409.40625,9306.6630859375
57093.213837193,52492.984375,51887.4296875,-8229.0849609375,10766.0078125,-43177.17578125,-319.0264587402344,44300.578125,9194.1884765625
57093.216836986,52521.390625,51916.46484375,-8182.0126953125,10803.8720703125,-43138.578125,-300.8768310546875,44336.921875,9226.822265625
57093.220766694,52629.70703125,52023.8203125,-8052.77490234375,10911.09375,-43025.87890625,-213.4368133544922,44443.73828125,9334.0888671875
57093.224795227,52694.68359375,52086.515625,-7986.94873046875,10968.2919921875,-42962.890625,-154.1599884033203,44503.91015625,9399.109375
57093.228348228,52593.5859375,51983.40625,-8113.8173828125,10860.3994140625,-43070.1796875,-227.5631103515625,44405.4296875,9305.947265625
57093.232411405,52475.234375,51859.15234375,-8250.6328125,10735.6767578125,-43196.2421875,-328.3694763183594,44292.640625,9191.373046875
57093.237682377,52513.65625,51890.71484375,-8194.126953125,10775.5078125,-43154.04296875,-308.7222900390625,44330.01171875,9223.08984375
57093.241760141,52619.1796875,51992.16796875,-8071.416015625,10877.38671875,-43044.85546875,-225.12677001953125,44432.67578125,9327.583984375
57093.2447479,52673.3828125,52050.44140625,-8012.54150390625,10933.087890625,-42988.3046875,-170.81202697753906,44481.9375,9388.3583984375
57093.249757037,52582.63671875,51965.4375,-8127.92138671875,10847.2568359375,-43084.12890625,-239.32012939453125,44388.57421875,9293.05078125
57093.253858869,52464.640625,51851.7109375,-8256.48828125,10740.28125,-43202.9921875,-343.6357116699219,44278.4921875,9179.1904296875
57093.257634685,52516.67578125,51904.52734375,-8194.1044921875,10788.3603515625,-43154.6484375,-316.791259765625,44320.625,9217.2783203125
57093.262719673,52624.6328125,52007.859375,-8065.56005859375,10900.185546875,-43033.30078125,-223.04806518554688,44429.76953125,9322.890625
57093.266795614,52690.7265625,52074.3125,-7998.92919921875,10965.162109375,-42965.171875,-161.871337890625,44490.6796875,9384.849609375
57093.270786586,52603.84765625,51993.80078125,-8107.24609375,10876.6943359375,-43057.88671875,-222.64572143554688,44404.15625,9301.365234375
57093.273839986,52488.46875,51881.484375,-8229.8896484375,10768.4892578125,-43170.42578125,-315.7630920410156,44293.9140625,9186.052734375
57093.277670503,52522.57421875,51914.16015625,-8176.9833984375,10809.4375,-43127.37890625,-296.6300048828125,44329.6796875,9217.0322265625
57093.280785533,52622.734375,52010.7421875,-8058.89892578125,10901.951171875,-43025.51953125,-215.04612731933594,44432.453125,9320.6103515625
57093.284802032,52691.21875,52080.34765625,-7987.4853515625,10968.0234375,-42958.7578125,-153.62353515625,44494.38671875,9387.53125
57093.288854634,52601.3671875,51985.80078125,-8105.234375,10869.83203125,-43059.20703125,-223.1821746826172,44396.109375,9297.677734375
57093.292844876,52483.9765625,51865.234375,-8238.8310546875,10750.3173828125,-43182.453125,-325.4637451171875,44282.73828125,9183.6162109375
57093.297779985,52526.33203125,51901.48828125,-8183.44287109375,10786.326171875,-43142.82421875,-302.9779052734375,44336.1171875,9226.8896484375
57093.300797282,52622.48828125,51997.17578125,-8068.13037109375,10884.2490234375,-43040.33984375,-227.87603759765625,44427.48828125,9320.5205078125
57093.304824357,52685.7421875,52069.1953125,-7994.81689453125,10954.634765625,-42969.28515625,-163.72653198242188,44490.34375,9385.1396484375
57093.308778862,52608.98828125,51992.68359375,-8100.69677734375,10868.06640625,-43061.23828125,-221.9304656982422,44406.8359375,9306.283203125
57093.312908045,52469.22265625,51830.453125,-8263.7978515625,10705.546875,-43215.35546875,-346.3626403808594,44274.42578125,9181.224609375
57093.316410721,52485.00390625,51840.04296875,-8231.0078125,10726.580078125,-43192.4453125,-345.46856689453125,44296.328125,9203.7333984375
57093.320855345,52619.9609375,52002.8515625,-8071.90771484375,10891.826171875,-43041.8359375,-232.9275360107422,44420.26953125,9320.9013671875
57093.325795924,52690.484375,52073.328125,-7996.828125,10951.3046875,-42970.35546875,-157.40098571777344,44497.49609375,9398.103515625
57093.32883109,52588.87109375,51977.171875,-8115.31494140625,10855.9296875,-43069.21875,-227.6301727294922,44401.2265625,9306.08203125
57093.333779327,52488.35546875,51881.68359375,-8235.4111328125,10766.0302734375,-43176.91015625,-326.0448913574219,44286.71875,9188.7578125
57093.337856362,52521.078125,51908.328125,-8188.27099609375,10801.279296875,-43134.328125,-301.1227111816406,44322.63671875,9219.2900390625
57093.341862285,52602.91015625,51988.34765625,-8083.1953125,10882.9521484375,-43037.81640625,-221.03640747070312,44425.43359375,9315.044921875
57093.3467963,52671.41796875,52052.02734375,-8013.2568359375,10947.68359375,-42968.703125,-158.51856994628906,44499.41796875,9390.28125
57093.350827751,52598.99609375,51987.54296875,-8115.203125,10871.642578125,-43056.3671875,-220.99169921875,44411.57421875,9308.1376953125
57093.353854165,52489.44921875,51870.41796875,-8246.2734375,10755.078125,-43180.91015625,-325.5307922363281,44292.8203125,9187.3046875
57093.356867086,52513.90234375,51895.5859375,-8203.693359375,10785.5888671875,-43153.6875,-320.5687255859375,44317.54296875,9207.7783203125
57093.36084566,52610.39453125,51992.59375,-8083.10595703125,10881.2314453125,-43047.2265625,-236.3920440673828,44422.9296875,9312.5859375
57093.364844655,52679.57421875,52063.78515625,-8010.19482421875,10943.7265625,-42978.89453125,-171.0802459716797,44491.01171875,9385.85546875
57093.368845838,52606.6875,51989.6640625,-8109.70458984375,10863.9541015625,-43062.89453125,-223.94212341308594,44412.828125,9311.46875
57093.372867807,52481.08984375,51851.3515625,-8257.78515625,10728.5244140625,-43200.3125,-334.9408874511719,44285.04296875,9184.8232421875
57093.376879201,52495.88671875,51853.87890625,-8229.041015625,10734.3359375,-43185.89453125,-334.8291320800781,44306.27734375,9203.6435546875
57093.381821603,52597.96875,51965.45703125,-8100.7861328125,10852.6435546875,-43068.45703125,-251.03244018554688,44416.5390625,9308.0712890625
57093.384870991,52671.03515625,52040.671875,-8029.4619140625,10919.3857421875,-43005.65234375,-197.85763549804688,44472.52734375,9371.1474609375
57093.387914545,52590.3671875,51960.38671875,-8134.89501953125,10832.4375,-43096.7578125,-258.4979248046875,44386.453125,9288.267578125
57093.392816104,52484.8671875,51855.3984375,-8260.8916015625,10728.9716796875,-43208.984375,-352.6211242675781,44274.58203125,9173.1337890625
57093.396906267,52505.3203125,51869.50390625,-8223.9892578125,10749.37890625,-43183.01171875,-345.91558837890625,44301.0,9196.55859375
57093.400851655,52618.64453125,51998.2265625,-8084.33544921875,10881.96875,-43052.6796875,-245.24334716796875,44414.50390625,9305.9033203125
57093.404929784,52698.6640625,52090.42578125,-7994.57080078125,10977.8134765625,-42962.1328125,-166.29698181152344,44490.140625,9384.5810546875
57093.408895958,52618.82421875,52007.32421875,-8098.23828125,10887.400390625,-43049.7734375,-218.9576873779297,44412.4453125,9310.8876953125
57093.413800069,52495.53125,51880.45703125,-8234.2041015625,10766.5224609375,-43171.09765625,-316.5677490234375,44298.72265625,9193.4736328125
57093.417778643,52511.421875,51889.70703125,-8198.7763671875,10782.6826171875,-43148.72265625,-312.3879699707031,44322.79296875,9212.763671875
57093.421854219,52609.859375,51987.3203125,-8079.015625,10875.5986328125,-43048.140625,-234.17922973632812,44420.91796875,9310.1943359375
57093.42486714,52683.41796875,52069.1484375,-7998.28125,10955.283203125,-42969.28515625,-164.7547149658203,44483.234375,9380.06640625
57093.429876642,52607.35546875,51996.59375,-8100.54052734375,10879.443359375,-43052.87890625,-221.19285583496094,44405.09375,9301.8125
57093.433764047,52484.98046875,51865.5234375,-8246.1396484375,10747.970703125,-43187.078125,-331.07403564453125,44289.9609375,9179.1015625
57093.438814392,52515.6484375,51886.109375,-8199.1337890625,10772.736328125,-43157.796875,-318.691162109375,44322.34765625,9208.7177734375
57093.441784282,52613.68359375,51982.1328125,-8074.09814453125,10871.9775390625,-43050.51171875,-236.19088745117188,44425.30078125,9314.396484375
57093.444988656,52692.71875,52073.26171875,-7988.93798828125,10958.3896484375,-42968.32421875,-166.3193359375,44493.3359375,9385.005859375
57093.44898364,52617.90625,51997.95703125,-8089.4091796875,10878.9736328125,-43050.375,-217.21424865722656,44415.734375,9312.072265625
57093.452942156,52492.4921875,51867.984375,-8233.3095703125,10751.3232421875,-43181.53515625,-323.2956237792969,44297.55859375,9195.1279296875
57093.457021014,52505.09765625,51877.34765625,-8208.1640625,10759.50390625,-43170.6953125,-330.24700927734375,44312.578125,9205.6328125
57093.46099667,52604.046875,51982.1796875,-8085.56494140625,10862.880859375,-43059.49609375,-244.99746704101562,44415.890625,9306.08203125
57093.465022651,52681.7890625,52068.41015625,-7997.4990234375,10953.3154296875,-42971.36328125,-167.70513916015625,44490.453125,9384.8935546875
57093.468040313,52599.6015625,51979.94140625,-8108.251953125,10861.4501953125,-43067.8984375,-235.72149658203125,44392.75390625,9299.6220703125
57093.472019616,52490.7265625,51871.46875,-8238.3837890625,10752.41796875,-43189.046875,-339.4559326171875,44282.96484375,9183.974609375
57093.476984263,52512.29296875,51890.78125,-8195.580078125,10778.63671875,-43155.96484375,-321.75335693359375,44321.9453125,9207.041015625
57093.481013526,52618.17578125,51995.05078125,-8071.9970703125,10884.2041015625,-43046.17578125,-238.2919464111328,44424.71875,9312.876953125
57093.48507962,52693.25390625,52073.70703125,-7994.57080078125,10954.9921875,-42973.0390625,-173.15896606445312,44492.62109375,9388.8056640625
57093.489055641,52608.5625,51993.01953125,-8099.646484375,10872.08984375,-43053.86328125,-220.96934509277344,44415.15234375,9312.6083984375
57093.493080892,52482.09765625,51861.92578125,-8245.8046875,10743.7236328125,-43185.60546875,-326.42486572265625,44294.296875,9191.57421875
57093.497086087,52499.5078125,51866.26171875,-8213.103515625,10753.6474609375,-43168.59375,-326.53662109375,44316.19921875,9214.3056640625
57093.502084283,52581.78515625,51943.3984375,-8101.52392578125,10838.6513671875,-43068.21484375,-247.45616149902344,44415.28515625,9309.0322265625
57093.505045421,52658.51953125,52039.890625,-8012.78759765625,10933.0205078125,-42980.59375,-174.36595153808594,44480.77734375,9376.087890625
57093.510091025,52607.9375,52000.05859375,-8094.7958984375,10877.7001953125,-43052.58984375,-221.3269805908203,44409.09375,9303.466796875
57093.513103217,52494.546875,51883.2734375,-8228.1689453125,10766.9697265625,-43170.875,-321.0827941894531,44301.76171875,9194.255859375
57093.518091933,52522.1953125,51912.171875,-8183.10791015625,10801.5703125,-43139.55859375,-312.9244079589844,44326.16796875,9218.5078125
57093.523102528,52621.4140625,52004.55078125,-8066.275390625,10891.46875,-43040.609375,-235.85560607910156,44425.2109375,9320.7666015625
57093.526095028,52692.3359375,52068.1640625,-7997.833984375,10947.392578125,-42976.63671875,-173.4495391845703,44491.75,9390.3701171875
57093.52912363,52607.37890625,51981.93359375,-8107.0,10859.6396484375,-43066.53515625,-235.52032470703125,44404.625,9304.94140625
57093.532154785,52483.484375,51861.90234375,-8244.0390625,10743.9697265625,-43189.5390625,-336.4608154296875,44287.12109375,9185.7626953125
57093.537158087,52501.5,51873.68359375,-8211.2490234375,10760.80078125,-43170.515625,-335.7902526855469,44305.58203125,9205.4990234375
57093.541138484,52605.92578125,51980.390625,-8084.49169921875,10869.4521484375,-43056.90234375,-248.2608184814453,44411.5546875,9312.2060546875
57093.54517577,52685.56640625,52065.7734375,-7998.2587890625,10948.0185546875,-42974.828125,-169.69444274902344,44491.1015625,9393.5888671875
57093.549237488,52620.38671875,52001.04296875,-8089.38671875,10879.0634765625,-43050.5546875,-217.6836395263672,44410.27734375,9321.1689453125
57093.552158512,52497.6328125,51876.1171875,-8232.1025390625,10757.0673828125,-43182.49609375,-331.789306640625,44291.5,9195.91015625
57093.556191422,52507.01953125,51872.56640625,-8207.5380859375,10757.1796875,-43168.68359375,-328.8388671875,44318.234375,9215.646484375
57093.560192605,52613.28125,51984.81640625,-8077.09326171875,10872.9169921875,-43045.75,-232.6593017578125,44428.359375,9319.9619140625
57093.565148135,52685.38671875,52068.0078125,-7994.302734375,10954.544921875,-42963.80859375,-160.28436279296875,44501.67578125,9390.2138671875
57093.569136554,52606.9765625,51986.76171875,-8095.6455078125,10868.37890625,-43048.5,-211.29104614257812,44426.953125,9324.5
57093.573154877,52503.0390625,51882.22265625,-8223.9892578125,10759.0341796875,-43172.99609375,-314.6231689453125,44307.03515625,9209.9248046875
57093.577223524,52533.83984375,51915.19140625,-8176.9384765625,10800.83203125,-43137.52734375,-301.0109558105469,44338.44140625,9236.1435546875
57093.581196992,52623.58203125,52003.9921875,-8065.49267578125,10892.318359375,-43037.01171875,-226.35610961914062,44432.4296875,9328.7236328125
57093.585152591,52683.2421875,52057.703125,-8005.880859375,10941.4248046875,-42980.9296875,-174.9470977783203,44488.01953125,9386.6826171875
57093.590147141,52612.296875,51986.4453125,-8100.205078125,10863.640625,-43058.1328125,-222.31045532226562,44414.48046875,9320.9677734375
57093.594181145,52490.34375,51861.078125,-8236.8193359375,10744.39453125,-43181.91796875,-324.27911376953125,44290.49609375,9198.9501953125
57093.598226818,52506.125,51874.375,-8204.0517578125,10765.6953125,-43161.30859375,-326.4472351074219,44315.39453125,9212.025390625
57093.601214212,52612.609375,51979.31640625,-8079.57470703125,10867.5078125,-43055.71875,-248.57374572753906,44417.51953125,9316.2294921875
57093.605166164,52692.5390625,52062.28515625,-7995.53173828125,10941.9169921875,-42978.87109375,-176.60113525390625,44490.27734375,9393.7900390625
57093.608190755,52619.78515625,51987.72265625,-8095.93603515625,10859.8857421875,-43064.27734375,-230.8711700439453,44411.21875,9317.123046875
57093.612124838,52495.1953125,51860.16015625,-8239.076171875,10738.716796875,-43190.96875,-335.6337890625,44288.7734375,9195.4404296875
57093.616207708,52511.82421875,51875.875,-8204.38671875,10761.806640625,-43165.66796875,-328.50360107421875,44314.03125,9215.1328125
57093.621068788,52619.15625,51976.5,-8081.74267578125,10859.953125,-43058.265625,-245.08688354492188,44418.3046875,9315.044921875
57093.625080182,52691.578125,52053.92578125,-8000.76220703125,10931.7685546875,-42984.6640625,-179.6856689453125,44482.83203125,9385.1396484375
57093.629163416,52611.71484375,51990.13671875,-8092.31494140625,10872.8046875,-43054.9140625,-229.08302307128906,44402.27734375,9305.7236328125
57093.633199608,52501.74609375,51878.0625,-8228.8837890625,10760.107421875,-43180.41796875,-335.0303039550781,44288.73046875,9183.974609375
57093.63613376,52508.71875,51870.5546875,-8211.94140625,10756.642578125,-43172.70703125,-340.9535217285156,44302.1171875,9198.6142578125
57093.640207877,52613.14453125,51973.57421875,-8081.74267578125,10863.037109375,-43053.39453125,-239.5212860107422,44421.20703125,9315.7822265625
57093.644267408,52700.00390625,52083.67578125,-7979.41650390625,10972.359375,-42953.4140625,-156.2834014892578,44504.24609375,9397.9248046875
57093.649138699,52630.9375,52028.9609375,-8070.0078125,10915.0947265625,-43021.609375,-201.81390380859375,44430.39453125,9323.9404296875
57093.653204793,52512.51953125,51894.55859375,-8220.033203125,10779.5087890625,-43161.3515625,-316.7018737792969,44301.828125,9200.1787109375
57093.657154557,52517.94921875,51886.265625,-8205.4150390625,10775.5751953125,-43161.59765625,-334.9632568359375,44304.30859375,9207.287109375
57093.661243626,52615.6953125,51978.6015625,-8088.58203125,10864.3564453125,-43061.70703125,-255.25692749023438,44405.71875,9309.859375
57093.664252172,52685.4296875,52046.015625,-8012.8994140625,10927.5439453125,-42988.0390625,-183.53016662597656,44480.75390625,9388.783203125
57093.670190858,52611.11328125,51980.25390625,-8105.27880859375,10862.9033203125,-43060.09765625,-231.04998779296875,44402.0546875,9314.5087890625
57093.674150468,52498.7734375,51876.85546875,-8233.1982421875,10763.2587890625,-43175.76953125,-328.8388671875,44284.953125,9193.0263671875
57093.678162592,52524.87890625,51900.125,-8193.880859375,10790.3935546875,-43148.74609375,-323.0721130371094,44317.2265625,9217.3232421875
57093.682275729,52620.72265625,51997.8671875,-8070.4326171875,10888.33984375,-43043.1796875,-244.5057373046875,44417.69921875,9322.3759765625
57093.685278075,52686.8828125,52057.59375,-8000.78466796875,10937.46875,-42983.12109375,-184.9830322265625,44484.41796875,9393.0302734375
57093.68930515,52597.9921875,51956.71875,-8114.6220703125,10832.7060546875,-43076.796875,-239.11895751953125,44407.015625,9317.615234375
57093.692336669,52493.05078125,51871.625,-8233.287109375,10758.5654296875,-43177.2890625,-331.3422546386719,44289.890625,9194.7919921875
57093.696329829,52535.51953125,51916.73046875,-8182.75,10805.705078125,-43139.6953125,-317.05950927734375,44318.7265625,9220.2509765625
57093.700316426,52632.3671875,52009.78125,-8063.3916015625,10898.5322265625,-43036.31640625,-234.6262664794922,44422.953125,9327.8076171875
57093.704309586,52693.6796875,52077.44140625,-7990.1005859375,10962.5029296875,-42965.84375,-168.7333221435547,44489.9609375,9396.7626953125
57093.709246153,52628.72265625,52000.9765625,-8086.36962890625,10875.3310546875,-43047.73828125,-215.8284454345703,44417.74609375,9328.7021484375
57093.713305683,52487.05859375,51847.5078125,-8245.8935546875,10724.27734375,-43193.1796875,-331.1634521484375,44298.09375,9204.7392578125
57093.717317807,52499.890625,51870.26171875,-8211.94140625,10761.873046875,-43165.265625,-333.62213134765625,44311.171875,9214.4619140625
57093.720365372,52616.41015625,51999.41015625,-8074.36669921875,10892.0498046875,-43039.71484375,-240.46006774902344,44420.3828125,9320.87890625
57093.724308207,52688.0703125,52071.203125,-7994.36962890625,10957.96484375,-42964.4765625,-166.14051818847656,44499.70703125,9402.4404296875
57093.728353516,52621.28125,52006.5625,-8084.51416015625,10888.048828125,-43041.32421875,-216.6778106689453,44424.203125,9331.3837890625
57093.732346311,52502.4609375,51881.328125,-8222.759765625,10764.845703125,-43164.4375,-313.9749450683594,44307.21484375,9211.51171875
57093.737267562,52512.49609375,51889.9765625,-8198.6650390625,10778.5478515625,-43150.80078125,-318.4453125,44320.60546875,9216.80859375
57093.741256711,52606.53125,51977.8203125,-8087.419921875,10864.2666015625,-43057.55078125,-249.44546508789062,44411.8203125,9308.5625
57093.745316241,52676.8046875,52040.62890625,-8011.8486328125,10925.197265625,-42986.78515625,-181.9208526611328,44480.77734375,9382.837890625
57093.749373219,52609.50390625,51980.5,-8098.75244140625,10865.763671875,-43049.99609375,-218.93533325195312,44412.69140625,9316.9443359375
57093.75236499,52502.03515625,51883.47265625,-8229.263671875,10768.3779296875,-43159.96875,-311.7397766113281,44307.83984375,9198.033203125
57093.758280702,52510.37109375,51889.46484375,-8209.482421875,10782.458984375,-43149.10546875,-321.4404296875,44315.640625,9203.5322265625
57093.762237395,52612.609375,51985.84375,-8085.76611328125,10878.6162109375,-43043.625,-239.25306701660156,44419.93359375,9313.8828125
57093.765288242,52685.54296875,52053.8828125,-8005.8359375,10940.0390625,-42971.921875,-171.95196533203125,44494.41015625,9396.2265625
57093.769192057,52604.78515625,51971.42578125,-8108.07275390625,10848.3740234375,-43064.1015625,-231.8099365234375,44415.28515625,9327.4501953125
57093.774241308,52474.56640625,51835.3046875,-8259.2158203125,10714.912109375,-43204.26953125,-349.7824401855469,44281.5546875,9198.435546875
57093.778195084,52497.296875,51867.3359375,-8219.8544921875,10762.0966796875,-43167.85546875,-343.1886901855469,44296.8203125,9205.87890625
57093.781244837,52607.08984375,51983.69921875,-8086.77197265625,10880.740234375,-43045.63671875,-248.2384796142578,44406.1640625,9306.55078125
57093.78423369,52687.0859375,52066.78125,-7998.92919921875,10956.400390625,-42964.12109375,-171.5496368408203,44487.94921875,9387.77734375
57093.788235603,52615.24609375,51993.12890625,-8094.10302734375,10874.1240234375,-43047.3125,-222.5563201904297,44411.5546875,9322.6669921875
57093.792186461,52481.42578125,51844.9609375,-8253.2255859375,10724.3447265625,-43195.9296875,-341.46759033203125,44277.98046875,9190.9482421875
57093.797355324,52473.76171875,51815.72265625,-8256.6005859375,10697.1875,-43212.13671875,-367.216796875,44285.578125,9192.9599609375
57093.801400632,52580.22265625,51939.30859375,-8122.31103515625,10827.251953125,-43088.3984375,-278.9050598144531,44389.91796875,9295.419921875
57093.80543026,52682.03515625,52064.12109375,-8008.6748046875,10952.4443359375,-42975.0078125,-186.1006317138672,44478.83203125,9378.255859375
57093.808442452,52623.515625,52007.92578125,-8092.47119140625,10890.7529296875,-43041.79296875,-225.17147827148438,44412.04296875,9311.6025390625
57093.812409356,52498.90625,51877.81640625,-8240.5966796875,10755.6591796875,-43179.48046875,-335.92437744140625,44284.125,9184.9580078125
57093.816496237,52497.40625,51861.45703125,-8229.263671875,10746.1826171875,-43180.9765625,-348.64251708984375,44292.640625,9194.814453125
57093.821347106,52593.98828125,51954.23828125,-8112.8115234375,10842.3623046875,-43079.8359375,-276.3569641113281,44385.6015625,9292.15625
57093.825445656,52681.85546875,52045.43359375,-8024.2314453125,10922.068359375,-43000.33203125,-207.06655883789062,44460.703125,9373.62890625
57093.829441734,52612.4765625,51972.8359375,-8121.39453125,10840.5068359375,-43080.05859375,-254.5640106201172,44389.671875,9303.130859375
57093.83345094,52495.46484375,51866.28515625,-8248.7099609375,10745.1318359375,-43184.26171875,-340.7076416015625,44275.609375,9182.7451171875
57093.836477719,52506.953125,51886.6484375,-8216.166015625,10778.9951171875,-43157.9765625,-336.3266906738281,44287.3671875,9190.5458984375
57093.841545568,52611.9609375,51986.55859375,-8092.2255859375,10874.5927734375,-43051.11328125,-250.98773193359375,44404.15625,9300.3818359375
57093.845455583,52689.41015625,52062.7109375,-8006.5068359375,10946.4091796875,-42970.73828125,-177.60696411132812,44486.96875,9385.51953125
57093.850484776,52623.29296875,52002.51953125,-8092.73974609375,10877.6328125,-43043.515625,-221.0811004638672,44418.6171875,9323.2255859375
57093.854473561,52493.9453125,51870.015625,-8241.84765625,10745.064453125,-43180.8203125,-333.5103759765625,44289.15625,9189.8974609375
57093.858480214,52504.6953125,51876.296875,-8218.3564453125,10758.095703125,-43166.875,-336.37139892578125,44302.9453125,9199.7099609375
57093.861437705,52613.859375,51985.10546875,-8083.798828125,10869.1611328125,-43050.15234375,-245.6456756591797,44414.28125,9309.724609375
57093.865470979,52699.48828125,52071.3828125,-7989.0498046875,10954.076171875,-42959.58203125,-163.72653198242188,44499.84375,9397.298828125
57093.868476242,52630.51171875,52001.46875,-8081.09423828125,10880.5830078125,-43034.015625,-208.38531494140625,44431.78125,9334.3564453125
57093.872480707,52506.19140625,51873.99609375,-8225.12890625,10754.765625,-43166.6953125,-316.34423828125,44308.01953125,9210.0361328125
#57117.875910814,52648.1484375,51995.23046875,-7888.310546875,10970.19140625,-42414.19921875,-3.3304100036621094,44440.98828125,9341.4423828125
57117.880003165,52756.84375,52098.49609375,-7761.06201171875,11071.9140625,-42303.8046875,85.31661224365234,44551.51953125,9457.08984375
57117.884065613,52807.42578125,52151.44921875,-7708.2451171875,11119.0537109375,-42254.296875,135.92095947265625,44611.46484375,9516.3671875
57117.888035069,52722.17578125,52077.08203125,-7812.7392578125,11043.4609375,-42337.9140625,83.05908203125,44529.92578125,9431.7880859375
57117.89155999,52624.6796875,51987.96875,-7917.83740234375,10964.8271484375,-42425.80078125,6.929040908813477,44436.5859375,9329.7744140625
57117.895063761,52666.1640625,52026.7265625,-7860.1025390625,11003.8974609375,-42383.82421875,25.19041633605957,44477.71484375,9369.11328125
57117.898986174,52766.92578125,52115.75390625,-7748.1875,11082.888671875,-42292.16015625,100.67225646972656,44577.37890625,9471.9091796875
57117.903015802,52796.47265625,52126.2578125,-7722.8408203125,11083.5146484375,-42272.6484375,133.66343688964844,44614.5078125,9516.5009765625
57117.90705564,52704.4296875,52048.71875,-7830.86669921875,11015.7890625,-42356.8671875,70.60916137695312,44520.515625,9424.7470703125
57117.912035239,52629.953125,52003.81640625,-7915.0654296875,10981.3447265625,-42427.03125,-3.6656861305236816,44426.41796875,9324.7451171875
57117.916057572,52675.7734375,52049.30078125,-7850.55859375,11028.8203125,-42377.9921875,24.050477981567383,44473.890625,9368.0859375
57117.920040522,52777.98828125,52149.76953125,-7728.80859375,11128.822265625,-42267.125,114.0385971069336,44580.12890625,9471.931640625
57117.923972052,52827.20703125,52196.15234375,-7682.205078125,11168.9208984375,-42219.4296875,165.4029083251953,44629.5703125,9525.5986328125
57117.929010728,52730.37890625,52095.30078125,-7805.89990234375,11062.83984375,-42327.54296875,91.64215087890625,44530.15234375,9432.771484375
57117.93213925,52614.328125,51967.8046875,-7940.703125,10935.3896484375,-42459.171875,-20.071866989135742,44410.2578125,9313.79296875
57117.937134894,52643.1171875,51986.15625,-7897.6982421875,10956.2890625,-42434.13671875,-18.507244110107422,44436.33984375,9339.318359375
57117.941118208,52743.5234375,52089.78125,-7771.947265625,11067.935546875,-42312.90234375,75.12421417236328,44545.08203125,9444.6845703125
57117.945101522,52808.92578125,52159.00390625,-7700.31005859375,11137.13671875,-42235.4296875,153.5341339111328,44619.06640625,9518.53515625
57117.950038454,52716.296875,52075.85546875,-7815.1083984375,11049.048828125,-42331.6796875,87.4623794555664,44527.37890625,9427.4296875
57117.953087843,52613.9296875,51975.5625,-7933.8857421875,10948.5771484375,-42443.19140625,-9.231270790100098,44419.46484375,9316.720703125
57117.956122645,52647.3671875,51998.671875,-7886.03076171875,10974.9072265625,-42413.75390625,-2.2351744174957275,44450.265625,9347.0302734375
57117.958796786,52739.6328125,52081.59765625,-7775.32275390625,11055.3515625,-42321.59765625,70.47505187988281,44544.41015625,9441.7119140625
57117.963182333,52799.15625,52150.95703125,-7709.0498046875,11120.619140625,-42252.3515625,137.70909118652344,44606.01171875,9503.6484375
57117.96808608,52717.68359375,52072.43359375,-7816.1591796875,11035.861328125,-42341.7578125,81.89678955078125,44518.75,9421.4169921875
57117.972035479,52613.7265625,51964.7890625,-7934.1318359375,10934.09375,-42450.56640625,-9.231270790100098,44415.3515625,9315.7158203125
57117.976071306,52656.30859375,52016.0390625,-7870.20556640625,10992.095703125,-42400.609375,11.309982299804688,44463.67578125,9354.40625
57117.979111578,52751.66015625,52102.765625,-7757.66455078125,11076.1162109375,-42307.62890625,81.47210693359375,44556.50390625,9452.0830078125
57117.983217422,52791.2890625,52130.4375,-7723.10888671875,11094.5341796875,-42277.69921875,116.51964569091797,44593.02734375,9495.892578125
57117.987278411,52715.76171875,52068.8359375,-7827.69287109375,11025.1318359375,-42364.69140625,54.024166107177734,44501.83203125,9406.0166015625
57117.991168734,52626.64453125,51995.61328125,-7921.078125,10964.8046875,-42442.02734375,-12.852252960205078,44416.671875,9314.0390625
57117.996115876,52673.5859375,52047.33203125,-7853.173828125,11026.3388671875,-42379.64453125,22.865835189819336,44467.5,9356.3505859375
57117.99969878,52775.62109375,52145.76953125,-7734.9775390625,11119.232421875,-42277.23046875,102.43804168701172,44566.67578125,9455.4580078125
57118.003912202,52825.91015625,52194.16015625,-7680.10400390625,11161.8798828125,-42226.1796875,154.1152801513672,44619.08984375,9511.091796875
57118.007889317,52729.44140625,52092.59375,-7802.4130859375,11055.8212890625,-42332.68359375,82.5896987915039,44524.09375,9422.109375
57118.012149417,52609.66015625,51962.5078125,-7942.669921875,10929.1982421875,-42462.76953125,-28.811399459838867,44404.265625,9303.82421875
57118.017182258,52637.62109375,51986.78125,-7897.51953125,10958.0771484375,-42429.9140625,-19.7142391204834,44435.46875,9333.2841796875
57118.022083452,52748.3046875,52100.75390625,-7763.0068359375,11074.1943359375,-42305.50390625,79.08047485351562,44549.91015625,9446.1376953125
57118.025114607,52809.86328125,52166.87109375,-7697.203125,11139.4609375,-42237.28515625,145.6886749267578,44614.23828125,9511.3603515625
57118.028213591,52723.71875,52082.0,-7809.140625,11049.7412109375,-42331.9921875,82.72380828857422,44526.1953125,9426.4462890625
57118.031184575,52611.26953125,51962.62109375,-7939.20556640625,10933.3779296875,-42450.30078125,-16.56264305114746,44411.41796875,9312.2509765625
57118.035148197,52638.6484375,51986.46875,-7890.1435546875,10962.5244140625,-42416.0546875,-3.4645204544067383,44443.29296875,9342.2021484375
57118.040115032,52737.0625,52079.296875,-7770.740234375,11051.0380859375,-42319.5859375,72.2184829711914,44551.98828125,9446.80859375
57118.044151588,52787.30859375,52131.578125,-7712.849609375,11105.822265625,-42256.59765625,133.64108276367188,44610.70703125,9506.5322265625
57118.048276395,52712.69921875,52076.1015625,-7810.9736328125,11044.4443359375,-42334.18359375,83.57317352294922,44529.234375,9425.484375
57118.050757989,52614.75390625,51979.78515625,-7928.40966796875,10946.9228515625,-42443.9296875,-9.544195175170898,44422.7734375,9319.939453125
57118.055160311,52648.39453125,52003.859375,-7879.41455078125,10976.427734375,-42408.8828125,4.09036922454834,44454.625,9351.2099609375
57118.059152377,52759.125,52108.109375,-7752.7919921875,11077.546875,-42301.03515625,86.99298858642578,44556.8828125,9458.6328125
57118.063211908,52794.26171875,52145.48046875,-7715.08447265625,11106.42578125,-42268.9609375,118.97833251953125,44590.79296875,9500.8994140625
57118.069196543,52700.49609375,52053.03125,-7832.27490234375,11013.330078125,-42367.0625,50.961978912353516,44495.57421875,9409.32421875
57118.072160234,52599.19921875,51951.22265625,-7947.60986328125,10924.951171875,-42465.33984375,-38.042667388916016,44388.75390625,9294.9951171875
57118.076161052,52639.65625,51998.18359375,-7893.6748046875,10972.44921875,-42423.36328125,-22.172929763793945,44423.109375,9324.6337890625
57118.080176092,52736.1484375,52097.1328125,-7777.31201171875,11069.8359375,-42317.328125,62.67428970336914,44528.36328125,9428.1669921875
57118.083136136,52806.01953125,52173.375,-7700.89111328125,11144.0205078125,-42241.04296875,136.03271484375,44599.8671875,9501.16796875
57118.089093421,52712.296875,52075.62890625,-7823.62451171875,11038.3193359375,-42348.0625,65.71412658691406,44505.5859375,9410.5986328125
57118.092089932,52596.13671875,51953.390625,-7954.58349609375,10920.212890625,-42467.0859375,-30.867759704589844,44398.74609375,9303.0419921875
57118.097097246,52624.6796875,51976.65625,-7908.9189453125,10948.5322265625,-42433.17578125,-17.47906494140625,44430.41796875,9332.658203125
57118.101145107,52731.20703125,52080.9296875,-7782.89990234375,11052.4462890625,-42321.6640625,70.07271575927734,44533.9296875,9437.15234375
57118.105072626,52802.77734375,52159.16015625,-7709.0048828125,11127.5029296875,-42245.9375,139.18431091308594,44609.90234375,9505.6162109375
57118.108092476,52716.3671875,52077.8671875,-7820.7861328125,11040.2646484375,-42338.16015625,76.64413452148438,44522.73046875,9420.8798828125
57118.111186719,52597.90234375,51955.46875,-7952.81787109375,10921.263671875,-42459.9765625,-24.74338150024414,44409.25,9308.00390625
57118.115326842,52630.66796875,51984.75,-7899.7099609375,10958.6357421875,-42420.03515625,-7.197261810302734,44445.86328125,9339.408203125
57118.119352823,52732.48046875,52085.35546875,-7778.98828125,11057.6982421875,-42314.19921875,74.90069580078125,44546.625,9441.5556640625
57118.124240159,52794.05859375,52144.2734375,-7715.6435546875,11111.7451171875,-42252.62109375,133.95401000976562,44604.40234375,9505.548828125
57118.128304431,52704.98828125,52064.0078125,-7821.07666015625,11032.8876953125,-42340.484375,73.313720703125,44516.58203125,9419.4716796875
57118.132322024,52589.36328125,51953.87890625,-7948.5263671875,10925.353515625,-42461.18359375,-30.688945770263672,44399.59375,9298.638671875
57118.135392199,52615.40234375,51971.31640625,-7905.9013671875,10946.833984375,-42433.01953125,-19.468368530273438,44431.08984375,9325.6845703125
57118.139299297,52729.57421875,52083.58984375,-7770.4052734375,11060.783203125,-42311.11328125,79.52750396728516,44547.49609375,9439.56640625
57118.143354451,52794.12890625,52143.6484375,-7706.52392578125,11114.4716796875,-42248.41796875,143.18527221679688,44611.17578125,9506.4873046875
57118.147301298,52705.14453125,52057.2109375,-7824.9208984375,11017.5322265625,-42351.05859375,70.92208862304688,44513.921875,9416.4326171875
57118.152285637,52590.48046875,51949.1640625,-7949.6435546875,10921.7109375,-42455.640625,-18.82016944885254,44401.60546875,9298.5048828125
57118.156278797,52628.25390625,51994.62890625,-7891.21630859375,10977.74609375,-42404.92578125,1.8328430652618408,44441.99609375,9328.634765625
57118.160419285,52739.43359375,52104.578125,-7762.3583984375,11085.2802734375,-42294.1953125,84.80252075195312,44552.99609375,9436.5263671875
57118.162873164,52801.48046875,52162.1328125,-7697.29248046875,11136.734375,-42234.0,146.47097778320312,44615.55859375,9502.62109375
57118.167878654,52716.87890625,52079.85546875,-7807.1962890625,11050.5908203125,-42327.20703125,82.54499053955078,44526.0625,9416.0078125
57118.172302127,52600.76171875,51965.59375,-7942.8486328125,10936.57421875,-42453.0703125,-23.715200424194336,44407.26171875,9297.5654296875
57118.177103037,52634.69140625,51995.03125,-7892.78076171875,10974.728515625,-42409.73046875,-3.084540843963623,44444.609375,9329.484375
57118.181131205,52747.0546875,52108.93359375,-7762.1796875,11085.794921875,-42294.1953125,85.47306823730469,44552.4140625,9437.3984375
57118.18515281,52802.7109375,52164.8125,-7704.9814453125,11132.599609375,-42242.65234375,135.42921447753906,44605.296875,9498.708984375
57118.189569719,52715.875,52075.18359375,-7820.45068359375,11037.6044921875,-42340.08203125,72.17378234863281,44515.7578125,9414.7333984375
57118.193249991,52594.4140625,51945.90234375,-7958.58447265625,10911.697265625,-42466.68359375,-29.057268142700195,44401.5390625,9297.4541015625
57118.196333658,52628.58984375,51978.37890625,-7900.9619140625,10955.0146484375,-42420.05859375,-4.291534900665283,44443.1796875,9330.4453125
57118.199342933,52740.26171875,52098.96484375,-7763.67724609375,11075.982421875,-42298.46484375,88.98229217529297,44553.41796875,9441.130859375
57118.203468834,52803.3359375,52167.78515625,-7694.87841796875,11139.103515625,-42231.8125,150.1590118408203,44615.2890625,9506.4423828125
57118.207408752,52713.4609375,52078.828125,-7806.5478515625,11046.7685546875,-42328.63671875,82.99202728271484,44524.5859375,9420.6572265625
57118.212253057,52602.39453125,51963.2890625,-7937.283203125,10933.1318359375,-42450.23046875,-19.982460021972656,44408.53515625,9306.5068359375
57118.216277944,52631.40625,51987.609375,-7894.39013671875,10961.0048828125,-42419.7421875,-10.661782264709473,44431.4453125,9329.283203125
57118.219326968,52725.3046875,52074.51171875,-7780.66455078125,11047.1259765625,-42319.7890625,68.23987579345703,44532.33984375,9427.8095703125
57118.223362065,52786.796875,52133.7890625,-7713.29638671875,11105.62109375,-42252.171875,133.86459350585938,44607.21875,9501.1904296875
57118.227469368,52706.57421875,52067.7421875,-7817.09814453125,11031.7705078125,-42339.0546875,74.1183853149414,44519.109375,9416.96875
57118.231409651,52590.83984375,51948.5390625,-7951.9013671875,10910.958984375,-42463.15234375,-29.347841262817383,44402.8125,9299.3759765625
57118.235543574,52619.58203125,51974.64453125,-7904.11328125,10948.4658203125,-42421.28515625,-10.237098693847656,44439.44921875,9329.7744140625
57118.240430546,52732.63671875,52093.51171875,-7768.818359375,11075.580078125,-42295.4453125,82.90261840820312,44547.5625,9435.0732421875
57118.24445288,52799.984375,52164.7265625,-7695.34814453125,11141.80859375,-42223.3828125,153.7353057861328,44618.62109375,9506.197265625
57118.248531374,52713.7265625,52072.92578125,-7808.1572265625,11043.6171875,-42320.14453125,93.11737060546875,44533.90625,9425.484375
57118.25100458,52599.82421875,51961.48046875,-7937.931640625,10936.619140625,-42439.34765625,-10.415912628173828,44415.46484375,9307.7802734375
57118.256267164,52630.69140625,51990.24609375,-7893.7646484375,10966.1904296875,-42410.69140625,-5.073845863342285,44441.03515625,9331.00390625
57118.26091017,52731.23046875,52083.34375,-7773.6015625,11060.134765625,-42305.34765625,77.73936462402344,44544.09765625,9432.525390625
57118.264928493,52804.609375,52165.37109375,-7693.2470703125,11140.2216796875,-42224.92578125,151.5001220703125,44616.0703125,9504.0732421875
57118.269480695,52720.6796875,52088.1015625,-7798.5458984375,11059.2412109375,-42311.5390625,94.79374694824219,44533.90625,9423.40625
57118.273284955,52608.31640625,51971.58203125,-7930.37646484375,10943.212890625,-42433.3359375,-5.2750115394592285,44421.74609375,9309.7919921875
57118.277202628,52631.18359375,51989.5546875,-7892.57958984375,10963.3515625,-42414.0,-5.699694633483887,44443.828125,9330.8701171875
57118.280293225,52742.3828125,52096.70703125,-7764.45947265625,11069.34375,-42302.84375,79.19223022460938,44548.43359375,9435.0517578125
57118.283457121,52808.25390625,52160.76953125,-7697.06884765625,11126.7431640625,-42237.62109375,143.81112670898438,44614.7734375,9505.951171875
57118.28745648,52718.69140625,52072.5,-7807.82177734375,11033.4697265625,-42331.65625,82.6791000366211,44522.59765625,9422.0654296875
57118.291601344,52597.07421875,51945.3203125,-7946.6708984375,10908.2099609375,-42461.33984375,-24.609270095825195,44409.2734375,9302.86328125
57118.295951519,52623.31640625,51980.90234375,-7899.24072265625,10956.1767578125,-42418.87109375,-12.762845993041992,44439.6953125,9326.3544921875
57118.300480382,52741.734375,52104.7109375,-7760.68212890625,11080.318359375,-42292.046875,84.3331298828125,44553.10546875,9438.91796875
57118.303625315,52813.26171875,52176.32421875,-7689.2685546875,11144.646484375,-42222.15625,151.29896545410156,44619.6484375,9508.41015625
57118.307473336,52725.1953125,52085.5546875,-7805.720703125,11048.6240234375,-42319.02734375,87.41767120361328,44529.94921875,9423.8310546875
57118.311476342,52601.45703125,51951.625,-7951.40966796875,10918.40234375,-42452.01953125,-22.172929763793945,44408.46875,9304.6513671875
57118.315473149,52610.1484375,51947.421875,-7925.951171875,10922.626953125,-42436.44140625,-23.491683959960938,44429.3671875,9322.15234375
57118.319496577,52718.265625,52059.359375,-7798.45654296875,11024.9755859375,-42326.29296875,64.28361511230469,44536.765625,9430.111328125
57118.323526569,52794.05859375,52140.3828125,-7722.68408203125,11097.2607421875,-42256.59765625,124.34275817871094,44598.078125,9498.9775390625
57118.328464595,52706.6640625,52064.38671875,-7829.61474609375,11018.716796875,-42347.99609375,60.28265380859375,44506.19140625,9408.3408203125
57118.332481823,52603.625,51969.90625,-7939.943359375,10941.9384765625,-42434.69921875,-14.26041316986084,44410.66015625,9307.1767578125
57118.336556305,52629.86328125,51995.5,-7897.00537109375,10973.521484375,-42400.7890625,-2.257526159286499,44440.20703125,9330.802734375
57118.340484189,52732.34765625,52091.8359375,-7775.63525390625,11068.1591796875,-42294.91015625,82.05325317382812,44545.015625,9436.2138671875
57118.345427685,52795.46875,52151.625,-7711.06103515625,11122.451171875,-42233.33203125,141.91122436523438,44606.9296875,9501.8603515625
57118.349459865,52716.41015625,52069.86328125,-7818.61767578125,11034.6982421875,-42324.28125,84.7131118774414,44524.296875,9424.5908203125
57118.353485846,52593.453125,51943.46484375,-7958.8525390625,10914.6025390625,-42451.1484375,-20.675363540649414,44397.8515625,9300.650390625
57118.357492864,52624.07421875,51967.60546875,-7916.1162109375,10943.212890625,-42423.453125,-13.768674850463867,44432.71875,9325.908203125
57118.360553557,52729.53125,52076.45703125,-7785.49267578125,11052.3564453125,-42310.15234375,71.41382598876953,44543.09375,9432.16796875
57118.364562034,52791.66796875,52147.58203125,-7716.06787109375,11114.94140625,-42247.48046875,127.96373748779297,44600.515625,9492.71875
57118.367516972,52712.20703125,52071.67578125,-7819.89208984375,11033.5810546875,-42336.640625,69.31275939941406,44517.09765625,9411.1123046875
57118.37154113,52591.8203125,51945.1640625,-7958.58447265625,10911.8759765625,-42464.24609375,-35.29340362548828,44399.03515625,9292.5810546875
57118.375542313,52609.16796875,51956.31640625,-7927.02392578125,10926.896484375,-42444.7109375,-35.606327056884766,44416.1796875,9307.802734375
57118.379598196,52715.3828125,52058.91015625,-7802.14453125,11026.919921875,-42335.12109375,48.23506546020508,44519.1328125,9412.7666015625
57118.38454388,52786.2578125,52138.05859375,-7723.8466796875,11103.5869140625,-42256.84375,119.17950439453125,44589.4296875,9482.4150390625
57118.387533827,52708.83203125,52056.80859375,-7826.708984375,11018.650390625,-42340.796875,68.75396728515625,44513.6328125,9409.7265625
57118.391537563,52579.59375,51921.8046875,-7974.119140625,10888.8759765625,-42473.76953125,-42.110687255859375,44387.390625,9281.71875
57118.395505196,52602.05859375,51942.94921875,-7933.505859375,10918.1787109375,-42443.390625,-33.66172790527344,44413.67578125,9305.0986328125
57118.399551234,52715.58203125,52066.7109375,-7796.71337890625,11037.1572265625,-42321.44140625,59.65680694580078,44524.05078125,9413.9287109375
57118.403651243,52786.57421875,52145.2578125,-7720.650390625,11107.095703125,-42250.80859375,124.67803192138672,44590.34375,9481.431640625
57118.407625076,52711.8515625,52078.26953125,-7814.9296875,11044.6455078125,-42321.88671875,78.02993774414062,44514.03515625,9404.474609375
57118.412560184,52600.6953125,51962.171875,-7942.8935546875,10933.646484375,-42438.38671875,-17.501415252685547,44404.1328125,9295.2861328125
57118.416565014,52617.83984375,51973.50390625,-7910.1484375,10947.794921875,-42419.609375,-18.082561492919922,44425.0078125,9316.005859375
57118.420130049,52721.1484375,52075.453125,-7787.30322265625,11046.0537109375,-42313.953125,62.16020202636719,44527.04296875,9419.94140625
57118.424607129,52794.93359375,52149.125,-7709.87646484375,11116.259765625,-42237.6875,135.4068603515625,44601.921875,9493.568359375
57118.428635298,52730.42578125,52092.23828125,-7796.7802734375,11057.876953125,-42304.23046875,95.46430206298828,44531.55859375,9419.3828125
57118.432616059,52611.9609375,51977.08203125,-7927.470703125,10947.59375,-42421.28515625,-0.49173837900161743,44412.04296875,9298.951171875
57118.437163156,52629.953125,51990.71484375,-7895.23974609375,10965.251953125,-42403.94140625,-4.492700576782227,44435.8046875,9314.552734375
57118.441596476,52728.01171875,52084.21484375,-7777.423828125,11058.1005859375,-42303.3359375,72.39730072021484,44539.49609375,9418.935546875
57118.444698377,52798.8671875,52150.95703125,-7700.71240234375,11118.3388671875,-42232.21484375,143.18527221679688,44614.05859375,9498.462890625
57118.448567549,52724.7265625,52076.48046875,-7804.3125,11034.7431640625,-42320.43359375,83.88609313964844,44530.73046875,9419.0029296875
57118.45162022,52620.90234375,51974.80078125,-7930.7119140625,10935.412109375,-42430.40625,-8.314848899841309,44421.140625,9305.7021484375
57118.455673915,52636.68359375,51993.53125,-7895.955078125,10963.6650390625,-42404.09765625,-4.6268110275268555,44442.12890625,9324.052734375
57118.459618939,52735.09765625,52090.359375,-7775.9931640625,11061.2529296875,-42299.828125,74.9677505493164,44543.4296875,9429.396484375
57118.463664247,52799.37890625,52149.2109375,-7711.06103515625,11113.64453125,-42240.03515625,132.16586303710938,44603.375,9495.087890625
57118.468615766,52714.30859375,52061.234375,-7825.591796875,11014.9169921875,-42339.8828125,67.14463806152344,44514.28125,9411.380859375
57118.471634522,52589.16015625,51928.01953125,-7972.82275390625,10886.2607421875,-42471.35546875,-43.07181167602539,44388.84375,9286.0771484375
57118.474726213,52605.6796875,51941.9453125,-7936.59033203125,10913.2392578125,-42443.7734375,-39.18260955810547,44411.328125,9306.193359375
57118.47968466,52717.99609375,52064.0078125,-7806.369140625,11027.880859375,-42329.421875,46.245758056640625,44514.55078125,9407.5810546875
57118.48369496,52797.27734375,52157.484375,-7716.984375,11124.6640625,-42237.734375,123.3145751953125,44587.9765625,9478.4580078125
57118.487668793,52723.4296875,52085.734375,-7814.1474609375,11050.568359375,-42318.3359375,72.2184829711914,44510.125,9402.529296875
57118.491746557,52601.96875,51960.51953125,-7955.34326171875,10926.359375,-42444.98046875,-28.766695022583008,44393.08984375,9284.490234375
57118.495762691,52620.54296875,51973.70703125,-7919.71484375,10943.8388671875,-42421.46484375,-24.07282829284668,44417.56640625,9304.1591796875
57118.500708375,52730.78125,52085.578125,-7784.91162109375,11057.36328125,-42299.6015625,72.7102279663086,44533.68359375,9418.5107421875
57118.503727131,52806.30859375,52165.6171875,-7702.4560546875,11133.26953125,-42220.45703125,146.04629516601562,44608.6953125,9497.255859375
57118.508672815,52724.09765625,52080.32421875,-7808.984375,11041.962890625,-42311.80859375,87.79765319824219,44525.97265625,9423.6962890625
57118.512713018,52610.41796875,51969.16796875,-7940.94873046875,10936.171875,-42429.51171875,-10.348857879638672,44406.61328125,9306.08203125
57118.516725871,52629.39453125,51985.3984375,-7904.40380859375,10957.7861328125,-42407.02734375,-6.616116523742676,44440.36328125,9325.5947265625
57118.521689424,52727.00390625,52079.23046875,-7783.45849609375,11052.8037109375,-42299.828125,76.17474365234375,44545.37109375,9428.3681640625
57118.524705992,52794.5078125,52151.671875,-7706.2109375,11122.9658203125,-42223.13671875,146.47097778320312,44614.73046875,9499.7373046875
57118.527741887,52723.875,52086.89453125,-7802.85986328125,11051.060546875,-42303.3828125,95.15137481689453,44539.42578125,9430.3349609375
57118.531653361,52597.9453125,51960.7890625,-7948.1015625,10926.001953125,-42434.96484375,-12.829901695251465,44416.8046875,9305.6572265625
57118.535765404,52605.92578125,51966.15234375,-7921.03369140625,10938.072265625,-42419.69921875,-18.35078239440918,44429.96875,9314.3740234375
57118.539743248,52715.5390625,52074.46875,-7791.6171875,11045.4052734375,-42305.4140625,71.72674560546875,44540.58984375,9424.009765625
57118.543764488,52781.9921875,52132.76171875,-7726.05908203125,11094.6455078125,-42242.47265625,134.2445831298828,44606.796875,9497.0322265625
57118.547782446,52700.8984375,52050.8203125,-7830.84423828125,11011.162109375,-42326.6953125,80.57804107666016,44527.06640625,9423.47265625
57118.552708803,52579.86328125,51934.32421875,-7964.5078125,10908.791015625,-42442.36328125,-20.384790420532227,44407.1953125,9304.025390625
57118.555313291,52606.73046875,51969.97265625,-7926.24169921875,10945.134765625,-42416.19140625,-19.89305305480957,44422.39453125,9312.7646484375
57118.55880758,52726.73828125,52089.46484375,-7792.91357421875,11054.8818359375,-42302.3984375,67.23404693603516,44530.44140625,9421.4833984375
57118.563201515,52800.7890625,52162.80078125,-7714.8388671875,11122.138671875,-42230.203125,131.7188262939453,44598.66015625,9494.5517578125
57118.567228954,52712.4765625,52076.14453125,-7825.30126953125,11029.087890625,-42328.19140625,64.77535247802734,44508.26953125,9409.458984375
57118.571634559,52589.296875,51944.58203125,-7971.39208984375,10898.3974609375,-42463.62109375,-44.79289627075195,44384.3515625,9284.69140625
57118.575716699,52609.8359375,51956.98828125,-7936.79150390625,10920.5927734375,-42438.18359375,-40.00962448120117,44407.171875,9301.9248046875
57118.57978644,52711.76171875,52063.89453125,-7806.771484375,11032.75390625,-42319.02734375,53.8006477355957,44515.77734375,9406.4638671875
57118.58465846,52795.9375,52158.1328125,-7712.53662109375,11123.345703125,-42226.87109375,139.0054931640625,44598.27734375,9489.5224609375
57118.588721638,52731.3203125,52091.38671875,-7806.1904296875,11049.4951171875,-42302.890625,95.7772216796875,44541.9765625,9429.7314453125
57118.592765852,52597.09765625,51950.19140625,-7960.328125,10910.0654296875,-42445.62890625,-21.8153018951416,44411.9765625,9297.4541015625
57118.595827639,52610.77734375,51958.55078125,-7929.4599609375,10925.3984375,-42427.703125,-21.83765411376953,44430.21484375,9308.8759765625
57118.600812708,52723.98828125,52078.19921875,-7791.5947265625,11046.634765625,-42306.21875,68.41869354248047,44539.3828125,9418.8466796875
57118.605735782,52796.80859375,52154.0390625,-7709.72021484375,11113.376953125,-42231.69921875,139.05020141601562,44613.61328125,9498.91015625
57118.609856942,52713.2578125,52064.43359375,-7815.935546875,11022.2265625,-42320.12109375,84.06491088867188,44537.01171875,9428.3232421875
57118.612856371,52594.7734375,51952.5390625,-7950.314453125,10920.9501953125,-42434.31640625,-13.008715629577637,44417.6328125,9306.953125
57118.615835378,52620.9921875,51983.4296875,-7911.02001953125,10958.2109375,-42403.359375,-3.8445000648498535,44441.81640625,9325.125
57118.619797541,52727.51953125,52085.6875,-7789.9404296875,11057.408203125,-42296.5859375,78.52167510986328,44546.109375,9428.1669921875
57118.623770644,52804.9453125,52168.14453125,-7706.009765625,11132.8232421875,-42217.52734375,149.2873077392578,44619.24609375,9503.8056640625
57118.627815952,52731.18359375,52095.0546875,-7801.8095703125,11054.8154296875,-42298.12890625,99.08528137207031,44545.1484375,9435.8115234375
57118.631839745,52603.734375,51961.63671875,-7949.509765625,10923.2529296875,-42433.84765625,-11.980534553527832,44418.66015625,9308.7861328125
57118.635854056,52616.18359375,51968.90234375,-7923.44775390625,10938.474609375,-42417.84375,-16.83086395263672,44431.89453125,9318.0849609375
57118.63882504,52718.5546875,52064.07421875,-7802.63623046875,11030.294921875,-42313.75390625,65.95999908447266,44537.01171875,9422.66796875
57118.642866337,52795.06640625,52141.25390625,-7717.8115234375,11105.330078125,-42233.98046875,137.03854370117188,44611.0859375,9500.2734375
57118.646859862,52725.73046875,52086.1796875,-7807.173828125,11044.8466796875,-42309.03515625,84.13196563720703,44532.20703125,9425.08203125
57118.651807369,52599.82421875,51959.46875,-7949.4423828125,10922.2021484375,-42437.828125,-20.943584442138672,44409.25,9300.5830078125
57118.655313328,52616.609375,51970.3984375,-7917.4794921875,10942.453125,-42415.65234375,-19.155445098876953,44427.84765625,9314.3740234375
57118.659851308,52715.26953125,52067.359375,-7798.9482421875,11037.537109375,-42313.6171875,57.064002990722656,44520.60546875,9407.8271484375
57118.66390391,52791.4453125,52145.2578125,-7715.6435546875,11112.7060546875,-42234.44921875,127.62846374511719,44589.25,9477.609375
57118.667867167,52736.078125,52088.52734375,-7798.65771484375,11049.71875,-42302.3984375,87.4623794555664,44534.265625,9418.890625
57118.67238582,52612.51953125,51961.0546875,-7944.927734375,10922.0009765625,-42436.7109375,-22.642316818237305,44408.3125,9295.2412109375
57118.675855675,52611.9375,51952.671875,-7932.4775390625,10917.2177734375,-42435.58984375,-35.4051628112793,44413.20703125,9300.0244140625
57118.680842567,52712.7890625,52044.94140625,-7813.27587890625,11007.5859375,-42330.89453125,49.08443069458008,44518.9296875,9405.8818359375
57118.684900274,52791.625,52142.91015625,-7721.45458984375,11110.3818359375,-42235.72265625,124.85684204101562,44593.25,9478.81640625
57118.688859885,52727.38671875,52090.18359375,-7809.0068359375,11052.1103515625,-42305.078125,82.29912567138672,44525.66015625,9413.9287109375
57118.692940566,52604.5859375,51962.015625,-7956.79638671875,10921.419921875,-42440.53125,-25.503339767456055,44405.29296875,9294.615234375
57118.697849783,52611.55859375,51961.3671875,-7935.62939453125,10928.3486328125,-42426.359375,-26.10683822631836,44424.2265625,9307.802734375
57118.700863798,52715.203125,52066.46484375,-7807.3525390625,11037.0234375,-42308.3203125,65.75883483886719,44535.046875,9415.404296875
57118.703881461,52782.50390625,52141.6796875,-7729.4345703125,11109.6884765625,-42233.15234375,131.04827880859375,44602.390625,9484.873046875
57118.707879726,52717.88671875,52080.4375,-7817.791015625,11045.13671875,-42301.03515625,91.55274200439453,44535.5390625,9422.2880859375
57118.711870334,52599.9140625,51955.15625,-7959.0537109375,10922.8056640625,-42425.421875,-7.331372261047363,44418.86328125,9304.0029296875
57118.715864953,52606.796875,51956.00390625,-7936.94775390625,10928.3486328125,-42416.19140625,-11.980534553527832,44433.234375,9315.1787109375
57118.719907708,52712.41015625,52062.15234375,-7814.5498046875,11027.859375,-42315.60546875,61.95903396606445,44527.625,9411.380859375
57118.722888539,52795.265625,52146.375,-7724.2490234375,11108.4375,-42232.21484375,135.0939483642578,44604.76171875,9491.8466796875
57118.726893004,52727.02734375,52082.0234375,-7810.1689453125,11045.0693359375,-42301.546875,90.61397552490234,44528.9453125,9424.322265625
57118.730934301,52609.30078125,51963.515625,-7945.9111328125,10931.7685546875,-42423.140625,-8.672476768493652,44414.390625,9302.70703125
57118.735814708,52614.73046875,51967.828125,-7921.2568359375,10942.408203125,-42410.109375,-12.673439025878906,44435.06640625,9314.396484375
57118.739880438,52713.52734375,52067.515625,-7795.03662109375,11043.1474609375,-42300.4765625,72.55376434326172,44541.28125,9420.9921875
57118.743873234,52796.140625,52151.06640625,-7707.46240234375,11121.8701171875,-42218.9375,147.09683227539062,44618.86328125,9498.8427734375
57118.747851078,52733.84375,52091.87890625,-7795.751953125,11053.7421875,-42294.171875,98.101806640625,44546.53515625,9431.2734375
57118.751867942,52613.546875,51967.76171875,-7936.99267578125,10932.953125,-42421.421875,-4.917383670806885,44426.73046875,9312.6083984375
57118.755809318,52619.671875,51969.59375,-7917.59130859375,10939.14453125,-42413.55078125,-11.80172061920166,44434.84375,9317.369140625
57118.760778706,52717.21484375,52066.3984375,-7795.48388671875,11037.783203125,-42307.96484375,64.73065185546875,44529.4375,9412.498046875
57118.763810955,52793.9921875,52146.08203125,-7711.88818359375,11110.91796875,-42231.65234375,131.98704528808594,44601.4765625,9488.4052734375
57118.76886057,52721.88671875,52066.51171875,-7811.89013671875,11024.1484375,-42315.0703125,82.27677154541016,44530.26171875,9423.5625
57118.772780431,52603.06640625,51943.95703125,-7954.62841796875,10901.99609375,-42444.15234375,-22.463502883911133,44408.421875,9303.6455078125
57118.77767652,52615.6484375,51968.20703125,-7922.1513671875,10936.775390625,-42420.79296875,-27.783218383789062,44416.8046875,9308.361328125
57118.781751731,52716.6796875,52062.82421875,-7801.1162109375,11028.775390625,-42313.4609375,60.41676712036133,44525.390625,9417.0361328125
57118.784941884,52790.26171875,52139.6015625,-7715.86669921875,11108.7275390625,-42226.55859375,136.21153259277344,44603.30859375,9492.16015625
57118.788009141,52733.265625,52102.20703125,-7789.7392578125,11068.13671875,-42283.0859375,98.19121551513672,44538.04296875,9425.529296875
57118.791922438,52608.4296875,51972.8359375,-7937.3056640625,10938.4521484375,-42415.80859375,-6.459654331207275,44416.3359375,9299.5107421875
57118.795950607,52616.96875,51969.4375,-7915.75830078125,10947.4599609375,-42400.453125,-6.459654331207275,44433.94921875,9312.318359375
57118.799937568,52710.3984375,52058.375,-7801.85400390625,11033.0673828125,-42305.6171875,66.58584594726562,44531.1796875,9410.21875
57118.803908118,52794.39453125,52145.8359375,-7712.55859375,11111.5888671875,-42224.94921875,138.37965393066406,44607.46484375,9491.064453125
57118.808012139,52729.08203125,52088.4609375,-7797.85302734375,11051.88671875,-42291.98046875,98.9064712524414,44536.23046875,9429.5078125
57118.811941846,52612.38671875,51973.52734375,-7941.03857421875,10931.9248046875,-42422.875,-7.241965293884277,44421.25390625,9308.1826171875
57118.814715907,52611.9375,51962.328125,-7931.8740234375,10925.9130859375,-42422.9609375,-22.55290985107422,44428.78515625,9309.322265625
57118.819913579,52713.68359375,52069.55078125,-7804.357421875,11042.3427734375,-42303.625,64.06009674072266,44531.06640625,9408.4970703125
57118.823946489,52798.23828125,52161.953125,-7711.3740234375,11130.8115234375,-42215.0234375,142.0453338623047,44612.00390625,9492.1376953125
57118.828008208,52732.32421875,52093.6015625,-7800.11083984375,11055.4853515625,-42290.08203125,99.93464660644531,44547.33984375,9434.8505859375
57118.832015225,52605.96875,51960.47265625,-7948.705078125,10925.0185546875,-42424.4140625,-7.309020519256592,44422.88671875,9311.736328125
57118.836005103,52602.10546875,51948.875,-7938.55712890625,10920.3916015625,-42424.5703125,-21.25650978088379,44428.29296875,9313.1669921875
57118.840956987,52697.76953125,52045.79296875,-7819.1767578125,11016.6826171875,-42321.28515625,56.70637512207031,44525.4140625,9409.1005859375
57118.844993543,52779.578125,52136.13671875,-7728.13818359375,11099.83203125,-42237.5546875,126.98026275634766,44599.3984375,9486.28125
57118.848960447,52725.3046875,52087.0078125,-7801.89892578125,11050.166015625,-42296.2265625,89.89871978759766,44537.19140625,9429.2626953125
57118.852940114,52600.31640625,51959.7578125,-7948.74951171875,10923.4765625,-42430.3828125,-18.194320678710938,44410.66015625,9303.01953125
57118.857089354,52603.7578125,51953.859375,-7939.2724609375,10920.9287109375,-42430.29296875,-33.013526916503906,44411.75390625,9298.34765625
57118.86100958,52715.5390625,52061.7265625,-7809.38671875,11028.41796875,-42315.98828125,54.85118103027344,44518.75,9403.0439453125
57118.865964745,52795.55859375,52149.99609375,-7714.95068359375,11112.728515625,-42226.625,132.83641052246094,44602.28125,9488.6064453125
57118.869047684,52727.69921875,52086.89453125,-7801.3173828125,11046.142578125,-42295.35546875,90.4351577758789,44535.47265625,9424.9033203125
57118.872072639,52613.078125,51974.64453125,-7934.44482421875,10940.1953125,-42412.7265625,-6.012619495391846,44418.7265625,9306.1259765625
