#57095.87775095,52505.54296875,51901.3984375,-8173.25048828125,10812.052734375,-43093.6953125,-279.3297424316406,44347.203125,9238.9150390625
57095.880760224,52576.421875,51958.6640625,-8080.93798828125,10870.9501953125,-43021.20703125,-228.59129333496094,44423.265625,9315.7822265625
57095.884769065,52689.7890625,52078.984375,-7947.74365234375,10988.8994140625,-42899.34375,-126.6673355102539,44537.01171875,9430.7373046875
57095.888802704,52702.1953125,52109.44921875,-7943.56396484375,11014.783203125,-42885.5546875,-107.93657684326172,44539.2265625,9436.75
57095.892814827,52574.41015625,51978.2421875,-8098.12646484375,10884.3828125,-43018.76953125,-207.49124145507812,44414.28125,9315.1787109375
57095.897772181,52510.640625,51906.98828125,-8167.4169921875,10816.8583984375,-43088.5546875,-274.1888427734375,44352.3671875,9250.1796875
57095.90075447,52582.09765625,51972.25390625,-8076.7802734375,10882.4609375,-43017.69921875,-228.2113037109375,44425.56640625,9323.1357421875
57095.903832667,52672.0859375,52059.984375,-7969.6484375,10969.0966796875,-42920.33203125,-149.44375610351562,44514.70703125,9416.052734375
57095.908785645,52675.9765625,52066.69140625,-7973.76123046875,10971.9345703125,-42916.19921875,-131.85293579101562,44513.72265625,9421.2607421875
57095.912732856,52557.87109375,51948.71875,-8118.2431640625,10852.419921875,-43043.78125,-226.2890625,44404.69140625,9308.5625
57095.916831771,52478.96875,51862.9296875,-8199.5810546875,10771.8193359375,-43124.09375,-302.86614990234375,44332.91796875,9232.5888671875
57095.920856658,52557.5546875,51935.41796875,-8102.8427734375,10847.279296875,-43044.51953125,-252.2170867919922,44407.37109375,9306.3271484375
57095.924845442,52672.2421875,52054.26171875,-7976.53271484375,10961.4970703125,-42928.671875,-158.94325256347656,44514.28125,9412.5654296875
57095.928811981,52675.5078125,52061.32421875,-7981.830078125,10962.591796875,-42922.74609375,-136.92678833007812,44521.27734375,9422.2880859375
57095.933892959,52552.6171875,51941.72265625,-8127.4072265625,10845.1337890625,-43047.0,-228.79244995117188,44402.5,9305.9033203125
57095.93686212,52505.65625,51905.625,-8177.92236328125,10818.244140625,-43088.171875,-274.7699890136719,44350.7109375,9245.642578125
57095.941846094,52588.625,51987.9453125,-8077.0712890625,10898.7548828125,-43004.3984375,-218.84593200683594,44428.875,9320.5654296875
57095.945748086,52693.09765625,52089.421875,-7957.60107421875,10995.4716796875,-42901.0234375,-134.4010467529297,44530.171875,9424.1884765625
57095.948838683,52688.828125,52077.6875,-7976.33154296875,10974.9970703125,-42914.69921875,-130.5118408203125,44524.80859375,9423.0703125
57095.954447705,52548.59375,51927.9765625,-8142.27099609375,10821.2841796875,-43067.09375,-242.8964080810547,44387.34765625,9295.3974609375
57095.957819464,52469.73828125,51842.8828125,-8219.0498046875,10749.5576171875,-43137.7265625,-310.73394775390625,44316.87109375,9221.3017578125
57095.961716351,52577.1796875,51969.48046875,-8085.52001953125,10883.0869140625,-43015.9765625,-227.6301727294922,44425.43359375,9315.9833984375
57095.964764281,52697.25390625,52095.703125,-7944.41357421875,11011.162109375,-42885.1953125,-121.16880798339844,44544.12109375,9432.7939453125
57095.968731914,52694.26171875,52094.71875,-7954.94091796875,11003.2724609375,-42889.21875,-109.05416107177734,44543.65234375,9434.380859375
57095.972723616,52571.59375,51972.61328125,-8106.08349609375,10876.1572265625,-43023.80078125,-209.52525329589844,44417.25390625,9305.9921875
57095.976771841,52500.94140625,51890.58203125,-8180.82763671875,10803.08984375,-43095.86328125,-279.2626953125,44348.3203125,9233.4609375
57095.9807836,52584.35546875,51983.40625,-8067.080078125,10903.359375,-42998.87890625,-214.26382446289062,44434.39453125,9316.609375
57095.984691791,52693.1875,52095.34375,-7941.26171875,11011.9892578125,-42884.90625,-119.55947875976562,44544.03125,9429.6201171875
57095.987702889,52697.2109375,52084.1015625,-7955.4775390625,10989.3017578125,-42894.83203125,-107.19896697998047,44548.546875,9444.349609375
57095.991990705,52571.52734375,51960.67578125,-8107.3798828125,10864.4228515625,-43030.55078125,-212.7215576171875,44417.34375,9320.4990234375
57095.99644554,52510.796875,51911.43359375,-8164.33251953125,10826.201171875,-43081.87109375,-271.8866271972656,44353.08203125,9249.0400390625
57096.000441253,52576.69140625,51965.14453125,-8076.48974609375,10881.3876953125,-43013.02734375,-224.00918579101562,44426.91015625,9320.6103515625
57096.00478851,52666.34375,52047.890625,-7969.20166015625,10961.02734375,-42920.4921875,-146.00160217285156,44522.328125,9420.544921875
57096.008711653,52682.30078125,52070.19921875,-7969.15673828125,10968.9169921875,-42918.234375,-133.30580139160156,44518.21484375,9423.853515625
57096.01350381,52574.140625,51968.36328125,-8099.6015625,10868.87109375,-43026.68359375,-213.48150634765625,44415.84375,9315.15625
57096.016887967,52515.66796875,51930.234375,-8153.0224609375,10837.3330078125,-43075.87890625,-270.0984802246094,44358.51171875,9251.119140625
57096.021932842,52587.46484375,51991.34375,-8060.53076171875,10903.7177734375,-42999.8828125,-214.75555419921875,44437.14453125,9327.1591796875
57096.025501524,52693.4765625,52091.65625,-7937.529296875,11005.3056640625,-42889.5546875,-122.2193374633789,44543.13671875,9432.369140625
57096.029973499,52695.37890625,52092.328125,-7945.17333984375,11002.6240234375,-42887.6328125,-107.26602172851562,44544.0546875,9437.509765625
57096.03441557,52579.6640625,51981.6875,-8089.6552734375,10889.2109375,-43011.6171875,-201.52333068847656,44420.71875,9316.0283203125
57096.038925106,52504.42578125,51897.77734375,-8172.46826171875,10808.365234375,-43092.75390625,-275.12762451171875,44349.19140625,9245.4638671875
57096.042026643,52571.50390625,51957.8359375,-8083.2177734375,10874.4140625,-43018.4140625,-225.77496337890625,44422.7734375,9315.693359375
57096.045118698,52683.3984375,52069.640625,-7955.4775390625,10984.4521484375,-42902.8984375,-131.11532592773438,44531.73828125,9420.7236328125
57096.048823403,52693.34375,52091.8359375,-7953.287109375,10999.875,-42892.328125,-112.18340301513672,44533.34765625,9426.0439453125
57096.052934717,52573.0234375,51966.80078125,-8105.390625,10872.291015625,-43025.921875,-212.1627655029297,44401.09375,9298.6162109375
57096.056953404,52496.22265625,51881.39453125,-8187.9580078125,10791.82421875,-43106.58984375,-287.1305236816406,44339.06640625,9225.97265625
57096.060958599,52557.625,51937.09375,-8101.3671875,10849.291015625,-43037.61328125,-241.4211883544922,44415.2421875,9302.9970703125
57096.065009742,52661.515625,52049.12109375,-7972.0625,10962.1005859375,-42916.1328125,-140.45835876464844,44529.45703125,9419.94140625
57096.068929967,52691.33203125,52096.953125,-7951.275390625,11000.8583984375,-42885.66796875,-104.65087127685547,44548.5,9440.4599609375
57096.072024211,52579.21484375,51980.0546875,-8095.82421875,10879.845703125,-43014.4140625,-199.6681365966797,44427.3125,9320.54296875
57096.076048003,52499.0625,51888.3671875,-8182.548828125,10796.294921875,-43102.23046875,-282.7942810058594,44345.9296875,9242.06640625
57096.080984571,52574.9453125,51961.97265625,-8081.787109375,10874.0341796875,-43019.77734375,-227.02667236328125,44425.5,9317.8388671875
57096.08497846,52677.67578125,52065.484375,-7959.74658203125,10973.3427734375,-42913.00390625,-138.82669067382812,44527.4921875,9417.0361328125
57096.088980737,52684.76171875,52076.01171875,-7956.39404296875,10980.697265625,-42901.42578125,-116.85491943359375,44535.3828125,9428.3232421875
57096.093095333,52566.921875,51959.6015625,-8099.04296875,10864.53515625,-43024.3359375,-207.58065795898438,44417.65625,9316.1845703125
57096.097040721,52493.5859375,51885.21484375,-8178.25732421875,10795.177734375,-43099.953125,-280.1791076660156,44338.88671875,9238.490234375
57096.102081585,52569.8515625,51964.49609375,-8080.37890625,10877.431640625,-43016.71484375,-227.96543884277344,44420.4921875,9308.7861328125
57096.105600306,52665.76171875,52063.5625,-7963.0771484375,10978.1484375,-42908.80078125,-139.67605590820312,44526.640625,9414.755859375
57096.110143028,52676.2890625,52073.6171875,-7962.16064453125,10986.8662109375,-42896.21484375,-116.43023681640625,44535.0,9427.7646484375
57096.114076746,52575.70703125,51970.12890625,-8095.13134765625,10881.09765625,-43008.80078125,-197.43295288085938,44425.45703125,9320.8564453125
57096.118017029,52504.2265625,51893.73046875,-8174.85986328125,10802.53125,-43092.0859375,-274.70294189453125,44352.5234375,9247.4306640625
57096.121100697,52567.859375,51954.08203125,-8084.6708984375,10870.591796875,-43017.140625,-226.24435424804688,44425.65625,9318.419921875
57096.12412784,52681.69921875,52084.86328125,-7948.21337890625,11000.544921875,-42891.38671875,-125.19212341308594,44538.0859375,9427.7197265625
57096.128101673,52695.4453125,52101.1796875,-7942.6474609375,11011.5419921875,-42879.765625,-103.33211517333984,44548.12109375,9440.4599609375
57096.132056907,52586.12109375,51984.03515625,-8085.2744140625,10888.09375,-43006.12109375,-194.6389923095703,44430.73046875,9325.013671875
57096.136997486,52502.48046875,51900.1015625,-8167.953125,10811.181640625,-43084.59765625,-267.818603515625,44350.7109375,9244.48046875
57096.141028207,52558.47265625,51949.7890625,-8089.185546875,10864.9150390625,-43022.94921875,-230.2453155517578,44419.265625,9307.556640625
57096.145089196,52667.59375,52055.8046875,-7964.6865234375,10964.1337890625,-42914.859375,-139.65370178222656,44530.0390625,9418.7568359375
57096.149075428,52678.5703125,52070.71484375,-7961.82568359375,10971.755859375,-42904.1953125,-118.4865951538086,44538.2890625,9430.759765625
57096.152140497,52553.3984375,51949.96875,-8109.056640625,10859.7734375,-43023.62109375,-209.92758178710938,44416.58203125,9311.1552734375
57096.155710638,52495.375,51890.35546875,-8175.10595703125,10802.4638671875,-43089.6484375,-275.462890625,44350.7578125,9242.4013671875
57096.160122442,52574.609375,51964.54296875,-8080.73681640625,10871.6875,-43017.09375,-230.35707092285156,44418.19140625,9309.0771484375
57096.165073231,52675.26171875,52070.2421875,-7953.35400390625,10981.412109375,-42902.5859375,-137.95497131347656,44524.8984375,9416.1416015625
57096.169180169,52686.2578125,52085.12890625,-7951.18603515625,10994.95703125,-42888.34765625,-115.0891342163086,44534.28515625,9426.78125
57096.173078515,52571.50390625,51970.4453125,-8097.1875,10876.470703125,-43013.8984375,-207.7818145751953,44417.4765625,9316.8330078125
57096.177116529,52487.28125,51878.53125,-8186.1474609375,10786.974609375,-43103.37109375,-288.27044677734375,44336.94140625,9238.3779296875
57096.181143239,52554.62890625,51941.1171875,-8097.9697265625,10850.5205078125,-43031.3984375,-239.02955627441406,44405.62890625,9311.1552734375
57096.185166303,52666.6796875,52056.05078125,-7969.22412109375,10966.1455078125,-42914.8359375,-146.4933319091797,44521.859375,9422.7802734375
57096.190134961,52686.05859375,52077.8671875,-7957.19873046875,10977.6796875,-42903.078125,-123.6945571899414,44536.56640625,9444.193359375
57096.193643472,52564.6875,51965.01171875,-8100.40625,10864.04296875,-43028.24609375,-219.91880798339844,44410.3671875,9320.3193359375
57096.197222729,52490.2109375,51885.41796875,-8179.7548828125,10791.623046875,-43102.3671875,-286.8175964355469,44339.4921875,9241.75390625
57096.202273074,52556.796875,51942.83984375,-8092.69482421875,10854.23046875,-43030.68359375,-240.54946899414062,44409.02734375,9304.1591796875
57096.205992365,52664.12890625,52052.875,-7966.96630859375,10963.7314453125,-42918.27734375,-150.1590118408203,44514.08203125,9408.3408203125
57096.209193093,52686.59375,52083.3203125,-7949.55419921875,10991.0908203125,-42892.73046875,-116.38553619384766,44534.375,9430.06640625
57096.212183405,52574.5234375,51982.04296875,-8082.033203125,10888.8759765625,-43004.9140625,-198.6175994873047,44423.890625,9319.224609375
57096.216188599,52492.73828125,51900.6171875,-8164.17578125,10813.2373046875,-43085.53515625,-273.518310546875,44348.72265625,9239.33984375
57096.220230261,52565.671875,51968.9453125,-8071.818359375,10884.9423828125,-43009.71875,-221.7069549560547,44424.046875,9313.189453125
57096.225041381,52679.62109375,52081.30859375,-7944.279296875,10995.6279296875,-42891.90234375,-124.65567779541016,44530.8203125,9427.49609375
57096.229258814,52687.578125,52090.78515625,-7946.02294921875,10999.2041015625,-42885.109375,-109.1212158203125,44536.3203125,9436.19140625
57096.233164818,52564.55078125,51966.12890625,-8096.181640625,10869.876953125,-43016.84765625,-205.27842712402344,44423.66796875,9319.6943359375
57096.236140543,52487.70703125,51879.58203125,-8179.1962890625,10787.599609375,-43099.01171875,-277.76513671875,44351.984375,9243.7646484375
57096.240154854,52553.375,51939.15234375,-8093.54443359375,10852.0849609375,-43027.46484375,-232.27932739257812,44422.1015625,9311.513671875
57096.244156037,52677.5390625,52073.640625,-7956.6396484375,10982.775390625,-42902.80859375,-136.27857971191406,44530.6875,9420.5673828125
57096.248126223,52707.11328125,52106.74609375,-7939.22802734375,11013.2412109375,-42876.27734375,-106.1931381225586,44545.21484375,9442.896484375
57096.253058414,52569.24609375,51954.9765625,-8105.74853515625,10862.5234375,-43022.32421875,-212.49803161621094,44414.4375,9318.0849609375
57096.257117215,52490.1875,51878.375,-8183.10791015625,10792.3388671875,-43095.86328125,-280.8943786621094,44343.78125,9240.5244140625
57096.26113809,52568.30859375,51961.1015625,-8084.6484375,10872.6484375,-43014.97265625,-228.14425659179688,44418.953125,9311.4462890625
57096.264156117,52662.6328125,52054.15234375,-7973.515625,10961.943359375,-42918.79296875,-153.37767028808594,44509.8125,9407.5361328125
57096.268221847,52682.234375,52083.09765625,-7959.21044921875,10987.916015625,-42895.63671875,-122.97930145263672,44519.30859375,9420.7236328125
57096.274106926,52565.8046875,51963.58203125,-8104.4521484375,10868.5361328125,-43020.203125,-212.6544952392578,44398.65625,9303.421875
57096.277172361,52491.3046875,51881.328125,-8188.27099609375,10791.3779296875,-43101.25,-286.1917419433594,44336.09375,9228.0517578125
57096.282235104,52563.34765625,51950.796875,-8096.11474609375,10864.0205078125,-43023.15234375,-233.9110107421875,44412.0234375,9301.1201171875
57096.286231547,52665.8515625,52036.26953125,-7984.892578125,10941.15625,-42925.7890625,-147.6109161376953,44517.09765625,9411.5595703125
57096.29022106,52670.43359375,52046.328125,-7981.13720703125,10952.4892578125,-42913.09375,-128.50018310546875,44524.0703125,9424.3671875
57096.29323617,52568.64453125,51973.9765625,-8098.0595703125,10885.1650390625,-43007.68359375,-203.7584991455078,44416.58203125,9318.3974609375
57096.297140714,52487.171875,51890.06640625,-8187.06396484375,10805.6826171875,-43094.9453125,-284.0906677246094,44335.734375,9232.298828125
57096.300252827,52547.98828125,51954.23828125,-8102.373046875,10871.9111328125,-43024.89453125,-241.17532348632812,44399.97265625,9289.8095703125
57096.304254739,52659.66015625,52061.6171875,-7976.53271484375,10974.5498046875,-42909.8046875,-145.93453979492188,44508.91796875,9400.71875
57096.308248629,52681.18359375,52077.6875,-7965.62548828125,10982.8876953125,-42895.390625,-120.27473449707031,44525.1875,9423.115234375
57096.313223122,52569.15625,51967.24609375,-8101.32275390625,10873.3193359375,-43011.5078125,-204.6749267578125,44413.00390625,9314.3740234375
57096.317222117,52494.94921875,51890.625,-8176.89404296875,10805.302734375,-43084.08203125,-270.56787109375,44340.8984375,9236.43359375
57096.320270411,52554.62890625,51943.98046875,-8095.28759765625,10859.6396484375,-43020.08984375,-228.45718383789062,44405.67578125,9298.1025390625
57096.324218717,52649.37890625,52029.62890625,-7984.40087890625,10944.8447265625,-42923.484375,-149.75668334960938,44512.55859375,9399.5341796875
57096.328335501,52677.875,52064.27734375,-7964.6640625,10972.896484375,-42898.78515625,-120.5206069946289,44530.44140625,9424.0546875
57096.331788582,52580.109375,51978.71484375,-8098.75244140625,10875.77734375,-43017.18359375,-212.47567749023438,44409.00390625,9305.7685546875
57096.336286083,52497.7421875,51887.921875,-8190.86376953125,10795.04296875,-43101.11328125,-293.0984191894531,44324.91796875,9218.775390625
57096.341259482,52568.93359375,51956.67578125,-8100.0263671875,10870.927734375,-43017.02734375,-234.73802185058594,44403.28125,9289.4296875
57096.345290204,52663.97265625,52048.0703125,-7986.6806640625,10961.384765625,-42913.2265625,-146.00160217285156,44508.37890625,9394.52734375
57096.348306407,52683.73046875,52080.61328125,-7967.7265625,10990.7099609375,-42888.90625,-117.72663879394531,44524.65234375,9415.248046875
57096.353302416,52561.82421875,51960.51953125,-8112.5654296875,10864.958984375,-43018.48046875,-209.92758178710938,44407.10546875,9303.7568359375
57096.356308044,52480.2421875,51877.1015625,-8199.6923828125,10787.599609375,-43105.046875,-291.9808349609375,44320.15625,9220.720703125
57096.360256349,52557.625,51954.4609375,-8101.07666015625,10871.53125,-43018.859375,-235.07330322265625,44397.71875,9294.0341796875
57096.364350524,52661.08984375,52059.3828125,-7979.41650390625,10974.8408203125,-42908.2421875,-144.14639282226562,44512.29296875,9405.0771484375
57096.370339899,52687.33203125,52089.421875,-7958.6962890625,10998.130859375,-42882.58203125,-109.25532531738281,44535.73828125,9432.0341796875
57096.374366245,52561.3359375,51955.109375,-8114.1748046875,10860.064453125,-43019.59765625,-207.33477783203125,44412.15625,9307.4453125
57096.377361297,52475.8828125,51863.46875,-8205.5263671875,10777.8994140625,-43107.484375,-290.0362243652344,44326.7734375,9217.0322265625
57096.38124615,52547.5,51938.90625,-8107.2236328125,10861.0478515625,-43025.23046875,-238.42605590820312,44400.1328125,9289.02734375
57096.384231721,52649.9140625,52040.44921875,-7984.95947265625,10961.228515625,-42914.43359375,-146.89566040039062,44506.97265625,9400.31640625
57096.388271559,52671.73046875,52067.5859375,-7972.93408203125,10976.78515625,-42899.7265625,-122.84518432617188,44520.60546875,9419.986328125
57096.392246121,52553.62109375,51944.73828125,-8124.07666015625,10845.8037109375,-43033.8125,-221.99752807617188,44396.59765625,9300.7177734375
57096.397204569,52461.6015625,51844.9375,-8219.6083984375,10754.9892578125,-43125.2109375,-307.0906066894531,44310.1640625,9213.3447265625
57096.401334116,52543.18359375,51943.64453125,-8110.3974609375,10863.7080078125,-43031.78125,-253.64759826660156,44382.36328125,9281.0927734375
57096.404295254,52652.86328125,52048.47265625,-7985.80908203125,10961.2509765625,-42925.33984375,-162.63128662109375,44491.32421875,9393.25390625
57096.408309201,52675.10546875,52066.6015625,-7970.94482421875,10971.4208984375,-42905.9375,-129.28248596191406,44510.68359375,9421.796875
57096.411984731,52549.375,51939.84375,-8121.12646484375,10843.412109375,-43033.34375,-220.7011260986328,44399.86328125,9309.3447265625
57096.416356786,52469.82421875,51865.09765625,-8204.744140625,10774.61328125,-43110.1015625,-292.51727294921875,44328.11328125,9229.0576171875
57096.420379849,52548.68359375,51946.21484375,-8101.970703125,10865.4287109375,-43018.79296875,-233.5086669921875,44405.83203125,9299.6220703125
57096.425344861,52660.328125,52052.296875,-7979.32666015625,10964.111328125,-42914.3203125,-147.45445251464844,44510.21484375,9406.4853515625
57096.429369018,52669.00390625,52056.7421875,-7972.19677734375,10961.7421875,-42906.765625,-126.30970764160156,44524.8984375,9426.423828125
57096.433384423,52550.0234375,51953.43359375,-8105.63671875,10863.283203125,-43020.08984375,-215.76138305664062,44405.51953125,9306.5732421875
57096.436424331,52480.84375,51891.7890625,-8179.7548828125,10808.7451171875,-43084.6875,-276.6922302246094,44335.9375,9230.0185546875
57096.441389342,52548.63671875,51943.8671875,-8096.29345703125,10864.2666015625,-43015.1953125,-225.1044158935547,44411.62109375,9302.5947265625
57096.445389066,52652.0390625,52054.484375,-7972.80029296875,10977.791015625,-42898.7421875,-132.7693634033203,44515.7578125,9403.333984375
57096.449357794,52695.3984375,52110.9453125,-7938.15478515625,11024.751953125,-42859.1796875,-89.36227416992188,44547.33984375,9435.587890625
57096.454443512,52574.34375,51980.79296875,-8089.14111328125,10890.9990234375,-42990.80859375,-181.27264404296875,44428.49609375,9321.2587890625
57096.45695902,52480.734375,51875.44921875,-8190.1708984375,10791.9365234375,-43087.14453125,-266.43280029296875,44339.15625,9226.7109375
57096.460408819,52544.30078125,51937.98828125,-8102.73095703125,10859.86328125,-43017.83203125,-224.74679565429688,44414.28125,9296.626953125
57096.46434582,52655.03125,52059.5390625,-7967.7265625,10981.0771484375,-42896.125,-128.20960998535156,44525.58984375,9411.8505859375
57096.468394045,52694.37109375,52102.2734375,-7934.8916015625,11016.9287109375,-42862.0859375,-88.89289093017578,44553.30859375,9443.4111328125
57096.472349644,52574.12109375,51980.01171875,-8083.50830078125,10889.859375,-42992.5078125,-185.07244873046875,44433.2578125,9324.72265625
57096.476392035,52481.828125,51884.41015625,-8181.22998046875,10799.3125,-43086.33984375,-270.45611572265625,44346.3984375,9236.7021484375
57096.481369081,52550.0703125,51945.453125,-8096.4501953125,10864.6015625,-43018.45703125,-229.84298706054688,44408.98046875,9300.29296875
57096.485428247,52654.02734375,52042.66015625,-7981.47265625,10954.544921875,-42917.3828125,-148.16970825195312,44507.5546875,9399.9814453125
57096.488428769,52669.515625,52066.2421875,-7967.3017578125,10974.37109375,-42898.5625,-121.68289947509766,44523.78125,9419.896484375
57096.492419742,52565.58203125,51969.078125,-8094.818359375,10880.8291015625,-43004.21875,-198.72935485839844,44409.921875,9309.92578125
57096.496432229,52480.64453125,51876.1875,-8189.05322265625,10791.712890625,-43095.03515625,-279.8661804199219,44334.7734375,9226.9345703125
57096.500443988,52533.5078125,51912.8203125,-8118.578125,10831.6103515625,-43038.796875,-243.61166381835938,44401.25,9293.251953125
57096.504448453,52646.16015625,52036.1796875,-7986.4794921875,10956.1103515625,-42917.7421875,-151.9918670654297,44507.7109375,9402.126953125
57096.508425932,52677.02734375,52073.77734375,-7967.2568359375,10978.685546875,-42897.1328125,-119.62653350830078,44531.26953125,9424.970703125
57096.513409177,52563.3671875,51961.94921875,-8103.73681640625,10872.4697265625,-43007.70703125,-198.5281982421875,44420.5390625,9311.669921875
57096.517464332,52499.44140625,51910.00390625,-8176.0,10826.7158203125,-43072.59375,-268.0868225097656,44340.7890625,9229.1025390625
57096.521477914,52556.83984375,51969.4140625,-8091.08544921875,10893.4130859375,-43001.1796875,-224.9479522705078,44404.265625,9293.8330078125
57096.52543643,52653.9375,52065.68359375,-7971.705078125,10987.08984375,-42893.7109375,-132.2999725341797,44512.11328125,9401.3447265625
57096.529398958,52687.93359375,52099.32421875,-7945.0615234375,11012.1005859375,-42866.77734375,-95.5984115600586,44542.51171875,9433.93359375
57096.533345075,52575.01171875,51979.18359375,-8090.48193359375,10887.802734375,-42993.6015625,-187.95582580566406,44424.44921875,9321.19140625
57096.538372081,52473.76171875,51872.0078125,-8198.3515625,10786.1025390625,-43097.80859375,-282.57073974609375,44326.66015625,9224.564453125
57096.542340444,52542.89453125,51938.4375,-8106.396484375,10856.197265625,-43024.29296875,-234.8497772216797,44393.11328125,9288.916015625
57096.545338413,52651.61328125,52048.18359375,-7977.20361328125,10964.291015625,-42907.79296875,-138.55845642089844,44504.2890625,9397.58984375
57096.549300577,52674.96875,52078.69140625,-7956.662109375,10990.4423828125,-42883.20703125,-109.23297882080078,44534.10546875,9426.3115234375
57096.55233392,52560.7734375,51962.62109375,-8098.52880859375,10874.9287109375,-43005.31640625,-199.55638122558594,44417.02734375,9317.1455078125
57096.556529838,52475.7265625,51869.45703125,-8192.8310546875,10789.1201171875,-43093.40234375,-278.815673828125,44333.8125,9230.2646484375
57096.5605653,52536.6796875,51933.65234375,-8109.92822265625,10854.833984375,-43027.53125,-239.9236297607422,44396.6875,9291.1728515625
57096.564610608,52652.73046875,52044.671875,-7980.2880859375,10959.373046875,-42916.17578125,-148.4379425048828,44504.87109375,9402.216796875
57096.569547175,52690.86328125,52083.609375,-7951.2978515625,10993.2138671875,-42886.0,-114.97737121582031,44529.97265625,9430.9609375
57096.572548427,52577.16015625,51987.65234375,-8079.70849609375,10900.677734375,-42992.10546875,-194.88485717773438,44420.29296875,9323.1142578125
57096.576531376,52486.0546875,51893.1953125,-8178.52587890625,10808.833984375,-43083.8125,-275.97698974609375,44336.67578125,9236.724609375
57096.580108446,52536.0078125,51926.54296875,-8107.51416015625,10855.3037109375,-43025.1171875,-238.31430053710938,44397.2265625,9290.32421875
57096.584552705,52647.09765625,52043.82421875,-7974.7001953125,10973.65625,-42906.0078125,-143.40879821777344,44505.49609375,9396.875
57096.588523985,52693.74609375,52104.7109375,-7936.76904296875,11017.845703125,-42870.69140625,-107.91422271728516,44531.1328125,9428.14453125
57096.592562,52583.7734375,51992.03515625,-8071.93017578125,10904.052734375,-42987.1640625,-188.31344604492188,44421.7890625,9324.09765625
57096.596170431,52484.46484375,51889.23828125,-8176.55859375,10807.4931640625,-43085.24609375,-272.35601806640625,44330.125,9228.5439453125
57096.601604776,52547.0078125,51947.33203125,-8092.248046875,10870.189453125,-43016.1796875,-226.26670837402344,44409.62890625,9298.28125
57096.605201537,52650.3828125,52043.5546875,-7978.61181640625,10962.189453125,-42918.03125,-149.8013916015625,44506.16796875,9402.775390625
57096.608652795,52674.546875,52069.328125,-7957.82470703125,10981.322265625,-42893.19921875,-117.12313842773438,44530.1953125,9430.55859375
57096.613646251,52568.171875,51972.61328125,-8079.060546875,10888.33984375,-42991.14453125,-183.1949005126953,44434.23828125,9328.8583984375
57096.617544961,52483.28125,51887.2734375,-8172.11083984375,10806.2412109375,-43080.953125,-265.78460693359375,44347.06640625,9236.2548828125
57096.622619374,52541.5078125,51941.8984375,-8094.12548828125,10859.9970703125,-43022.90625,-233.10633850097656,44404.37890625,9295.330078125
57096.626603417,52637.93359375,52030.5703125,-7985.294921875,10939.7255859375,-42930.390625,-154.8975830078125,44501.609375,9397.3662109375
57096.629723917,52675.6171875,52078.0234375,-7951.119140625,10985.078125,-42889.2421875,-113.21158599853516,44532.4765625,9430.6259765625
57096.633581055,52564.6640625,51979.33984375,-8084.73779296875,10890.373046875,-43002.36328125,-202.75267028808594,44412.6015625,9312.2958984375
57096.636649042,52478.453125,51885.7734375,-8182.392578125,10803.73828125,-43092.0625,-285.8341064453125,44324.78515625,9220.162109375
57096.640401153,52552.953125,51956.00390625,-8088.470703125,10875.9345703125,-43014.7265625,-232.83811950683594,44400.375,9295.7109375
57096.644396866,52654.65234375,52058.26171875,-7968.330078125,10973.4326171875,-42909.6484375,-146.24746704101562,44500.66796875,9405.0107421875
57096.648442539,52684.359375,52087.58984375,-7943.43017578125,10999.8076171875,-42878.22265625,-109.27767944335938,44526.8203125,9437.30859375
57096.652671278,52565.87109375,51966.53125,-8091.91259765625,10876.671875,-43007.34765625,-206.7312774658203,44412.24609375,9317.5927734375
57096.656600256,52477.0,51876.921875,-8191.7802734375,10790.953125,-43102.2109375,-292.49493408203125,44319.77734375,9217.1884765625
57096.659659855,52539.40625,51935.8203125,-8103.08837890625,10860.82421875,-43026.59375,-243.61166381835938,44390.7890625,9282.9921875
57096.664136935,52650.5625,52050.015625,-7974.14111328125,10971.287109375,-42910.90234375,-149.39906311035156,44500.9140625,9393.2978515625
57096.668594688,52691.578125,52100.0390625,-7938.646484375,11009.8876953125,-42870.421875,-100.76166534423828,44540.12109375,9433.978515625
57096.672620669,52573.359375,51983.16015625,-8080.2001953125,10891.669921875,-42995.79296875,-191.0403594970703,44425.0546875,9324.9912109375
57096.67667947,52482.1875,51882.06640625,-8181.31982421875,10792.361328125,-43096.62109375,-279.9779357910156,44332.62890625,9232.611328125
57096.68070071,52533.99609375,51918.25390625,-8110.017578125,10830.9404296875,-43042.77734375,-245.84683227539062,44392.62109375,9288.5576171875
57096.685683226,52637.8203125,52029.71875,-7983.19384765625,10947.0576171875,-42923.44140625,-152.1259765625,44501.0703125,9395.779296875
57096.688649834,52675.9765625,52090.046875,-7944.01123046875,11006.5126953125,-42876.1015625,-105.88021087646484,44534.0625,9431.2958984375
57096.693718777,52581.203125,51998.78515625,-8066.76708984375,10910.154296875,-42979.296875,-177.18228149414062,44430.44140625,9333.9990234375
57096.696749932,52493.5859375,51907.72265625,-8163.43798828125,10826.0224609375,-43068.32421875,-257.8050231933594,44340.54296875,9241.0830078125
57096.701720778,52548.97265625,51961.16796875,-8086.14599609375,10884.025390625,-43007.39453125,-223.3162841796875,44408.73828125,9298.9736328125
57096.705630793,52655.12109375,52062.0859375,-7962.56298828125,10982.060546875,-42898.765625,-132.45643615722656,44520.40625,9414.5771484375
57096.710688067,52685.1171875,52093.734375,-7938.490234375,11004.61328125,-42873.6875,-100.85107421875,44544.63671875,9444.39453125
57096.713730526,52570.9453125,51971.359375,-8080.4013671875,10876.2919921875,-43000.5546875,-190.90625,44430.6640625,9335.5859375
57096.716678901,52469.1796875,51867.671875,-8186.9521484375,10781.7216796875,-43101.71875,-286.57171630859375,44326.48046875,9228.677734375
57096.720624289,52540.2578125,51949.72265625,-8090.4599609375,10871.3740234375,-43018.4375,-236.5485076904297,44394.34375,9290.8154296875
57096.724742532,52639.83203125,52045.0078125,-7968.97802734375,10966.302734375,-42911.03515625,-147.27565002441406,44502.03125,9398.8193359375
57096.728756114,52673.91796875,52081.80078125,-7936.478515625,11001.7744140625,-42873.52734375,-106.93074798583984,44534.734375,9435.6328125
57096.732789388,52583.5078125,51996.171875,-8062.92236328125,10903.248046875,-42984.59375,-185.98886108398438,44428.80859375,9331.048828125
57096.736769055,52483.640625,51889.75390625,-8171.3505859375,10805.6376953125,-43082.96484375,-273.7418212890625,44332.828125,9228.677734375
57096.73985564,52547.74609375,51950.68359375,-8085.4306640625,10873.0732421875,-43011.9765625,-228.52423095703125,44401.00390625,9295.978515625
57096.743691992,52648.6171875,52047.64453125,-7968.6875,10967.77734375,-42909.62890625,-144.48167419433594,44499.10546875,9402.1044921875
57096.747798929,52674.5234375,52070.9609375,-7951.20849609375,10982.8876953125,-42891.34375,-118.21837615966797,44523.84765625,9430.71484375
57096.752749719,52567.97265625,51970.2421875,-8086.056640625,10880.806640625,-43004.109375,-203.6243896484375,44417.6328125,9321.9287109375
57096.756762936,52483.86328125,51887.4296875,-8176.87158203125,10809.3486328125,-43084.640625,-277.6086730957031,44335.06640625,9236.232421875
57096.760745885,52542.3125,51947.53125,-8095.15380859375,10870.681640625,-43022.34765625,-240.54946899414062,44394.765625,9296.8505859375
57096.7647901,52648.52734375,52057.125,-7967.7265625,10977.2998046875,-42909.24609375,-149.9355010986328,44501.2734375,9405.8154296875
57096.7693062,52680.8046875,52092.99609375,-7936.56787109375,11010.3798828125,-42870.17578125,-102.10276794433594,44539.73828125,9445.310546875
57096.773756659,52564.55078125,51971.71875,-8081.4296875,10884.4052734375,-42996.64453125,-190.8168487548828,44425.96875,9332.658203125
57096.777792121,52467.703125,51865.61328125,-8190.8193359375,10782.548828125,-43100.98046875,-285.9682312011719,44326.21484375,9230.2646484375
57096.781869521,52536.27734375,51932.8046875,-8104.2509765625,10850.3642578125,-43033.2109375,-246.9197235107422,44387.1875,9287.3505859375
57096.784787627,52656.77734375,52057.078125,-7963.703125,10975.220703125,-42907.05859375,-144.9957733154297,44504.19921875,9403.87109375
57096.790747464,52669.80859375,52072.09765625,-7946.76025390625,10989.4140625,-42884.3046875,-111.95988464355469,44530.73046875,9436.794921875
57096.794790949,52557.17578125,51962.8671875,-8084.9833984375,10875.107421875,-43002.25390625,-193.54376220703125,44418.6171875,9327.583984375
57096.797823563,52477.08984375,51882.9375,-8174.748046875,10802.1513671875,-43085.1328125,-271.0596008300781,44330.05859375,9236.0986328125
57096.800826274,52533.7734375,51931.9296875,-8099.46728515625,10860.3994140625,-43021.9453125,-234.17922973632812,44398.54296875,9294.9287109375
57096.803810386,52639.05078125,52040.1796875,-7980.60107421875,10961.9208984375,-42916.7109375,-152.52830505371094,44497.09375,9397.6572265625
57096.808725802,52685.8125,52095.63671875,-7940.2783203125,11007.787109375,-42874.08984375,-107.44483184814453,44534.3515625,9436.236328125
57096.812818518,52577.62890625,51979.5625,-8075.841796875,10890.6640625,-42989.33203125,-187.5087890625,44428.62890625,9334.22265625
57096.816822254,52473.53515625,51865.8828125,-8190.10400390625,10781.498046875,-43100.37890625,-284.67181396484375,44329.05078125,9234.1982421875
57096.820773112,52525.7265625,51917.46875,-8117.14794921875,10835.9697265625,-43042.84375,-250.63011169433594,44386.2265625,9288.826171875
57096.82572536,52640.03515625,52049.8125,-7973.62744140625,10978.484375,-42902.296875,-142.02297973632812,44502.79296875,9400.9423828125
57096.828658418,52673.8515625,52089.8671875,-7939.83154296875,11013.2412109375,-42867.3828125,-101.34281158447266,44536.34375,9435.9228515625
57096.831888319,52570.02734375,51979.18359375,-8073.94189453125,10896.9443359375,-42984.640625,-183.32901000976562,44430.484375,9335.2958984375
57096.836679018,52473.984375,51874.6875,-8183.3759765625,10794.037109375,-43091.30078125,-277.5192565917969,44334.3515625,9241.171875
57096.840724326,52521.5703125,51918.51953125,-8117.7958984375,10839.724609375,-43043.1328125,-253.3346710205078,44380.86328125,9283.8642578125
57096.844726238,52635.65234375,52031.0390625,-7984.6240234375,10955.0595703125,-42917.96484375,-148.70616149902344,44495.5078125,9397.6572265625
57096.848397028,52674.1875,52081.12890625,-7945.93359375,11000.388671875,-42874.109375,-103.66738891601562,44530.7109375,9434.4697265625
57096.852716205,52568.8203125,51977.640625,-8079.10498046875,10888.853515625,-42989.0859375,-185.16184997558594,44432.1171875,9333.26171875
57096.856669981,52470.5859375,51879.71875,-8182.794921875,10800.072265625,-43085.3125,-273.4959411621094,44336.13671875,9234.556640625
57096.861686411,52526.33203125,51930.2109375,-8108.0283203125,10857.896484375,-43026.7265625,-240.6165313720703,44389.6484375,9283.9755859375
57096.865488483,52635.20703125,52032.37890625,-7980.62353515625,10957.361328125,-42917.3828125,-150.11431884765625,44499.6640625,9396.875
57096.871652537,52663.125,52060.74609375,-7953.5107421875,10979.7353515625,-42891.3671875,-119.3359603881836,44525.97265625,9430.0
57096.874527612,52569.046875,51975.80859375,-8078.0546875,10886.4169921875,-42997.40234375,-198.751708984375,44416.984375,9324.72265625
#57126.87494735,52916.4375,52217.87890625,-7610.4560546875,11184.6787109375,-42001.90234375,247.6126251220703,44686.90234375,9587.3564453125
57126.878970049,52802.8671875,52107.7265625,-7751.29443359375,11075.7138671875,-42122.890625,155.7469482421875,44568.015625,9469.6513671875
57126.884910194,52742.6953125,52043.66796875,-7807.71044921875,11019.6337890625,-42178.43359375,100.40403747558594,44517.87890625,9413.9736328125
57126.887976357,52822.671875,52120.55859375,-7703.8193359375,11098.490234375,-42089.40625,164.41943359375,44605.20703125,9502.330078125
57126.891935238,52917.6640625,52214.3671875,-7593.87109375,11189.640625,-41988.421875,249.35606384277344,44702.23828125,9603.2255859375
57126.895961583,52914.69140625,52212.46875,-7611.037109375,11181.080078125,-41997.07421875,256.68743896484375,44694.7734375,9603.404296875
57126.900004704,52784.00390625,52077.328125,-7768.5947265625,11042.2314453125,-42136.390625,154.13763427734375,44569.55859375,9481.251953125
57126.904872713,52731.67578125,52023.4375,-7821.41162109375,10999.583984375,-42184.87109375,100.11346435546875,44516.6953125,9423.5400390625
57126.908948653,52824.01171875,52119.10546875,-7707.06005859375,11099.6083984375,-42084.1328125,170.81202697753906,44608.16015625,9507.8505859375
57126.912960776,52926.42578125,52222.4609375,-7589.646484375,11198.5595703125,-41978.07421875,258.9002685546875,44709.94921875,9610.9814453125
57126.916543316,52917.62109375,52213.80859375,-7611.14892578125,11180.2529296875,-41994.58984375,260.93426513671875,44699.28515625,9607.62890625
57126.920803051,52788.671875,52082.984375,-7767.70068359375,11048.109375,-42132.8359375,156.1492919921875,44569.46875,9479.53125
57126.924073796,52726.0,52016.7109375,-7831.3134765625,10988.4306640625,-42196.5625,91.5303955078125,44507.21875,9412.4091796875
57126.926863538,52805.90625,52091.38671875,-7726.30517578125,11068.830078125,-42105.48046875,155.63519287109375,44593.921875,9495.3564453125
57126.930902282,52916.1015625,52208.890625,-7596.55322265625,11187.517578125,-41983.7734375,253.60289001464844,44699.48828125,9605.2373046875
57126.934907477,52908.8828125,52206.5,-7620.0224609375,11172.4296875,-42001.41015625,253.15585327148438,44686.14453125,9593.8828125
57126.938907201,52789.87890625,52095.34375,-7759.09521484375,11070.86328125,-42117.4375,162.0948486328125,44575.45703125,9473.7421875
57126.94403048,52742.76171875,52050.375,-7807.44189453125,11030.8984375,-42165.46875,111.04346466064453,44524.18359375,9417.572265625
57126.947130923,52823.7421875,52126.68359375,-7702.232421875,11105.93359375,-42077.3828125,176.3776092529297,44611.30859375,9502.375
57126.951058078,52928.23828125,52234.26171875,-7577.8896484375,11211.880859375,-41965.46875,269.5843811035156,44717.8828125,9611.1611328125
57126.955038474,52922.5625,52233.2109375,-7594.2509765625,11203.5888671875,-41975.45703125,274.6582336425781,44710.05859375,9611.541015625
57126.958963805,52794.6640625,52102.49609375,-7748.142578125,11073.0986328125,-42109.61328125,175.3717803955078,44586.65625,9491.6904296875
57126.963028441,52734.15625,52039.98046875,-7808.5146484375,11018.515625,-42170.72265625,111.69166564941406,44526.62109375,9428.7705078125
57126.96661718,52816.14453125,52112.4453125,-7708.625,11092.03125,-42087.88671875,170.364990234375,44609.61328125,9509.4375
57126.972102944,52915.1640625,52215.44140625,-7588.72998046875,11195.2958984375,-41979.4140625,258.3414611816406,44710.05859375,9609.529296875
57126.976021346,52914.76171875,52217.3203125,-7599.4140625,11191.09375,-41983.68359375,269.0703125,44703.04296875,9607.8076171875
57126.979954335,52799.3359375,52099.546875,-7746.33251953125,11070.6181640625,-42113.16796875,172.0413818359375,44576.84375,9485.923828125
57126.984122173,52731.9453125,52027.21484375,-7815.33203125,11003.919921875,-42183.10546875,101.23104858398438,44517.2109375,9418.287109375
57126.988123721,52808.5234375,52100.21875,-7716.31396484375,11079.6923828125,-42100.359375,155.99282836914062,44593.83203125,9496.5634765625
57126.993065394,52910.3359375,52201.1796875,-7599.59326171875,11178.2861328125,-41994.81640625,241.71176147460938,44692.15625,9598.8671875
57126.997060742,52913.75390625,52207.3046875,-7608.6904296875,11174.1064453125,-41997.23046875,256.4415588378906,44694.6171875,9603.4267578125
57127.001163304,52798.30859375,52094.1171875,-7747.85205078125,11061.4541015625,-42115.8515625,170.38734436035156,44581.671875,9488.2041015625
57127.003678083,52738.5625,52028.78125,-7810.7275390625,11001.0595703125,-42180.42578125,109.23297882080078,44523.51171875,9424.7919921875
57127.008075665,52824.8828125,52125.3203125,-7700.01953125,11104.681640625,-42083.6171875,169.67208862304688,44604.78515625,9506.353515625
57127.011096973,52914.69140625,52222.14453125,-7586.60693359375,11207.7900390625,-41977.91796875,250.63011169433594,44698.1015625,9599.91796875
57127.015095968,52916.50390625,52223.64453125,-7601.42578125,11193.10546875,-41993.96484375,251.25596618652344,44688.35546875,9596.54296875
57127.019116844,52799.8046875,52102.49609375,-7749.037109375,11065.25390625,-42125.83984375,154.49525451660156,44566.65234375,9478.212890625
57127.023178927,52730.46875,52026.48046875,-7817.23193359375,11000.3662109375,-42185.7890625,99.55467224121094,44511.890625,9415.4267578125
57127.028085956,52815.96484375,52119.0390625,-7707.12744140625,11097.2607421875,-42087.57421875,167.97335815429688,44598.61328125,9497.1220703125
57127.031180564,52934.20703125,52240.51953125,-7573.9111328125,11215.30078125,-41967.27734375,266.3880920410156,44707.7578125,9609.2607421875
57127.035098966,52941.40234375,52250.421875,-7570.96044921875,11226.1640625,-41951.8984375,293.903076171875,44728.1875,9627.1201171875
57127.039145733,52807.0703125,52115.640625,-7727.1767578125,11092.4775390625,-42089.1171875,192.44851684570312,44605.1171875,9503.4697265625
57127.043142905,52741.9375,52050.015625,-7792.64501953125,11032.3515625,-42156.93359375,124.85684204101562,44538.48828125,9435.185546875
57127.04719733,52827.4765625,52132.1796875,-7689.0,11113.82421875,-42071.7265625,181.13853454589844,44618.171875,9513.4384765625
57127.050972416,52917.8671875,52219.5546875,-7581.8681640625,11197.888671875,-41977.8515625,256.8662414550781,44710.93359375,9610.646484375
57127.056149667,52910.06640625,52207.41796875,-7602.029296875,11177.19140625,-41991.6875,262.43182373046875,44705.07421875,9608.92578125
57127.059693551,52791.17578125,52085.95703125,-7750.28857421875,11055.150390625,-42118.64453125,168.48745727539062,44583.4140625,9487.220703125
57127.064168443,52731.296875,52024.35546875,-7815.3994140625,11001.55078125,-42180.0,103.46622467041016,44516.58203125,9419.3828125
57127.067966504,52812.9921875,52114.8359375,-7706.07666015625,11101.2841796875,-42083.88671875,163.1453857421875,44594.34375,9492.6962890625
57127.072211652,52925.7109375,52230.68359375,-7577.42041015625,11210.427734375,-41972.375,255.05575561523438,44699.64453125,9598.912109375
57127.077100812,52928.5078125,52231.80078125,-7590.294921875,11202.068359375,-41980.9140625,261.6942138671875,44693.69921875,9599.0234375
57127.081139556,52791.04296875,52084.7265625,-7759.47509765625,11046.9697265625,-42137.64453125,145.8674774169922,44552.7265625,9467.349609375
57127.084065321,52706.95703125,51981.91015625,-7853.375,10942.7880859375,-42236.28125,55.946414947509766,44479.92578125,9391.6669921875
57127.089171461,52789.0546875,52066.66796875,-7743.91845703125,11043.6396484375,-42131.5625,125.41564178466797,44568.68359375,9473.294921875
57127.092697111,52909.23828125,52216.671875,-7589.490234375,11207.701171875,-41974.18359375,251.65829467773438,44695.5078125,9589.1884765625
57127.096165873,52948.15234375,52273.98046875,-7562.57861328125,11248.783203125,-41945.328125,290.7738342285156,44720.54296875,9616.1005859375
57127.099216355,52818.6484375,52137.8359375,-7720.53857421875,11110.2470703125,-42085.62890625,188.4475555419922,44593.5859375,9492.7861328125
57127.103210245,52735.43359375,52040.3828125,-7808.939453125,11018.314453125,-42172.48828125,109.09886169433594,44516.29296875,9415.44921875
57127.107190642,52814.109375,52115.1484375,-7710.2119140625,11095.271484375,-42089.00390625,164.48648071289062,44596.73828125,9494.1044921875
57127.112207801,52917.26171875,52221.56640625,-7585.15380859375,11198.3134765625,-41977.37890625,255.77101135253906,44704.13671875,9601.19140625
57127.115233486,52915.72265625,52218.28125,-7592.97705078125,11190.6689453125,-41980.9140625,266.3433837890625,44703.95703125,9605.6845703125
57127.118254795,52797.8359375,52101.76171875,-7737.97265625,11077.0771484375,-42100.1796875,179.57391357421875,44588.51171875,9489.8349609375
57127.123139944,52740.26171875,52046.6171875,-7796.3330078125,11029.7587890625,-42152.88671875,126.98026275634766,44533.4609375,9427.787109375
57127.127161913,52815.94140625,52120.0,-7700.06396484375,11102.2236328125,-42076.30859375,177.78578186035156,44605.453125,9502.3974609375
57127.131239677,52912.078125,52220.0234375,-7584.39404296875,11203.1640625,-41971.5703125,260.3307800292969,44698.63671875,9599.0009765625
57127.135240131,52929.17578125,52234.55078125,-7580.68359375,11208.5732421875,-41964.4609375,283.1072082519531,44720.1875,9619.810546875
57127.139287262,52807.47265625,52102.49609375,-7735.4248046875,11070.796875,-42106.4609375,177.763427734375,44593.4296875,9500.8544921875
57127.14427306,52722.9140625,52008.9765625,-7825.65869140625,10980.205078125,-42198.484375,91.03865814208984,44509.72265625,9416.5439453125
57127.148241058,52796.09375,52088.171875,-7724.1591796875,11065.3203125,-42109.234375,151.38836669921875,44589.00390625,9488.29296875
57127.152225101,52915.98828125,52217.765625,-7581.57763671875,11199.3193359375,-41973.87109375,259.66021728515625,44705.74609375,9601.9296875
57127.156273327,52934.51953125,52250.35546875,-7564.9033203125,11232.8466796875,-41948.12109375,288.9633483886719,44721.03515625,9621.3974609375
57127.161166863,52814.51171875,52131.3984375,-7717.47607421875,11106.291015625,-42083.015625,186.86058044433594,44594.09765625,9497.94921875
57127.164161186,52741.3984375,52046.953125,-7798.50146484375,11026.0712890625,-42164.17578125,111.55755615234375,44521.14453125,9424.3671875
57127.169181263,52805.796875,52099.97265625,-7710.994140625,11084.4091796875,-42093.5859375,161.17843627929688,44597.00390625,9499.111328125
57127.172324372,52905.953125,52198.90234375,-7594.72021484375,11182.1533203125,-41990.1640625,243.7457733154297,44695.15234375,9599.6943359375
57127.176110399,52927.1640625,52224.828125,-7588.8642578125,11197.53125,-41979.37109375,263.46002197265625,44701.34375,9611.1162109375
57127.17917875,52804.56640625,52098.0703125,-7738.10693359375,11070.3720703125,-42108.09375,171.34848022460938,44581.89453125,9495.7138671875
57127.183199626,52730.42578125,52025.2265625,-7812.09130859375,11008.5244140625,-42171.90625,112.42927551269531,44515.375,9424.12109375
57127.18716033,52814.7578125,52114.61328125,-7704.95947265625,11101.9775390625,-42078.41015625,175.41648864746094,44610.171875,9506.1748046875
57127.191222049,52916.83984375,52218.01171875,-7586.53955078125,11202.2919921875,-41971.30078125,261.8506774902344,44712.9453125,9608.1875
57127.195179836,52921.59765625,52224.359375,-7589.0654296875,11201.21875,-41970.140625,273.9429931640625,44712.1171875,9612.3232421875
57127.199116107,52803.08984375,52104.0625,-7733.6142578125,11080.05078125,-42098.86328125,176.7799530029297,44587.52734375,9491.7802734375
57127.202164766,52728.390625,52018.27734375,-7817.63427734375,10997.259765625,-42184.69140625,96.80540466308594,44509.1171875,9413.0126953125
57127.207076171,52793.12109375,52075.5625,-7732.74267578125,11057.51953125,-42116.6328125,139.2066650390625,44576.171875,9480.58203125
57127.211296887,52902.48828125,52189.24609375,-7606.94677734375,11168.6748046875,-41999.2421875,234.67095947265625,44683.23828125,9585.8359375
57127.215085101,52923.20703125,52221.0078125,-7594.8544921875,11192.3681640625,-41979.48046875,262.0518493652344,44696.13671875,9600.4541015625
57127.219127857,52805.01171875,52102.453125,-7736.27392578125,11076.98828125,-42099.53125,176.22116088867188,44583.4375,9488.337890625
57127.222913883,52725.0390625,52025.2734375,-7816.181640625,11006.982421875,-42176.82421875,103.0191879272461,44507.80078125,9408.966796875
57127.227854826,52809.55078125,52114.5234375,-7707.70849609375,11100.5693359375,-42082.72265625,166.43109130859375,44592.3125,9493.1884765625
57127.231889195,52913.26171875,52217.7890625,-7585.53369140625,11202.828125,-41973.11328125,255.56983947753906,44698.01171875,9603.248046875
57127.235891472,52914.984375,52220.0234375,-7593.35693359375,11195.765625,-41978.921875,264.95758056640625,44699.33203125,9612.658203125
57127.23990323,52795.3125,52094.98828125,-7741.90673828125,11067.0419921875,-42111.71484375,169.56033325195312,44578.5859375,9494.373046875
57127.243160482,52717.86328125,52012.2421875,-7822.775390625,10990.3076171875,-42191.80078125,95.26313781738281,44497.5390625,9411.42578125
57127.249338758,52784.40625,52073.6171875,-7728.07080078125,11061.5654296875,-42111.89453125,145.73336791992188,44577.60546875,9483.1298828125
57127.252877536,52889.546875,52184.21484375,-7598.52001953125,11175.2021484375,-41992.4921875,241.22003173828125,44690.234375,9593.3466796875
57127.256413762,52927.94921875,52243.53515625,-7569.4404296875,11218.0048828125,-41962.8515625,276.17816162109375,44709.90234375,9617.8212890625
57127.261406489,52818.0,52131.35546875,-7710.033203125,11102.87109375,-42083.7734375,187.7322998046875,44594.43359375,9504.2080078125
57127.264436185,52741.0859375,52045.07421875,-7796.10986328125,11022.3154296875,-42166.43359375,112.78690338134766,44518.88671875,9427.294921875
57127.267943602,52816.90234375,52111.50390625,-7703.193359375,11091.3154296875,-42088.87109375,166.3416748046875,44596.7578125,9503.4921875
57127.271574278,52919.05078125,52211.91015625,-7585.109375,11190.3115234375,-41983.05859375,250.13836669921875,44698.37109375,9608.2099609375
57127.275440168,52922.359375,52216.8046875,-7590.20556640625,11190.3115234375,-41980.53125,265.78460693359375,44702.99609375,9614.357421875
57127.279488758,52806.46484375,52102.40625,-7732.49658203125,11075.7138671875,-42102.6171875,175.7741241455078,44586.1875,9498.3515625
57127.282531948,52723.94140625,52018.43359375,-7817.23193359375,10998.265625,-42185.41015625,95.57605743408203,44504.53515625,9413.4150390625
57127.286370487,52797.34765625,52089.7109375,-7722.9970703125,11070.193359375,-42110.171875,142.9394073486328,44569.890625,9480.08984375
57127.290438405,52896.38671875,52189.2890625,-7607.103515625,11165.7470703125,-42006.7734375,225.97613525390625,44671.19140625,9583.466796875
57127.295345798,52925.01953125,52222.4375,-7590.56298828125,11190.2216796875,-41985.26953125,256.8439025878906,44700.4921875,9615.1396484375
57127.299411163,52798.26171875,52091.8359375,-7746.89111328125,11057.20703125,-42125.1484375,152.28244018554688,44571.2109375,9492.2490234375
57127.303459389,52720.0546875,52011.703125,-7831.06787109375,10986.5078125,-42202.5078125,76.62178039550781,44492.48828125,9408.474609375
57127.307457655,52784.80859375,52072.61328125,-7744.27587890625,11052.826171875,-42128.546875,123.4933853149414,44560.50390625,9472.3115234375
57127.311469413,52893.94921875,52189.7578125,-7610.43359375,11169.3681640625,-42005.23046875,224.2550506591797,44673.4921875,9582.1708984375
57127.316511371,52916.59375,52221.90234375,-7589.35595703125,11197.44140625,-41974.25,265.2481384277344,44699.01953125,9608.6123046875
57127.320479004,52801.66015625,52108.8671875,-7731.37890625,11080.5869140625,-42097.23046875,175.863525390625,44582.87890625,9495.84765625
57127.32350323,52731.4296875,52030.76953125,-7808.89501953125,11007.787109375,-42172.19921875,105.56729125976562,44510.86328125,9419.5390625
57127.328499603,52801.546875,52101.359375,-7713.67626953125,11087.91796875,-42089.9453125,155.99282836914062,44582.69921875,9489.03125
57127.332502974,52906.04296875,52206.5,-7590.18310546875,11193.552734375,-41977.515625,249.84779357910156,44690.03125,9596.4755859375
57127.337412191,52916.2578125,52216.42578125,-7586.31640625,11197.44140625,-41967.9921875,273.7865295410156,44701.38671875,9610.9599609375
57127.340387916,52810.6015625,52117.18359375,-7722.08056640625,11088.9912109375,-42089.87890625,180.46798706054688,44576.77734375,9494.529296875
57127.34343147,52734.29296875,52039.46484375,-7799.86474609375,11018.1806640625,-42167.48046875,106.64017486572266,44509.83203125,9419.6953125
57127.346405736,52801.6171875,52103.4140625,-7709.2509765625,11085.0791015625,-42094.63671875,153.44473266601562,44583.75,9489.947265625
57127.351316411,52906.64453125,52203.7734375,-7587.54541015625,11183.8291015625,-41985.44921875,244.99746704101562,44690.27734375,9600.587890625
57127.355369378,52928.6640625,52232.76171875,-7569.4404296875,11210.271484375,-41961.0859375,276.5581359863281,44709.79296875,9622.4482421875
57127.359420156,52809.68359375,52116.17578125,-7715.7998046875,11088.3427734375,-42092.15625,180.06565856933594,44587.99609375,9502.7099609375
57127.363220405,52729.08203125,52031.59765625,-7803.5302734375,11010.0673828125,-42178.5703125,99.50996398925781,44505.609375,9418.421875
57127.366049167,52796.7890625,52095.79296875,-7716.51513671875,11078.3515625,-42105.61328125,145.979248046875,44574.49609375,9483.80078125
57127.37003394,52904.07421875,52206.0546875,-7590.697265625,11186.9365234375,-41991.05859375,237.48728942871094,44681.40625,9589.814453125
57127.374520501,52930.47265625,52237.76953125,-7573.8662109375,11211.166015625,-41966.5859375,272.17718505859375,44707.06640625,9620.771484375
57127.378550129,52819.20703125,52124.58203125,-7712.9609375,11096.9482421875,-42083.21484375,192.42616271972656,44600.42578125,9517.3955078125
57127.383545043,52733.98046875,52032.55859375,-7805.765625,11012.32421875,-42170.74609375,112.60808563232422,44516.3828125,9432.2353515625
57127.387544768,52793.58984375,52091.87890625,-7724.31591796875,11074.216796875,-42104.40625,152.0589141845703,44574.36328125,9489.9697265625
57127.391598463,52893.45703125,52195.1015625,-7605.00244140625,11170.59765625,-42001.54296875,236.034423828125,44686.5,9596.900390625
57127.395600376,52911.96484375,52214.078125,-7588.77490234375,11186.9814453125,-41977.828125,269.7855529785156,44712.0703125,9627.298828125
57127.399601923,52806.19921875,52116.51171875,-7716.783203125,11097.3056640625,-42078.03125,194.84014892578125,44603.64453125,9517.126953125
57127.403498445,52722.46875,52030.59375,-7808.62646484375,11016.302734375,-42167.37109375,110.50702667236328,44516.31640625,9428.3232421875
57127.408574682,52787.69140625,52087.07421875,-7724.47216796875,11075.0654296875,-42100.046875,155.6575469970703,44585.44921875,9495.6689453125
57127.412574771,52906.53515625,52208.06640625,-7593.35693359375,11186.556640625,-41981.8515625,251.56887817382812,44695.28515625,9604.298828125
57127.416604034,52922.60546875,52237.9921875,-7574.02294921875,11215.748046875,-41956.55078125,279.35211181640625,44711.19921875,9622.7392578125
57127.421535131,52811.515625,52126.75,-7711.91064453125,11103.810546875,-42074.6328125,193.76727294921875,44596.984375,9507.626953125
57127.424584884,52727.609375,52031.0390625,-7805.765625,11012.4814453125,-42163.86328125,114.95502471923828,44515.890625,9425.015625
57127.427550398,52790.70703125,52087.296875,-7722.14794921875,11072.96484375,-42097.74609375,154.40585327148438,44578.67578125,9486.7060546875
57127.430641724,52897.05859375,52193.06640625,-7598.16259765625,11178.62109375,-41986.23046875,243.5893096923828,44683.6640625,9594.2177734375
57127.434627226,52923.74609375,52231.51171875,-7576.61572265625,11205.935546875,-41965.04296875,272.9371643066406,44699.6015625,9616.48046875
57127.439547748,52821.44140625,52131.578125,-7705.0263671875,11103.8544921875,-42074.90234375,195.84597778320312,44597.296875,9518.1328125
57127.443541637,52742.94140625,52049.94921875,-7792.130859375,11027.2109375,-42155.2578125,123.44868469238281,44531.55859375,9443.9248046875
57127.447619401,52799.4921875,52105.91796875,-7714.54833984375,11090.0634765625,-42089.49609375,162.78775024414062,44594.03125,9502.5087890625
57127.450681189,52904.65625,52207.59375,-7596.35205078125,11188.568359375,-41984.421875,247.0538330078125,44696.0,9605.1923828125
57127.454568229,52927.6328125,52235.734375,-7576.4814453125,11211.9033203125,-41961.6015625,278.12274169921875,44718.1953125,9630.3828125
57127.458606609,52817.1484375,52125.23046875,-7714.74951171875,11096.8369140625,-42080.06640625,194.66134643554688,44608.65234375,9522.0
57127.462663222,52730.8046875,52034.81640625,-7808.3359375,11012.5029296875,-42166.67578125,117.43606567382812,44528.23046875,9435.3642578125
57127.467595049,52791.55859375,52091.27734375,-7729.12158203125,11071.3330078125,-42103.0859375,156.0151824951172,44590.4765625,9497.5693359375
57127.47164291,52893.75,52194.65234375,-7611.77490234375,11169.994140625,-41997.98828125,239.90127563476562,44690.61328125,9601.7060546875
57127.475733437,52925.7578125,52224.6484375,-7585.37744140625,11196.123046875,-41966.83203125,278.8603515625,44720.69921875,9637.6025390625
57127.479247054,52820.01171875,52124.22265625,-7711.240234375,11101.396484375,-42073.1796875,201.94801330566406,44614.7734375,9532.9296875
57127.483698242,52735.65625,52048.33984375,-7802.07763671875,11025.712890625,-42162.2734375,117.592529296875,44525.61328125,9441.3095703125
57127.487745374,52811.71875,52130.66015625,-7706.30029296875,11111.6552734375,-42080.0859375,167.0345916748047,44589.02734375,9503.984375
57127.492646568,52912.16796875,52225.7890625,-7586.60693359375,11203.3876953125,-41974.72265625,254.1393280029297,44698.66015625,9612.658203125
57127.496714486,52925.84765625,52236.31640625,-7578.40380859375,11203.87890625,-41967.0546875,269.7855529785156,44714.6640625,9629.6455078125
57127.501763372,52816.63671875,52127.59765625,-7713.6318359375,11097.0595703125,-42078.61328125,189.40867614746094,44603.75390625,9519.294921875
57127.505715324,52732.66015625,52044.875,-7804.3349609375,11023.076171875,-42162.67578125,113.27864074707031,44520.3828125,9431.609375
57127.508706,52802.890625,52109.3359375,-7713.1845703125,11091.6953125,-42086.078125,165.42526245117188,44594.3671875,9499.759765625
57127.511729133,52909.28515625,52220.26953125,-7585.0869140625,11201.8671875,-41967.7265625,260.7554626464844,44702.90625,9610.490234375
57127.514742783,52934.453125,52249.5703125,-7562.42236328125,11225.359375,-41943.765625,292.0032043457031,44725.21484375,9638.2734375
57127.518809607,52813.75390625,52129.83203125,-7708.8037109375,11103.4521484375,-42071.68359375,197.72352600097656,44604.08984375,9519.7646484375
57127.522762654,52725.93359375,52037.38671875,-7805.005859375,11014.0234375,-42163.75,114.68679809570312,44516.5390625,9426.177734375
57127.52768354,52794.91015625,52100.7109375,-7715.2412109375,11082.3525390625,-42090.1015625,160.4631805419922,44584.53125,9493.7919921875
57127.531757657,52897.97265625,52202.65625,-7591.79248046875,11183.13671875,-41980.109375,249.6913299560547,44691.171875,9602.734375
57127.534818351,52913.28515625,52213.8984375,-7584.6845703125,11183.6728515625,-41970.98828125,274.3453063964844,44707.421875,9623.07421875
57127.53870685,52813.328125,52117.18359375,-7713.85546875,11090.421875,-42076.2421875,197.23179626464844,44598.12109375,9514.556640625
57127.542764193,52737.890625,52050.57421875,-7796.26611328125,11034.408203125,-42152.57421875,119.93946075439453,44522.6171875,9428.6142578125
57127.546608567,52796.9453125,52106.96875,-7714.68212890625,11095.4287109375,-42085.65234375,161.7595672607422,44588.51171875,9492.00390625
57127.550705658,52904.703125,52214.74609375,-7588.88671875,11202.11328125,-41970.98828125,257.4473876953125,44700.1796875,9605.3720703125
57127.555661188,52925.53515625,52240.5859375,-7571.56396484375,11219.32421875,-41950.46875,287.86810302734375,44723.62890625,9634.0263671875
57127.55959673,52814.15625,52126.078125,-7712.69287109375,11100.45703125,-42072.59765625,203.51263427734375,44614.73046875,9530.6943359375
57127.563765298,52723.80859375,52026.27734375,-7817.70166015625,11004.2998046875,-42172.64453125,116.60905456542969,44524.4296875,9440.5498046875
57127.567647962,52782.66015625,52081.0390625,-7740.34228515625,11061.54296875,-42111.26953125,153.80235290527344,44586.43359375,9501.435546875
57127.571636017,52880.65234375,52170.91796875,-7625.7001953125,11145.4072265625,-42011.3984375,234.96153259277344,44686.0546875,9603.806640625
57127.575604744,52906.4453125,52204.12890625,-7594.83203125,11181.638671875,-41975.546875,271.08197021484375,44711.04296875,9630.271484375
57127.580567568,52802.1953125,52110.296875,-7720.4267578125,11091.181640625,-42080.82421875,192.82850646972656,44601.453125,9522.1787109375
57127.584590631,52733.2421875,52050.86328125,-7800.5576171875,11035.1904296875,-42155.5234375,117.70428466796875,44517.1640625,9434.2685546875
57127.58863521,52806.0859375,52116.3984375,-7712.15673828125,11100.345703125,-42085.4296875,162.8101043701172,44579.79296875,9495.244140625
57127.591615676,52916.03515625,52229.54296875,-7580.39306640625,11212.39453125,-41967.30078125,256.2403869628906,44691.23828125,9602.80078125
57127.595819981,52946.20703125,52261.23828125,-7554.30859375,11235.640625,-41940.25390625,289.9244689941406,44726.15234375,9637.021484375
57127.598831444,52831.25390625,52140.3828125,-7697.89599609375,11108.392578125,-42065.515625,202.4844512939453,44613.25390625,9527.7890625
57127.602836274,52732.97265625,52038.97265625,-7801.5634765625,11011.8330078125,-42164.0859375,115.13383483886719,44521.0078125,9434.0673828125
57127.606318164,52794.26171875,52099.43359375,-7716.6494140625,11084.1630859375,-42088.0234375,159.5467529296875,44582.03125,9491.2216796875
57127.611734639,52904.2109375,52210.74609375,-7586.60693359375,11195.966796875,-41970.921875,251.7924041748047,44689.83203125,9597.9287109375
57127.615829543,52930.51953125,52241.79296875,-7559.046875,11222.296875,-41940.96875,286.79522705078125,44715.60546875,9625.7568359375
57127.618783023,52829.77734375,52149.0546875,-7683.34521484375,11127.771484375,-42046.44921875,213.19093322753906,44612.78515625,9523.9443359375
57127.622787123,52741.98046875,52056.56640625,-7783.27978515625,11038.4755859375,-42143.765625,126.68968963623047,44520.47265625,9429.2626953125
57127.62681201,52798.015625,52105.625,-7708.26708984375,11092.455078125,-42083.88671875,162.89952087402344,44578.7421875,9487.1533203125
57127.630830697,52896.140625,52202.56640625,-7593.20068359375,11186.35546875,-41981.5390625,245.82447814941406,44680.35546875,9591.06640625
57127.634863607,52931.5234375,52242.75390625,-7562.57861328125,11219.32421875,-41946.109375,288.806884765625,44717.703125,9631.3447265625
57127.638860049,52826.1796875,52139.7578125,-7694.8115234375,11118.3388671875,-42055.54296875,211.82748413085938,44610.75,9526.73828125
57127.643346975,52728.234375,52033.2734375,-7807.71044921875,11013.6875,-42162.07421875,120.92293548583984,44513.6796875,9428.234375
57127.647783941,52782.59375,52082.78515625,-7732.67529296875,11067.4443359375,-42102.75,156.2386932373047,44583.4140625,9490.3046875
57127.651844566,52899.26953125,52208.87109375,-7598.52001953125,11191.0712890625,-41980.5546875,247.3891143798828,44689.54296875,9597.5712890625
57127.655876746,52931.234375,52244.921875,-7570.06640625,11219.994140625,-41950.58203125,285.7893981933594,44719.8515625,9630.1376953125
57127.659918043,52816.234375,52126.68359375,-7711.95556640625,11101.59765625,-42072.734375,199.7351837158203,44608.984375,9521.8203125
57127.664879773,52729.28515625,52040.08984375,-7807.173828125,11023.8134765625,-42158.9453125,121.34761810302734,44523.06640625,9432.9501953125
57127.668708466,52789.63671875,52099.16796875,-7727.86962890625,11083.537109375,-42098.6171875,155.0093536376953,44579.28125,9489.6123046875
57127.672815404,52902.578125,52219.30859375,-7591.45703125,11207.3662109375,-41973.58203125,250.92068481445312,44688.984375,9599.828125
57127.675802798,52930.13671875,52252.0078125,-7566.57958984375,11235.5068359375,-41942.22265625,285.4541320800781,44714.77734375,9627.0302734375
57127.678808061,52826.5390625,52150.93359375,-7697.404296875,11127.1904296875,-42054.26953125,206.39601135253906,44607.93359375,9521.3740234375
57127.682773142,52733.33203125,52055.37890625,-7797.00390625,11038.587890625,-42149.80078125,120.47590637207031,44515.890625,9426.2666015625
57127.686771043,52783.51171875,52098.51953125,-7722.9970703125,11088.0078125,-42094.19140625,151.18719482421875,44569.24609375,9477.3857421875
57127.690720442,52891.4453125,52204.64453125,-7592.79833984375,11195.630859375,-41975.3671875,248.48434448242188,44681.2265625,9585.12109375
57127.694961579,52933.87109375,52250.51171875,-7550.77685546875,11235.73046875,-41932.296875,295.6241760253906,44723.0703125,9628.86328125
57127.699835058,52830.96484375,52148.87890625,-7680.30517578125,11129.0009765625,-42044.3671875,218.06361389160156,44620.140625,9526.447265625
57127.702949723,52725.93359375,52035.33203125,-7798.12109375,11018.560546875,-42157.42578125,120.65471649169922,44517.5,9424.0546875
57127.706925015,52783.48828125,52085.21875,-7722.48291015625,11073.8583984375,-42096.0,157.5574493408203,44571.97265625,9480.6044921875
57127.710936408,52889.50390625,52197.44921875,-7592.8876953125,11186.466796875,-41980.84375,247.65733337402344,44686.34375,9588.9873046875
57127.714947437,52926.78515625,52238.10546875,-7555.76123046875,11221.603515625,-41943.62890625,292.0255432128906,44728.8359375,9633.2216796875
57127.718968677,52830.24609375,52138.68359375,-7685.625,11116.662109375,-42052.23828125,217.66128540039062,44625.32421875,9532.1923828125
57127.722934852,52736.55078125,52052.38671875,-7792.01904296875,11035.5029296875,-42149.9140625,124.70038604736328,44523.06640625,9427.697265625
57127.727906428,52788.71875,52098.0703125,-7722.21484375,11084.833984375,-42094.05859375,158.47386169433594,44580.1953125,9482.34765625
57127.731940796,52890.91015625,52195.90625,-7600.59912109375,11186.3994140625,-41981.828125,246.1374053955078,44683.83984375,9586.8642578125
57127.734992008,52935.48046875,52254.6015625,-7554.8896484375,11239.7314453125,-41932.453125,295.5124206542969,44724.25390625,9632.7744140625
57127.739958113,52831.9921875,52149.3671875,-7687.0107421875,11126.921875,-42047.1171875,217.7283477783203,44620.140625,9533.8017578125
57127.742989998,52734.6484375,52043.04296875,-7796.6015625,11025.7578125,-42147.4765625,132.32232666015625,44528.609375,9440.9072265625
57127.748962598,52784.5390625,52095.48046875,-7724.3603515625,11080.720703125,-42089.9453125,164.48648071289062,44582.34375,9490.505859375
57127.752990767,52892.25,52206.72265625,-7598.498046875,11194.3798828125,-41976.7109375,248.57374572753906,44683.03515625,9592.83203125
57127.757071449,52927.76953125,52241.5703125,-7571.228515625,11218.876953125,-41949.5078125,281.810791015625,44711.58203125,9626.13671875
57127.761029236,52821.95703125,52131.0859375,-7707.14990234375,11105.978515625,-42066.36328125,197.87998962402344,44603.0390625,9520.255859375
57127.764962225,52725.91015625,52034.97265625,-7812.27001953125,11018.2255859375,-42165.8046875,107.57894897460938,44505.80859375,9421.4169921875
57127.768029847,52781.90234375,52088.484375,-7735.6259765625,11074.126953125,-42104.44921875,145.10752868652344,44564.26171875,9473.65234375
57127.77079078,52891.1796875,52200.3984375,-7604.443359375,11188.4560546875,-41985.42578125,239.81185913085938,44673.4921875,9581.3212890625
57127.775009672,52928.88671875,52235.625,-7569.73095703125,11216.2392578125,-41952.50390625,279.59796142578125,44711.109375,9623.923828125
57127.779013043,52821.7109375,52137.2109375,-7694.38671875,11115.58984375,-42059.25390625,203.46792602539062,44609.12109375,9523.765625
57127.78394414,52720.0546875,52029.80859375,-7802.4130859375,11017.8896484375,-42159.66015625,115.87144470214844,44515.0625,9425.462890625
57127.787011398,52784.08984375,52095.30078125,-7722.75146484375,11083.8056640625,-42096.0703125,149.44375610351562,44568.484375,9472.625
57127.790940376,52892.7421875,52209.02734375,-7594.92138671875,11193.552734375,-41984.1328125,237.531982421875,44674.0078125,9577.4091796875
57127.794999907,52932.23828125,52251.5390625,-7554.57666015625,11233.2939453125,-41943.36328125,280.00030517578125,44712.71875,9619.4306640625
57127.798960976,52835.12109375,52152.38671875,-7679.92529296875,11132.46484375,-42047.41015625,206.41836547851562,44611.421875,9520.5244140625
57127.803043116,52725.953125,52031.08203125,-7802.94921875,11012.16796875,-42162.921875,110.8199462890625,44510.21484375,9417.1923828125
57127.806996527,52776.11328125,52073.1484375,-7735.11181640625,11060.4482421875,-42106.015625,144.8616485595703,44564.90625,9467.9755859375
57127.811953515,52878.171875,52191.859375,-7604.5107421875,11185.3271484375,-41985.44921875,232.81576538085938,44665.6015625,9567.1279296875
57127.816000647,52924.39453125,52247.1796875,-7556.923828125,11230.25390625,-41940.14453125,281.2073059082031,44709.8828125,9613.3515625
57127.819989067,52828.21484375,52145.078125,-7684.2392578125,11121.69140625,-42048.125,211.1792755126953,44615.82421875,9522.669921875
57127.824068289,52718.46875,52025.49609375,-7813.5888671875,10999.740234375,-42171.86328125,107.40013122558594,44506.75,9415.76171875
57127.828026806,52766.546875,52072.63671875,-7744.4326171875,11057.810546875,-42112.51953125,136.83738708496094,44555.25390625,9459.861328125
57127.832962644,52877.9453125,52186.6953125,-7610.2099609375,11177.9736328125,-41988.35546875,233.73219299316406,44666.7890625,9567.75390625
57127.836043759,52920.9296875,52230.73046875,-7573.486328125,11212.88671875,-41951.2734375,276.2452087402344,44706.640625,9611.2275390625
57127.841051802,52828.83984375,52140.31640625,-7696.197265625,11115.8134765625,-42055.23046875,206.2842559814453,44611.37890625,9519.9208984375
57127.843735059,52722.51171875,52024.734375,-7813.87939453125,11004.9482421875,-42166.54296875,113.43510437011719,44511.98046875,9418.5107421875
57127.84709369,52769.453125,52072.2109375,-7745.86279296875,11057.05078125,-42115.625,137.77615356445312,44557.3984375,9460.443359375
57127.851017198,52881.390625,52200.30859375,-7606.4775390625,11188.92578125,-41986.0546875,235.25210571289062,44668.46484375,9571.1513671875
57127.85505266,52936.5078125,52264.48046875,-7547.96044921875,11253.34375,-41920.8984375,301.6591491699219,44726.35546875,9625.7783203125
57127.859058584,52833.890625,52155.44921875,-7680.08154296875,11136.3095703125,-42038.66796875,222.15399169921875,44621.92578125,9523.876953125
57127.863087117,52710.30859375,52020.7109375,-7814.1923828125,11009.552734375,-42165.1796875,112.96571350097656,44506.32421875,9407.9384765625
57127.86713279,52768.8046875,52082.08984375,-7738.4423828125,11072.7412109375,-42104.40625,147.0521240234375,44560.66015625,9456.8662109375
57127.872049665,52887.51171875,52200.9140625,-7610.59033203125,11179.359375,-41992.578125,236.3920440673828,44667.79296875,9565.25
