#57101.876424272,52636.5234375,52051.46875,-8012.38525390625,10983.22265625,-42795.20703125,-82.45558166503906,44469.66796875,9350.3154296875
57101.880442595,52545.10546875,51950.328125,-8119.53955078125,10884.62890625,-42895.79296875,-168.8003692626953,44379.23046875,9259.5009765625
57101.885371139,52595.84375,51992.52734375,-8052.0146484375,10930.2939453125,-42843.17578125,-138.2678985595703,44434.3515625,9311.423828125
57101.889448903,52690.5703125,52082.26953125,-7940.45703125,11017.0634765625,-42744.046875,-59.47799301147461,44531.58203125,9408.9443359375
57101.893420913,52733.48828125,52127.48828125,-7900.22412109375,11058.615234375,-42700.9296875,-15.690924644470215,44567.5234375,9448.08203125
57101.897459657,52637.30859375,52039.5546875,-8020.275390625,10970.3701171875,-42801.71484375,-88.89289093017578,44464.14453125,9346.001953125
57101.900516339,52545.3515625,51947.7109375,-8122.33349609375,10883.1533203125,-42898.5390625,-175.88587951660156,44368.30078125,9250.0234375
57101.906471071,52605.12109375,52000.59765625,-8041.8896484375,10937.4013671875,-42839.109375,-137.26206970214844,44426.21484375,9311.2451171875
57101.909076653,52699.53515625,52092.9765625,-7926.57666015625,11029.0439453125,-42736.35546875,-56.19228744506836,44532.5,9411.89453125
57101.91298995,52745.890625,52143.2890625,-7883.1025390625,11075.8037109375,-42691.02734375,-11.04176139831543,44574.25,9454.8330078125
57101.916356239,52641.82421875,52033.8984375,-8014.70947265625,10964.603515625,-42805.69140625,-91.17276763916016,44468.90625,9354.294921875
57101.920404465,52553.04296875,51952.0703125,-8116.1865234375,10881.96875,-42903.28125,-182.859619140625,44369.0859375,9251.119140625
57101.923985545,52617.66015625,52024.87109375,-8031.33935546875,10957.6748046875,-42832.53515625,-142.29119873046875,44428.4296875,9307.244140625
57101.928436004,52725.10546875,52129.72265625,-7908.04736328125,11061.7216796875,-42722.38671875,-53.95711135864258,44533.32421875,9414.0849609375
57101.932493347,52753.76171875,52159.78515625,-7882.923828125,11087.962890625,-42693.10546875,-20.697715759277344,44560.52734375,9445.35546875
57101.936507293,52646.2265625,52047.734375,-8019.91748046875,10970.3251953125,-42812.80078125,-105.58963775634766,44450.06640625,9339.8779296875
57101.941396089,52551.58984375,51946.66015625,-8125.8427734375,10877.7001953125,-42908.44140625,-190.705078125,44356.859375,9243.2958984375
57101.94449799,52604.3828125,52004.41796875,-8045.93505859375,10945.1796875,-42839.77734375,-150.18136596679688,44419.421875,9301.4775390625
57101.947518934,52720.96875,52124.671875,-7912.40576171875,11059.93359375,-42720.33203125,-52.504249572753906,44534.8671875,9417.3935546875
57101.952010966,52754.0078125,52155.15625,-7888.02001953125,11082.1064453125,-42692.12109375,-16.11560821533203,44564.26171875,9449.4013671875
57101.9564782,52641.6875,52040.08984375,-8029.2607421875,10963.5087890625,-42812.6640625,-101.99101257324219,44453.0390625,9339.85546875
57101.960553411,52543.85546875,51936.109375,-8138.87353515625,10864.3779296875,-42913.00390625,-188.96165466308594,44359.921875,9246.603515625
57101.964534902,52597.609375,51984.4375,-8064.35302734375,10916.837890625,-42853.3671875,-151.88009643554688,44414.83984375,9301.65625
57101.968481749,52702.88671875,52089.69140625,-7936.56787109375,11025.109375,-42736.35546875,-57.46633529663086,44535.359375,9410.8671875
57101.972519034,52741.01953125,52138.21484375,-7895.86572265625,11073.27734375,-42689.5078125,-11.82407283782959,44574.80859375,9450.5634765625
57101.977503738,52624.61328125,52021.16015625,-8038.603515625,10953.271484375,-42813.26953125,-101.23104858398438,44457.75390625,9339.4306640625
57101.980585583,52531.29296875,51920.734375,-8146.24951171875,10854.3427734375,-42915.50390625,-189.74395751953125,44363.18359375,9244.033203125
57101.985572475,52596.08984375,51987.98828125,-8057.87109375,10929.1533203125,-42841.65625,-145.28634643554688,44427.2421875,9303.869140625
57101.989622159,52699.71484375,52093.421875,-7931.96337890625,11032.7763671875,-42730.92578125,-56.86283874511719,44532.51953125,9409.3466796875
57101.994501473,52715.5390625,52095.2109375,-7923.939453125,11018.4931640625,-42727.4140625,-32.27592086791992,44557.48828125,9441.890625
57101.998574131,52605.12109375,51978.82421875,-8056.50732421875,10908.9697265625,-42836.46875,-110.08234405517578,44451.49609375,9339.162109375
57102.001576113,52544.4375,51957.32421875,-8122.2216796875,10901.4150390625,-42890.62890625,-181.80908203125,44361.39453125,9243.0048828125
57102.004044943,52620.65625,52041.5,-8032.18896484375,10981.255859375,-42819.6171875,-140.9947967529297,44422.34765625,9300.158203125
57102.008545727,52719.2265625,52129.56640625,-7912.3388671875,11068.4501953125,-42717.6015625,-54.78412628173828,44528.54296875,9409.2353515625
57102.012554568,52743.1640625,52146.328125,-7891.9541015625,11077.189453125,-42699.56640625,-25.19041633605957,44551.18359375,9442.78515625
57102.016573255,52629.9296875,52021.5390625,-8037.39697265625,10946.38671875,-42827.1953125,-114.75385284423828,44443.24609375,9333.6640625
57102.020602518,52539.54296875,51936.08984375,-8132.771484375,10873.9228515625,-42906.8125,-187.91111755371094,44363.2265625,9244.9501953125
57102.024608807,52610.41796875,52011.79296875,-8040.19091796875,10954.5673828125,-42828.421875,-140.30189514160156,44428.67578125,9302.908203125
57102.028106377,52705.546875,52106.0078125,-7925.5263671875,11042.4990234375,-42734.34375,-67.50226593017578,44522.796875,9398.8857421875
57102.031140085,52738.31640625,52139.1328125,-7898.525390625,11066.1474609375,-42702.6953125,-27.62675666809082,44557.375,9435.6552734375
57102.036519729,52635.54296875,52032.87109375,-8029.35009765625,10958.0546875,-42809.7578125,-98.83941650390625,44457.8671875,9337.0615234375
57102.040568319,52540.2578125,51938.45703125,-8131.005859375,10873.0732421875,-42900.62109375,-180.8032684326172,44366.1796875,9243.7646484375
57102.044161799,52599.8671875,51997.82421875,-8051.74658203125,10936.775390625,-42835.26171875,-141.1065673828125,44426.88671875,9300.6279296875
57102.048204554,52704.33984375,52100.21875,-7928.58837890625,11037.6044921875,-42727.50390625,-54.85118103027344,44531.06640625,9406.4853515625
57102.052556552,52742.83203125,52143.24609375,-7892.6689453125,11073.9482421875,-42688.078125,-9.812416076660156,44566.359375,9446.16015625
57102.057453734,52633.75390625,52030.5234375,-8028.6572265625,10958.6357421875,-42803.859375,-90.50221252441406,44458.15625,9343.1181640625
57102.060259157,52537.84375,51924.33203125,-8137.8232421875,10857.8291015625,-42907.34765625,-182.5690460205078,44370.29296875,9248.369140625
57102.06557389,52600.671875,51991.921875,-8057.37939453125,10926.44921875,-42843.30859375,-147.9014892578125,44426.23828125,9299.9130859375
57102.069525842,52711.875,52108.578125,-7927.24755859375,11039.236328125,-42727.86328125,-54.78412628173828,44535.62890625,9407.6484375
57102.073566409,52739.3671875,52129.98828125,-7899.44189453125,11059.4423828125,-42698.9609375,-19.42366600036621,44567.72265625,9446.673828125
57102.078772105,52634.42578125,52020.5546875,-8035.16162109375,10943.66015625,-42817.203125,-101.81219482421875,44457.375,9341.6884765625
57102.081490371,52547.90234375,51929.49609375,-8145.2216796875,10842.7421875,-42926.83984375,-195.7118682861328,44354.5546875,9236.6572265625
57102.084512409,52592.22265625,51982.6015625,-8071.6396484375,10914.669921875,-42860.453125,-168.4427490234375,44397.44921875,9276.15234375
57102.087550493,52720.61328125,52123.6640625,-7919.82666015625,11065.521484375,-42715.97265625,-59.43328857421875,44519.5546875,9399.0205078125
57102.091479471,52768.55859375,52172.125,-7876.173828125,11103.6982421875,-42672.23046875,-6.52670955657959,44563.41015625,9450.5634765625
57102.096588528,52656.08203125,52057.45703125,-8015.044921875,10983.423828125,-42793.8671875,-93.67616271972656,44455.80859375,9343.7216796875
57102.100710417,52555.0078125,51949.12109375,-8125.57421875,10877.677734375,-42901.71484375,-188.4475555419922,44362.9375,9244.32421875
57102.104646324,52601.6796875,51993.12890625,-8055.94873046875,10929.51171875,-42841.296875,-148.77320861816406,44422.3046875,9296.671875
57102.108559621,52704.453125,52090.26953125,-7936.1435546875,11024.796875,-42733.09375,-57.86866760253906,44530.3515625,9403.9150390625
57102.112194673,52754.72265625,52146.59765625,-7888.98095703125,11074.8203125,-42682.0859375,-7.845462322235107,44572.015625,9450.4521484375
57102.115593418,52653.84765625,52056.67578125,-8015.80517578125,10977.9697265625,-42790.828125,-87.77529907226562,44464.4375,9347.052734375
57102.1196008,52550.984375,51948.203125,-8131.9892578125,10874.212890625,-42899.30078125,-182.4349365234375,44363.8984375,9245.0166015625
57102.124606655,52601.72265625,51993.15234375,-8059.77099609375,10926.560546875,-42840.62890625,-146.44862365722656,44421.3203125,9298.236328125
57102.128600909,52712.609375,52104.3515625,-7928.0966796875,11038.029296875,-42720.2421875,-47.96684265136719,44536.1640625,9414.197265625
57102.132653876,52759.34765625,52153.68359375,-7881.87353515625,11081.5703125,-42673.19140625,3.5315756797790527,44576.0625,9463.0576171875
57102.136746591,52661.1796875,52054.15234375,-8008.56298828125,10975.1083984375,-42784.90625,-75.05715942382812,44475.12109375,9361.603515625
57102.140681404,52549.35546875,51936.8046875,-8130.3798828125,10863.1494140625,-42898.31640625,-173.5389404296875,44376.640625,9254.5830078125
57102.145700022,52599.84765625,51992.97265625,-8055.0322265625,10926.60546875,-42835.30859375,-137.9326171875,44432.25,9306.037109375
57102.14972965,52710.93359375,52101.89453125,-7930.2646484375,11032.955078125,-42725.984375,-53.62183380126953,44533.97265625,9409.7939453125
57102.153755995,52756.12890625,52152.4765625,-7888.62353515625,11079.8935546875,-42681.796875,-8.761883735656738,44572.08203125,9454.1396484375
57102.157860016,52649.3125,52035.53125,-8026.869140625,10957.0712890625,-42803.234375,-92.20094299316406,44464.90625,9352.595703125
57102.161785712,52539.7421875,51912.796875,-8152.26220703125,10834.9638671875,-42924.9375,-197.52236938476562,44357.015625,9245.955078125
57102.166727384,52597.23046875,51976.9921875,-8070.41015625,10907.13671875,-42852.02734375,-154.27174377441406,44417.36328125,9298.68359375
57102.169780055,52719.96484375,52115.3515625,-7922.732421875,11046.8798828125,-42715.59375,-50.20201873779297,44533.50390625,9413.302734375
57102.17275578,52757.671875,52156.20703125,-7882.7001953125,11083.7607421875,-42677.1015625,-9.655953407287598,44570.609375,9458.4091796875
57102.175817932,52657.55859375,52058.6875,-8007.4453125,10990.017578125,-42780.14453125,-82.61204528808594,44466.046875,9358.9208984375
57102.179828232,52562.98828125,51966.3984375,-8112.9677734375,10902.1748046875,-42875.3828125,-165.93934631347656,44376.125,9261.69140625
57102.184762611,52623.2265625,52022.2109375,-8034.669921875,10961.18359375,-42812.84375,-128.16490173339844,44443.89453125,9323.1806640625
57102.188780204,52726.84765625,52130.4375,-7909.99169921875,11065.4765625,-42701.8671875,-38.42264938354492,44550.26953125,9433.419921875
57102.19283864,52755.1015625,52151.0,-7886.38818359375,11076.5185546875,-42679.515625,-5.833805084228516,44580.578125,9469.4951171875
57102.195832964,52653.69140625,52052.47265625,-8011.13330078125,10981.0322265625,-42781.39453125,-77.06881713867188,44481.7578125,9371.86328125
57102.199839981,52556.015625,51950.19140625,-8123.5625,10883.9365234375,-42883.54296875,-165.0452880859375,44386.49609375,9275.6162109375
57102.203805062,52599.109375,51988.6171875,-8065.8505859375,10922.068359375,-42842.08203125,-148.50498962402344,44425.27734375,9313.189453125
57102.208752569,52697.96875,52085.46484375,-7949.59912109375,11013.77734375,-42742.125,-69.06688690185547,44520.49609375,9414.912109375
57102.212781467,52735.69921875,52122.546875,-7912.2939453125,11046.34375,-42703.5,-26.017431259155273,44555.98828125,9458.900390625
57102.216789214,52645.578125,52030.63671875,-8032.32275390625,10953.8076171875,-42803.90234375,-97.23008728027344,44465.890625,9364.77734375
57102.220794409,52541.39453125,51911.6796875,-8155.6376953125,10833.599609375,-42922.546875,-196.1365509033203,44361.484375,9258.7412109375
57102.224813096,52576.80078125,51943.84375,-8096.78515625,10871.330078125,-42878.0,-175.2376708984375,44404.22265625,9301.25390625
57102.229752945,52689.8359375,52073.28515625,-7955.14208984375,11013.62109375,-42739.26171875,-72.44200134277344,44515.15234375,9407.5361328125
57102.233761421,52756.80078125,52165.328125,-7887.9306640625,11098.37890625,-42669.2109375,-12.628735542297363,44563.6328125,9454.6982421875
57102.237841738,52661.73828125,52070.7578125,-8013.94970703125,10992.140625,-42781.5078125,-90.03282928466797,44460.52734375,9356.060546875
57102.240796677,52560.70703125,51958.4609375,-8127.11669921875,10883.7568359375,-42890.25,-180.6468048095703,44363.921875,9261.0205078125
57102.245744549,52600.42578125,51989.98046875,-8067.90673828125,10918.447265625,-42847.69140625,-157.91506958007812,44407.21484375,9307.8251953125
57102.250714666,52702.375,52091.72265625,-7941.41845703125,11023.232421875,-42734.43359375,-70.5197525024414,44520.2734375,9415.203125
57102.253642254,52746.7421875,52139.01953125,-7894.1669921875,11066.05859375,-42687.40625,-20.720067977905273,44567.9921875,9463.482421875
57102.256784634,52649.22265625,52046.03515625,-8018.30810546875,10971.3759765625,-42793.0625,-95.26313781738281,44465.0859375,9366.6552734375
57102.259791356,52546.515625,51940.625,-8133.06201171875,10870.681640625,-42892.4375,-175.81881713867188,44372.66015625,9265.826171875
57102.263800197,52597.25390625,51990.671875,-8061.91650390625,10925.95703125,-42831.84375,-139.45252990722656,44430.91015625,9320.029296875
57102.268730565,52710.82421875,52110.54296875,-7926.62158203125,11045.2041015625,-42710.8515625,-43.72001266479492,44543.31640625,9429.708984375
57102.272749252,52763.484375,52169.1484375,-7873.98291015625,11100.4130859375,-42657.09765625,11.444092750549316,44593.05078125,9480.2685546875
57102.27673913,52665.0234375,52073.28515625,-7998.03515625,10999.986328125,-42765.30078125,-64.64124298095703,44490.74609375,9380.2890625
57102.279742205,52555.45703125,51957.25390625,-8121.796875,10885.58984375,-42883.3203125,-166.94517517089844,44381.06640625,9270.609375
57102.283735001,52592.3125,51988.2578125,-8066.23046875,10919.810546875,-42843.890625,-148.21441650390625,44419.30859375,9308.048828125
57102.28772962,52701.66015625,52095.0078125,-7937.37255859375,11024.2822265625,-42728.69140625,-52.9512825012207,44534.30859375,9422.1318359375
57102.291771646,52749.24609375,52137.03125,-7892.490234375,11058.681640625,-42684.703125,-3.1962995529174805,44590.61328125,9477.7431640625
57102.296691074,52644.1015625,52037.609375,-8019.93994140625,10959.91015625,-42790.4921875,-80.510986328125,44480.6640625,9370.8125
57102.300914342,52546.13671875,51946.7734375,-8128.45751953125,10878.951171875,-42886.3125,-169.69444274902344,44376.59375,9259.8359375
57102.304769656,52601.12109375,52002.67578125,-8054.2724609375,10941.044921875,-42825.921875,-137.97732543945312,44428.33984375,9308.1376953125
57102.308774121,52717.05859375,52120.3359375,-7922.1064453125,11055.5078125,-42708.08203125,-44.748191833496094,44538.62109375,9419.5166015625
57102.312709299,52753.9609375,52153.63671875,-7887.5283203125,11082.3525390625,-42672.921875,-3.1068925857543945,44578.72265625,9464.533203125
57102.318823027,52650.98828125,52046.796875,-8024.09765625,10965.36328125,-42794.29296875,-87.90940856933594,44468.97265625,9358.4970703125
57102.321737487,52543.2734375,51930.61328125,-8151.2119140625,10849.5146484375,-42912.33203125,-188.84988403320312,44354.578125,9245.9775390625
57102.325743411,52583.37109375,51967.08984375,-8089.92333984375,10896.162109375,-42861.79296875,-166.78871154785156,44400.2421875,9288.736328125
57102.329757358,52692.3359375,52070.578125,-7964.2392578125,10994.3310546875,-42753.56640625,-78.76754760742188,44517.6796875,9405.591796875
57102.334026575,52752.95703125,52149.2109375,-7897.564453125,11081.3466796875,-42675.6953125,-11.734665870666504,44570.20703125,9459.4375
57102.337907416,52665.5390625,52075.609375,-8012.18408203125,11004.5458984375,-42769.03515625,-79.23693084716797,44470.5390625,9360.2177734375
57102.340981237,52553.84765625,51955.46875,-8139.1865234375,10884.919921875,-42887.5,-179.64097595214844,44364.2109375,9250.470703125
57102.344017133,52597.1875,51994.3359375,-8072.421875,10929.4892578125,-42835.64453125,-150.49429321289062,44416.87109375,9297.6103515625
57102.347965439,52702.640625,52094.36328125,-7948.2578125,11026.919921875,-42726.58984375,-60.819095611572266,44525.546875,9407.2900390625
57102.352884137,52749.58203125,52142.4609375,-7903.64404296875,11067.578125,-42683.26953125,-15.847386360168457,44566.8515625,9451.30078125
57102.357010403,52642.2265625,52040.1796875,-8034.267578125,10965.453125,-42791.7890625,-95.82192993164062,44458.24609375,9345.3759765625
57102.360548817,52543.09375,51939.5078125,-8143.09814453125,10871.12890625,-42889.8671875,-178.8363037109375,44364.8828125,9249.6884765625
57102.363985122,52587.1484375,51978.01953125,-8078.50146484375,10916.5029296875,-42839.734375,-152.93063354492188,44413.80859375,9296.26953125
57102.367976824,52698.91015625,52088.171875,-7944.4580078125,11026.763671875,-42721.91796875,-59.120365142822266,44524.2734375,9409.5927734375
57102.371982383,52737.82421875,52128.71484375,-7901.4755859375,11060.8056640625,-42681.55078125,-15.959145545959473,44564.4375,9455.5927734375
57102.376061606,52636.63671875,52030.45703125,-8025.4833984375,10959.1494140625,-42790.29296875,-90.63632202148438,44472.57421875,9359.94921875
57102.380017205,52535.5625,51925.40625,-8140.30419921875,10859.1259765625,-42894.83203125,-177.67401123046875,44375.1640625,9258.2490234375
57102.385004461,52591.84375,51981.75390625,-8062.54248046875,10924.59375,-42828.46875,-139.83251953125,44431.78125,9310.708984375
57102.389088425,52704.49609375,52085.7578125,-7933.2822265625,11027.6796875,-42716.28515625,-49.5985221862793,44542.53515625,9424.568359375
57102.391654623,52746.47265625,52135.04296875,-7893.09375,11063.3984375,-42682.2421875,-12.047590255737305,44577.1796875,9466.791015625
57102.397094438,52655.58984375,52052.20703125,-8017.2578125,10971.5546875,-42785.57421875,-87.44002532958984,44469.15234375,9360.486328125
57102.401116042,52558.921875,51955.48828125,-8127.2509765625,10886.23828125,-42877.8671875,-171.5496368408203,44370.42578125,9256.662109375
57102.40602453,52609.1015625,52006.609375,-8054.6748046875,10944.732421875,-42817.58203125,-136.6585693359375,44426.05859375,9307.400390625
57102.410063274,52712.36328125,52100.84375,-7934.8916015625,11033.8046875,-42717.42578125,-51.766639709472656,44533.32421875,9419.986328125
57102.414100924,52756.80078125,52146.9765625,-7889.763671875,11072.3388671875,-42674.53125,-7.331372261047363,44575.0546875,9465.13671875
57102.418080591,52663.703125,52061.83984375,-8006.59619140625,10984.0947265625,-42772.90234375,-75.6383056640625,44479.7265625,9373.9638671875
57102.421099348,52566.7421875,51963.515625,-8116.92431640625,10889.0322265625,-42874.66796875,-162.2289581298828,44378.8515625,9274.431640625
57102.425054582,52609.2109375,52004.59765625,-8053.646484375,10937.53515625,-42823.75,-136.34564208984375,44433.76953125,9317.90625
57102.429109736,52723.25,52116.421875,-7923.60400390625,11046.1201171875,-42708.015625,-45.821075439453125,44546.9140625,9429.7314453125
57102.433087945,52763.90625,52156.5234375,-7885.27099609375,11079.9609375,-42671.11328125,-7.376075744628906,44582.25390625,9471.0380859375
57102.436132228,52665.5390625,52055.84765625,-8009.72509765625,10976.5390625,-42779.875,-84.958984375,44478.2734375,9374.9248046875
57102.441051656,52559.65625,51943.98046875,-8131.36328125,10869.0947265625,-42891.92578125,-180.4009246826172,44372.7734375,9267.9716796875
57102.445072896,52611.515625,51991.1875,-8062.9892578125,10920.7275390625,-42835.91015625,-146.13571166992188,44429.859375,9320.587890625
57102.448052267,52716.87890625,52099.75,-7932.96923828125,11030.7197265625,-42715.2109375,-48.70445251464844,44542.2890625,9431.6318359375
57102.452158476,52758.3203125,52145.1875,-7889.6962890625,11070.998046875,-42671.91796875,-3.598630905151367,44583.7265625,9476.3125
57102.457043259,52662.18359375,52050.39453125,-8011.80419921875,10972.314453125,-42776.92578125,-76.35356140136719,44484.8203125,9382.234375
57102.460992294,52548.68359375,51931.23828125,-8138.71728515625,10856.7568359375,-42897.37890625,-180.19976806640625,44372.4609375,9271.9287109375
57102.464036213,52599.17578125,51976.12109375,-8068.845703125,10907.2939453125,-42840.40234375,-147.3426971435547,44420.671875,9319.314453125
57102.468592427,52708.3203125,52088.19140625,-7934.60107421875,11017.64453125,-42724.35546875,-56.9745979309082,44538.62109375,9431.7431640625
57102.473046897,52759.796875,52147.71484375,-7876.66552734375,11074.9091796875,-42664.7421875,2.12341570854187,44594.03125,9487.3994140625
57102.477020365,52670.5,52062.7578125,-7993.85546875,10990.1064453125,-42759.421875,-61.62376022338867,44498.14453125,9390.99609375
57102.48102556,52562.765625,51953.56640625,-8115.1806640625,10886.529296875,-42871.40625,-162.63128662109375,44389.04296875,9280.3994140625
57102.485017261,52600.3359375,51976.87890625,-8067.52685546875,10910.0205078125,-42842.52734375,-156.55162048339844,44421.453125,9313.1669921875
57102.489970968,52707.60546875,52078.359375,-7940.94873046875,11019.611328125,-42723.86328125,-60.77439498901367,44531.22265625,9423.47265625
57102.494025028,52752.375,52134.28125,-7891.3056640625,11073.2333984375,-42668.47265625,-5.945563793182373,44579.6171875,9474.2119140625
57102.497982815,52668.66796875,52061.9296875,-8006.79736328125,10986.4638671875,-42766.0859375,-72.24083709716797,44485.3359375,9381.3173828125
57102.501007042,52559.8125,51950.34765625,-8129.35205078125,10879.689453125,-42878.8046875,-169.06858825683594,44378.91796875,9273.470703125
57102.50396745,52604.3828125,51993.80078125,-8064.12939453125,10929.8017578125,-42827.6640625,-142.55943298339844,44427.625,9317.861328125
57102.508137112,52711.08984375,52100.41796875,-7939.541015625,11033.8935546875,-42718.36328125,-56.12522888183594,44533.66015625,9425.373046875
57102.512184973,52762.69921875,52148.05078125,-7889.361328125,11075.1103515625,-42674.375,-12.494625091552734,44572.3046875,9473.697265625
57102.516171204,52660.57421875,52045.3203125,-8017.0341796875,10967.3076171875,-42782.40234375,-86.59066009521484,44478.2734375,9375.640625
57102.520238758,52545.015625,51919.52734375,-8150.7646484375,10841.7587890625,-42902.25,-178.8363037109375,44379.4765625,9270.296875
57102.524223166,52593.7890625,51971.828125,-8078.009765625,10908.1650390625,-42838.28125,-145.0628204345703,44431.01953125,9317.123046875
57102.529176508,52716.54296875,52111.484375,-7927.58251953125,11052.892578125,-42698.671875,-39.584938049316406,44547.765625,9428.6591796875
57102.533189725,52767.9296875,52165.9765625,-7870.38427734375,11101.150390625,-42646.03125,14.99802017211914,44600.44921875,9482.7275390625
57102.536222339,52670.74609375,52070.46875,-7990.234375,11001.0595703125,-42749.76953125,-54.69471740722656,44504.984375,9392.6943359375
57102.540173562,52553.7109375,51947.12890625,-8123.09326171875,10879.689453125,-42873.55078125,-160.64198303222656,44388.7109375,9279.103515625
57102.544135725,52600.71875,51985.88671875,-8061.0673828125,10921.017578125,-42828.73828125,-136.81503295898438,44434.59765625,9323.5380859375
57102.548186868,52700.49609375,52080.2578125,-7941.060546875,11014.9619140625,-42726.03125,-55.25351333618164,44535.91796875,9424.6357421875
57102.552239834,52747.8828125,52139.37890625,-7887.57275390625,11075.6025390625,-42667.66796875,-4.425645351409912,44579.6171875,9470.568359375
57102.557221621,52662.5859375,52061.078125,-7998.95166015625,10996.1416015625,-42756.8984375,-67.27874755859375,44482.07421875,9379.3056640625
57102.561215146,52567.3671875,51955.1328125,-8115.650390625,10888.09375,-42866.6015625,-155.90341186523438,44391.546875,9281.986328125
57102.565243679,52604.0703125,51988.14453125,-8059.837890625,10924.482421875,-42825.6953125,-136.9491424560547,44440.4296875,9324.25390625
57102.569206936,52706.44140625,52094.046875,-7933.55029296875,11032.8662109375,-42711.6796875,-49.66557693481445,44543.8515625,9427.7646484375
57102.573241669,52766.30078125,52158.109375,-7870.8984375,11094.8251953125,-42648.89453125,9.186567306518555,44597.0703125,9481.833984375
57102.578264663,52677.5625,52073.328125,-7985.65234375,11005.9541015625,-42748.73828125,-61.26613235473633,44499.37109375,9388.068359375
57102.582191453,52569.5390625,51959.46875,-8108.07275390625,10895.3798828125,-42860.6328125,-153.22120666503906,44395.234375,9283.037109375
57102.586229103,52608.33984375,51997.578125,-8048.72900390625,10939.189453125,-42814.83203125,-130.46713256835938,44437.68359375,9319.1796875
57102.590342241,52710.84375,52100.88671875,-7925.97314453125,11040.15234375,-42708.73046875,-49.151485443115234,44539.13671875,9423.853515625
57102.593288427,52774.63671875,52169.8203125,-7865.3330078125,11100.30078125,-42651.75390625,4.425645351409912,44592.0859375,9483.5771484375
57102.596680243,52678.5234375,52076.19140625,-7984.75830078125,11005.015625,-42749.05078125,-56.52756118774414,44502.34375,9394.416015625
57102.600187295,52565.515625,51961.63671875,-8111.2021484375,10896.6767578125,-42862.01953125,-154.42820739746094,44389.4453125,9278.96875
57102.60417535,52615.24609375,52005.78125,-8046.38232421875,10942.1845703125,-42813.78125,-129.3719024658203,44435.73828125,9321.34765625
57102.608219564,52718.890625,52106.90234375,-7921.18994140625,11042.2314453125,-42704.9296875,-42.915348052978516,44536.8359375,9426.087890625
57102.613193328,52773.33984375,52163.29296875,-7866.96484375,11092.791015625,-42652.08984375,10.460616111755371,44593.94140625,9485.0966796875
57102.617143821,52674.12109375,52065.88671875,-7995.80029296875,10991.3134765625,-42762.75390625,-72.53141021728516,44492.48828125,9384.40234375
57102.620143979,52564.640625,51954.23828125,-8115.87353515625,10886.5068359375,-42869.21484375,-163.25714111328125,44387.4140625,9276.5546875
57102.624207157,52598.66015625,51977.41796875,-8063.66015625,10913.775390625,-42831.77734375,-144.2134552001953,44430.53125,9316.1181640625
57102.628189741,52714.12890625,52099.61328125,-7930.130859375,11032.1953125,-42715.1015625,-54.627662658691406,44538.84765625,9427.138671875
57102.632207335,52770.25390625,52164.92578125,-7869.46826171875,11095.3837890625,-42654.37109375,2.1457674503326416,44590.56640625,9481.2080078125
57102.636304791,52674.546875,52073.953125,-7983.41748046875,11003.2939453125,-42746.7734375,-57.86866760253906,44500.71484375,9392.11328125
57102.641236617,52560.9765625,51958.57421875,-8110.30810546875,10891.06640625,-42863.73828125,-158.80914306640625,44389.91796875,9276.197265625
57102.645196228,52597.72265625,51988.01171875,-8058.02734375,10925.3310546875,-42826.1875,-143.63230895996094,44426.19140625,9309.703125
57102.648838938,52709.390625,52099.1015625,-7927.470703125,11035.7490234375,-42709.9609375,-52.45954513549805,44533.63671875,9417.9970703125
57102.653136599,52774.76953125,52166.04296875,-7861.3544921875,11099.8095703125,-42645.09375,10.2818021774292,44591.8203125,9479.28515625
57102.657326683,52684.76171875,52082.08984375,-7978.58935546875,11010.3125,-42745.6328125,-61.22142791748047,44488.33203125,9383.5751953125
57102.661380378,52573.31640625,51966.0390625,-8104.0498046875,10895.8720703125,-42864.5,-163.19007873535156,44385.55859375,9277.1806640625
57102.666268444,52607.98046875,51992.1484375,-8050.36083984375,10928.8857421875,-42822.27734375,-140.41366577148438,44433.5703125,9317.369140625
57102.670318858,52708.85546875,52097.24609375,-7923.73828125,11037.3583984375,-42706.2265625,-46.15635299682617,44544.41015625,9428.099609375
57102.674377659,52762.72265625,52148.23046875,-7866.78564453125,11083.537109375,-42651.3515625,11.667610168457031,44602.703125,9491.35546875
57102.677281908,52664.64453125,52056.49609375,-7992.98388671875,10985.6591796875,-42758.5078125,-67.9716567993164,44494.6796875,9388.8505859375
57102.681276162,52555.5234375,51937.80859375,-8123.87548828125,10869.67578125,-42877.30859375,-167.8839569091797,44383.16796875,9275.548828125
57102.68431534,52607.69140625,52000.73046875,-8053.73583984375,10936.015625,-42819.73046875,-137.82086181640625,44431.78125,9316.2744140625
57102.688289538,52718.5546875,52123.015625,-7921.23486328125,11056.0224609375,-42700.05859375,-43.2059211730957,44543.80859375,9426.37890625
57102.692313695,52764.7109375,52170.58203125,-7867.724609375,11105.978515625,-42644.42578125,10.706485748291016,44594.8828125,9481.9453125
57102.696317066,52681.85546875,52084.6171875,-7977.5166015625,11011.1171875,-42739.95703125,-48.771507263183594,44508.1796875,9397.2099609375
57102.701313439,52574.9453125,51975.65234375,-8099.95947265625,10906.17578125,-42852.765625,-148.326171875,44396.51171875,9282.9921875
57102.704359911,52619.73828125,52016.109375,-8039.8330078125,10954.5009765625,-42803.41015625,-124.43215942382812,44439.046875,9321.3701171875
57102.708305663,52718.48828125,52108.48828125,-7925.458984375,11044.0419921875,-42701.6875,-43.854122161865234,44532.5859375,9420.6787109375
57102.712276214,52764.82421875,52156.36328125,-7876.59814453125,11084.990234375,-42654.4140625,5.3644185066223145,44589.515625,9478.16796875
57102.716356166,52670.90234375,52067.8984375,-7992.76025390625,10996.4775390625,-42751.265625,-63.16603088378906,44496.9375,9389.2080078125
57102.720435389,52572.59765625,51972.72265625,-8104.94384765625,10908.27734375,-42851.6015625,-151.3660125732422,44396.3984375,9283.640625
57102.724439854,52610.0625,52004.55078125,-8051.54541015625,10942.654296875,-42812.33203125,-132.63525390625,44437.5703125,9319.537109375
57102.729376056,52709.50390625,52097.3359375,-7931.650390625,11034.8330078125,-42709.625,-51.83369445800781,44538.35546875,9422.0205078125
57102.732391166,52763.23828125,52147.37890625,-7879.01220703125,11078.6201171875,-42659.2890625,-1.2293459177017212,44588.69140625,9477.6533203125
57102.737389727,52684.37890625,52071.875,-7986.6357421875,10996.2978515625,-42750.52734375,-61.69081497192383,44502.4140625,9394.8408203125
57102.74141352,52569.73828125,51959.40234375,-8108.1845703125,10892.18359375,-42860.41015625,-155.90341186523438,44393.55859375,9283.3720703125
57102.744429723,52609.27734375,51990.44921875,-8048.8408203125,10927.2763671875,-42812.53125,-124.4098129272461,44445.81640625,9331.115234375
57102.750300945,52706.53125,52082.89453125,-7928.96826171875,11018.650390625,-42706.00390625,-35.47221755981445,44548.48046875,9436.4150390625
57102.75337112,52779.44140625,52180.796875,-7851.1396484375,11119.009765625,-42624.75390625,26.240947723388672,44609.34375,9493.3447265625
57102.75840469,52691.12890625,52088.57421875,-7970.16259765625,11018.8740234375,-42730.38671875,-45.41874313354492,44517.3671875,9405.0107421875
57102.761471583,52570.51953125,51963.40234375,-8105.5693359375,10896.5869140625,-42856.09375,-151.1425018310547,44400.35546875,9288.6923828125
57102.764483775,52615.4921875,52020.51171875,-8037.888671875,10962.3681640625,-42799.6328125,-126.488525390625,44442.28515625,9327.0029296875
57102.768414941,52733.93359375,52134.3046875,-7903.4873046875,11074.1494140625,-42682.19921875,-31.426551818847656,44556.390625,9444.1259765625
57102.772434722,52781.1640625,52175.23046875,-7857.3759765625,11109.30859375,-42637.47265625,16.719104766845703,44604.06640625,9491.5791015625
57102.776421683,52682.5703125,52069.3046875,-7979.41650390625,10999.3603515625,-42742.7265625,-52.057212829589844,44511.265625,9400.3388671875
57102.780437453,52569.29296875,51957.63671875,-8103.78125,10896.3857421875,-42854.44140625,-150.1366729736328,44399.9296875,9286.0771484375
57102.785416687,52623.78515625,52020.66796875,-8031.607421875,10961.541015625,-42798.47265625,-123.15811157226562,44446.109375,9328.58984375
57102.78844383,52731.69921875,52127.91015625,-7904.3369140625,11068.13671875,-42685.125,-34.73461151123047,44551.921875,9433.6650390625
57102.792460694,52780.6953125,52179.609375,-7848.45751953125,11115.388671875,-42631.39453125,19.803646087646484,44601.9453125,9488.8740234375
57102.796411552,52687.44140625,52088.4140625,-7964.95458984375,11021.421875,-42728.734375,-42.28950119018555,44507.0390625,9397.8134765625
57102.800429146,52580.109375,51973.86328125,-8093.32080078125,10908.6796875,-42849.09765625,-144.10169982910156,44405.00390625,9289.33984375
57102.804401155,52618.17578125,52002.65234375,-8041.73291015625,10940.3076171875,-42813.3359375,-130.28831481933594,44442.98046875,9326.130859375
57102.808613483,52717.23828125,52100.44140625,-7917.6806640625,11036.8671875,-42703.07421875,-40.2554931640625,44550.35546875,9433.7548828125
57102.812457128,52766.56640625,52145.859375,-7865.42236328125,11076.4521484375,-42654.83984375,10.237098693847656,44601.83203125,9489.43359375
57102.817365615,52698.08203125,52095.8359375,-7957.6455078125,11027.658203125,-42722.921875,-37.68503952026367,44521.74609375,9407.4912109375
57102.820479915,52591.8203125,51987.49609375,-8078.56884765625,10927.8798828125,-42828.4453125,-126.89085388183594,44417.7890625,9300.9853515625
57102.825459149,52633.55078125,52030.75,-8016.900390625,10976.2265625,-42782.17578125,-107.71305847167969,44456.50390625,9336.234375
57102.828092811,52747.5,52148.9453125,-7885.44970703125,11089.125,-42668.96484375,-22.70937156677246,44562.8515625,9444.953125
57102.832453926,52797.75,52191.61328125,-7839.00244140625,11123.3232421875,-42624.2421875,24.206939697265625,44608.89453125,9498.8876953125
57102.838456794,52691.98046875,52084.05859375,-7967.94970703125,11010.603515625,-42733.78515625,-47.69862365722656,44506.4375,9403.2890625
57102.842436097,52583.5078125,51970.12890625,-8093.0302734375,10899.671875,-42851.734375,-147.09683227539062,44405.67578125,9293.3408203125
57102.845465064,52622.17578125,52007.76953125,-8035.98876953125,10945.4931640625,-42807.66015625,-128.4107666015625,44444.5,9325.728515625
57102.848452458,52739.859375,52131.98046875,-7898.56982421875,11066.28125,-42685.6171875,-34.39933395385742,44554.37890625,9437.4873046875
57102.852411704,52796.51953125,52187.5234375,-7838.89111328125,11116.86328125,-42627.390625,22.55290985107422,44609.3671875,9498.4404296875
57102.856339223,52693.92578125,52086.359375,-7965.0888671875,11013.6435546875,-42734.90234375,-51.386661529541016,44507.73046875,9404.1611328125
57102.860377968,52583.796875,51969.68359375,-8095.376953125,10899.11328125,-42854.8671875,-150.69546508789062,44397.8046875,9293.408203125
57102.864392643,52617.63671875,51994.875,-8048.259765625,10925.7783203125,-42822.34375,-136.63621520996094,44433.58984375,9324.8125
57102.86839492,52728.859375,52110.72265625,-7911.6904296875,11046.09765625,-42695.9453125,-36.589805603027344,44550.0,9441.6455078125
57102.872310406,52802.5078125,52193.3125,-7837.7060546875,11124.865234375,-42621.109375,33.438209533691406,44617.12109375,9508.2978515625
#57113.87557568,52736.39453125,52083.98828125,-7840.5224609375,11040.8232421875,-42426.78515625,24.09518051147461,44530.328125,9409.771484375
57113.87950794,52805.234375,52152.609375,-7764.32568359375,11105.93359375,-42353.71875,95.3525390625,44602.390625,9485.208984375
57113.884501396,52731.54296875,52082.76171875,-7859.9462890625,11032.5078125,-42429.69140625,50.224369049072266,44527.35546875,9412.341796875
57113.888505132,52622.93359375,51977.41796875,-7985.78662109375,10934.205078125,-42543.05859375,-48.63739776611328,44412.1796875,9294.9287109375
57113.89251689,52649.734375,51995.87890625,-7948.8837890625,10955.4619140625,-42519.92578125,-43.83177185058594,44437.703125,9315.7822265625
57113.896501663,52740.19140625,52084.6171875,-7836.63330078125,11043.05859375,-42423.8125,29.41489601135254,44526.59765625,9408.9892578125
57113.89951349,52803.62890625,52153.7265625,-7765.13037109375,11109.4208984375,-42355.21484375,89.5857925415039,44593.36328125,9474.748046875
57113.905653111,52721.41796875,52076.8828125,-7867.43408203125,11034.408203125,-42437.04296875,34.421688079833984,44516.78515625,9400.00390625
57113.909739992,52608.71875,51961.27734375,-7999.33154296875,10921.8671875,-42557.69921875,-65.0435791015625,44402.27734375,9287.6640625
57113.913763055,52628.63671875,51980.078125,-7961.0654296875,10948.5771484375,-42527.6796875,-55.789955139160156,44428.4296875,9308.8984375
57113.917703703,52735.87890625,52090.16015625,-7835.87353515625,11056.267578125,-42413.3515625,34.51109313964844,44535.73828125,9412.0732421875
57113.920762937,52812.65625,52170.24609375,-7764.03466796875,11121.04296875,-42348.12890625,94.90550994873047,44597.2734375,9476.0
57113.924660189,52734.55859375,52093.19921875,-7865.7353515625,11041.7392578125,-42433.04296875,40.322547912597656,44517.58984375,9402.283203125
57113.927709942,52616.8125,51967.60546875,-8002.19287109375,10921.822265625,-42557.20703125,-59.25447463989258,44405.7421875,9289.83203125
57113.931766555,52636.92578125,51983.296875,-7964.2392578125,10944.263671875,-42531.19140625,-52.9512825012207,44431.35546875,9311.2001953125
57113.935759351,52737.734375,52091.61328125,-7835.22509765625,11052.4677734375,-42416.16796875,36.589805603027344,44538.12890625,9418.6005859375
57113.940673673,52811.47265625,52165.640625,-7760.48095703125,11119.3896484375,-42345.06640625,104.13677978515625,44607.84765625,9493.7021484375
57113.944729192,52729.41796875,52086.58203125,-7870.1611328125,11035.5927734375,-42436.57421875,41.30602264404297,44517.56640625,9409.9501953125
57113.947766911,52606.26171875,51961.859375,-8010.6865234375,10914.6025390625,-42563.3984375,-65.0882797241211,44391.37109375,9283.9755859375
57113.951728345,52632.48046875,51981.08203125,-7969.55908203125,10939.1669921875,-42535.48046875,-58.76273727416992,44426.5078125,9307.3779296875
57113.955286087,52741.15234375,52092.125,-7837.7958984375,11048.802734375,-42421.75390625,28.878454208374023,44535.3125,9415.873046875
57113.959787965,52807.4921875,52165.88671875,-7762.6044921875,11117.712890625,-42350.72265625,92.69268798828125,44599.3515625,9485.9462890625
57113.963744658,52723.765625,52072.58984375,-7876.9560546875,11016.03515625,-42449.29296875,31.292442321777344,44514.66015625,9404.9208984375
57113.967731983,52602.88671875,51947.51171875,-8014.75439453125,10899.11328125,-42572.0703125,-72.33024597167969,44394.23046875,9281.6064453125
57113.972710487,52624.5234375,51969.01171875,-7972.912109375,10927.298828125,-42543.1484375,-64.50713348388672,44421.43359375,9304.6962890625
57113.976751784,52737.6015625,52086.91796875,-7838.06396484375,11045.8740234375,-42420.86328125,27.894977569580078,44531.3359375,9411.8056640625
57113.979745378,52809.3046875,52169.6640625,-7757.4189453125,11127.615234375,-42341.265625,97.8559341430664,44602.01171875,9485.119140625
57113.984328578,52735.56640625,52094.02734375,-7861.39892578125,11042.9013671875,-42429.265625,42.535369873046875,44522.3515625,9410.9111328125
57113.988457396,52607.4453125,51960.8984375,-8010.5078125,10913.0830078125,-42560.359375,-65.98235321044922,44397.5625,9283.931640625
57113.993515034,52634.2890625,51987.07421875,-7967.234375,10947.28125,-42525.1328125,-52.5265998840332,44428.33984375,9309.3447265625
57113.997526793,52742.29296875,52097.2890625,-7838.42138671875,11055.5078125,-42413.57421875,34.287574768066406,44534.82421875,9415.8955078125
57114.001544021,52794.59765625,52144.9453125,-7780.3515625,11097.7080078125,-42361.02734375,87.28356170654297,44592.04296875,9478.078125
57114.004351997,52718.9140625,52074.4453125,-7881.85107421875,11020.884765625,-42447.50390625,28.900806427001953,44504.828125,9399.154296875
57114.008500508,52601.0078125,51954.23828125,-8024.38818359375,10899.9619140625,-42578.26171875,-81.89678955078125,44378.1796875,9271.056640625
57114.011561931,52624.58984375,51974.51171875,-7985.048828125,10928.3046875,-42548.33203125,-72.68787384033203,44415.5078125,9297.431640625
57114.015540139,52730.76171875,52083.05078125,-7855.7216796875,11039.1015625,-42431.34375,16.294422149658203,44521.27734375,9402.9541015625
57114.01955518,52802.59765625,52155.40234375,-7774.92041015625,11107.990234375,-42354.41015625,91.93272399902344,44597.85546875,9480.9169921875
57114.023663941,52722.01953125,52070.9140625,-7879.951171875,11019.0078125,-42443.390625,35.56162643432617,44518.39453125,9406.8662109375
57114.028745648,52606.37109375,51954.796875,-8013.52490234375,10903.8740234375,-42569.5234375,-72.12908172607422,44395.79296875,9284.04296875
57114.031780085,52624.96875,51971.1796875,-7977.35986328125,10924.548828125,-42548.98046875,-72.17378234863281,44414.390625,9298.8623046875
57114.035726932,52722.9375,52065.4140625,-7858.2919921875,11018.4267578125,-42444.82421875,9.432435989379883,44515.04296875,9399.3330078125
57114.039793026,52796.6328125,52145.4140625,-7775.3671875,11099.4072265625,-42361.96484375,82.41088104248047,44586.9921875,9470.4345703125
57114.04383724,52725.6875,52078.69140625,-7869.333984375,11028.484375,-42441.76171875,29.638412475585938,44508.3125,9399.3330078125
57114.047326424,52603.71484375,51951.2421875,-8009.501953125,10903.046875,-42572.7421875,-76.82294464111328,44387.97265625,9281.2265625
57114.05135204,52629.1484375,51973.9296875,-7968.59814453125,10929.6455078125,-42544.84765625,-67.45756530761719,44416.8515625,9305.8583984375
57114.056736789,52735.43359375,52086.3359375,-7838.7568359375,11044.7568359375,-42424.484375,24.631622314453125,44520.8515625,9409.48046875
57114.059825562,52801.03515625,52153.90625,-7770.6064453125,11109.80078125,-42358.3203125,82.74615478515625,44577.24609375,9467.55078125
57114.064791668,52720.90234375,52075.8984375,-7872.59716796875,11025.310546875,-42446.23046875,27.62675666809082,44508.984375,9394.2373046875
57114.068801238,52606.640625,51955.7578125,-8007.73583984375,10908.232421875,-42565.07421875,-67.30110168457031,44399.4140625,9283.953125
57114.072901247,52619.6484375,51962.0625,-7980.51171875,10919.3408203125,-42546.703125,-66.13880920410156,44419.421875,9300.9189453125
57114.077767797,52719.96484375,52062.33203125,-7857.912109375,11022.0029296875,-42437.04296875,18.060209274291992,44522.6171875,9401.9033203125
57114.080808799,52788.25,52134.484375,-7786.0068359375,11087.26953125,-42368.42578125,82.03089904785156,44589.515625,9472.22265625
57114.085849297,52715.42578125,52059.15625,-7887.37158203125,11007.18359375,-42450.41015625,31.694772720336914,44512.8046875,9398.640625
57114.088852373,52591.0859375,51940.40234375,-8024.52197265625,10895.1123046875,-42574.640625,-73.22431182861328,44390.7890625,9276.734375
57114.091838308,52605.30078125,51956.5625,-7989.51953125,10918.357421875,-42552.87109375,-72.9337387084961,44409.33984375,9295.0400390625
57114.095842409,52725.0390625,52078.42578125,-7855.58740234375,11032.4189453125,-42435.234375,17.791988372802734,44518.7734375,9405.345703125
57114.099861825,52801.4375,52154.95703125,-7778.138671875,11104.1005859375,-42359.91015625,87.23886108398438,44589.62890625,9477.7880859375
57114.103879054,52726.26953125,52079.07421875,-7877.85009765625,11023.701171875,-42443.05859375,35.181644439697266,44513.56640625,9405.1220703125
57114.107944419,52601.12109375,51947.35546875,-8023.0693359375,10892.7431640625,-42576.5859375,-74.27484893798828,44389.06640625,9281.740234375
57114.111903665,52614.84375,51955.87109375,-7991.1064453125,10907.427734375,-42557.1640625,-73.24666595458984,44403.26171875,9294.9287109375
57114.115853064,52716.34375,52058.33203125,-7866.00341796875,11010.8935546875,-42448.21875,9.253622055053711,44512.671875,9398.439453125
57114.118884219,52791.37890625,52137.90234375,-7781.3349609375,11090.130859375,-42367.28515625,79.66161346435547,44587.125,9474.837890625
57114.123900285,52700.62890625,52039.578125,-7897.63134765625,10980.0263671875,-42473.23046875,9.454788208007812,44495.39453125,9391.3759765625
57114.127829628,52579.52734375,51922.69921875,-8032.0546875,10872.291015625,-42592.74609375,-93.11737060546875,44373.109375,9267.94921875
57114.131441341,52622.82421875,51988.28125,-7963.61376953125,10955.1484375,-42527.16796875,-61.31083679199219,44413.69921875,9298.0576171875
57114.135462216,52736.55078125,52105.1796875,-7828.43017578125,11068.13671875,-42410.01953125,30.376020431518555,44525.7265625,9410.263671875
57114.139642453,52809.41796875,52173.3515625,-7750.71337890625,11129.044921875,-42338.046875,100.15816497802734,44598.61328125,9485.275390625
57114.144840855,52729.64453125,52086.11328125,-7854.60400390625,11032.8876953125,-42432.4609375,40.65782165527344,44519.06640625,9410.9560546875
57114.148861365,52595.64453125,51943.2421875,-8006.75244140625,10893.525390625,-42573.5703125,-75.03480529785156,44388.21875,9278.857421875
57114.152916885,52615.06640625,51966.10546875,-7967.81591796875,10926.8515625,-42538.296875,-61.86962890625,44414.390625,9297.4765625
57114.156885612,52739.6796875,52093.71484375,-7822.61865234375,11057.318359375,-42403.984375,43.809417724609375,44537.59375,9417.662109375
57114.16033614,52812.61328125,52170.3359375,-7746.1533203125,11125.8486328125,-42333.30859375,108.89769744873047,44606.55078125,9491.4228515625
57114.165892285,52737.17578125,52099.2578125,-7848.07763671875,11043.37109375,-42420.86328125,51.65488052368164,44525.92578125,9416.521484375
57114.168909947,52617.66015625,51979.02734375,-7981.15966796875,10929.7568359375,-42540.35546875,-44.34585952758789,44410.4140625,9299.3984375
57114.172047951,52631.18359375,51988.390625,-7952.21435546875,10945.671875,-42524.21484375,-48.302120208740234,44421.5234375,9308.2724609375
57114.174928132,52734.60546875,52087.6796875,-7830.173828125,11046.142578125,-42417.26171875,30.934814453125,44530.95703125,9411.291015625
57114.179813645,52802.82421875,52159.3828125,-7752.4345703125,11114.2705078125,-42342.51953125,101.05223846435547,44603.53125,9486.236328125
57114.183930793,52723.47265625,52078.78125,-7858.359375,11024.7744140625,-42433.35546875,43.652957916259766,44520.78515625,9410.3974609375
57114.187976831,52605.5234375,51953.1875,-8000.76220703125,10900.8564453125,-42563.3984375,-63.63541793823242,44398.56640625,9289.1171875
57114.192023963,52617.078125,51967.94140625,-7969.15673828125,10926.3818359375,-42540.33203125,-64.26126861572266,44414.546875,9300.962890625
57114.195993784,52726.109375,52076.27734375,-7841.5732421875,11033.24609375,-42427.0078125,23.558738708496094,44520.83203125,9405.3681640625
57114.199943548,52800.1171875,52150.375,-7764.28076171875,11101.798828125,-42354.12109375,91.1504135131836,44590.30078125,9477.162109375
57114.203020652,52723.4296875,52073.21484375,-7866.6962890625,11019.5439453125,-42440.41796875,35.33810806274414,44511.66796875,9403.6474609375
57114.20795576,52602.21484375,51942.97265625,-8010.35107421875,10889.0546875,-42574.1953125,-72.35260009765625,44390.18359375,9283.9755859375
57114.211947827,52605.48046875,51934.8828125,-7994.4365234375,10882.908203125,-42574.5078125,-86.88123321533203,44398.23046875,9290.79296875
57114.215985477,52715.65234375,52056.36328125,-7858.6943359375,11009.8662109375,-42448.2421875,5.632639408111572,44505.67578125,9398.1708984375
57114.220016198,52790.9765625,52143.55859375,-7770.4052734375,11097.5068359375,-42357.8984375,86.09892272949219,44578.25390625,9473.02734375
57114.224048743,52716.90234375,52073.484375,-7865.1318359375,11025.4892578125,-42432.6875,40.322547912597656,44511.51171875,9402.685546875
57114.228032057,52608.78515625,51967.60546875,-7993.58740234375,10922.537109375,-42544.578125,-47.2515869140625,44411.15234375,9292.8271484375
57114.232909183,52634.15625,51992.59375,-7955.857421875,10949.8740234375,-42520.70703125,-44.52467346191406,44431.04296875,9309.3896484375
57114.236969443,52733.421875,52082.515625,-7838.1083984375,11036.7998046875,-42420.234375,33.37115478515625,44530.890625,9413.4375
57114.240054204,52788.49609375,52122.43359375,-7776.8203125,11073.12109375,-42363.84375,93.09501647949219,44596.9375,9489.6123046875
57114.245078293,52713.7265625,52061.8828125,-7868.57421875,11017.0185546875,-42433.78125,45.597557067871094,44520.7421875,9416.5439453125
57114.248982838,52601.703125,51971.515625,-7998.5048828125,10926.1357421875,-42549.09375,-55.767601013183594,44398.8125,9290.3681640625
57114.253936909,52621.59375,51988.234375,-7967.99462890625,10943.5703125,-42530.6328125,-55.23115921020508,44418.01171875,9304.0703125
57114.256996508,52723.36328125,52085.66796875,-7845.64111328125,11043.0361328125,-42422.08984375,29.303136825561523,44524.05078125,9409.81640625
57114.259972233,52798.015625,52155.76171875,-7768.86279296875,11110.2255859375,-42348.6875,97.96769714355469,44597.1171875,9488.494140625
57114.263955547,52723.83203125,52079.51953125,-7868.86474609375,11026.2724609375,-42434.921875,43.54119873046875,44520.49609375,9419.2490234375
57114.267530429,52599.8671875,51957.61328125,-8009.21142578125,10906.3330078125,-42563.33203125,-62.718994140625,44396.8671875,9294.50390625
57114.271976147,52624.43359375,51979.2265625,-7968.2626953125,10939.3017578125,-42531.546875,-53.28656005859375,44422.03515625,9315.89453125
57114.275993011,52718.4453125,52071.09375,-7852.9501953125,11030.384765625,-42431.859375,21.41297149658203,44512.15625,9408.20703125
57114.280051083,52786.9296875,52135.01953125,-7779.50244140625,11085.9287109375,-42366.43359375,81.89678955078125,44584.28515625,9480.6044921875
57114.283942135,52718.66796875,52064.23046875,-7874.18408203125,11004.92578125,-42449.73828125,28.92315673828125,44515.0859375,9413.7275390625
57114.287005381,52604.203125,51950.99609375,-8011.40185546875,10892.8994140625,-42574.88671875,-77.8064193725586,44388.91015625,9290.1669921875
57114.291986803,52617.14453125,51964.65234375,-7980.869140625,10915.2734375,-42556.1328125,-81.15918731689453,44400.46484375,9298.83984375
57114.295982151,52723.36328125,52070.78125,-7850.80419921875,11023.791015625,-42436.484375,15.221537590026855,44513.54296875,9408.408203125
57114.299980781,52796.85546875,52144.83203125,-7771.74609375,11095.0478515625,-42361.60546875,80.35452270507812,44581.29296875,9479.84375
57114.304077508,52726.2890625,52081.734375,-7862.494140625,11027.724609375,-42434.62890625,36.14277267456055,44507.41796875,9409.2353515625
57114.308053164,52613.390625,51966.6640625,-7993.98974609375,10916.32421875,-42550.8828125,-56.728729248046875,44395.19140625,9297.341796875
57114.312121812,52635.765625,51983.05078125,-7957.98095703125,10937.4912109375,-42528.44140625,-54.51590347290039,44414.5703125,9311.423828125
57114.317014618,52732.125,52079.87890625,-7838.08642578125,11034.0732421875,-42425.19921875,22.32939338684082,44512.58203125,9405.5693359375
57114.320089534,52801.28125,52151.76171875,-7759.07275390625,11101.5751953125,-42352.0625,88.3564453125,44583.68359375,9479.4638671875
57114.325081896,52732.86328125,52083.34375,-7849.7314453125,11026.0927734375,-42428.10546875,43.27297592163086,44514.125,9411.9619140625
57114.329107147,52606.84375,51948.828125,-7998.83984375,10893.078125,-42566.37109375,-66.54114532470703,44384.59765625,9285.1162109375
57114.333103954,52619.046875,51954.59765625,-7972.97900390625,10909.126953125,-42549.40625,-68.4410400390625,44399.68359375,9297.9677734375
57114.338087199,52734.0,52080.4375,-7835.3369140625,11035.1455078125,-42428.3046875,18.082561492919922,44514.2578125,9405.4580078125
57114.341135494,52813.328125,52166.578125,-7747.53955078125,11116.349609375,-42345.73828125,91.61979675292969,44590.74609375,9483.5771484375
57114.344190353,52718.2421875,52057.859375,-7865.22119140625,11004.6357421875,-42446.09765625,31.962993621826172,44510.4609375,9410.21875
57114.34677442,52595.80078125,51939.62109375,-8008.8310546875,10884.6513671875,-42576.765625,-75.77241516113281,44385.265625,9283.7744140625
57114.351169084,52630.15625,51993.0859375,-7959.8583984375,10946.341796875,-42534.67578125,-65.40120697021484,44407.953125,9295.7998046875
57114.355603862,52730.44921875,52089.51171875,-7837.25927734375,11042.25390625,-42427.4765625,19.24485206604004,44513.25390625,9399.7578125
57114.359987586,52815.62890625,52179.12109375,-7740.6328125,11131.2353515625,-42334.203125,102.86272430419922,44599.5078125,9490.6396484375
57114.364024872,52760.82421875,52126.14453125,-7824.138671875,11073.1435546875,-42398.84375,67.25640106201172,44539.16015625,9433.28515625
57114.367013725,52625.953125,51982.828125,-7985.4736328125,10928.6845703125,-42546.41015625,-53.3759651184082,44403.39453125,9300.001953125
57114.371164423,52627.203125,51976.58984375,-7975.080078125,10925.5771484375,-42547.3046875,-72.01731872558594,44403.4375,9300.5830078125
57114.375176182,52728.27734375,52078.37890625,-7851.85498046875,11028.1044921875,-42436.6640625,16.11560821533203,44511.82421875,9408.20703125
57114.380102903,52799.46875,52148.5859375,-7769.89111328125,11092.142578125,-42360.7578125,88.69171905517578,44590.3203125,9492.0703125
57114.384088769,52740.4375,52093.22265625,-7851.4970703125,11035.48046875,-42422.8515625,51.00667953491211,44524.69921875,9429.2626953125
57114.388169086,52618.62109375,51971.73828125,-7995.59912109375,10916.927734375,-42550.66015625,-55.477027893066406,44399.28125,9300.6279296875
57114.392138178,52619.359375,51971.1796875,-7977.80712890625,10925.287109375,-42541.359375,-63.344844818115234,44403.37109375,9301.6787109375
57114.396148113,52727.921875,52079.38671875,-7847.67529296875,11032.3740234375,-42426.515625,26.95620346069336,44518.37109375,9414.4208984375
57114.400088761,52803.046875,52155.13671875,-7765.68896484375,11101.5078125,-42351.7265625,94.61493682861328,44598.99609375,9492.4501953125
57114.405114672,52722.8046875,52069.796875,-7873.0888671875,11007.7646484375,-42445.046875,33.57231903076172,44515.48828125,9416.455078125
57114.409166545,52594.19140625,51925.80859375,-8027.11474609375,10865.7197265625,-42583.87109375,-76.57707977294922,44389.9375,9293.05078125
57114.413260719,52597.4765625,51922.05078125,-8006.97607421875,10873.4306640625,-42571.66796875,-81.74032592773438,44401.96484375,9302.7958984375
57114.416791475,52710.01953125,52060.07421875,-7864.1708984375,11019.052734375,-42440.33203125,9.83476734161377,44505.8984375,9401.92578125
57114.421115758,52804.54296875,52166.84765625,-7765.71142578125,11117.154296875,-42347.01171875,89.98812103271484,44586.6796875,9483.5546875
57114.42411081,52739.7890625,52095.5,-7859.63330078125,11039.5712890625,-42423.85546875,44.3011589050293,44518.5078125,9421.0810546875
57114.427211618,52607.66796875,51960.96484375,-8009.56884765625,10906.623046875,-42562.83984375,-68.37398529052734,44390.05078125,9297.587890625
57114.431242704,52617.37109375,51962.91015625,-7984.8251953125,10911.853515625,-42551.59765625,-68.35163116455078,44408.9140625,9312.2060546875
57114.436106701,52720.8359375,52065.9296875,-7855.67724609375,11020.884765625,-42431.1875,24.922195434570312,44519.22265625,9416.5888671875
57114.440050631,52801.546875,52160.6796875,-7762.06787109375,11114.494140625,-42341.7578125,100.29227447509766,44595.70703125,9492.8525390625
57114.444159757,52736.99609375,52096.6171875,-7849.46337890625,11042.923828125,-42417.75390625,53.778297424316406,44525.8359375,9431.8994140625
57114.448197771,52606.1953125,51962.3515625,-8001.0302734375,10909.9755859375,-42558.30078125,-64.28361511230469,44384.53125,9297.2978515625
57114.451155992,52611.26953125,51958.05859375,-7983.08203125,10914.5576171875,-42549.83203125,-71.81615447998047,44400.265625,9304.2041015625
57114.455144412,52718.890625,52066.17578125,-7854.22412109375,11020.9296875,-42438.5625,13.522805213928223,44511.578125,9411.26953125
57114.45921707,52802.64453125,52153.4140625,-7762.0234375,11104.3466796875,-42351.50390625,91.06100463867188,44591.28125,9490.908203125
57114.463208042,52739.6328125,52090.828125,-7849.61962890625,11035.771484375,-42424.1484375,46.715145111083984,44521.74609375,9422.9140625
57114.468092097,52610.7109375,51956.16015625,-8002.05859375,10902.935546875,-42562.23828125,-65.24474334716797,44391.94921875,9291.5751953125
57114.472096926,52617.14453125,51957.859375,-7984.13232421875,10911.4287109375,-42551.6640625,-68.64220428466797,44404.265625,9295.7998046875
57114.47614187,52719.96484375,52063.08984375,-7857.2861328125,11016.6826171875,-42439.94921875,15.981496810913086,44509.765625,9400.451171875
57114.479157709,52793.5234375,52136.359375,-7772.998046875,11084.9228515625,-42362.12109375,85.92010498046875,44585.76171875,9480.626953125
57114.484153353,52727.7890625,52069.171875,-7861.26513671875,11009.306640625,-42435.16796875,46.49162673950195,44523.22265625,9421.1484375
57114.489131493,52618.3984375,51967.6953125,-7990.61474609375,10911.1826171875,-42547.484375,-46.91631317138672,44408.01953125,9302.662109375
57114.493053177,52632.58984375,51985.23828125,-7957.8466796875,10944.7548828125,-42519.56640625,-44.3011589050293,44423.15234375,9313.0107421875
57114.497106873,52737.46484375,52086.78515625,-7830.3974609375,11045.986328125,-42408.9921875,42.42361068725586,44531.73828125,9421.8857421875
57114.500154803,52809.37109375,52147.984375,-7752.27783203125,11103.8994140625,-42337.37890625,111.55755615234375,44607.12890625,9501.4140625
57114.505113615,52734.5390625,52071.62890625,-7850.9833984375,11019.65625,-42421.84375,57.913368225097656,44531.8046875,9431.765625
57114.509309898,52617.63671875,51962.12890625,-7996.11328125,10904.7451171875,-42556.984375,-59.14271545410156,44398.8359375,9301.4775390625
57114.512329383,52620.34375,51962.44140625,-7978.14208984375,10918.7822265625,-42546.12109375,-69.15629577636719,44404.33203125,9304.4951171875
57114.515359079,52729.7109375,52080.7734375,-7843.65185546875,11041.404296875,-42421.9140625,24.74338150024414,44507.75390625,9406.2626953125
57114.519353698,52815.78515625,52176.34765625,-7748.85791015625,11134.029296875,-42330.203125,101.90160369873047,44593.09375,9486.2587890625
57114.524300112,52749.89453125,52113.3828125,-7838.86865234375,11060.3359375,-42410.55859375,50.76081085205078,44526.375,9422.35546875
57114.52833448,52620.56640625,51977.9296875,-7988.40185546875,10926.44921875,-42542.5,-49.754981994628906,44405.5859375,9300.9404296875
57114.532335298,52623.5625,51976.3671875,-7971.705078125,10932.3056640625,-42532.93359375,-56.9745979309082,44412.91796875,9305.791015625
57114.535367182,52727.4296875,52074.06640625,-7850.06689453125,11029.5576171875,-42426.00390625,25.279823303222656,44517.0546875,9411.1123046875
57114.5393742,52792.921875,52140.16015625,-7776.7529296875,11090.6455078125,-42357.94140625,86.97063446044922,44584.265625,9479.44140625
57114.543402369,52725.39453125,52073.6171875,-7863.43310546875,11019.65625,-42429.3125,45.73167037963867,44519.625,9420.4560546875
57114.547470652,52595.62109375,51939.21875,-8013.435546875,10890.5517578125,-42564.671875,-64.90946960449219,44390.85546875,9293.9892578125
57114.55233939,52609.81640625,51949.453125,-7994.34716796875,10904.5,-42554.45703125,-74.02897644042969,44396.2421875,9295.732421875
57114.556371934,52717.99609375,52059.3125,-7867.1435546875,11014.0458984375,-42442.921875,8.873642921447754,44497.31640625,9399.8916015625
57114.55986367,52801.63671875,52151.06640625,-7768.818359375,11102.0224609375,-42351.99609375,91.21746826171875,44580.84375,9486.326171875
57114.564319235,52737.9140625,52092.6171875,-7849.5078125,11043.482421875,-42416.61328125,50.60435104370117,44523.22265625,9423.25
57114.568287962,52616.25390625,51966.8671875,-7992.55908203125,10916.994140625,-42549.65234375,-55.67819595336914,44399.4609375,9298.1025390625
57114.573349976,52619.78515625,51962.21875,-7978.38818359375,10915.876953125,-42549.36328125,-68.97748565673828,44401.984375,9297.3203125
57114.577369393,52721.4609375,52059.44921875,-7856.3251953125,11014.224609375,-42441.53515625,13.47810173034668,44505.98828125,9400.763671875
57114.58035934,52795.35546875,52133.85546875,-7770.1591796875,11089.52734375,-42359.05859375,85.808349609375,44585.3359375,9482.7724609375
57114.585174107,52730.828125,52072.97265625,-7855.341796875,11020.05859375,-42432.21484375,43.07181167602539,44520.4296875,9423.9423828125
57114.588382128,52604.96484375,51943.0390625,-8005.880859375,10890.91015625,-42566.171875,-64.73065185546875,44392.75390625,9294.5478515625
57114.594176404,52615.29296875,51957.0546875,-7983.685546875,10913.015625,-42548.69140625,-69.2457046508789,44400.7109375,9298.9072265625
57114.597210841,52724.97265625,52073.796875,-7849.306640625,11033.849609375,-42428.28125,19.87070083618164,44508.203125,9406.1953125
57114.600216469,52799.42578125,52151.76171875,-7766.09130859375,11106.5595703125,-42351.48046875,88.24468994140625,44582.03125,9480.626953125
57114.603227932,52729.0390625,52082.60546875,-7854.60400390625,11031.234375,-42424.37109375,46.17870330810547,44516.31640625,9418.0419921875
57114.606914403,52616.140625,51965.16796875,-7992.0224609375,10913.9326171875,-42553.85546875,-60.32735824584961,44393.08984375,9296.5595703125
57114.611871391,52631.1171875,51980.6796875,-7967.16748046875,10933.490234375,-42541.94140625,-69.62568664550781,44397.875,9297.9677734375
57114.616407548,52725.796875,52075.33984375,-7847.9208984375,11028.08203125,-42432.796875,18.842519760131836,44497.5390625,9396.583984375
57114.619399683,52809.83984375,52158.66796875,-7756.30126953125,11109.107421875,-42344.5078125,98.63824462890625,44591.28125,9483.263671875
57114.623453379,52741.80078125,52090.3828125,-7841.193359375,11042.677734375,-42412.859375,56.28169250488281,44529.50390625,9427.02734375
57114.62695095,52614.015625,51965.859375,-7986.32275390625,10919.3408203125,-42544.578125,-49.82203674316406,44405.046875,9301.41015625
57114.631490024,52620.12109375,51969.55078125,-7969.044921875,10927.65625,-42533.53515625,-53.44301986694336,44415.6640625,9306.2158203125
57114.63547735,52721.73046875,52070.3125,-7844.7470703125,11028.865234375,-42423.54296875,29.906633377075195,44521.12109375,9413.392578125
57114.640420846,52805.5703125,52161.83984375,-7752.9482421875,11113.421875,-42340.41796875,100.31462860107422,44597.921875,9493.61328125
57114.644375351,52746.875,52113.09375,-7827.44677734375,11062.3251953125,-42397.83984375,69.08924102783203,44541.015625,9438.7392578125
57114.648427952,52615.4921875,51975.203125,-7979.21533203125,10927.6787109375,-42534.07421875,-38.824981689453125,44415.734375,9313.0556640625
57114.651504692,52616.51953125,51961.4375,-7973.02392578125,10915.2958984375,-42540.0625,-56.1475830078125,44418.3046875,9316.85546875
57114.656485384,52722.265625,52065.39453125,-7846.26708984375,11020.9521484375,-42428.99609375,27.269128799438477,44522.05859375,9420.232421875
57114.660440254,52813.640625,52168.97265625,-7738.53173828125,11129.9619140625,-42325.015625,112.16105651855469,44608.42578125,9505.4365234375
57114.66552743,52749.69140625,52106.67578125,-7823.3564453125,11061.7890625,-42393.9296875,72.9337387084961,44543.65234375,9445.064453125
57114.669434163,52629.1953125,51982.08984375,-7967.32421875,10936.865234375,-42523.3671875,-27.067962646484375,44420.91796875,9325.125
57114.673470355,52621.08203125,51978.109375,-7957.60107421875,10939.5029296875,-42524.6875,-47.96684265136719,44425.92578125,9318.8896484375
57114.676072291,52728.14453125,52085.98046875,-7828.87744140625,11048.802734375,-42412.01171875,34.421688079833984,44530.30859375,9423.16015625
57114.680421371,52810.2421875,52167.02734375,-7736.3857421875,11126.8994140625,-42326.5390625,111.57991027832031,44612.359375,9506.7333984375
57114.683469666,52749.53515625,52107.7265625,-7816.94140625,11061.833984375,-42392.96484375,73.76075744628906,44550.9140625,9448.4404296875
57114.687475225,52621.16796875,51972.8359375,-7967.77099609375,10927.3212890625,-42531.14453125,-36.00865936279297,44423.17578125,9321.1240234375
57114.691526368,52615.625,51957.92578125,-7964.75341796875,10917.150390625,-42538.74609375,-58.18159103393555,44417.8125,9315.6708984375
57114.695104531,52720.12109375,52063.42578125,-7836.00732421875,11025.310546875,-42420.7265625,35.29340362548828,44528.98828125,9422.3330078125
57114.700190614,52809.52734375,52156.6328125,-7740.9453125,11115.6123046875,-42329.3984375,114.01625061035156,44612.26953125,9506.8232421875
57114.703407387,52754.09375,52108.62109375,-7825.43505859375,11059.77734375,-42397.01171875,67.5916748046875,44540.74609375,9440.0361328125
57114.70747494,52626.48828125,51982.1796875,-7973.470703125,10930.427734375,-42530.9453125,-38.91438674926758,44414.66015625,9313.4130859375
57114.711480499,52626.7578125,51972.7890625,-7960.1044921875,10926.3818359375,-42526.3828125,-44.41291809082031,44422.88671875,9319.9169921875
57114.715090024,52727.6328125,52074.84765625,-7835.06884765625,11031.1669921875,-42415.54296875,37.32741165161133,44523.3125,9422.5341796875
57114.719178729,52819.2734375,52175.72265625,-7734.44140625,11128.9560546875,-42322.984375,111.51285552978516,44610.8203125,9507.314453125
57114.723191216,52765.18359375,52124.4453125,-7814.21435546875,11067.8017578125,-42390.88671875,68.41869354248047,44544.5,9448.9990234375
57114.72850449,52625.88671875,51975.49609375,-7973.8955078125,10921.0400390625,-42540.4453125,-49.844390869140625,44409.875,9317.1904296875
57114.73255928,52617.21484375,51954.6171875,-7975.125,10901.5048828125,-42557.5859375,-78.02993774414062,44401.25,9308.5185546875
57114.736555722,52730.08984375,52070.55859375,-7837.68408203125,11023.0087890625,-42431.6796875,18.015506744384766,44514.01171875,9418.6455078125
57114.73962845,52815.921875,52163.94140625,-7740.38671875,11115.1875,-42338.31640625,98.9958724975586,44597.7421875,9505.3251953125
57114.745403398,52757.29296875,52105.8515625,-7820.5400390625,11049.9423828125,-42404.07421875,61.802574157714844,44536.8359375,9449.580078125
57114.749540968,52637.46484375,51989.2421875,-7960.283203125,10937.4013671875,-42527.81640625,-40.50136184692383,44413.20703125,9322.64453125
57114.753486357,52625.796875,51966.6640625,-7960.2607421875,10921.4873046875,-42537.29296875,-61.40024185180664,44410.43359375,9314.8212890625
57114.757501397,52727.07421875,52073.23828125,-7832.990234375,11030.943359375,-42424.37109375,21.25650978088379,44512.11328125,9415.4267578125
57114.760613509,52816.234375,52165.73046875,-7739.2021484375,11115.58984375,-42337.890625,98.63824462890625,44596.4921875,9502.486328125
57114.764078624,52762.8125,52109.08984375,-7821.05419921875,11050.7021484375,-42403.515625,62.00373840332031,44538.66796875,9448.3056640625
57114.767593699,52632.12109375,51974.80078125,-7971.2802734375,10920.4140625,-42535.14453125,-39.74140167236328,44411.8671875,9323.046875
57114.771587224,52613.79296875,51950.86328125,-7969.9169921875,10905.8857421875,-42543.75,-59.0980110168457,44412.53515625,9318.7998046875
57114.775621957,52725.28515625,52074.15625,-7839.65087890625,11021.779296875,-42433.24609375,19.87070083618164,44518.171875,9418.935546875
57114.779628245,52814.578125,52170.19921875,-7737.88330078125,11119.8583984375,-42334.6953125,102.7286148071289,44600.60546875,9503.7158203125
57114.78459508,52759.86328125,52114.30078125,-7813.20849609375,11062.548828125,-42389.43359375,75.34773254394531,44546.0,9450.6748046875
57114.787587945,52633.75390625,51988.45703125,-7962.83154296875,10939.279296875,-42522.40625,-32.164161682128906,44417.74609375,9320.3642578125
57114.79153625,52630.78125,51977.73046875,-7957.7353515625,10932.439453125,-42527.97265625,-51.00667953491211,44415.6640625,9315.3349609375
57114.795514459,52727.609375,52073.640625,-7836.56640625,11030.943359375,-42422.875,24.229291915893555,44512.359375,9411.5146484375
57114.799583106,52809.41796875,52161.83984375,-7741.99609375,11116.55078125,-42337.35546875,95.5537109375,44589.5390625,9491.8466796875
57114.803586842,52755.5703125,52109.4921875,-7815.89111328125,11059.53125,-42397.59375,63.1213264465332,44533.390625,9438.7841796875
57114.80763288,52634.2890625,51983.98828125,-7961.1328125,10934.1376953125,-42529.3125,-41.99892807006836,44409.140625,9317.5703125
57114.81255486,52621.68359375,51965.97265625,-7961.60205078125,10921.4423828125,-42539.55078125,-66.47409057617188,44400.46484375,9305.43359375
57114.816635177,52714.7578125,52052.4296875,-7847.5185546875,11007.5859375,-42442.4296875,8.49366283416748,44497.60546875,9402.060546875
57114.820655323,52789.63671875,52115.88671875,-7766.04638671875,11066.7734375,-42366.32421875,82.09795379638672,44580.95703125,9489.298828125
57114.824659423,52748.0390625,52086.73828125,-7825.3232421875,11035.4140625,-42410.7578125,58.02512741088867,44532.4765625,9443.4560546875
57114.828664617,52629.9296875,51983.7421875,-7964.95458984375,10929.8466796875,-42540.93359375,-52.39249038696289,44399.39453125,9313.345703125
57114.832569527,52619.71875,51967.046875,-7966.2509765625,10918.603515625,-42550.48046875,-78.02993774414062,44390.69921875,9300.3369140625
57114.837665091,52718.82421875,52062.109375,-7846.736328125,11013.1064453125,-42444.93359375,5.543232440948486,44502.48046875,9404.228515625
57114.841555778,52808.5,52155.78515625,-7742.86767578125,11109.80078125,-42339.48046875,99.04058074951172,44598.3671875,9499.2236328125
57114.845732004,52765.78515625,52115.83984375,-7804.9384765625,11065.4326171875,-42385.92578125,79.54985809326172,44555.5859375,9460.7109375
57114.848362384,52640.75,51992.953125,-7951.56591796875,10943.5478515625,-42517.98046875,-26.397409439086914,44429.65625,9331.697265625
57114.852306314,52636.28125,51989.95703125,-7947.296875,10946.744140625,-42520.7734375,-50.29142379760742,44417.67578125,9313.591796875
57114.855640512,52731.36328125,52084.7265625,-7825.61376953125,11048.1318359375,-42412.27734375,29.303136825561523,44515.7109375,9411.7158203125
57114.859697854,52815.36328125,52166.87109375,-7734.798828125,11124.75390625,-42328.03515625,104.98614501953125,44599.26171875,9500.2958984375
57114.863729669,52756.17578125,52105.89453125,-7815.82373046875,11057.0283203125,-42393.79296875,68.99983215332031,44542.78125,9450.1611328125
57114.868598408,52624.859375,51962.9765625,-7974.87890625,10912.5458984375,-42538.0078125,-43.45178985595703,44413.20703125,9322.8232421875
57114.8727502,52619.3359375,51950.50390625,-7971.6826171875,10908.724609375,-42542.0078125,-65.11063385009766,44405.60546875,9310.931640625
