#57093.876508876,52507.3984375,51872.2734375,-8208.41015625,10758.609375,-43161.2421875,-326.8719177246094,44313.18359375,9211.220703125
57093.881412623,52599.69140625,51963.87109375,-8092.8515625,10852.15234375,-43060.30078125,-252.08297729492188,44403.6171875,9307.400390625
57093.885471424,52687.0390625,52054.91015625,-7994.302734375,10939.5244140625,-42968.30078125,-167.3922119140625,44503.08203125,9401.76953125
57093.888480334,52622.62109375,51995.1875,-8078.12158203125,10876.6943359375,-43035.7578125,-208.6982421875,44439.24609375,9339.85546875
57093.892499751,52492.9140625,51866.46484375,-8225.3076171875,10753.8935546875,-43165.66796875,-318.3111877441406,44308.84765625,9208.8291015625
57093.895968877,52507.578125,51873.7734375,-8202.888671875,10765.94140625,-43154.15625,-324.5696716308594,44319.12890625,9216.9208984375
57093.900045182,52626.98046875,51993.265625,-8067.54931640625,10882.505859375,-43034.83984375,-234.2239227294922,44427.80078125,9325.662109375
57093.904534661,52689.140625,52059.8515625,-7995.6435546875,10942.69921875,-42970.58203125,-178.14340209960938,44489.6953125,9392.2705078125
57093.90951353,52612.23046875,51984.97265625,-8092.13623046875,10863.7529296875,-43049.2578125,-223.15982055664062,44422.99609375,9327.673828125
57093.913531853,52506.9765625,51880.0078125,-8217.88671875,10762.4765625,-43158.3359375,-308.1188049316406,44316.4453125,9216.9208984375
57093.916549151,52518.41796875,51892.390625,-8190.1484375,10785.029296875,-43136.00390625,-304.1178283691406,44332.25,9228.1416015625
57093.921558652,52612.18359375,51980.1875,-8075.39453125,10872.6259765625,-43038.93359375,-232.25697326660156,44427.2890625,9326.2431640625
57093.924553705,52676.04296875,52028.53515625,-8009.501953125,10914.625,-42981.66796875,-175.46119689941406,44491.1484375,9395.48828125
57093.930458476,52618.734375,51983.4296875,-8090.19140625,10862.0986328125,-43047.76171875,-219.87411499023438,44415.59765625,9325.2373046875
57093.933492184,52503.64453125,51882.1328125,-8220.8818359375,10763.7958984375,-43163.25390625,-319.5181884765625,44304.66796875,9205.4765625
57093.938477253,52520.69921875,51899.296875,-8194.73046875,10785.4765625,-43148.859375,-325.5978698730469,44315.88671875,9211.8017578125
57093.942524384,52625.37109375,52003.703125,-8066.38671875,10890.171875,-43035.98046875,-237.91197204589844,44424.16015625,9317.7490234375
57093.945573773,52708.41015625,52089.62109375,-7972.35302734375,10976.2939453125,-42942.4609375,-153.60118103027344,44513.1640625,9411.26953125
57093.949533383,52645.7109375,52025.96484375,-8062.34130859375,10904.857421875,-43016.87109375,-199.80224609375,44442.77734375,9348.416015625
57093.952514578,52513.8359375,51887.80859375,-8217.6416015625,10767.908203125,-43157.3515625,-313.7738037109375,44310.0546875,9216.943359375
57093.956457049,52520.6328125,51884.703125,-8204.9228515625,10768.82421875,-43155.65234375,-326.5813293457031,44312.87109375,9212.986328125
57093.960570551,52608.453125,51967.8046875,-8100.29443359375,10852.1962890625,-43066.37890625,-262.3647766113281,44396.66796875,9293.765625
57093.964589968,52688.3359375,52053.1015625,-8006.283203125,10934.4287109375,-42979.96875,-185.49713134765625,44475.58984375,9380.982421875
57093.969674592,52632.7265625,52002.4296875,-8077.89794921875,10877.6328125,-43039.66796875,-219.13650512695312,44427.7578125,9332.6357421875
57093.973516048,52500.87109375,51867.1796875,-8230.3369140625,10745.623046875,-43177.3359375,-333.0186462402344,44295.32421875,9203.6884765625
57093.976562519,52509.56640625,51871.1328125,-8214.5341796875,10755.5703125,-43168.4140625,-341.02056884765625,44301.8046875,9207.9580078125
57093.980095463,52607.0,51962.328125,-8097.67919921875,10848.9775390625,-43063.7890625,-260.2637023925781,44403.4375,9308.2275390625
57093.98405872,52684.87109375,52035.15234375,-8010.5078125,10917.6875,-42980.66015625,-182.79257202148438,44487.1015625,9394.7958984375
57093.988612746,52633.6875,51994.6484375,-8080.35693359375,10871.396484375,-43035.33203125,-213.30270385742188,44430.44140625,9339.296875
57093.992633257,52520.7890625,51902.73828125,-8208.3203125,10786.728515625,-43146.15234375,-310.8904113769531,44309.78515625,9214.39453125
57093.99766865,52524.4296875,51899.7890625,-8193.859375,10790.1708984375,-43142.9140625,-321.2169189453125,44316.15625,9216.1611328125
57094.001192842,52625.52734375,51997.15234375,-8069.31494140625,10887.4677734375,-43036.20703125,-237.1743621826172,44422.9296875,9322.5546875
57094.004200294,52696.09375,52070.1328125,-7987.306640625,10956.4228515625,-42958.421875,-166.78871154785156,44494.74609375,9399.556640625
57094.009631356,52633.73046875,52009.58203125,-8069.7841796875,10891.7373046875,-43023.48828125,-204.1831817626953,44438.5078125,9345.80078125
57094.014488425,52507.19921875,51879.65234375,-8217.2392578125,10764.734375,-43155.9453125,-311.33746337890625,44320.3125,9223.3583984375
57094.0171684,52520.85546875,51890.828125,-8189.27685546875,10781.609375,-43139.42578125,-312.9691162109375,44332.44921875,9232.8349609375
57094.022193947,52623.5625,51995.05078125,-8061.201171875,10886.998046875,-43026.1484375,-225.41734313964844,44440.65625,9338.3125
57094.025642287,52695.625,52069.08203125,-7980.109375,10956.1103515625,-42951.046875,-158.09388732910156,44515.19921875,9411.5146484375
57094.030603288,52631.05078125,52004.1953125,-8064.822265625,10886.751953125,-43019.015625,-198.59524536132812,44450.7578125,9350.1142578125
57094.034557063,52513.9921875,51883.00390625,-8207.248046875,10768.35546875,-43146.21875,-303.08966064453125,44323.98046875,9226.4423828125
57094.037604264,52514.93359375,51883.47265625,-8190.03662109375,10775.6416015625,-43138.7109375,-313.70672607421875,44328.8515625,9226.263671875
57094.040621926,52611.69140625,51982.08984375,-8069.248046875,10873.9892578125,-43034.328125,-234.87213134765625,44430.44140625,9330.35546875
57094.044526471,52698.05859375,52068.92578125,-7975.080078125,10956.6689453125,-42947.58203125,-155.54579162597656,44514.796875,9419.6513671875
57094.048625021,52631.36328125,52006.16015625,-8062.74365234375,10890.1943359375,-43018.32421875,-198.952880859375,44445.19140625,9353.802734375
57094.052616723,52506.19140625,51878.6015625,-8208.7900390625,10765.3603515625,-43148.72265625,-304.0284423828125,44315.4609375,9225.302734375
57094.057522657,52499.26171875,51866.3515625,-8204.8779296875,10755.837890625,-43156.43359375,-326.40252685546875,44318.94921875,9219.8935546875
57094.060575693,52603.51171875,51958.8203125,-8085.92236328125,10846.921875,-43052.90234375,-245.73507690429688,44427.17578125,9325.3486328125
57094.064562289,52680.55859375,52037.296875,-7996.8955078125,10925.15234375,-42967.16015625,-165.9840545654297,44509.609375,9412.6767578125
57094.068649535,52645.95703125,52033.72265625,-8049.220703125,10919.296875,-43000.17578125,-188.62637329101562,44454.1328125,9358.6982421875
57094.072571219,52519.625,51905.109375,-8201.1005859375,10790.662109375,-43138.84375,-303.8272705078125,44318.7265625,9219.55859375
57094.076739057,52520.25,51893.57421875,-8185.85693359375,10784.2919921875,-43134.1953125,-307.8952941894531,44332.359375,9227.4931640625
57094.080663659,52623.8984375,52013.3828125,-8056.0380859375,10905.21484375,-43015.484375,-219.62823486328125,44438.15234375,9331.3388671875
57094.085705252,52720.07421875,52117.31640625,-7955.6787109375,11002.4892578125,-42920.55859375,-137.06089782714844,44526.10546875,9424.970703125
57094.089761136,52660.328125,52049.90234375,-8037.73193359375,10933.0205078125,-42988.55078125,-174.90240478515625,44461.890625,9368.9345703125
57094.093710535,52528.69921875,51913.04296875,-8189.07568359375,10797.61328125,-43125.390625,-284.24713134765625,44337.3671875,9241.7314453125
57094.096747525,52519.42578125,51898.26953125,-8184.71728515625,10789.9921875,-43129.79296875,-305.2577819824219,44341.01171875,9236.0986328125
57094.102651567,52626.48828125,52003.63671875,-8059.79296875,10891.3564453125,-43022.2578125,-224.83619689941406,44441.390625,9337.1728515625
57094.10575748,52703.0,52080.37109375,-7976.48828125,10962.1669921875,-42946.015625,-158.60797119140625,44513.41015625,9413.9736328125
57094.110271757,52639.609375,52015.32421875,-8063.01171875,10892.5634765625,-43016.9140625,-201.97036743164062,44447.11328125,9355.2998046875
57094.114268199,52517.79296875,51886.40234375,-8209.728515625,10767.3720703125,-43148.45703125,-307.2694396972656,44321.140625,9229.392578125
57094.117335457,52517.90625,51885.75390625,-8194.685546875,10772.244140625,-43143.08984375,-316.63482666015625,44325.3203125,9228.4541015625
57094.12178701,52619.94140625,51990.71484375,-8067.88427734375,10877.5439453125,-43033.0546875,-235.9003143310547,44426.68359375,9329.5283203125
57094.124732102,52701.45703125,52072.61328125,-7980.77978515625,10954.9248046875,-42952.609375,-166.38638305664062,44501.8984375,9408.6318359375
57094.12885071,52630.06640625,52003.4140625,-8071.28173828125,10880.0693359375,-43026.8828125,-212.05099487304688,44428.31640625,9345.0634765625
57094.132814696,52494.63671875,51858.23828125,-8236.4609375,10731.921875,-43176.6171875,-332.97393798828125,44298.4296875,9210.8408203125
57094.136798375,52494.12109375,51851.82421875,-8230.068359375,10730.9833984375,-43178.296875,-349.6483459472656,44301.6484375,9206.7509765625
57094.141776879,52597.12109375,51940.3125,-8110.91162109375,10816.1875,-43079.859375,-270.5231628417969,44404.109375,9313.3232421875
57094.144808399,52692.29296875,52054.26171875,-7998.39306640625,10935.7919921875,-42965.1953125,-177.74107360839844,44495.34765625,9405.0771484375
57094.148743941,52657.9375,52052.875,-8047.208984375,10931.9921875,-42997.9609375,-198.50584411621094,44444.6328125,9352.1708984375
57094.152761899,52530.82421875,51913.2890625,-8198.1279296875,10791.466796875,-43137.4375,-306.598876953125,44322.4140625,9230.1748046875
57094.156395128,52522.5078125,51896.5703125,-8191.10986328125,10783.3310546875,-43138.33203125,-320.5016784667969,44323.1953125,9227.91796875
57094.160811308,52630.06640625,52005.06640625,-8061.24609375,10893.8828125,-43019.484375,-227.67486572265625,44432.09375,9333.126953125
57094.164834006,52708.9453125,52079.07421875,-7977.60595703125,10960.5126953125,-42940.8515625,-154.4505615234375,44505.96484375,9413.951171875
57094.16974067,52652.171875,52020.2421875,-8055.0546875,10900.23046875,-43002.1640625,-190.36981201171875,44454.46875,9360.9326171875
57094.173830469,52527.6953125,51904.39453125,-8194.9541015625,10786.68359375,-43130.8203125,-297.6805419921875,44331.53515625,9233.751953125
57094.176807652,52519.76171875,51897.8671875,-8191.51220703125,10785.119140625,-43136.2734375,-319.1605529785156,44323.75390625,9222.3076171875
57094.181355479,52623.40625,52000.05859375,-8067.392578125,10889.5908203125,-43026.55078125,-234.82742309570312,44426.41796875,9322.5322265625
57094.184880764,52714.109375,52092.796875,-7965.40185546875,10979.8251953125,-42933.1171875,-151.38836669921875,44515.578125,9415.203125
57094.190776419,52656.796875,52031.46484375,-8046.6728515625,10913.9765625,-43000.26171875,-191.37564086914062,44453.28515625,9358.7646484375
57094.193821067,52530.98046875,51896.50390625,-8197.30078125,10779.5537109375,-43138.2421875,-299.3345642089844,44327.6875,9236.880859375
57094.198778421,52524.7890625,51882.22265625,-8196.5859375,10768.19921875,-43150.55859375,-323.5638427734375,44320.11328125,9231.0693359375
57094.20176618,52618.6875,51980.16796875,-8078.14404296875,10870.7490234375,-43041.8359375,-243.18698120117188,44413.05078125,9323.0244140625
57094.204817392,52704.921875,52080.19140625,-7974.40966796875,10973.65625,-42941.5,-160.86550903320312,44504.40234375,9405.390625
57094.208743452,52652.953125,52034.61328125,-8043.38720703125,10923.9453125,-42993.04296875,-186.9499969482422,44459.33984375,9357.3115234375
57094.212758128,52530.98046875,51907.12109375,-8193.5458984375,10797.2783203125,-43126.21484375,-293.5007629394531,44332.3828125,9229.236328125
57094.216770981,52523.22265625,51890.7578125,-8194.8427734375,10785.3203125,-43137.79296875,-316.85833740234375,44325.296875,9221.591796875
57094.220751377,52614.57421875,51983.7421875,-8074.8583984375,10878.3486328125,-43036.02734375,-239.9906768798828,44422.1015625,9322.5546875
57094.225650748,52699.01953125,52063.8515625,-7979.14794921875,10956.7802734375,-42948.71875,-160.172607421875,44508.8515625,9413.794921875
57094.228630119,52656.8671875,52031.7109375,-8045.57763671875,10915.6083984375,-42999.34765625,-191.91207885742188,44452.0078125,9359.390625
57094.231746972,52527.96484375,51905.0859375,-8200.5869140625,10786.1474609375,-43139.24609375,-307.13531494140625,44316.53515625,9222.9560546875
57094.236661659,52516.80859375,51882.578125,-8199.6923828125,10771.775390625,-43146.6015625,-322.80389404296875,44311.3515625,9218.5078125
57094.240576415,52624.03125,51995.76953125,-8063.1904296875,10896.564453125,-43016.73828125,-226.11024475097656,44425.5,9327.181640625
57094.244665849,52714.01953125,52096.88671875,-7959.54541015625,10996.3427734375,-42917.5625,-141.73240661621094,44524.16015625,9421.2158203125
57094.24896351,52667.88671875,52053.48046875,-8032.8818359375,10941.7373046875,-42978.359375,-177.96458435058594,44465.6875,9369.4931640625
57094.252993502,52529.19140625,51899.36328125,-8203.6708984375,10782.8388671875,-43134.6640625,-299.28985595703125,44327.84375,9233.1923828125
57094.257893967,52516.7421875,51889.8671875,-8199.603515625,10788.2705078125,-43131.7578125,-315.4501647949219,44322.14453125,9221.279296875
57094.261962614,52626.890625,52004.328125,-8072.51123046875,10903.248046875,-43019.64453125,-234.2686309814453,44421.1640625,9317.0791015625
57094.264890567,52710.0859375,52087.25390625,-7980.42236328125,10979.5791015625,-42934.19140625,-157.9374237060547,44504.6484375,9406.396484375
57094.269563476,52657.9375,52034.125,-8052.52880859375,10921.1298828125,-42992.44140625,-189.9674835205078,44452.1640625,9361.6484375
57094.273980385,52531.33984375,51907.546875,-8200.9443359375,10793.0986328125,-43126.953125,-295.5794677734375,44327.77734375,9238.1103515625
57094.27889726,52512.18359375,51884.703125,-8204.8564453125,10779.798828125,-43137.234375,-317.595947265625,44320.37890625,9223.3798828125
57094.282569509,52609.76953125,51984.234375,-8078.34521484375,10889.345703125,-43022.6171875,-232.39108276367188,44426.640625,9332.501953125
57094.285664846,52711.58203125,52090.8984375,-7968.888671875,10984.5185546875,-42924.6015625,-145.24163818359375,44520.2265625,9429.2841796875
57094.289057027,52657.46875,52037.296875,-8046.35986328125,10917.6875,-42990.609375,-183.39605712890625,44454.3359375,9366.744140625
57094.292941514,52521.34765625,51904.59375,-8197.501953125,10793.9033203125,-43123.578125,-291.8243713378906,44333.03125,9234.376953125
57094.296890914,52509.1640625,51883.6953125,-8200.1171875,10784.76171875,-43133.9921875,-318.4900207519531,44323.44140625,9218.552734375
57094.30090012,52614.5078125,51990.11328125,-8072.95849609375,10889.2783203125,-43023.82421875,-234.82742309570312,44427.80078125,9324.8349609375
57094.304991012,52712.0078125,52091.09765625,-7963.79248046875,10986.1279296875,-42925.140625,-148.6614532470703,44521.61328125,9423.6298828125
57094.30895901,52655.79296875,52040.984375,-8035.72021484375,10934.3837890625,-42980.23828125,-180.62445068359375,44465.84375,9375.349609375
57094.31291315,52522.6640625,51898.42578125,-8192.763671875,10795.0205078125,-43118.078125,-289.5892028808594,44335.15625,9243.474609375
57094.315980043,52517.1015625,51890.671875,-8186.66162109375,10791.7578125,-43122.796875,-307.98468017578125,44332.80859375,9235.47265625
57094.320465875,52621.59375,52010.33984375,-8053.2216796875,10913.6416015625,-43004.19921875,-221.17051696777344,44436.98828125,9336.3232421875
57094.324978694,52714.2421875,52102.3203125,-7951.4990234375,10999.181640625,-42910.921875,-137.88790893554688,44527.8046875,9428.4794921875
57094.32894815,52660.28515625,52041.3671875,-8029.32763671875,10931.5234375,-42977.01953125,-176.6234893798828,44465.734375,9371.1474609375
57094.333006222,52529.1015625,51910.20703125,-8185.56640625,10800.1396484375,-43117.921875,-292.606689453125,44322.078125,9228.9013671875
57094.337036214,52512.71875,51888.43359375,-8191.3779296875,10785.56640625,-43132.05078125,-321.73101806640625,44316.3359375,9214.3505859375
57094.34099473,52612.140625,51988.66015625,-8065.828125,10889.5908203125,-43020.8046875,-235.00624084472656,44427.46875,9323.8291015625
57094.345972505,52711.78515625,52089.7578125,-7957.60107421875,10983.37890625,-42918.5,-140.50306701660156,44526.9765625,9423.7412109375
57094.350081996,52666.03125,52056.921875,-8015.044921875,10951.4833984375,-42958.82421875,-163.10067749023438,44477.734375,9375.5732421875
57094.354012433,52537.73046875,51915.81640625,-8170.88134765625,10810.935546875,-43102.65625,-276.37933349609375,44347.06640625,9242.4462890625
57094.358081809,52516.609375,51884.96875,-8185.11962890625,10785.3427734375,-43124.5390625,-308.498779296875,44329.9453125,9222.1513671875
57094.363016188,52618.66796875,52006.05078125,-8059.30126953125,10906.51171875,-43012.22265625,-233.0616455078125,44420.8046875,9313.6591796875
57094.365594056,52716.45703125,52113.00390625,-7948.6826171875,11012.056640625,-42907.79296875,-143.47584533691406,44515.64453125,9411.42578125
57094.368611718,52672.87109375,52062.375,-8017.34716796875,10955.0146484375,-42964.3203125,-171.77316284179688,44468.97265625,9373.94140625
57094.371603853,52545.21875,51927.1015625,-8174.43505859375,10819.5849609375,-43104.35546875,-281.7884521484375,44340.33984375,9247.5205078125
57094.375943817,52527.47265625,51902.11328125,-8185.09716796875,10802.0615234375,-43120.359375,-306.8670959472656,44324.13671875,9231.13671875
57094.381020783,52620.5,51991.2734375,-8069.7841796875,10887.4453125,-43028.40625,-239.9906768798828,44423.35546875,9329.283203125
57094.384925327,52700.453125,52064.43359375,-7981.74072265625,10952.2431640625,-42952.69921875,-172.35430908203125,44507.84375,9419.1142578125
57094.388975012,52654.25,52025.09375,-8043.54345703125,10913.708984375,-42995.1015625,-196.7624053955078,44456.5234375,9367.705078125
57094.393035272,52535.96484375,51911.76953125,-8182.794921875,10802.978515625,-43114.859375,-293.903076171875,44332.78515625,9238.736328125
57094.396932888,52527.91796875,51901.2421875,-8182.75,10799.0888671875,-43118.19140625,-308.3199768066406,44329.74609375,9229.2138671875
57094.40001145,52622.0625,51996.8203125,-8061.0673828125,10896.2744140625,-43014.234375,-227.94308471679688,44432.9453125,9334.1103515625
57094.403988565,52709.078125,52089.9375,-7961.93701171875,10986.955078125,-42920.01953125,-147.94619750976562,44516.671875,9418.33203125
57094.408957223,52657.4921875,52037.2734375,-8035.6982421875,10929.623046875,-42977.98046875,-180.57974243164062,44461.3984375,9367.34765625
57094.413013472,52527.13671875,51904.52734375,-8189.50048828125,10798.7314453125,-43115.44140625,-291.0644226074219,44329.41015625,9236.724609375
57094.416971623,52530.8671875,51900.50390625,-8181.990234375,10797.3681640625,-43117.51953125,-305.23541259765625,44330.328125,9236.322265625
57094.421019849,52617.21484375,51983.296875,-8076.13232421875,10882.169921875,-43028.26953125,-241.60000610351562,44415.77734375,9324.7900390625
57094.42403824,52706.3515625,52081.44140625,-7970.6767578125,10977.7021484375,-42928.9375,-155.1658172607422,44503.0390625,9411.73828125
57094.43000136,52654.5859375,52035.10546875,-8040.056640625,10922.58203125,-42986.40625,-188.42520141601562,44458.37890625,9361.5361328125
57094.432981461,52513.03125,51886.53515625,-8204.4541015625,10776.55859375,-43133.5234375,-305.2577819824219,44326.34765625,9231.337890625
57094.436983008,52499.12890625,51860.875,-8210.578125,10760.8671875,-43144.20703125,-325.5084533691406,44318.61328125,9220.787109375
57094.442124157,52609.546875,51985.6875,-8078.36767578125,10886.2158203125,-43025.7890625,-240.37066650390625,44422.70703125,9321.4150390625
57094.445995516,52720.79296875,52106.921875,-7964.4853515625,10997.125,-42918.41015625,-150.18136596679688,44519.0859375,9422.5341796875
57094.450935365,52669.44921875,52054.21875,-8035.8095703125,10941.9384765625,-42974.8515625,-183.93251037597656,44463.9453125,9370.7451171875
57094.454049666,52536.27734375,51917.60546875,-8186.5947265625,10806.8447265625,-43115.21875,-294.5736389160156,44334.70703125,9241.41796875
57094.457083738,52522.21875,51891.07421875,-8189.47802734375,10788.5166015625,-43127.265625,-312.63385009765625,44327.82421875,9232.0751953125
57094.460022996,52620.65625,51984.546875,-8072.08642578125,10882.1259765625,-43025.67578125,-235.43092346191406,44423.5546875,9329.23828125
57094.464900486,52705.81640625,52076.50390625,-7975.92919921875,10970.548828125,-42933.5,-159.0326690673828,44503.75390625,9411.7158203125
57094.468964757,52663.390625,52037.6328125,-8035.0498046875,10931.9697265625,-42974.91796875,-180.57974243164062,44468.37109375,9373.7177734375
57094.472969952,52530.375,51902.984375,-8191.69091796875,10799.06640625,-43114.8828125,-291.5784912109375,44336.765625,9243.1171875
57094.477173163,52511.64453125,51880.09765625,-8197.1669921875,10778.1455078125,-43133.3671875,-319.7864074707031,44321.1171875,9221.4580078125
57094.480165298,52617.14453125,51995.1640625,-8064.55419921875,10897.1455078125,-43015.28515625,-234.17922973632812,44424.33984375,9321.3037109375
57094.484202948,52708.9453125,52095.76953125,-7957.6904296875,10996.0078125,-42917.0703125,-150.8519287109375,44515.46484375,9414.9794921875
57094.487780747,52660.3984375,52047.69140625,-8023.494140625,10940.5302734375,-42971.5625,-178.52337646484375,44468.68359375,9374.1201171875
57094.492789884,52533.19140625,51906.7421875,-8180.82763671875,10797.4794921875,-43112.6484375,-284.6941833496094,44342.84375,9250.91796875
57094.496668537,52512.2734375,51883.33984375,-8190.23779296875,10786.080078125,-43126.8203125,-314.5784606933594,44323.0390625,9227.0458984375
57094.501132489,52623.73828125,51998.94140625,-8056.3955078125,10906.0419921875,-43007.73046875,-228.0771942138672,44427.64453125,9327.8974609375
57094.50518035,52718.2890625,52098.02734375,-7954.56103515625,10998.779296875,-42913.60546875,-148.84027099609375,44514.97265625,9413.236328125
57094.509127561,52672.5546875,52050.171875,-8025.0810546875,10942.498046875,-42969.41796875,-177.65167236328125,44466.55859375,9371.9521484375
57094.513184175,52536.30078125,51907.546875,-8190.05908203125,10799.55859375,-43116.94140625,-293.8360290527344,44330.01171875,9239.451171875
57094.518120377,52512.36328125,51881.28125,-8201.66015625,10784.4482421875,-43133.1015625,-322.78155517578125,44307.640625,9216.048828125
57094.522103326,52606.6640625,51978.1328125,-8078.45703125,10880.091796875,-43028.71875,-244.46102905273438,44420.11328125,9323.203125
57094.525115154,52704.98828125,52074.625,-7968.93310546875,10968.3583984375,-42932.3828125,-158.80914306640625,44519.04296875,9423.1826171875
57094.530110798,52676.4453125,52055.37890625,-8014.93310546875,10951.416015625,-42956.453125,-163.7041778564453,44485.08984375,9389.8115234375
57094.534067856,52547.7890625,51929.00390625,-8168.19921875,10826.4697265625,-43090.09375,-271.55133056640625,44352.6328125,9255.96875
57094.537076401,52524.87890625,51899.4765625,-8181.5654296875,10802.978515625,-43112.2890625,-303.2237548828125,44333.09765625,9232.41015625
57094.540088593,52622.109375,51992.796875,-8062.0283203125,10895.0,-43011.171875,-225.93142700195312,44433.43359375,9332.61328125
57094.544077012,52687.48828125,52049.30078125,-7983.7080078125,10949.1357421875,-42941.65625,-161.7372283935547,44509.296875,9413.75
57094.54899097,52649.51171875,52024.01953125,-8036.4130859375,10920.97265625,-42981.3984375,-184.93833923339844,44463.5859375,9378.76953125
57094.553108848,52538.17578125,51921.0234375,-8181.140625,10805.9736328125,-43116.11328125,-295.4006652832031,44332.91796875,9249.375
57094.557189894,52519.53515625,51900.125,-8188.7626953125,10794.529296875,-43128.2265625,-319.65228271484375,44317.69921875,9224.0732421875
57094.561233744,52609.14453125,51981.21875,-8074.34423828125,10881.9248046875,-43029.03125,-242.71759033203125,44414.83984375,9317.16796875
57094.564122677,52703.46875,52081.21875,-7966.63134765625,10986.8212890625,-42924.89453125,-155.4563751220703,44501.05078125,9407.2685546875
57094.568242743,52673.8984375,52061.66015625,-8019.671875,10958.5234375,-42961.75,-174.0306854248047,44466.203125,9367.19140625
57094.572156404,52542.53515625,51926.5234375,-8175.50830078125,10821.4404296875,-43103.125,-285.409423828125,44339.35546875,9241.7978515625
57094.575857462,52518.7109375,51890.35546875,-8194.41796875,10791.6904296875,-43129.58984375,-320.90399169921875,44318.66015625,9222.93359375
57094.581208297,52609.81640625,51980.0546875,-8078.61328125,10882.1923828125,-43031.2890625,-247.50086975097656,44414.01171875,9318.263671875
57094.58528132,52694.640625,52071.16015625,-7977.5166015625,10968.6943359375,-42938.08203125,-166.65460205078125,44503.30859375,9405.2568359375
57094.589273751,52663.125,52035.0625,-8035.0048828125,10923.72265625,-42981.66796875,-183.88780212402344,44465.64453125,9371.662109375
57094.593255971,52534.265625,51900.32421875,-8190.28271484375,10791.2880859375,-43119.9140625,-291.9808349609375,44335.48828125,9244.5029296875
57094.596842522,52516.453125,51881.23828125,-8198.0390625,10780.08984375,-43134.21875,-320.792236328125,44318.2109375,9222.9111328125
57094.602219613,52609.43359375,51975.65234375,-8078.72509765625,10879.0185546875,-43031.578125,-246.3385772705078,44415.7109375,9318.822265625
57094.606214232,52701.63671875,52068.74609375,-7971.54833984375,10971.15234375,-42928.73828125,-155.8587188720703,44511.59765625,9416.3876953125
57094.61027668,52650.16015625,52022.65625,-8039.11767578125,10916.3681640625,-42983.5,-186.72647094726562,44460.3671875,9368.5322265625
57094.614281874,52523.046875,51891.54296875,-8193.0986328125,10785.7001953125,-43122.796875,-298.2840270996094,44323.62109375,9232.65625
57094.617360072,52502.81640625,51874.12890625,-8202.0400390625,10776.513671875,-43133.703125,-320.7698974609375,44314.390625,9216.09375
57094.621281027,52610.23828125,51980.078125,-8075.28271484375,10885.6123046875,-43019.26171875,-232.48049926757812,44432.71875,9327.9189453125
57094.624298689,52700.96484375,52066.9140625,-7977.494140625,10962.994140625,-42931.8671875,-153.1988525390625,44523.37890625,9419.7626953125
57094.628340351,52649.3984375,52016.421875,-8042.6044921875,10914.0888671875,-42979.140625,-177.94223022460938,44475.92578125,9378.5908203125
57094.63236852,52529.5703125,51911.30078125,-8178.212890625,10814.66796875,-43097.24609375,-275.57464599609375,44352.25390625,9254.5166015625
57094.636386842,52518.28515625,51903.23046875,-8186.10302734375,10801.279296875,-43116.15625,-303.7825622558594,44336.94140625,9235.2041015625
57094.64125558,52602.68359375,51981.796875,-8078.0546875,10884.62890625,-43022.34765625,-236.5485076904297,44426.75390625,9327.5390625
57094.644986177,52700.02734375,52073.93359375,-7973.2919921875,10973.611328125,-42927.0625,-154.94229125976562,44517.76953125,9424.0322265625
57094.648443269,52661.8046875,52036.4921875,-8031.58544921875,10926.29296875,-42977.01953125,-180.35623168945312,44472.953125,9382.6591796875
57094.652387563,52536.61328125,51917.69140625,-8176.9833984375,10809.8623046875,-43104.8046875,-283.7777404785156,44347.3828125,9259.0087890625
57094.656474444,52520.02734375,51895.8125,-8187.3994140625,10795.736328125,-43118.83984375,-307.0458984375,44334.23828125,9239.6298828125
57094.659977485,52619.26953125,51992.68359375,-8069.71728515625,10896.1181640625,-43013.94140625,-229.4630126953125,44426.99609375,9329.953125
57094.665239339,52718.421875,52095.8828125,-7955.63427734375,10999.583984375,-42907.390625,-138.93844604492188,44520.0703125,9429.1953125
57094.669348465,52677.5625,52057.078125,-8011.58056640625,10952.1533203125,-42955.0703125,-163.52536010742188,44486.25390625,9394.2373046875
57094.673305158,52541.0390625,51917.58203125,-8170.9482421875,10813.1923828125,-43098.56640625,-278.5921325683594,44351.359375,9258.2939453125
57094.677386204,52508.1796875,51877.86328125,-8197.4130859375,10778.7041015625,-43129.078125,-316.7018737792969,44325.20703125,9228.8564453125
57094.681408903,52595.95703125,51958.28515625,-8091.4208984375,10857.7841796875,-43036.49609375,-245.17628479003906,44420.3828125,9323.8515625
57094.685331682,52696.2734375,52057.68359375,-7983.9091796875,10950.3203125,-42939.3984375,-160.70904541015625,44513.74609375,9420.90234375
57094.69033316,52654.5859375,52028.58203125,-8039.6767578125,10921.7109375,-42980.01171875,-186.34649658203125,44464.52734375,9378.814453125
57094.694397796,52521.48046875,51897.64453125,-8200.05078125,10786.1923828125,-43126.52734375,-305.1907043457031,44323.98046875,9240.45703125
57094.698408825,52506.4609375,51879.71875,-8202.62109375,10776.3125,-43133.859375,-321.2839660644531,44316.69140625,9223.5146484375
57094.702412561,52608.4296875,51985.10546875,-8077.69677734375,10888.2724609375,-43020.203125,-238.89544677734375,44417.07421875,9320.7666015625
57094.706406451,52709.68359375,52087.07421875,-7962.94287109375,10985.435546875,-42913.80859375,-142.8946990966797,44517.87890625,9424.5908203125
57094.709448546,52669.0703125,52045.87890625,-8023.8291015625,10935.099609375,-42965.171875,-169.06858825683594,44474.18359375,9385.2294921875
57094.712466937,52524.56640625,51895.85546875,-8188.13671875,10791.310546875,-43111.73046875,-286.3034973144531,44345.97265625,9255.1640625
57094.716511881,52513.7265625,51885.57421875,-8190.796875,10791.0419921875,-43120.5625,-311.6056823730469,44328.0234375,9234.4443359375
57094.720883571,52615.0,51979.80859375,-8075.2607421875,10877.1416015625,-43026.1484375,-239.633056640625,44422.125,9328.0087890625
57094.724863603,52706.5546875,52077.9765625,-7966.67578125,10974.9970703125,-42926.1015625,-156.84219360351562,44512.78515625,9421.7294921875
57094.729374598,52672.01953125,52052.609375,-8016.0283203125,10942.8330078125,-42962.6015625,-171.21435546875,44474.5859375,9386.4140625
57094.732367097,52538.578125,51913.37890625,-8174.03271484375,10807.9853515625,-43101.5390625,-280.1791076660156,44342.91015625,9256.37109375
57094.736413135,52522.12890625,51900.70703125,-8183.755859375,10802.0166015625,-43116.71484375,-309.43756103515625,44322.90625,9229.9296875
57094.740421247,52615.22265625,51992.52734375,-8068.71142578125,10894.1064453125,-43018.48046875,-238.6495819091797,44416.73828125,9324.09765625
57094.744484789,52704.69921875,52077.0390625,-7970.8330078125,10975.220703125,-42926.61328125,-159.32322692871094,44506.234375,9417.974609375
57094.748455339,52667.03515625,52040.6953125,-8028.52294921875,10933.7578125,-42969.015625,-179.93154907226562,44467.36328125,9386.458984375
57094.753322619,52538.37890625,51910.453125,-8179.3974609375,10804.9228515625,-43100.98046875,-280.6037902832031,44344.51953125,9263.9931640625
57094.757367562,52512.4296875,51882.109375,-8195.826171875,10782.146484375,-43120.71875,-306.71063232421875,44328.78515625,9241.2841796875
57094.761459549,52606.015625,51975.49609375,-8082.14501953125,10875.419921875,-43023.80078125,-237.57669067382812,44414.16796875,9330.84765625
57094.764457883,52691.3984375,52061.05859375,-7984.13232421875,10960.9150390625,-42932.8515625,-162.07249450683594,44505.5625,9418.935546875
57094.769551624,52663.86328125,52036.58203125,-8030.4228515625,10929.623046875,-42966.109375,-172.8236846923828,44480.30859375,9394.68359375
57094.774152693,52544.01171875,51913.87109375,-8182.34765625,10802.9560546875,-43102.03125,-278.2792053222656,44352.23046875,9268.93359375
57094.777190412,52515.73828125,51878.7109375,-8201.5478515625,10774.79296875,-43126.70703125,-307.9399719238281,44335.421875,9250.8955078125
57094.782208301,52605.63671875,51966.80078125,-8084.5810546875,10865.8310546875,-43027.6015625,-235.20741271972656,44432.96484375,9346.44921875
57094.785304003,52703.1796875,52078.8046875,-7965.02197265625,10978.6630859375,-42918.1875,-147.49916076660156,44527.55859375,9441.9130859375
57094.78829395,52661.3359375,52035.6875,-8022.17529296875,10932.3056640625,-42959.515625,-162.63128662109375,44489.60546875,9404.474609375
57094.792222563,52539.65234375,51920.3984375,-8173.228515625,10811.60546875,-43096.2421875,-277.4969177246094,44350.421875,9263.5908203125
57094.796076054,52519.40234375,51904.68359375,-8183.1298828125,10805.3251953125,-43113.33984375,-311.896240234375,44322.79296875,9229.4150390625
57094.80024608,52620.6328125,52003.61328125,-8058.228515625,10902.48828125,-43009.515625,-232.70401000976562,44424.78515625,9332.12109375
57094.804284095,52722.82421875,52104.2421875,-7944.48046875,11001.55078125,-42904.26171875,-140.1901397705078,44523.578125,9435.5654296875
57094.809207899,52682.5234375,52062.48828125,-8002.416015625,10954.4560546875,-42947.9609375,-159.61380004882812,44484.62109375,9398.23828125
57094.813264877,52538.73828125,51915.2578125,-8170.09912109375,10807.0908203125,-43100.0859375,-281.36376953125,44349.953125,9257.4892578125
57094.816286915,52523.71484375,51897.7109375,-8182.794921875,10794.0146484375,-43117.23046875,-310.51043701171875,44328.4921875,9233.21484375
57094.820249807,52621.05859375,51992.3046875,-8067.4599609375,10891.021484375,-43014.12109375,-233.486328125,44424.828125,9329.55078125
57094.8242736,52717.75,52092.88671875,-7954.248046875,10989.2353515625,-42910.27734375,-143.63230895996094,44524.7421875,9432.8388671875
57094.828313438,52678.27734375,52052.5625,-8009.16650390625,10942.1845703125,-42954.77734375,-163.21243286132812,44486.83203125,9402.1044921875
57094.832580832,52540.43359375,51910.78515625,-8175.396484375,10798.9326171875,-43102.92578125,-280.00030517578125,44349.75,9266.8994140625
57094.836565969,52507.78125,51874.265625,-8198.708984375,10771.037109375,-43128.44921875,-311.493896484375,44329.5,9242.267578125
57094.841517488,52606.26171875,51971.359375,-8076.10986328125,10873.251953125,-43021.3203125,-233.1510467529297,44429.74609375,9342.5146484375
57094.845548209,52690.28125,52064.23046875,-7978.0302734375,10963.486328125,-42933.05078125,-163.39125061035156,44508.08984375,9421.6845703125
57094.849547569,52646.60546875,52021.33984375,-8037.8212890625,10915.83203125,-42980.03515625,-187.53114318847656,44463.96875,9379.1044921875
57094.85361184,52533.88671875,51898.76171875,-8182.146484375,10790.4833984375,-43111.3984375,-287.86810302734375,44337.234375,9258.181640625
57094.857517844,52492.87109375,51853.87890625,-8220.2119140625,10746.5400390625,-43158.22265625,-342.1158142089844,44294.62890625,9214.5732421875
57094.862175801,52587.9765625,51945.96875,-8098.998046875,10842.5849609375,-43053.37109375,-261.9177551269531,44406.56640625,9315.201171875
57094.865520939,52680.24609375,52042.37109375,-7987.19482421875,10943.2802734375,-42943.734375,-167.14634704589844,44507.8203125,9418.6455078125
57094.870584048,52657.89453125,52030.43359375,-8030.244140625,10922.6494140625,-42971.47265625,-178.9704132080078,44474.6953125,9390.7275390625
57094.873553208,52542.515625,51925.359375,-8165.2265625,10825.798828125,-43083.16796875,-271.8866271972656,44354.17578125,9265.8037109375
#57105.875752181,52776.06640625,52169.015625,-7810.59375,11120.3056640625,-42574.88671875,41.99892807006836,44610.26171875,9514.265625
57105.879762846,52651.0078125,52041.76953125,-7960.640625,10992.3193359375,-42705.9375,-55.521732330322266,44488.1953125,9394.572265625
57105.884664404,52589.20703125,51968.296875,-8027.0927734375,10922.3359375,-42769.953125,-115.5138168334961,44433.5234375,9340.7265625
57105.8888461,52662.33984375,52034.97265625,-7934.2880859375,10993.90625,-42688.8359375,-60.6179313659668,44512.0234375,9420.03125
57105.892762315,52772.265625,52156.43359375,-7809.744140625,11113.734375,-42575.51171875,26.799741744995117,44609.8359375,9520.3681640625
57105.8957147,52775.3984375,52169.41796875,-7817.1201171875,11119.724609375,-42570.88671875,46.58103561401367,44609.58984375,9520.994140625
57105.89975308,52654.85546875,52051.24609375,-7958.47265625,11007.9658203125,-42688.9921875,-42.17774200439453,44490.20703125,9399.6015625
57105.903790001,52598.50390625,51989.91015625,-8012.8994140625,10952.0869140625,-42745.5859375,-97.09597778320312,44437.390625,9340.0791015625
57105.907787537,52678.34375,52062.21875,-7908.60595703125,11026.5625,-42659.33203125,-35.13694381713867,44523.71484375,9427.2724609375
57105.912688002,52773.31640625,52156.9921875,-7794.09814453125,11122.65234375,-42555.0625,51.43136215209961,44623.46875,9529.2412109375
57105.916757014,52793.74609375,52195.66015625,-7791.1474609375,11145.541015625,-42548.0859375,69.1115951538086,44618.91015625,9527.9677734375
57105.92077169,52668.66796875,52065.66015625,-7947.81103515625,11008.63671875,-42689.08203125,-38.06502151489258,44491.21484375,9398.2607421875
57105.923834206,52601.41015625,51992.796875,-8012.6982421875,10947.75,-42752.78515625,-105.7684555053711,44435.11328125,9333.41796875
57105.928801771,52680.625,52069.86328125,-7911.154296875,11029.982421875,-42667.82421875,-50.55964660644531,44514.484375,9416.1416015625
57105.932765757,52776.26953125,52164.90234375,-7800.64697265625,11120.015625,-42570.640625,30.130151748657227,44610.8203125,9517.9541015625
57105.937797868,52782.796875,52175.07421875,-7807.330078125,11121.423828125,-42570.70703125,44.16704559326172,44608.47265625,9519.0712890625
57105.941782276,52655.81640625,52046.68359375,-7960.55126953125,10992.9677734375,-42705.890625,-58.807437896728516,44479.90625,9390.50390625
57105.945847642,52595.82421875,51983.5859375,-8018.8896484375,10938.1171875,-42764.1640625,-116.69845581054688,44425.0546875,9331.7861328125
57105.949740882,52680.1796875,52066.30859375,-7912.42822265625,11022.5615234375,-42673.546875,-51.65488052368164,44513.23046875,9419.3154296875
57105.95283002,52778.03515625,52166.8046875,-7797.607421875,11122.5185546875,-42568.13671875,36.67921447753906,44616.13671875,9524.5478515625
57105.955903841,52762.76953125,52151.60546875,-7824.787109375,11099.0712890625,-42590.22265625,32.38767623901367,44600.3125,9516.3896484375
57105.959833184,52648.4375,52030.01171875,-7970.9228515625,10972.9404296875,-42719.703125,-60.394412994384766,44483.03515625,9399.958984375
57105.963872657,52587.57421875,51966.8671875,-8033.90966796875,10913.1943359375,-42783.36328125,-123.96277618408203,44420.6484375,9333.10546875
57105.967837009,52671.50390625,52055.71484375,-7922.59814453125,11012.458984375,-42683.5390625,-60.170894622802734,44504.984375,9415.314453125
57105.972822077,52769.09375,52161.9765625,-7802.14453125,11123.2119140625,-42567.98046875,32.834712982177734,44609.56640625,9518.2216796875
57105.975845209,52771.86328125,52178.15625,-7804.55859375,11141.2490234375,-42555.84375,56.460506439208984,44612.5390625,9522.5810546875
57105.979500683,52663.01171875,52071.29296875,-7942.60302734375,11029.46875,-42672.296875,-22.016468048095703,44500.4921875,9411.7158203125
57105.983845752,52604.2734375,52001.625,-8007.490234375,10958.255859375,-42738.92578125,-86.97063446044922,44446.62109375,9350.8525390625
57105.987826149,52677.09375,52070.0859375,-7905.78955078125,11032.1279296875,-42656.3828125,-33.50526428222656,44531.1796875,9430.513671875
57105.991840095,52782.86328125,52184.953125,-7777.69189453125,11149.876953125,-42538.3203125,60.28265380859375,44633.86328125,9534.5166015625
57105.995833255,52779.3515625,52179.765625,-7796.46728515625,11134.9912109375,-42553.02734375,62.182552337646484,44622.0625,9529.46484375
57106.000855885,52655.6796875,52050.39453125,-7949.4873046875,11003.517578125,-42690.3359375,-43.161216735839844,44491.59375,9400.8759765625
57106.003917673,52593.38671875,51980.5234375,-8013.14501953125,10940.5751953125,-42754.73046875,-108.42831420898438,44429.56640625,9335.2958984375
57106.008790057,52680.78125,52064.38671875,-7906.97412109375,11023.8583984375,-42666.484375,-46.983367919921875,44514.19140625,9417.7509765625
57106.012789417,52785.07421875,52169.171875,-7788.06298828125,11125.9384765625,-42558.078125,41.99892807006836,44615.48828125,9520.6806640625
57106.01769207,52773.85546875,52162.1328125,-7807.12890625,11112.68359375,-42569.8359375,46.58103561401367,44606.1015625,9517.619140625
57106.022005412,52642.0,52024.3125,-7966.63134765625,10973.0302734375,-42712.9765625,-60.953208923339844,44475.7265625,9390.392578125
57106.02501104,52585.1171875,51967.26953125,-8024.09765625,10921.3525390625,-42771.203125,-120.989990234375,44421.07421875,9334.46875
57106.029996838,52679.5078125,52059.1796875,-7910.6845703125,11014.626953125,-42674.17578125,-49.30794906616211,44515.421875,9425.0380859375
57106.033034192,52785.6796875,52177.59765625,-7785.7607421875,11132.7783203125,-42554.50390625,48.14565658569336,44622.30859375,9528.6826171875
57106.036933632,52789.87890625,52193.0234375,-7794.85791015625,11142.1435546875,-42550.12109375,64.618896484375,44621.03515625,9528.4365234375
57106.039487431,52667.39453125,52065.39453125,-7948.0791015625,11012.9052734375,-42686.51171875,-38.02031707763672,44494.45703125,9405.033203125
57106.043470745,52605.6796875,51992.86328125,-8012.74267578125,10943.7490234375,-42755.84765625,-101.90160369873047,44433.16796875,9346.9404296875
57106.048050298,52669.40625,52051.3125,-7923.38037109375,11006.53515625,-42684.5,-59.14271545410156,44506.078125,9416.857421875
57106.052062056,52758.4765625,52144.31640625,-7812.314453125,11103.318359375,-42584.140625,17.23319435119629,44601.51953125,9512.9697265625
57106.057026339,52765.78515625,52164.09765625,-7810.146484375,11122.33984375,-42566.171875,49.5985221862793,44614.015625,9525.732421875
57106.060038531,52660.26171875,52065.1015625,-7945.3076171875,11016.794921875,-42682.30859375,-35.449867248535156,44501.765625,9414.755859375
57106.063985378,52601.23046875,51998.046875,-8010.5078125,10952.3994140625,-42748.29296875,-98.92881774902344,44442.17578125,9349.2880859375
57106.067983643,52685.20703125,52077.6875,-7905.25341796875,11034.5869140625,-42660.11328125,-36.2098274230957,44525.74609375,9430.2900390625
57106.071555972,52791.64453125,52179.765625,-7786.54296875,11133.2470703125,-42552.51171875,53.778297424316406,44627.984375,9534.4267578125
57106.07560675,52778.4140625,52167.02734375,-7808.22412109375,11114.9189453125,-42565.92578125,56.01347351074219,44617.4140625,9526.984375
57106.079612674,52657.42578125,52046.55078125,-7950.26953125,10998.935546875,-42688.74609375,-37.707393646240234,44498.078125,9410.1064453125
57106.0849956,52603.0859375,51995.72265625,-8005.03125,10955.0146484375,-42741.20703125,-93.45264434814453,44442.890625,9347.5888671875
57106.08903872,52684.1796875,52076.390625,-7899.7099609375,11038.185546875,-42651.2421875,-31.091276168823242,44528.1171875,9428.994140625
57106.093190877,52783.77734375,52177.7109375,-7777.44580078125,11137.5166015625,-42541.78515625,61.757869720458984,44636.8359375,9540.037109375
57106.096800038,52775.8671875,52171.296875,-7796.1767578125,11125.2236328125,-42550.859375,70.56446075439453,44633.59375,9543.30078125
57106.100848263,52640.94921875,52026.79296875,-7964.01611328125,10976.4501953125,-42701.109375,-43.474143981933594,44497.25,9412.0517578125
57106.104752808,52577.71875,51955.8046875,-8027.875,10913.8876953125,-42764.4296875,-106.41665649414062,44437.390625,9347.923828125
57106.109935894,52670.34375,52062.734375,-7907.7568359375,11025.0869140625,-42658.88671875,-35.89690017700195,44523.9609375,9431.85546875
57106.112727459,52782.4375,52184.68359375,-7779.546875,11147.1728515625,-42542.9453125,54.73942184448242,44621.4140625,9531.6552734375
57106.117845633,52785.12109375,52183.34375,-7793.49462890625,11133.828125,-42554.75,61.8472785949707,44627.73828125,9537.8466796875
57106.121554714,52651.65625,52036.3359375,-7958.875,10979.04296875,-42702.828125,-45.23992919921875,44499.484375,9414.197265625
57106.124650416,52582.74609375,51962.28515625,-8026.95849609375,10919.005859375,-42762.77734375,-105.5225830078125,44439.11328125,9348.7509765625
57106.128048066,52674.94921875,52068.25390625,-7907.7568359375,11035.123046875,-42660.71875,-41.373077392578125,44522.59765625,9429.10546875
57106.132032474,52773.54296875,52165.55078125,-7791.28173828125,11133.60546875,-42559.21875,39.09320068359375,44619.625,9530.5830078125
57106.136085076,52781.296875,52182.6953125,-7793.8076171875,11140.19921875,-42553.05078125,59.14271545410156,44623.1796875,9535.2314453125
57106.140193108,52663.90625,52071.94140625,-7934.95849609375,11028.8203125,-42671.671875,-27.55970001220703,44506.03515625,9415.44921875
57106.145026473,52605.45703125,52003.4140625,-7996.626953125,10967.3974609375,-42734.94921875,-88.53526306152344,44448.6328125,9354.294921875
57106.149103143,52679.77734375,52072.0546875,-7903.39794921875,11037.470703125,-42657.6796875,-35.695735931396484,44525.3671875,9429.8212890625
57106.152081421,52783.30859375,52176.48046875,-7783.65966796875,11137.181640625,-42550.27734375,55.85700988769531,44630.95703125,9538.0703125
57106.156100473,52783.7109375,52176.52734375,-7796.86962890625,11129.3359375,-42557.54296875,61.512001037597656,44622.57421875,9535.6337890625
57106.160057895,52663.078125,52051.55859375,-7947.58740234375,11000.8134765625,-42693.640625,-42.22244644165039,44494.56640625,9410.7998046875
57106.163989061,52594.63671875,51980.7265625,-8014.91064453125,10935.9482421875,-42758.91015625,-104.53910827636719,44435.0,9348.169921875
57106.169062745,52664.1953125,52053.61328125,-7917.6806640625,11015.029296875,-42673.03515625,-47.139827728271484,44507.59765625,9421.037109375
57106.17314999,52774.61328125,52163.67578125,-7791.25927734375,11122.02734375,-42557.07421875,51.09608840942383,44620.40625,9534.6728515625
57106.176153066,52783.93359375,52177.98046875,-7789.7841796875,11131.0791015625,-42548.24609375,70.65386199951172,44634.84765625,9545.9384765625
57106.181127559,52648.484375,52038.48046875,-7951.7001953125,10988.318359375,-42695.09375,-40.993099212646484,44498.703125,9411.939453125
57106.184098907,52594.94921875,51980.32421875,-8007.53466796875,10938.02734375,-42750.4375,-96.80540466308594,44444.6328125,9354.4287109375
57106.189167121,52672.9140625,52060.56640625,-7904.42626953125,11023.142578125,-42663.8046875,-39.65199279785156,44523.9375,9433.5087890625
57106.193057808,52774.03515625,52173.12890625,-7778.2060546875,11137.8515625,-42549.05078125,51.45371627807617,44627.359375,9536.21484375
57106.197665806,52785.6796875,52194.9453125,-7775.2109375,11153.744140625,-42537.9609375,74.72187805175781,44633.2578125,9542.2275390625
57106.201708926,52667.32421875,52066.17578125,-7927.00146484375,11016.90625,-42672.8125,-23.15640640258789,44510.16796875,9424.61328125
57106.204720024,52597.34375,51987.8125,-8000.6728515625,10942.6767578125,-42748.203125,-96.8724594116211,44440.38671875,9353.154296875
57106.209046495,52668.48828125,52059.60546875,-7902.9287109375,11021.48828125,-42666.23828125,-45.37404251098633,44514.4609375,9424.2998046875
57106.212185228,52771.796875,52168.5234375,-7777.1552734375,11136.890625,-42547.5078125,50.82786560058594,44621.2578125,9527.38671875
57106.215721454,52790.41796875,52192.5078125,-7773.71337890625,11148.4462890625,-42539.03515625,71.32441711425781,44626.95703125,9535.65625
57106.220186865,52674.3203125,52077.12890625,-7918.57470703125,11027.0771484375,-42665.65625,-22.70937156677246,44506.390625,9419.0478515625
57106.224149757,52605.56640625,52008.6875,-7983.484375,10969.4091796875,-42727.50390625,-84.7131118774414,44445.50390625,9355.2783203125
57106.229181868,52683.48828125,52083.56640625,-7884.44384765625,11045.8525390625,-42644.69140625,-25.16806411743164,44529.0546875,9432.5478515625
57106.2322112,52788.5859375,52184.10546875,-7766.64990234375,11141.919921875,-42536.10546875,68.75396728515625,44631.984375,9539.1435546875
57106.236221865,52792.609375,52196.6640625,-7768.37109375,11152.380859375,-42530.1171875,84.02021026611328,44638.109375,9550.095703125
57106.23982519,52673.18359375,52073.55078125,-7919.4912109375,11025.2216796875,-42664.02734375,-16.54029083251953,44521.56640625,9432.861328125
57106.244192139,52593.09765625,51989.64453125,-8000.33740234375,10947.1240234375,-42742.8828125,-94.16790008544922,44446.2890625,9358.4970703125
57106.248277926,52673.62890625,52065.83984375,-7901.2744140625,11025.4677734375,-42662.26171875,-45.016414642333984,44517.72265625,9429.3291015625
57106.252205081,52775.3515625,52163.67578125,-7787.1689453125,11121.04296875,-42560.0,38.310890197753906,44615.71484375,9531.2529296875
57106.257202913,52782.7734375,52174.6484375,-7793.69580078125,11125.4462890625,-42554.94921875,55.946414947509766,44618.953125,9537.958984375
57106.261236916,52670.45703125,52062.82421875,-7934.75732421875,11012.9951171875,-42674.77734375,-31.38184928894043,44505.51953125,9425.3056640625
57106.263928562,52590.81640625,51981.5078125,-8012.58642578125,10937.669921875,-42752.49609375,-105.9025650024414,44433.76953125,9351.478515625
57106.268330884,52664.77734375,52052.05078125,-7914.17138671875,11011.2744140625,-42669.97265625,-47.54216003417969,44514.3046875,9430.2900390625
57106.273044272,52774.90625,52167.05078125,-7785.73828125,11126.1396484375,-42552.671875,48.14565658569336,44622.64453125,9536.21484375
57106.278048303,52777.296875,52167.765625,-7796.71337890625,11118.47265625,-42559.33203125,56.90754318237305,44620.80859375,9536.595703125
57106.281870068,52651.76953125,52038.66015625,-7950.4931640625,10989.8837890625,-42692.03125,-43.11651611328125,44493.3828125,9411.291015625
57106.285303091,52587.0390625,51972.25390625,-8021.080078125,10923.431640625,-42763.89453125,-112.42927551269531,44426.8203125,9339.8779296875
57106.28834154,52671.86328125,52065.640625,-7911.39990234375,11021.376953125,-42668.2265625,-48.100955963134766,44511.80078125,9421.8857421875
57106.2913169,52788.4296875,52188.171875,-7775.45654296875,11149.072265625,-42538.4765625,59.321529388427734,44624.36328125,9535.8798828125
57106.296185273,52793.25390625,52186.71875,-7780.955078125,11141.2265625,-42537.3359375,77.91818237304688,44629.81640625,9545.6474609375
57106.300289659,52660.21875,52047.40234375,-7937.57373046875,11000.9921875,-42678.3984375,-26.95620346069336,44513.27734375,9428.390625
57106.30433132,52601.5,51994.29296875,-8000.44921875,10950.8798828125,-42740.06640625,-92.89385223388672,44445.23828125,9354.00390625
57106.30841419,52682.14453125,52081.578125,-7899.17333984375,11039.3701171875,-42656.00390625,-38.02031707763672,44518.83984375,9421.037109375
57106.313221663,52785.7890625,52182.8515625,-7776.7529296875,11137.3828125,-42547.5078125,55.141754150390625,44625.99609375,9528.4814453125
57106.316279074,52790.9296875,52181.9140625,-7779.3681640625,11129.134765625,-42546.8359375,74.45365905761719,44637.10546875,9546.765625
57106.319319711,52662.38671875,52055.84765625,-7930.19775390625,11004.859375,-42675.9609375,-24.07282829284668,44512.5390625,9425.1044921875
57106.324207412,52607.7578125,52012.375,-7982.232421875,10974.9521484375,-42719.078125,-74.90069580078125,44453.640625,9359.63671875
57106.32826986,52686.66015625,52094.09375,-7879.79443359375,11060.8505859375,-42633.4921875,-18.55194854736328,44531.73828125,9436.5263671875
57106.332315533,52783.01953125,52190.33984375,-7764.8173828125,11155.666015625,-42532.44140625,63.210731506347656,44629.55078125,9534.94140625
57106.336385639,52791.890625,52198.921875,-7767.3427734375,11156.4931640625,-42528.46484375,82.3885269165039,44636.58984375,9544.8427734375
57106.341283186,52670.6796875,52071.875,-7918.9326171875,11023.634765625,-42663.33203125,-16.40618133544922,44512.73828125,9427.0498046875
57106.344293919,52598.1015625,51994.60546875,-7994.2802734375,10953.8974609375,-42737.78515625,-89.47402954101562,44441.68359375,9354.294921875
57106.349373438,52679.44140625,52070.98046875,-7895.552734375,11031.435546875,-42655.109375,-33.57231903076172,44517.27734375,9432.1005859375
57106.35241918,52785.07421875,52178.26953125,-7775.3671875,11135.28125,-42546.45703125,54.85118103027344,44622.44140625,9534.337890625
57106.357383827,52787.2421875,52186.78515625,-7781.26806640625,11138.0302734375,-42546.09765625,67.18934631347656,44630.6015625,9540.73046875
57106.360452178,52663.63671875,52064.07421875,-7933.05859375,11014.224609375,-42676.58984375,-30.554834365844727,44504.84765625,9418.01953125
57106.364395379,52599.46484375,51991.07421875,-8006.3056640625,10945.716796875,-42748.8046875,-97.76653289794922,44438.0390625,9352.6181640625
57106.370357404,52680.24609375,52064.9453125,-7906.884765625,11022.1591796875,-42665.5,-40.479007720947266,44519.84765625,9433.3076171875
57106.373422473,52774.14453125,52163.2734375,-7786.87841796875,11122.3623046875,-42556.6484375,47.54216003417969,44620.8984375,9533.8681640625
57106.37645691,52783.35546875,52174.08984375,-7782.22900390625,11130.587890625,-42545.71875,72.0843734741211,44631.8515625,9548.732421875
57106.379940624,52653.578125,52043.37890625,-7934.04248046875,11003.607421875,-42677.21484375,-27.313831329345703,44506.97265625,9427.1611328125
57106.384358262,52594.125,51988.97265625,-8000.76220703125,10948.890625,-42744.3828125,-95.41959381103516,44439.5390625,9357.7587890625
57106.388397006,52677.25,52075.1171875,-7897.96630859375,11031.7255859375,-42659.0625,-35.20399856567383,44523.3125,9437.2197265625
57106.392473677,52779.3515625,52182.8984375,-7773.9814453125,11140.1767578125,-42546.3203125,55.27586364746094,44627.3125,9542.33984375
57106.396434746,52777.8984375,52171.65234375,-7786.49853515625,11125.87109375,-42552.9375,63.38954544067383,44625.5703125,9549.447265625
57106.400381228,52648.03515625,52024.04296875,-7951.38720703125,10973.0302734375,-42699.921875,-40.41195297241211,44500.19921875,9429.306640625
57106.403388679,52580.71484375,51969.21484375,-8019.068359375,10926.7841796875,-42758.3515625,-102.84037780761719,44433.76953125,9356.3505859375
57106.408355879,52671.28125,52071.16015625,-7901.20751953125,11037.6494140625,-42650.75,-31.650070190429688,44516.046875,9433.486328125
57106.412367637,52779.375,52184.83984375,-7773.2216796875,11147.41796875,-42537.0703125,61.60140609741211,44621.79296875,9538.5625
57106.415978621,52785.4765625,52193.1796875,-7774.49560546875,11152.58203125,-42530.453125,77.78407287597656,44632.7890625,9544.8203125
57106.420432727,52663.125,52069.8203125,-7926.44287109375,11027.7470703125,-42662.5078125,-22.10587501525879,44504.828125,9417.9970703125
57106.424479858,52594.5703125,51993.80078125,-8003.95849609375,10955.4169921875,-42740.4921875,-96.51483154296875,44430.328125,9340.927734375
57106.428386956,52666.05078125,52064.56640625,-7907.62255859375,11029.087890625,-42661.6796875,-44.16704559326172,44506.03515625,9414.9794921875
57106.433430007,52771.75390625,52169.55078125,-7785.02294921875,11130.05078125,-42550.7265625,50.38083267211914,44616.83203125,9528.0126953125
57106.437418062,52786.68359375,52189.0,-7778.42919921875,11143.283203125,-42537.73828125,75.05715942382812,44629.9296875,9545.15625
57106.441475405,52666.58984375,52072.97265625,-7926.01806640625,11025.84765625,-42667.109375,-25.19041633605957,44503.1953125,9419.986328125
57106.444497443,52593.87890625,51991.609375,-8007.37841796875,10949.515625,-42745.38671875,-97.99005126953125,44432.609375,9345.197265625
57106.449467195,52661.671875,52050.953125,-7922.21826171875,11011.4755859375,-42676.23046875,-51.118438720703125,44504.0234375,9415.3369140625
57106.454427101,52756.26171875,52142.6171875,-7810.05712890625,11098.7587890625,-42577.8828125,31.046573638916016,44602.4140625,9516.76953125
57106.457395897,52773.40625,52170.515625,-7797.49560546875,11126.9892578125,-42555.1953125,58.852142333984375,44615.15625,9533.779296875
57106.460488317,52666.87890625,52068.390625,-7930.3095703125,11023.1650390625,-42669.50390625,-25.637451171875,44502.66015625,9421.7294921875
57106.463452737,52581.921875,51980.97265625,-8015.71533203125,10942.921875,-42752.44921875,-105.32141876220703,44423.77734375,9338.1787109375
57106.468451663,52651.546875,52047.2890625,-7924.20751953125,11011.251953125,-42677.6171875,-56.79578399658203,44497.60546875,9412.7216796875
57106.472491137,52762.09765625,52157.55078125,-7793.986328125,11120.7529296875,-42557.56640625,45.619911193847656,44613.61328125,9528.615234375
57106.476054713,52775.30859375,52167.5625,-7794.6123046875,11114.44921875,-42554.92578125,67.65872955322266,44626.46484375,9545.55859375
57106.480502985,52656.8203125,52050.12890625,-7936.97021484375,11001.3271484375,-42674.77734375,-21.994115829467773,44506.703125,9429.7314453125
57106.484398777,52595.80078125,52003.09765625,-7998.16943359375,10967.4873046875,-42728.4453125,-82.61204528808594,44439.625,9356.7978515625
57106.487474422,52673.4296875,52080.66015625,-7903.04052734375,11043.1923828125,-42651.8671875,-33.79583740234375,44522.3515625,9430.044921875
57106.491465759,52775.6640625,52184.953125,-7779.90478515625,11145.9658203125,-42540.5546875,56.214637756347656,44626.5078125,9536.7744140625
57106.496477813,52786.953125,52194.72265625,-7775.3671875,11149.67578125,-42530.609375,81.29329681396484,44639.6953125,9554.3427734375
57106.500433412,52662.6328125,52061.90625,-7933.05859375,11009.2177734375,-42672.23046875,-23.335220336914062,44512.1796875,9430.3349609375
57106.504388647,52589.54296875,51985.75390625,-8009.6806640625,10944.330078125,-42740.76171875,-88.7811279296875,44441.37109375,9354.2724609375
57106.508460211,52664.265625,52071.875,-7905.5439453125,11040.041015625,-42648.515625,-28.654935836791992,44521.234375,9430.603515625
57106.512409611,52775.41796875,52182.40625,-7780.7314453125,11147.462890625,-42537.2265625,60.863800048828125,44626.33203125,9536.4833984375
57106.517348366,52784.29296875,52191.2109375,-7781.08935546875,11149.0498046875,-42534.4765625,76.28650665283203,44630.53125,9545.1787109375
57106.521305788,52669.00390625,52073.55078125,-7927.7392578125,11024.3046875,-42668.18359375,-23.42462730407715,44506.97265625,9425.7978515625
57106.525363131,52600.49609375,51997.9375,-8006.14892578125,10950.365234375,-42748.984375,-99.88994598388672,44432.62890625,9352.505859375
57106.529410992,52666.36328125,52061.48046875,-7914.328125,11020.125,-42670.46484375,-47.20688247680664,44506.30078125,9422.51171875
57106.534258579,52772.71484375,52173.9765625,-7783.68212890625,11131.6826171875,-42553.65234375,48.12330627441406,44616.0703125,9531.0966796875
57106.538559887,52785.38671875,52186.71875,-7780.91064453125,11137.44921875,-42547.3515625,65.66942596435547,44623.69140625,9543.5693359375
57106.541607453,52673.80859375,52069.23828125,-7924.9228515625,11017.80078125,-42672.09375,-25.548044204711914,44506.99609375,9426.4677734375
57106.544590471,52600.671875,51996.19140625,-8002.4609375,10953.427734375,-42743.0625,-94.0784912109375,44435.0234375,9349.421875
57106.548580349,52668.64453125,52064.20703125,-7911.64599609375,11021.623046875,-42669.81640625,-46.20105743408203,44500.9375,9418.689453125
57106.552614717,52769.51953125,52162.01953125,-7796.9814453125,11113.734375,-42569.2109375,34.62285232543945,44604.55859375,9522.15625
57106.556581621,52770.25390625,52157.81640625,-7803.150390625,11103.4306640625,-42569.96875,48.257415771484375,44616.51953125,9539.27734375
57106.560632399,52644.97265625,52031.640625,-7952.125,10978.70703125,-42698.89453125,-45.95518493652344,44494.90234375,9421.751953125
57106.564613161,52585.0703125,51980.34375,-8021.52685546875,10927.5224609375,-42764.05078125,-111.51285552978516,44423.4453125,9347.0078125
57106.568616532,52658.921875,52050.1484375,-7926.3310546875,11002.6904296875,-42683.046875,-57.421630859375,44499.6640625,9421.998046875
57106.571148815,52755.6171875,52140.94140625,-7809.07373046875,11095.4951171875,-42577.703125,28.99021339416504,44601.8984375,9524.5029296875
57106.575610944,52777.38671875,52182.25,-7787.75,11128.375,-42553.96484375,59.03095626831055,44619.24609375,9540.640625
57106.580589084,52671.6171875,52083.34375,-7914.79736328125,11034.7431640625,-42658.1015625,-17.791988372802734,44512.91796875,9433.1064453125
57106.584641321,52599.82421875,52006.2265625,-7989.78759765625,10970.5263671875,-42727.125,-85.74129486083984,44442.33203125,9355.6357421875
57106.588609683,52669.78515625,52070.421875,-7902.59326171875,11034.1845703125,-42657.09765625,-41.1048583984375,44512.0234375,9422.244140625
57106.592631653,52776.9609375,52176.48046875,-7782.1396484375,11134.767578125,-42549.18359375,49.48676300048828,44617.5703125,9528.302734375
57106.596147457,52791.625,52194.69921875,-7774.7861328125,11145.6748046875,-42536.62109375,75.90652465820312,44634.98046875,9550.54296875
57106.601526371,52666.96875,52062.5546875,-7926.95654296875,11009.75390625,-42672.33984375,-20.697715759277344,44512.62890625,9435.0732421875
57106.605864147,52591.84375,51991.03125,-8003.6904296875,10950.6337890625,-42741.38671875,-92.24565124511719,44433.6796875,9351.388671875
57106.609635586,52678.8828125,52079.87890625,-7899.64306640625,11039.2802734375,-42655.265625,-37.34976577758789,44518.4375,9426.4462890625
57106.612695915,52781.85546875,52182.29296875,-7775.970703125,11143.216796875,-42542.61328125,57.60044479370117,44628.07421875,9537.8466796875
57106.617672231,52790.44140625,52194.20703125,-7771.3662109375,11151.6201171875,-42530.38671875,82.6791000366211,44641.55078125,9553.470703125
57106.622623385,52670.96875,52079.4296875,-7919.82666015625,11028.171875,-42663.64453125,-20.831825256347656,44512.71484375,9427.3173828125
57106.625693925,52594.234375,52002.875,-8000.6728515625,10957.7412109375,-42743.77734375,-99.44290924072266,44432.453125,9348.3486328125
57106.628671838,52665.875,52068.4765625,-7909.20947265625,11029.1103515625,-42666.375,-48.525638580322266,44505.69921875,9418.9580078125
57106.631714298,52770.30078125,52171.02734375,-7786.25244140625,11129.693359375,-42555.53125,45.84342956542969,44616.80859375,9530.6494140625
57106.635714022,52782.50390625,52186.40625,-7781.1787109375,11136.3994140625,-42544.98046875,69.75979614257812,44631.875,9553.4482421875
57106.640662259,52664.46484375,52066.78125,-7925.7275390625,11015.7666015625,-42670.73046875,-21.83765411376953,44514.59375,9434.134765625
57106.644688969,52586.01171875,51986.2890625,-8007.53466796875,10943.16796875,-42749.0078125,-97.31949615478516,44435.671875,9353.8251953125
57106.648687599,52657.6484375,52052.20703125,-7916.83154296875,11012.458984375,-42673.59375,-48.950321197509766,44505.54296875,9421.4619140625
57106.651698697,52758.90234375,52155.984375,-7795.08154296875,11116.7744140625,-42564.515625,37.72974395751953,44607.109375,9523.36328125
57106.655677635,52778.81640625,52182.91796875,-7780.1279296875,11135.169921875,-42546.1640625,66.9211196899414,44620.8984375,9544.59765625
57106.659734978,52658.33984375,52061.70703125,-7926.35302734375,11013.5537109375,-42670.0625,-23.491683959960938,44506.078125,9429.552734375
57106.663333563,52569.6953125,51967.203125,-8021.8623046875,10923.0966796875,-42763.828125,-111.28933715820312,44427.2890625,9345.0634765625
57106.668636261,52640.75,52031.640625,-7931.00244140625,10989.7490234375,-42688.27734375,-61.288482666015625,44498.3671875,9415.2255859375
57106.672632703,52756.44140625,52155.24609375,-7790.521484375,11118.4951171875,-42556.73828125,43.54119873046875,44614.55078125,9530.515625
57106.6766678,52784.8515625,52191.66015625,-7770.5390625,11143.775390625,-42534.7890625,76.39826202392578,44638.35546875,9555.169921875
57106.680779844,52669.359375,52073.3046875,-7914.61865234375,11023.0537109375,-42659.84765625,-13.880433082580566,44522.3515625,9439.052734375
57106.683761403,52586.6796875,51989.75390625,-7999.0634765625,10953.271484375,-42734.90234375,-86.52360534667969,44444.23046875,9355.3671875
57106.689653047,52666.36328125,52072.0546875,-7898.23486328125,11038.296875,-42652.625,-34.48874282836914,44518.59375,9426.826171875
57106.693683768,52765.65234375,52169.015625,-7783.212890625,11128.6875,-42551.5078125,50.470237731933594,44620.71875,9532.8623046875
57106.697680575,52763.953125,52158.64453125,-7792.64501953125,11108.1689453125,-42557.65625,63.5460090637207,44629.48046875,9549.7607421875
57106.701702909,52646.3359375,52045.56640625,-7930.57763671875,11002.2890625,-42672.85546875,-22.10587501525879,44515.82421875,9438.5830078125
57106.705729254,52586.703125,52004.88671875,-7996.42578125,10966.056640625,-42734.8359375,-89.09405517578125,44441.078125,9357.46875
57106.70966042,52667.19140625,52082.984375,-7902.951171875,11042.1640625,-42656.6953125,-39.4284782409668,44511.53125,9424.2998046875
57106.712690481,52768.578125,52175.67578125,-7785.4033203125,11135.5947265625,-42551.375,46.044593811035156,44614.70703125,9530.6943359375
57106.715703403,52773.47265625,52180.34765625,-7790.67822265625,11131.548828125,-42553.54296875,55.63349151611328,44616.16015625,9538.1826171875
57106.719680153,52657.78125,52056.05078125,-7936.7470703125,11003.451171875,-42681.125,-33.952301025390625,44501.33984375,9425.0380859375
57106.724593381,52575.953125,51966.7109375,-8028.90283203125,10918.7373046875,-42768.74609375,-115.42440795898438,44417.36328125,9336.8828125
57106.728609515,52651.61328125,52050.171875,-7931.40478515625,11008.4580078125,-42684.546875,-67.2116928100586,44485.24609375,9401.814453125
57106.73261471,52754.02734375,52158.80078125,-7807.3525390625,11116.751953125,-42573.2109375,21.68119239807129,44588.19921875,9506.6435546875
57106.735649147,52771.3046875,52176.90625,-7798.05419921875,11125.0,-42560.1796875,47.34099578857422,44601.296875,9525.5537109375
57106.739557339,52656.5078125,52058.3515625,-7941.14990234375,11004.7919921875,-42684.27734375,-42.758888244628906,44479.078125,9407.0
57106.743855729,52571.28125,51968.41015625,-8031.048828125,10922.8505859375,-42769.97265625,-123.51573944091797,44405.5859375,9320.7890625
57106.747840137,52637.73046875,52032.58203125,-7939.65234375,10992.6552734375,-42693.95703125,-73.35842895507812,44480.8203125,9390.7724609375
57106.75184132,52743.34375,52141.0078125,-7813.85693359375,11099.5185546875,-42580.07421875,19.42366600036621,44589.203125,9499.9384765625
57106.756828577,52758.51953125,52155.8515625,-7804.9833984375,11107.0068359375,-42567.7109375,42.311851501464844,44604.1796875,9522.71484375
57106.760831583,52641.15234375,52037.5,-7949.37548828125,10986.8662109375,-42693.95703125,-51.09608840942383,44483.48046875,9407.4912109375
57106.763876961,52561.3359375,51956.94140625,-8036.681640625,10907.6962890625,-42779.8984375,-130.2212677001953,44402.546875,9322.48828125
57106.76891673,52644.01171875,52042.23828125,-7930.04150390625,10999.2265625,-42686.1328125,-65.28944396972656,44486.67578125,9398.953125
57106.772404454,52746.8984375,52143.6484375,-7806.83837890625,11102.5361328125,-42573.390625,28.02908706665039,44595.77734375,9509.5048828125
57106.777597751,52759.01171875,52157.5703125,-7800.78125,11109.4423828125,-42561.38671875,51.49842071533203,44608.25,9525.53125
57106.781868427,52657.984375,52064.54296875,-7930.533203125,11010.4248046875,-42673.4140625,-31.7841796875,44497.60546875,9414.80078125
57106.784829564,52582.8359375,51989.3515625,-8007.40087890625,10948.15234375,-42741.765625,-98.50413513183594,44426.73046875,9340.4140625
57106.789846724,52644.55078125,52059.3359375,-7912.71875,11029.06640625,-42659.19921875,-40.83663558959961,44506.83984375,9414.4208984375
57106.793869423,52746.3828125,52158.30859375,-7801.47412109375,11112.4599609375,-42567.04296875,36.74626922607422,44605.9453125,9517.373046875
57106.796917717,52768.51171875,52175.921875,-7788.89013671875,11123.501953125,-42551.77734375,62.182552337646484,44621.0546875,9541.490234375
57106.799996645,52655.61328125,52060.140625,-7927.60498046875,11006.580078125,-42672.51953125,-24.206939697265625,44501.51953125,9430.0
57106.8039114,52576.9140625,51987.20703125,-8008.98779296875,10946.23046875,-42746.66015625,-100.2252197265625,44426.91015625,9346.806640625
57106.807949415,52646.31640625,52057.34765625,-7919.3125,11019.9013671875,-42672.36328125,-55.7452507019043,44497.25,9411.4921875
57106.812883429,52752.5546875,52161.41796875,-7794.142578125,11120.57421875,-42562.03515625,36.50040054321289,44605.25390625,9521.060546875
57106.81695463,52776.24609375,52186.83203125,-7774.83056640625,11140.2880859375,-42539.7734375,69.42451477050781,44631.3828125,9551.66015625
57106.819922332,52659.2109375,52065.640625,-7920.2734375,11016.3701171875,-42667.55859375,-23.22346305847168,44512.3359375,9435.2080078125
57106.82394503,52565.26953125,51964.07421875,-8018.822265625,10919.4306640625,-42765.078125,-110.73054504394531,44424.47265625,9347.0302734375
57106.827948037,52630.78125,52031.328125,-7926.7333984375,10997.1923828125,-42683.94140625,-56.70637512207031,44499.21484375,9413.8623046875
57106.832005379,52746.7421875,52154.95703125,-7789.89599609375,11118.673828125,-42559.66796875,43.340030670166016,44614.37109375,9529.3984375
57106.835848659,52770.79296875,52185.71484375,-7773.0205078125,11138.2763671875,-42541.11328125,70.92208862304688,44632.65625,9551.548828125
57106.840827163,52669.3828125,52079.5859375,-7908.22607421875,11028.462890625,-42657.58984375,-12.60638427734375,44521.27734375,9444.037109375
57106.844886694,52573.40234375,51976.3671875,-8012.2734375,10932.640625,-42755.64453125,-101.23104858398438,44430.10546875,9351.2099609375
57106.848891524,52634.24609375,52035.6640625,-7922.1513671875,10998.0419921875,-42681.88671875,-51.341957092285156,44503.84375,9422.66796875
57106.85289453,52740.796875,52144.69921875,-7797.00390625,11106.73828125,-42566.9296875,38.936737060546875,44607.64453125,9527.85546875
57106.856864716,52779.421875,52197.046875,-7767.72314453125,11150.7490234375,-42530.33984375,78.8569564819336,44630.265625,9554.9462890625
57106.861805659,52674.09765625,52092.39453125,-7905.99072265625,11039.4375,-42650.30078125,-8.96304988861084,44517.1875,9442.5615234375
57106.865870295,52585.140625,51998.09375,-8002.70703125,10950.7900390625,-42740.8046875,-90.61397552490234,44440.4296875,9355.2998046875
57106.869951341,52643.6328125,52046.52734375,-7925.861328125,11004.2109375,-42678.7109375,-51.83369445800781,44501.71875,9414.9794921875
57106.87297265,52745.04296875,52145.90625,-7804.9833984375,11105.53125,-42570.0390625,34.22052001953125,44604.15625,9523.2734375
