#57078.873267305,52733.44140625,52053.2578125,-8014.79931640625,11007.83203125,-43282.1640625,-247.92555236816406,44527.71484375,9430.6484375
57078.877740374,52605.5,51928.22265625,-8158.38671875,10894.1064453125,-43401.96875,-347.681396484375,44405.94140625,9304.13671875
57078.882768839,52623.09375,51948.25,-8121.66259765625,10920.1904296875,-43377.11328125,-343.2557373046875,44431.421875,9318.1962890625
57078.885959355,52750.83203125,52085.7109375,-7973.33642578125,11052.2451171875,-43245.53125,-240.9965057373047,44552.63671875,9438.158203125
57078.889788778,52821.62109375,52161.484375,-7894.1220703125,11120.1943359375,-43170.25,-171.46023559570312,44620.54296875,9514.7802734375
57078.89331844,52732.37109375,52076.16796875,-8006.14892578125,11027.6357421875,-43263.0546875,-230.69235229492188,44531.15625,9427.4736328125
57078.896781731,52598.03515625,51925.5390625,-8163.7734375,10885.5458984375,-43406.57421875,-345.9379577636719,44411.484375,9302.505859375
57078.900840532,52612.4296875,51931.10546875,-8132.5927734375,10900.72265625,-43388.6484375,-345.9602966308594,44432.2265625,9318.666015625
57078.906525771,52720.0078125,52052.00390625,-8000.33740234375,11017.4873046875,-43274.20703125,-264.10821533203125,44532.65625,9421.193359375
57078.909943114,52797.6796875,52134.52734375,-7915.1328125,11101.8427734375,-43190.41015625,-193.20848083496094,44602.90625,9495.6025390625
57078.913821038,52721.21484375,52057.75,-8018.822265625,11019.9912109375,-43274.296875,-244.81866455078125,44523.6484375,9420.142578125
57078.917496204,52588.04296875,51917.9375,-8175.50830078125,10882.70703125,-43414.8203125,-359.01373291015625,44390.7890625,9287.1279296875
57078.920749445,52596.5390625,51921.11328125,-8149.982421875,10892.2060546875,-43402.640625,-364.6016540527344,44401.96484375,9297.990234375
57078.924818092,52699.78125,52021.98828125,-8021.4599609375,10994.6220703125,-43291.7734375,-278.92742919921875,44511.95703125,9405.8818359375
57078.928757645,52791.0,52121.2265625,-7925.75,11088.208984375,-43199.9765625,-198.84112548828125,44603.93359375,9496.4296875
57078.933900982,52713.81640625,52047.9140625,-8030.2666015625,11007.384765625,-43285.26953125,-252.4405975341797,44522.59765625,9419.494140625
57078.93772311,52569.73828125,51898.58203125,-8191.08740234375,10866.5908203125,-43428.90234375,-371.7989196777344,44383.63671875,9280.0869140625
57078.94180598,52581.98828125,51910.51953125,-8157.42578125,10890.9990234375,-43403.578125,-371.2401123046875,44398.3203125,9291.75390625
57078.945801328,52699.9140625,52028.58203125,-8018.4873046875,11007.1611328125,-43283.28125,-277.65338134765625,44512.11328125,9405.0771484375
57078.949680346,52772.42578125,52105.1796875,-7940.0546875,11076.294921875,-43207.75390625,-205.3901824951172,44585.984375,9481.38671875
57078.952531718,52675.640625,52006.51953125,-8059.79296875,10974.4609375,-43304.08984375,-264.4434814453125,44497.98828125,9399.400390625
57078.956418758,52531.984375,51860.29296875,-8228.03515625,10827.69921875,-43453.15625,-385.6570129394531,44355.60546875,9254.4267578125
57078.961298801,52542.26953125,51874.48828125,-8208.1640625,10844.5966796875,-43441.48828125,-394.0389099121094,44357.125,9251.8115234375
57078.965361614,52646.60546875,51979.49609375,-8082.07763671875,10955.640625,-43331.73828125,-315.2043151855469,44466.76171875,9356.5068359375
57078.969809156,52726.19921875,52057.61328125,-7998.21435546875,11028.73046875,-43254.44921875,-245.2880401611328,44546.265625,9437.30859375
57078.973894943,52648.39453125,51978.421875,-8102.26171875,10940.4189453125,-43342.1328125,-299.7369079589844,44466.984375,9361.447265625
57078.977860388,52511.55859375,51838.5234375,-8262.5908203125,10801.5478515625,-43487.17578125,-421.0174560546875,44325.453125,9216.09375
57078.981857924,52528.09765625,51849.765625,-8231.7451171875,10818.6240234375,-43471.03515625,-426.2701110839844,44339.1328125,9225.4365234375
57078.984534982,52636.28125,51954.3515625,-8098.796875,10928.4609375,-43354.6953125,-338.8747863769531,44447.203125,9339.8779296875
57078.989909885,52731.41015625,52063.78515625,-7992.044921875,11033.55859375,-43250.3125,-245.2209930419922,44543.2734375,9437.2861328125
57078.994962783,52652.88671875,51992.1484375,-8092.4267578125,10956.19921875,-43330.3984375,-293.16546630859375,44467.0078125,9367.236328125
57078.998003784,52516.62890625,51847.12890625,-8249.3134765625,10818.087890625,-43471.21484375,-406.4441223144531,44331.64453125,9235.1591796875
57079.003500123,52535.94140625,51864.2734375,-8216.322265625,10837.9140625,-43452.9296875,-408.83575439453125,44360.63671875,9253.80078125
57079.006948098,52645.4453125,51972.453125,-8081.09423828125,10950.9462890625,-43334.7578125,-322.0439453125,44474.0703125,9370.1416015625
57079.009998216,52732.63671875,52064.43359375,-7991.6201171875,11030.8759765625,-43255.33984375,-254.2734375,44545.171875,9446.5400390625
57079.012608904,52648.99609375,51976.09765625,-8103.75927734375,10934.25,-43350.91796875,-313.8408508300781,44459.98828125,9364.9111328125
57079.017398144,52511.3984375,51840.4921875,-8256.935546875,10800.51953125,-43486.68359375,-421.8221130371094,44333.03125,9232.0751953125
57079.021458404,52539.453125,51871.1796875,-8210.5556640625,10837.556640625,-43449.35546875,-408.2769775390625,44361.3515625,9255.25390625
57079.02547308,52664.5078125,51991.25390625,-8064.10693359375,10957.697265625,-43324.1171875,-310.51043701171875,44482.7890625,9379.462890625
57079.029483015,52747.97265625,52075.65234375,-7973.4482421875,11036.62109375,-43238.66796875,-231.13938903808594,44567.74609375,9471.3505859375
57079.033779582,52676.98046875,52004.4609375,-8069.76220703125,10961.0498046875,-43315.9140625,-277.4075012207031,44489.26953125,9396.271484375
57079.037748309,52546.3359375,51874.64453125,-8217.529296875,10840.998046875,-43443.07421875,-385.94757080078125,44361.84375,9258.5400390625
57079.04078384,52578.07421875,51915.32421875,-8164.86865234375,10892.7646484375,-43401.296875,-374.0340881347656,44396.82421875,9279.505859375
57079.044782106,52693.90234375,52025.65234375,-8028.34423828125,11001.1484375,-43286.25390625,-287.86810302734375,44503.53125,9391.2861328125
57079.049742012,52783.04296875,52117.71875,-7930.19775390625,11085.66015625,-43195.7734375,-205.4348907470703,44588.578125,9485.8349609375
57079.053711469,52709.125,52047.7578125,-8027.8076171875,11005.8203125,-43276.171875,-254.22874450683594,44513.6796875,9413.6826171875
57079.057738543,52559.92578125,51894.58203125,-8195.9599609375,10858.2314453125,-43427.671875,-375.0846252441406,44375.9453125,9270.654296875
57079.061820684,52562.49609375,51889.70703125,-8175.12841796875,10869.720703125,-43416.0078125,-381.2313537597656,44386.40625,9282.03125
57079.065706995,52679.88671875,52014.8125,-8031.33935546875,10998.1533203125,-43285.11328125,-281.0284729003906,44498.8125,9394.4609375
57079.068834423,52774.50390625,52118.9921875,-7937.14892578125,11081.369140625,-43199.57421875,-203.60203552246094,44589.29296875,9481.095703125
57079.073053316,52683.6875,52022.03125,-8050.51708984375,10984.4296875,-43294.79296875,-268.1985778808594,44501.33984375,9399.19921875
57079.077949404,52543.38671875,51870.75390625,-8213.037109375,10837.6904296875,-43444.796875,-388.5627136230469,44364.66015625,9261.35546875
57079.081960069,52558.29296875,51891.38671875,-8177.765625,10868.669921875,-43416.2734375,-380.62786865234375,44388.84375,9276.845703125
57079.086068465,52673.25,52015.125,-8035.83203125,10995.4716796875,-43286.3203125,-281.5425720214844,44502.234375,9384.5810546875
57079.089063882,52758.56640625,52100.59765625,-7944.7265625,11077.30078125,-43200.6484375,-204.36199951171875,44581.08984375,9470.8583984375
57079.093065795,52681.02734375,52019.59375,-8053.17724609375,10987.8046875,-43290.9921875,-262.320068359375,44496.0859375,9393.365234375
57079.097091775,52519.91796875,51854.03515625,-8238.205078125,10829.666015625,-43453.6015625,-395.7599792480469,44335.6015625,9232.0751953125
57079.101115933,52485.828125,51810.515625,-8262.568359375,10797.412109375,-43483.171875,-436.1272277832031,44304.64453125,9197.876953125
57079.105953674,52587.91015625,51916.15234375,-8139.52197265625,10897.7490234375,-43383.70703125,-366.2780456542969,44411.28515625,9298.68359375
57079.110018674,52678.45703125,52008.5546875,-8035.2734375,10984.228515625,-43291.55078125,-287.2646179199219,44502.8828125,9396.62890625
57079.114036632,52647.703125,51987.9453125,-8081.13916015625,10958.3896484375,-43321.28125,-294.2830810546875,44471.23046875,9364.5986328125
57079.117021474,52562.18359375,51901.93359375,-8186.08056640625,10869.2509765625,-43418.46484375,-370.8377990722656,44381.80078125,9272.1513671875
57079.121090851,52595.5546875,51932.109375,-8135.38671875,10897.7490234375,-43390.92578125,-363.8193359375,44414.5703125,9298.9287109375
57079.125103338,52726.84765625,52074.46875,-7970.0732421875,11042.2978515625,-43242.15234375,-248.79727172851562,44546.0,9427.33984375
57079.12911765,52828.55078125,52183.74609375,-7862.65087890625,11142.166015625,-43137.90625,-159.39028930664062,44644.83984375,9529.6884765625
57079.134054581,52764.7109375,52111.37109375,-7954.2705078125,11065.07421875,-43213.56640625,-204.20553588867188,44582.90234375,9474.3681640625
57079.138076551,52622.33203125,51959.828125,-8113.28076171875,10924.68359375,-43359.2109375,-321.10516357421875,44447.203125,9340.81640625
57079.142088309,52639.453125,51982.19921875,-8082.435546875,10954.7236328125,-43330.95703125,-309.8398742675781,44468.1015625,9353.556640625
57079.146079281,52759.5703125,52104.77734375,-7941.17236328125,11078.240234375,-43203.6875,-211.13458251953125,44585.875,9472.5126953125
57079.150138812,52844.0625,52191.58984375,-7845.3505859375,11160.7626953125,-43112.58203125,-128.9025115966797,44671.16796875,9561.3837890625
57079.154068519,52784.6953125,52137.58984375,-7928.521484375,11098.625,-43180.8203125,-168.28628540039062,44604.3125,9501.16796875
57079.156817053,52633.75390625,51983.0703125,-8103.8037109375,10945.7607421875,-43339.7421875,-298.66400146484375,44447.984375,9346.650390625
57079.163049665,52627.96484375,51972.25390625,-8100.5849609375,10935.724609375,-43347.65625,-319.093505859375,44457.953125,9344.236328125
57079.166070245,52741.64453125,52085.48828125,-7970.02880859375,11048.0869140625,-43231.76171875,-233.486328125,44569.578125,9452.0166015625
57079.170081639,52831.453125,52174.91796875,-7873.2900390625,11136.6669921875,-43140.51953125,-155.6128387451172,44649.26171875,9539.970703125
57079.17303366,52769.13671875,52116.2421875,-7960.283203125,11070.1484375,-43208.3125,-194.12489318847656,44582.9921875,9478.4365234375
57079.17714935,52630.40234375,51974.80078125,-8120.03125,10932.439453125,-43349.53125,-308.16351318359375,44446.62109375,9338.6259765625
57079.181106043,52636.66015625,51976.41015625,-8099.802734375,10944.173828125,-43342.42578125,-320.389892578125,44449.88671875,9337.75390625
57079.185164115,52747.234375,52087.8125,-7969.76025390625,11051.373046875,-43234.0625,-240.7729949951172,44548.79296875,9441.01953125
57079.189200671,52825.21875,52163.98828125,-7887.05908203125,11121.087890625,-43158.1796875,-173.49424743652344,44622.6640625,9518.84765625
57079.194038412,52760.19921875,52099.97265625,-7972.6884765625,11055.5751953125,-43223.4453125,-207.2900848388672,44568.796875,9463.6396484375
57079.198226307,52627.94140625,51963.46875,-8124.2109375,10922.537109375,-43354.3828125,-306.71063232421875,44448.34375,9338.3798828125
57079.201218077,52642.78515625,51992.078125,-8097.634765625,10952.2880859375,-43334.9375,-314.0196533203125,44455.69921875,9341.6435546875
57079.205227648,52759.078125,52111.50390625,-7959.0986328125,11071.400390625,-43213.765625,-222.042236328125,44569.2890625,9454.51953125
57079.209193822,52835.859375,52185.3125,-7870.22802734375,11145.8984375,-43132.25,-145.2192840576172,44650.73828125,9536.3271484375
57079.213221991,52776.8046875,52121.67578125,-7954.96337890625,11079.5810546875,-43200.04296875,-184.11131286621094,44581.4921875,9473.697265625
57079.217206035,52621.99609375,51965.34765625,-8132.32470703125,10926.7392578125,-43358.83203125,-317.73004150390625,44425.6328125,9318.46484375
57079.221717029,52619.515625,51950.640625,-8122.71337890625,10917.7099609375,-43360.52734375,-330.64935302734375,44440.05078125,9328.544921875
57079.22569305,52725.10546875,52053.48046875,-7991.19580078125,11022.8076171875,-43246.71484375,-240.9071044921875,44552.66015625,9441.7568359375
57079.230150073,52821.41796875,52171.2734375,-7880.37548828125,11134.275390625,-43140.5,-152.0589141845703,44641.484375,9530.1806640625
57079.233125433,52757.40234375,52114.5,-7959.880859375,11079.0224609375,-43198.41015625,-184.08897399902344,44579.8828125,9468.8466796875
57079.23722836,52620.38671875,51969.6171875,-8120.90283203125,10938.2509765625,-43342.9609375,-300.34039306640625,44446.69140625,9331.8310546875
57079.243173975,52615.53515625,51958.59765625,-8116.767578125,10932.6630859375,-43348.68359375,-322.088623046875,44437.34765625,9326.0869140625
57079.24721746,52723.31640625,52063.046875,-7988.53564453125,11036.263671875,-43239.73828125,-242.24819946289062,44540.296875,9435.8564453125
57079.252160226,52812.45703125,52153.59375,-7893.7197265625,11117.400390625,-43154.89453125,-168.84507751464844,44627.08984375,9523.02734375
57079.25618876,52743.1875,52085.62109375,-7988.669921875,11041.2705078125,-43233.4609375,-218.91297912597656,44550.671875,9457.3134765625
57079.259156097,52602.796875,51939.5546875,-8148.5966796875,10902.2197265625,-43378.09765625,-335.9914245605469,44413.87890625,9319.4033203125
57079.262269668,52600.73828125,51936.35546875,-8135.7890625,10906.064453125,-43375.05859375,-349.7824401855469,44416.42578125,9317.9951171875
57079.266148321,52708.85546875,52045.0546875,-8002.662109375,11016.080078125,-43259.1875,-260.93426513671875,44527.9375,9429.10546875
57079.269350507,52803.4921875,52142.84375,-7897.63134765625,11112.52734375,-43159.67578125,-171.9072723388672,44622.0625,9522.267578125
57079.273305012,52746.62890625,52091.0546875,-7975.59423828125,11054.189453125,-43218.953125,-202.6856231689453,44559.74609375,9464.9130859375
57079.278202924,52608.67578125,51955.8046875,-8132.5927734375,10918.8046875,-43361.35546875,-318.7135314941406,44430.86328125,9325.908203125
57079.282216506,52599.890625,51943.734375,-8125.90966796875,10917.1064453125,-43366.02734375,-340.4394226074219,44428.71875,9318.7548828125
57079.285297257,52715.3828125,52053.99609375,-7994.4814453125,11026.1826171875,-43252.52734375,-252.23944091796875,44537.32421875,9433.3974609375
57079.289183568,52790.1484375,52130.6171875,-7909.25439453125,11096.7021484375,-43172.52734375,-174.63418579101562,44621.92578125,9519.98828125
57079.293279566,52720.25390625,52064.8359375,-7998.39306640625,11029.8037109375,-43241.1484375,-215.94020080566406,44552.0546875,9449.021484375
57079.297298618,52581.31640625,51924.7109375,-8159.70556640625,10895.7158203125,-43386.76953125,-338.8077392578125,44408.46875,9307.4228515625
57079.301315481,52582.703125,51922.2734375,-8149.13330078125,10898.2412109375,-43384.33203125,-352.44232177734375,44404.48828125,9302.416015625
57079.306162704,52698.9296875,52046.05859375,-8014.17333984375,11018.6279296875,-43264.23828125,-264.0411682128906,44514.23828125,9406.4189453125
57079.310252502,52786.171875,52138.3046875,-7920.56396484375,11098.244140625,-43180.08203125,-189.9674835205078,44603.48828125,9491.9814453125
57079.31330262,52724.66015625,52074.51171875,-8002.52783203125,11031.390625,-43247.31640625,-229.50770568847656,44537.5703125,9436.236328125
57079.317297968,52587.015625,51927.19140625,-8159.9736328125,10889.9482421875,-43389.609375,-343.14398193359375,44404.578125,9304.673828125
57079.321293317,52576.84765625,51904.39453125,-8158.72216796875,10875.1962890625,-43399.8671875,-364.9369201660156,44400.64453125,9296.8056640625
57079.325295229,52687.30859375,52026.01171875,-8025.19287109375,10995.650390625,-43285.78515625,-287.7116394042969,44493.91796875,9392.8955078125
57079.329347831,52788.62890625,52138.8203125,-7914.5517578125,11105.62109375,-43179.390625,-200.53985595703125,44588.9140625,9484.91796875
57079.333360319,52736.55078125,52087.140625,-7990.3017578125,11049.3837890625,-43234.12890625,-224.54562377929688,44542.80078125,9439.455078125
57079.338309285,52594.63671875,51940.9375,-8152.73193359375,10906.220703125,-43379.171875,-338.49481201171875,44404.53515625,9301.365234375
57079.341307254,52585.5625,51929.046875,-8148.41796875,10900.0966796875,-43382.9921875,-355.23626708984375,44402.8125,9290.927734375
57079.345309896,52692.29296875,52031.484375,-8019.4482421875,11005.26171875,-43270.0703125,-267.50567626953125,44514.70703125,9400.6962890625
57079.349306703,52779.01953125,52121.5625,-7923.6708984375,11089.3935546875,-43182.3203125,-192.44851684570312,44597.85546875,9486.9521484375
57079.353336695,52724.16796875,52081.890625,-7998.68359375,11041.5380859375,-43239.875,-227.339599609375,44533.86328125,9432.056640625
57079.357296305,52592.44921875,51945.25390625,-8153.40234375,10909.6630859375,-43378.90234375,-337.3101806640625,44399.52734375,9300.44921875
57079.36224126,52580.5546875,51923.078125,-8155.92822265625,10893.6142578125,-43390.81640625,-362.21002197265625,44399.37109375,9287.060546875
57079.366205611,52683.41796875,52030.5703125,-8031.31689453125,11001.3046875,-43279.125,-279.1062316894531,44503.1953125,9386.861328125
57079.369220721,52780.8046875,52132.16015625,-7925.01220703125,11100.189453125,-43175.703125,-187.95582580566406,44599.30859375,9486.326171875
57079.373182154,52710.82421875,52059.5390625,-8016.96728515625,11025.9814453125,-43248.74609375,-232.54754638671875,44529.76953125,9426.2890625
57079.377189537,52576.1328125,51921.0234375,-8174.92724609375,10887.9150390625,-43393.87890625,-349.6036376953125,44393.78125,9293.095703125
57079.381233751,52575.16796875,51911.81640625,-8166.83544921875,10884.47265625,-43398.68359375,-367.93206787109375,44388.75390625,9287.8427734375
57079.385269943,52681.00390625,52021.18359375,-8035.2509765625,10996.0302734375,-43279.83984375,-277.4075012207031,44497.5859375,9395.9130859375
57079.3892332,52765.25,52109.96484375,-7937.2607421875,11079.8271484375,-43188.53125,-197.23179626464844,44591.9765625,9483.95703125
57079.394122359,52689.27734375,52027.171875,-8031.607421875,10991.873046875,-43273.35546875,-249.78074645996094,44516.8515625,9417.21484375
57079.397137104,52543.87890625,51872.25390625,-8205.8173828125,10834.001953125,-43436.30078125,-380.7172546386719,44366.8046875,9267.189453125
57079.401102549,52548.48046875,51891.140625,-8193.9033203125,10861.517578125,-43425.50390625,-395.4470520019531,44357.10546875,9253.2197265625
57079.405362285,52651.43359375,52009.22265625,-8061.53662109375,10989.2353515625,-43303.98046875,-308.7446594238281,44459.07421875,9353.2666015625
57079.409952778,52725.55078125,52083.9453125,-7977.9189453125,11056.1337890625,-43228.20703125,-237.9566650390625,44538.7109375,9433.732421875
57079.415208433,52649.1328125,51995.9921875,-8077.89794921875,10961.541015625,-43312.25,-285.5658874511719,44467.43359375,9370.4775390625
57079.41821552,52515.625,51848.11328125,-8237.8916015625,10815.0478515625,-43455.859375,-399.850341796875,44328.16015625,9237.1044921875
57079.422173672,52531.58203125,51873.4609375,-8205.794921875,10854.0517578125,-43429.9296875,-403.96307373046875,44343.828125,9237.5068359375
57079.425213579,52656.08203125,52014.296875,-8047.8798828125,10995.404296875,-43292.84765625,-302.6426086425781,44471.03125,9359.4580078125
57079.428117463,52757.73828125,52117.62890625,-7933.70703125,11089.326171875,-43191.99609375,-212.3192138671875,44571.09765625,9463.3935546875
57079.433331911,52714.80078125,52075.67578125,-7999.2646484375,11035.7041015625,-43246.46875,-237.75550842285156,44524.98828125,9422.8916015625
57079.437377219,52591.21875,51948.3828125,-8147.3447265625,10907.740234375,-43380.04296875,-343.34515380859375,44399.86328125,9300.5380859375
57079.4414641,52589.3203125,51939.3984375,-8136.83984375,10912.45703125,-43374.0078125,-354.18572998046875,44396.44140625,9294.8388671875
57079.445449967,52692.91796875,52050.375,-8005.8583984375,11024.23828125,-43258.6484375,-269.40557861328125,44502.63671875,9400.7861328125
57079.450383616,52783.48828125,52140.8984375,-7905.20849609375,11110.4482421875,-43166.359375,-186.90528869628906,44600.828125,9496.09375
57079.453391432,52729.0625,52078.40234375,-7983.14892578125,11042.1640625,-43227.58203125,-213.5038604736328,44552.76953125,9451.45703125
57079.456482758,52597.92578125,51944.8515625,-8141.421875,10906.9580078125,-43369.4921875,-326.73779296875,44418.68359375,9311.3564453125
57079.461465274,52592.06640625,51935.86328125,-8141.220703125,10899.4931640625,-43381.7421875,-357.8067321777344,44401.29296875,9289.943359375
57079.465449682,52696.16015625,52048.02734375,-8010.462890625,11017.6884765625,-43265.3984375,-276.1334533691406,44502.79296875,9391.7783203125
57079.469535104,52785.7890625,52149.45703125,-7903.7333984375,11116.7744140625,-43161.48828125,-182.21142578125,44596.15625,9489.09765625
57079.473553062,52737.21875,52106.67578125,-7967.74853515625,11072.5625,-43210.4609375,-206.35130310058594,44553.9765625,9453.15625
57079.47749371,52605.0078125,51969.4609375,-8122.86962890625,10935.2333984375,-43349.421875,-313.6396789550781,44432.09375,9327.427734375
57079.482492636,52593.3203125,51946.1015625,-8128.45751953125,10917.0166015625,-43364.88671875,-339.99237060546875,44419.46484375,9311.8486328125
57079.486488349,52700.85546875,52055.40234375,-7999.8232421875,11027.6357421875,-43253.95703125,-261.98480224609375,44518.6171875,9409.7041015625
57079.490543139,52800.18359375,52152.96875,-7895.57470703125,11117.8466796875,-43158.0234375,-174.99180603027344,44614.6171875,9506.3759765625
57079.494566567,52746.83203125,52108.2421875,-7966.0947265625,11069.43359375,-43211.62109375,-204.56317138671875,44559.6796875,9453.6259765625
57079.498568479,52604.83203125,51963.625,-8133.7998046875,10925.48828125,-43361.17578125,-324.0332336425781,44418.52734375,9312.4072265625
57079.502465001,52591.375,51947.890625,-8143.791015625,10905.0361328125,-43381.7421875,-354.81158447265625,44398.453125,9287.9765625
57079.50558076,52694.3046875,52046.5078125,-8016.14013671875,11009.8876953125,-43272.0625,-275.0382080078125,44508.11328125,9391.3984375
57079.510517692,52787.3984375,52138.328125,-7910.662109375,11101.3291015625,-43176.39453125,-194.95191955566406,44597.453125,9488.4052734375
57079.513502169,52737.51171875,52090.5390625,-7977.9189453125,11050.6796875,-43227.515625,-222.1986846923828,44545.9765625,9447.1435546875
57079.517455944,52599.51171875,51952.40625,-8138.73974609375,10913.9990234375,-43371.03515625,-335.3432312011719,44412.42578125,9312.98828125
57079.521460045,52585.140625,51934.45703125,-8147.0322265625,10899.8056640625,-43387.12890625,-362.8135070800781,44397.828125,9295.107421875
57079.525542914,52683.7109375,52028.53515625,-8024.0078125,11000.298828125,-43279.68359375,-284.1353759765625,44496.84765625,9394.0361328125
57079.529519664,52777.4765625,52130.4375,-7914.41748046875,11098.9599609375,-43178.85546875,-195.95774841308594,44586.58984375,9482.50390625
57079.533589406,52734.15625,52096.1953125,-7980.42236328125,11051.216796875,-43231.76171875,-226.55728149414062,44534.66796875,9433.7998046875
57079.537520936,52603.890625,51961.27734375,-8134.1572265625,10920.369140625,-43366.05078125,-329.77764892578125,44415.890625,9311.1328125
57079.540079841,52588.84765625,51943.2421875,-8137.28662109375,10910.646484375,-43379.7734375,-359.572509765625,44397.76171875,9292.5810546875
57079.545455473,52684.37890625,52037.1640625,-8019.671875,11005.6865234375,-43279.4140625,-287.0858154296875,44491.01171875,9386.9052734375
57079.549517921,52773.67578125,52122.2578125,-7921.39111328125,11085.99609375,-43188.80078125,-205.4348907470703,44582.8125,9483.2197265625
57079.553536244,52723.31640625,52077.23828125,-7990.21240234375,11032.5078125,-43241.953125,-231.27349853515625,44535.11328125,9438.9853515625
57079.557604526,52585.36328125,51944.515625,-8150.98828125,10895.73828125,-43382.76953125,-339.54534912109375,44407.015625,9308.697265625
57079.561581641,52572.265625,51927.41796875,-8156.017578125,10893.234375,-43388.625,-362.5452880859375,44391.83984375,9288.669921875
57079.566201673,52679.41796875,52033.3203125,-8028.34423828125,11007.2060546875,-43274.69921875,-280.6932067871094,44490.38671875,9384.1787109375
57079.569293728,52780.6953125,52138.640625,-7916.138671875,11104.48046875,-43173.78125,-193.1637725830078,44598.5703125,9489.3662109375
57079.574300312,52732.14453125,52086.24609375,-7986.59130859375,11044.9130859375,-43231.37890625,-220.87994384765625,44551.25,9448.931640625
57079.577618099,52589.4296875,51937.765625,-8155.1904296875,10894.7763671875,-43384.33203125,-340.8417663574219,44410.4140625,9305.232421875
57079.582097003,52572.5546875,51919.83984375,-8161.001953125,10888.048828125,-43395.75390625,-368.9378967285156,44390.765625,9281.6962890625
57079.586521935,52668.80078125,52016.82421875,-8042.56005859375,10985.94921875,-43292.08984375,-292.0032043457031,44490.1640625,9384.6259765625
57079.59159489,52764.46484375,52127.3515625,-7933.39404296875,11088.9462890625,-43185.8515625,-203.40087890625,44586.87890625,9484.5380859375
57079.594550557,52717.796875,52086.0703125,-7997.0517578125,11045.986328125,-43233.16796875,-228.18896484375,44537.50390625,9438.2255859375
57079.597577701,52576.265625,51931.73046875,-8162.2314453125,10898.4423828125,-43381.96484375,-344.7756652832031,44395.79296875,9300.8515625
57079.601517255,52557.98046875,51910.49609375,-8168.0205078125,10883.8017578125,-43395.95703125,-370.2342834472656,44379.7890625,9282.076171875
57079.605511873,52663.4140625,52019.1015625,-8041.17431640625,10988.20703125,-43289.76171875,-294.5736389160156,44487.19140625,9384.55859375
57079.609634128,52760.66796875,52126.4140625,-7930.01904296875,11086.8232421875,-43187.55078125,-206.26190185546875,44584.17578125,9483.3759765625
57079.613583527,52718.4453125,52093.84765625,-7993.34130859375,11040.7109375,-43238.578125,-233.28515625,44535.71484375,9436.9287109375
57079.617623365,52575.01171875,51938.32421875,-8162.85693359375,10895.3798828125,-43388.53515625,-351.41412353515625,44396.62109375,9298.236328125
57079.621523899,52554.42578125,51915.14453125,-8172.87060546875,10882.21484375,-43401.03125,-376.20220947265625,44382.3828125,9278.09765625
57079.624603191,52654.47265625,52019.640625,-8046.33740234375,10989.2353515625,-43287.10546875,-289.6786193847656,44488.77734375,9383.5751953125
57079.628635735,52743.5234375,52109.8515625,-7944.94970703125,11074.6416015625,-43194.12109375,-207.37948608398438,44580.95703125,9479.240234375
57079.633344747,52699.55859375,52063.73828125,-8010.73095703125,11021.8017578125,-43247.31640625,-232.90518188476562,44533.21484375,9435.341796875
57079.637174169,52554.60546875,51917.26953125,-8177.92236328125,10881.7900390625,-43394.68359375,-348.7319030761719,44386.85546875,9289.18359375
57079.641174258,52529.68359375,51891.16015625,-8191.44482421875,10867.3515625,-43412.49609375,-378.4150390625,44370.6484375,9263.0771484375
57079.645547407,52620.0078125,51981.05859375,-8078.6357421875,10957.919921875,-43314.6875,-309.7281188964844,44469.30859375,9356.5517578125
57079.648639827,52712.74609375,52074.04296875,-7976.60009765625,11045.0029296875,-43222.28515625,-231.76524353027344,44555.140625,9445.244140625
57079.655638251,52663.59375,52021.80859375,-8048.1923828125,10985.904296875,-43281.046875,-263.3929443359375,44501.5390625,9400.2724609375
57079.658689463,52532.03125,51891.609375,-8207.11328125,10856.287109375,-43420.296875,-373.765869140625,44365.30859375,9263.0322265625
57079.662566657,52502.9296875,51865.6796875,-8229.5771484375,10829.9345703125,-43449.35546875,-413.149658203125,44337.74609375,9231.6728515625
57079.666602484,52599.0625,51960.18359375,-8114.10791015625,10923.119140625,-43349.890625,-337.6678161621094,44434.28515625,9329.3056640625
57079.670471656,52683.28515625,52038.05859375,-8018.666015625,11010.5361328125,-43258.6484375,-259.5931701660156,44513.23046875,9412.5654296875
57079.675502673,52617.1015625,51970.7578125,-8098.68505859375,10947.638671875,-43318.015625,-292.91961669921875,44458.71484375,9355.5009765625
57079.678546227,52481.875,51844.55859375,-8257.427734375,10821.216796875,-43459.5703125,-409.9757080078125,44324.13671875,9208.7177734375
57079.681494601,52471.79296875,51834.76953125,-8264.8037109375,10809.9072265625,-43480.7578125,-447.61602783203125,44297.1796875,9178.140625
57079.68457754,52587.46484375,51949.0546875,-8124.85888671875,10921.8671875,-43364.8203125,-361.5394592285156,44406.7265625,9291.3740234375
57079.689547657,52686.2578125,52052.49609375,-8007.1103515625,11023.7685546875,-43257.46484375,-269.8973083496094,44507.9765625,9397.076171875
57079.693610834,52652.08203125,52020.0625,-8058.49658203125,10986.9326171875,-43295.171875,-281.8331604003906,44470.62890625,9367.9736328125
57079.697512826,52526.12890625,51891.5625,-8211.1591796875,10857.203125,-43431.20703125,-388.04864501953125,44342.0390625,9239.763671875
57079.70152896,52504.3828125,51868.54296875,-8223.251953125,10838.16015625,-43452.03515625,-423.0738220214844,44322.63671875,9217.904296875
57079.705501699,52621.66015625,51985.91015625,-8081.29541015625,10952.466796875,-43331.78515625,-335.94671630859375,44434.328125,9336.189453125
57079.709651304,52739.96875,52103.390625,-7948.66015625,11059.62109375,-43213.90234375,-234.64862060546875,44558.3828125,9458.9453125
57079.712744088,52722.24609375,52090.0234375,-7984.5126953125,11039.50390625,-43235.24609375,-235.833251953125,44547.00390625,9449.0439453125
57079.717708006,52618.64453125,51988.32421875,-8113.392578125,10943.1455078125,-43339.3828125,-313.68438720703125,44439.87109375,9341.978515625
57079.721681109,52601.96875,51973.55078125,-8122.15478515625,10932.39453125,-43351.8125,-336.0584716796875,44426.83984375,9322.845703125
57079.725718395,52693.859375,52066.19921875,-8007.087890625,11027.1884765625,-43247.875,-259.8390197753906,44522.6875,9416.1416015625
57079.729706449,52791.22265625,52161.28125,-7899.3525390625,11121.1103515625,-43149.05859375,-172.10842895507812,44618.1953125,9511.2041015625
57079.733753581,52751.2109375,52120.4921875,-7957.98095703125,11076.6533203125,-43194.3671875,-192.3814697265625,44571.4140625,9471.283203125
57079.738683949,52608.47265625,51975.16015625,-8123.2275390625,10932.484375,-43343.1171875,-311.8291931152344,44434.328125,9333.1943359375
57079.742797451,52580.51171875,51944.3359375,-8140.3935546875,10906.82421875,-43370.05078125,-349.7824401855469,44419.46484375,9312.541015625
57079.745741814,52686.14453125,52054.41796875,-8011.6474609375,11012.212890625,-43263.92578125,-273.20538330078125,44517.34375,9412.7666015625
57079.750775019,52792.875,52171.140625,-7889.517578125,11122.49609375,-43150.82421875,-175.4388427734375,44621.79296875,9520.703125
57079.754755051,52743.12109375,52115.52734375,-7953.890625,11073.0322265625,-43196.33203125,-199.15403747558594,44572.9765625,9477.6533203125
57079.758696792,52617.9296875,51993.21875,-8109.4365234375,10950.0078125,-43334.69140625,-311.58331298828125,44434.8203125,9336.681640625
57079.763285462,52608.98828125,51982.78125,-8118.55615234375,10940.1728515625,-43350.671875,-338.9865417480469,44420.515625,9318.2861328125
57079.76676954,52703.4921875,52069.3046875,-8001.2763671875,11030.98828125,-43248.8828125,-264.622314453125,44520.3828125,9417.326171875
57079.769403567,52799.71484375,52162.78125,-7890.23291015625,11121.244140625,-43149.328125,-176.7799530029297,44616.96484375,9520.859375
57079.772832944,52759.55078125,52128.6953125,-7941.865234375,11083.6494140625,-43187.390625,-192.96261596679688,44575.546875,9491.35546875
57079.777740702,52637.53125,52013.29296875,-8088.91748046875,10964.6708984375,-43317.58984375,-297.0323181152344,44458.3125,9368.197265625
57079.781794398,52610.21875,51988.19140625,-8112.49853515625,10937.4462890625,-43349.48828125,-340.3276672363281,44427.17578125,9334.22265625
57079.78581892,52703.3125,52075.96484375,-7997.2529296875,11029.53515625,-43248.32421875,-263.9740905761719,44525.16796875,9428.7255859375
57079.789789835,52808.6328125,52186.3828125,-7878.1630859375,11139.8408203125,-43130.59765625,-160.37376403808594,44635.5859375,9533.8232421875
57079.79378336,52772.55859375,52147.35546875,-7931.60595703125,11097.9990234375,-43171.45703125,-178.3222198486328,44596.58203125,9498.6416015625
57079.796847336,52642.11328125,52007.27734375,-8094.259765625,10954.9921875,-43320.00390625,-293.0313720703125,44461.12890625,9369.7392578125
57079.80084159,52615.1796875,51972.43359375,-8117.70654296875,10928.572265625,-43342.9375,-322.2450866699219,44441.50390625,9345.1748046875
57079.80577998,52710.30859375,52076.19140625,-7992.693359375,11039.638671875,-43232.85546875,-245.55625915527344,44537.1015625,9441.17578125
57079.809799762,52814.06640625,52188.37109375,-7869.87060546875,11149.474609375,-43116.828125,-143.85581970214844,44650.359375,9549.8046875
57079.813369173,52777.1171875,52154.17578125,-7921.681640625,11108.75,-43155.765625,-158.5632781982422,44622.28515625,9520.6806640625
57079.817863028,52637.26171875,52012.10546875,-8084.603515625,10968.2021484375,-43301.96875,-274.07708740234375,44482.02734375,9379.865234375
57079.82182665,52606.59765625,51973.953125,-8111.29150390625,10939.3017578125,-43333.6171875,-316.85833740234375,44445.55078125,9337.1279296875
57079.826762123,52701.390625,52067.18359375,-7992.5146484375,11033.8046875,-43232.72265625,-243.1199188232422,44541.015625,9433.1513671875
57079.830776799,52801.1015625,52172.5703125,-7879.79443359375,11132.5546875,-43130.6171875,-158.16094970703125,44633.640625,9528.34765625
57079.834768865,52775.6875,52159.8515625,-7919.55810546875,11112.5048828125,-43157.640625,-166.72166442871094,44603.21875,9500.228515625
57079.838830948,52640.6171875,52027.3046875,-8085.76611328125,10970.482421875,-43308.62890625,-286.0129089355469,44459.2734375,9359.1669921875
57079.843727401,52606.9296875,51982.8046875,-8120.3662109375,10929.712890625,-43350.11328125,-335.3655700683594,44421.36328125,9321.2138671875
57079.846745793,52701.2578125,52068.43359375,-8001.20947265625,11027.1435546875,-43245.796875,-262.118896484375,44525.97265625,9420.2548828125
57079.849811227,52793.6796875,52162.66796875,-7894.56884765625,11118.1826171875,-43150.9609375,-183.86544799804688,44613.72265625,9511.6279296875
57079.852805915,52761.5390625,52135.890625,-7940.5244140625,11086.8232421875,-43186.56640625,-198.1929168701172,44578.296875,9477.1396484375
57079.85679324,52622.21875,51992.078125,-8105.90478515625,10943.0341796875,-43334.37890625,-313.2149963378906,44439.5390625,9340.0791015625
57079.861692611,52582.14453125,51947.0859375,-8143.50048828125,10904.8125,-43375.03515625,-363.3276062011719,44400.2421875,9298.7060546875
57079.865717133,52679.91015625,52048.25,-8020.4091796875,11008.501953125,-43271.16796875,-290.19268798828125,44497.47265625,9398.0810546875
57079.869719774,52775.3515625,52151.22265625,-7904.78369140625,11109.46484375,-43160.34765625,-190.056884765625,44605.58984375,9503.3134765625
#57109.876974198,52689.65625,52102.67578125,-7853.44189453125,11056.55859375,-42539.52734375,2.7492644786834717,44550.78125,9402.3955078125
57109.882152907,52637.77734375,52057.234375,-7918.41845703125,11010.7822265625,-42588.69921875,-21.144750595092773,44504.515625,9359.8828125
57109.885206672,52506.83984375,51925.65234375,-8068.89013671875,10881.25390625,-42724.84375,-127.98609161376953,44377.82421875,9229.6611328125
57109.887969064,52506.1015625,51918.51953125,-8062.9892578125,10876.6494140625,-42731.08203125,-147.0521240234375,44373.46484375,9218.8427734375
57109.892157323,52599.375,52010.96875,-7946.40283203125,10968.984375,-42630.90234375,-73.71605682373047,44467.9921875,9312.9658203125
57109.895655624,52682.2109375,52092.4609375,-7851.6982421875,11044.421875,-42546.6796875,2.8833749294281006,44554.0234375,9400.9423828125
57109.899645137,52629.6640625,52038.19140625,-7927.82861328125,10981.814453125,-42611.12109375,-34.48874282836914,44498.1640625,9350.4501953125
57109.90400224,52491.0390625,51885.84375,-8094.34912109375,10833.443359375,-42757.3671875,-149.95785522460938,44364.81640625,9217.501953125
57109.908247753,52476.5078125,51869.703125,-8093.208984375,10836.8857421875,-42750.90625,-161.8042755126953,44357.328125,9200.7822265625
57109.912181107,52600.8515625,52029.69921875,-7941.10546875,10999.896484375,-42613.0859375,-72.0396728515625,44458.26953125,9295.93359375
57109.91528155,52697.27734375,52126.30078125,-7839.42724609375,11086.443359375,-42521.78125,9.030104637145996,44547.83203125,9389.2529296875
57109.920138983,52644.59375,52063.6953125,-7913.76904296875,11017.1748046875,-42582.93359375,-20.1389217376709,44498.8359375,9346.046875
57109.924119015,52511.46875,51934.2109375,-8064.33056640625,10890.2841796875,-42718.33984375,-128.79075622558594,44369.98046875,9217.2109375
57109.928163594,52492.53515625,51910.6953125,-8074.72412109375,10873.095703125,-42736.1796875,-158.09388732910156,44355.5625,9196.5361328125
57109.932191398,52600.94140625,52020.2421875,-7945.41943359375,10984.5634765625,-42621.53515625,-72.2855453491211,44463.4296875,9300.962890625
57109.936301618,52694.4375,52108.30859375,-7846.78125,11066.6611328125,-42529.3359375,11.689962387084961,44556.81640625,9393.96875
57109.94024336,52628.92578125,52045.27734375,-7933.1259765625,10997.0361328125,-42600.5703125,-33.66172790527344,44490.6328125,9335.83203125
57109.945277659,52503.53125,51920.7109375,-8082.6142578125,10872.849609375,-42734.5234375,-141.53125,44360.43359375,9204.873046875
57109.948254113,52492.109375,51905.30859375,-8087.12939453125,10864.2890625,-42744.40234375,-164.48648071289062,44348.38671875,9186.142578125
57109.953220219,52596.0703125,52004.5078125,-7962.60791015625,10964.759765625,-42635.99609375,-81.38269805908203,44454.4453125,9293.654296875
57109.956254291,52679.55078125,52087.7890625,-7868.283203125,11046.2763671875,-42548.2890625,-8.314848899841309,44535.73828125,9376.8251953125
57109.961329798,52636.48046875,52047.0,-7933.9306640625,10995.359375,-42601.30859375,-35.78514099121094,44487.16796875,9334.9599609375
57109.966274024,52495.88671875,51901.5546875,-8098.50634765625,10849.849609375,-42749.58984375,-151.61187744140625,44352.12109375,9203.017578125
57109.969271629,52480.77734375,51882.51171875,-8103.46826171875,10839.9033203125,-42758.59765625,-175.5729522705078,44340.33984375,9186.3212890625
57109.972305701,52569.46875,51968.765625,-7990.72607421875,10929.8017578125,-42657.23046875,-100.11346435546875,44437.01171875,9280.17578125
57109.976277346,52660.10546875,52051.6484375,-7894.01025390625,11004.859375,-42569.3671875,-17.92609977722168,44528.2734375,9372.623046875
57109.980258472,52622.9140625,52031.53125,-7947.69921875,10983.625,-42605.2421875,-40.21078872680664,44479.0546875,9327.2490234375
57109.984214435,52495.44140625,51911.81640625,-8096.15966796875,10870.8828125,-42738.1015625,-152.9082794189453,44343.4921875,9191.328125
57109.98824771,52468.57421875,51876.96875,-8113.28076171875,10842.33984375,-42763.06640625,-187.06175231933594,44324.58203125,9167.76953125
57109.992217166,52566.83203125,51974.19921875,-7990.0556640625,10943.90625,-42651.17578125,-100.8957748413086,44432.2734375,9274.029296875
57109.995223523,52665.3359375,52074.4921875,-7884.82373046875,11030.2509765625,-42559.421875,-17.121437072753906,44526.9765625,9371.326171875
57109.999240023,52629.44140625,52038.52734375,-7944.39111328125,10982.373046875,-42610.046875,-42.311851501464844,44480.88671875,9330.0654296875
57110.003167177,52491.91015625,51900.34765625,-8098.72998046875,10855.5048828125,-42742.75,-150.38253784179688,44348.09765625,9193.5634765625
57110.008219345,52481.0234375,51888.43359375,-8097.47802734375,10856.130859375,-42744.26953125,-168.04042053222656,44340.71875,9178.2294921875
57110.012186979,52573.6484375,51979.1171875,-7985.00439453125,10943.525390625,-42648.3125,-97.07362365722656,44433.79296875,9272.375
57110.01614586,52666.140625,52081.15234375,-7878.5205078125,11042.41015625,-42548.6015625,-13.92513656616211,44522.5078125,9361.40234375
57110.020149231,52625.4609375,52051.984375,-7934.064453125,11008.5244140625,-42589.39453125,-32.410030364990234,44475.65625,9321.548828125
57110.02510002,52499.0625,51917.0,-8088.1796875,10872.6259765625,-42726.8359375,-138.31259155273438,44351.08984375,9196.3349609375
57110.02804183,52480.578125,51888.74609375,-8102.2392578125,10851.97265625,-42745.85546875,-170.20852661132812,44341.45703125,9178.8779296875
57110.032852586,52577.515625,51983.0703125,-7987.35107421875,10947.146484375,-42644.9140625,-96.17955780029297,44439.11328125,9280.51171875
57110.035864413,52672.421875,52077.171875,-7882.4765625,11037.0234375,-42550.43359375,-11.37703800201416,44532.7421875,9379.4853515625
57110.041376797,52621.953125,52027.91015625,-7952.34814453125,10981.322265625,-42609.01953125,-44.90465545654297,44478.875,9329.9306640625
57110.044929069,52491.84375,51895.98828125,-8106.1728515625,10849.3359375,-42747.84375,-154.5399627685547,44348.85546875,9199.59765625
57110.050263858,52466.203125,51863.89453125,-8122.66845703125,10824.32421875,-42768.98828125,-183.708984375,44331.3984375,9177.2685546875
57110.053391287,52567.94921875,51957.94921875,-8001.6787109375,10917.6201171875,-42665.078125,-100.33698272705078,44435.40234375,9277.5380859375
57110.056398738,52666.72265625,52066.46484375,-7889.85302734375,11021.3994140625,-42564.78515625,-17.590822219848633,44525.703125,9368.2421875
57110.060292343,52634.26953125,52040.42578125,-7942.4462890625,10986.552734375,-42607.65625,-39.09320068359375,44483.28125,9331.0263671875
57110.06428842,52507.37890625,51912.26171875,-8095.15380859375,10856.0859375,-42745.0078125,-149.5108184814453,44352.3671875,9200.7822265625
57110.068349774,52483.1484375,51889.9765625,-8103.0439453125,10842.2275390625,-42760.7421875,-179.3950958251953,44334.70703125,9180.15234375
57110.072350592,52578.90234375,51985.328125,-7978.00830078125,10950.7451171875,-42645.71875,-93.34088134765625,44438.2421875,9283.037109375
57110.076048733,52674.1875,52087.69921875,-7870.18310546875,11049.048828125,-42545.29296875,-7.57724142074585,44524.65234375,9371.7734375
57110.079414292,52636.01171875,52052.765625,-7929.75048828125,11003.3837890625,-42592.30078125,-31.627717971801758,44487.01171875,9330.51171875
57110.083349834,52502.7265625,51919.7734375,-8082.88232421875,10877.6103515625,-42726.1875,-141.53125,44360.27734375,9200.7607421875
57110.086981604,52492.06640625,51904.125,-8083.37451171875,10870.279296875,-42729.96484375,-156.1492919921875,44355.49609375,9192.0654296875
57110.092306547,52592.22265625,51998.65234375,-7963.703125,10963.240234375,-42625.3125,-72.95609283447266,44461.2421875,9296.8056640625
57110.096360972,52685.65625,52098.65234375,-7858.80615234375,11061.2080078125,-42525.78125,6.660820007324219,44547.83203125,9389.3193359375
57110.100021552,52644.50390625,52061.97265625,-7922.1064453125,11019.2763671875,-42574.12890625,-22.26233673095703,44496.04296875,9343.1181640625
57110.103946883,52508.42578125,51920.3984375,-8081.8544921875,10875.6435546875,-42719.52734375,-136.7479705810547,44359.8515625,9210.21484375
57110.107102756,52487.484375,51894.9609375,-8092.404296875,10855.83984375,-42735.5078125,-162.02780151367188,44345.2109375,9192.6689453125
57110.11336053,52583.7734375,51990.08984375,-7973.53759765625,10953.8974609375,-42631.90625,-85.96480560302734,44441.9296875,9290.279296875
57110.117467103,52677.98828125,52084.4140625,-7871.45751953125,11043.1923828125,-42540.5546875,-8.560718536376953,44528.98828125,9379.7529296875
57110.121482144,52634.4921875,52037.74609375,-7937.59619140625,10988.85546875,-42594.48828125,-35.47221755981445,44483.68359375,9339.4755859375
57110.125272182,52509.38671875,51911.6796875,-8087.2412109375,10860.869140625,-42734.234375,-147.29798889160156,44354.78125,9214.1494140625
57110.129394801,52502.48046875,51905.2890625,-8085.67626953125,10859.1259765625,-42740.6484375,-166.72166442871094,44349.32421875,9202.81640625
57110.133443391,52592.24609375,51992.97265625,-7971.90625,10951.1474609375,-42642.14453125,-92.62562561035156,44446.2421875,9296.939453125
57110.137408836,52672.1328125,52073.015625,-7877.78271484375,11029.37890625,-42556.26953125,-13.276936531066895,44535.73828125,9385.921875
57110.13999035,52630.0,52036.06640625,-7938.44580078125,10986.1728515625,-42603.85546875,-36.99213790893555,44489.15625,9340.369140625
57110.143535693,52502.21484375,51909.6484375,-8086.95068359375,10865.943359375,-42732.3125,-136.85972595214844,44361.1484375,9212.16015625
57110.147416534,52483.21484375,51891.09375,-8091.4658203125,10860.064453125,-42737.5859375,-152.59535217285156,44355.671875,9200.2236328125
57110.152312987,52590.9296875,52008.171875,-7961.087890625,10974.7509765625,-42623.859375,-71.90556335449219,44464.50390625,9298.0126953125
57110.156452381,52686.59375,52105.06640625,-7855.00634765625,11061.587890625,-42528.53125,13.36634349822998,44558.55859375,9395.1982421875
57110.160435331,52647.25390625,52058.91015625,-7914.99853515625,11012.5927734375,-42570.84375,-2.0563604831695557,44520.3828125,9359.4130859375
57110.163516081,52530.421875,51944.91796875,-8056.32861328125,10902.3095703125,-42692.63671875,-101.3204574584961,44395.9296875,9233.013671875
57110.167453811,52522.5546875,51940.625,-8054.16064453125,10902.689453125,-42697.98046875,-120.34178924560547,44387.6796875,9218.10546875
57110.171439313,52615.78125,52029.453125,-7938.24462890625,10994.443359375,-42599.65234375,-52.30308151245117,44479.94921875,9312.18359375
57110.175493374,52694.08203125,52105.203125,-7849.3291015625,11068.1591796875,-42518.13671875,14.26041316986084,44554.91796875,9390.951171875
57110.179998169,52646.42578125,52055.828125,-7916.65283203125,11012.1904296875,-42572.33984375,-16.249717712402344,44503.015625,9344.75
57110.184016856,52529.23828125,51936.4453125,-8058.18408203125,10891.8935546875,-42698.3359375,-114.75385284423828,44384.7734375,9232.5888671875
57110.188407509,52514.953125,51925.1796875,-8058.29541015625,10889.859375,-42703.5,-133.64108276367188,44376.70703125,9226.8896484375
57110.192497307,52607.19921875,52010.85546875,-7947.94482421875,10975.578125,-42611.03125,-65.62472534179688,44468.70703125,9323.7841796875
57110.195473397,52695.625,52096.86328125,-7854.939453125,11054.2568359375,-42527.3671875,6.347895622253418,44551.36328125,9410.7099609375
57110.201342431,52667.55078125,52071.83203125,-7906.46044921875,11018.046875,-42568.47265625,-10.14769172668457,44514.90625,9377.9873046875
57110.205403785,52524.54296875,51927.6171875,-8073.49462890625,10872.4697265625,-42719.75,-129.1036834716797,44376.08203125,9238.736328125
57110.2084178,52498.50390625,51898.40234375,-8091.6669921875,10854.7890625,-42741.49609375,-164.66529846191406,44353.19140625,9210.2822265625
57110.213429125,52598.97265625,52003.2109375,-7969.5146484375,10962.033203125,-42633.78515625,-85.9871597290039,44454.06640625,9306.796875
57110.217375242,52698.05859375,52104.6875,-7859.119140625,11058.5927734375,-42533.15625,2.346933126449585,44551.96484375,9402.57421875
57110.220399469,52664.44140625,52079.7421875,-7906.46044921875,11029.490234375,-42568.91796875,-13.545157432556152,44514.4375,9366.07421875
57110.223433541,52542.46875,51956.36328125,-8054.8310546875,10907.2265625,-42701.0859375,-115.29029846191406,44392.12890625,9243.02734375
57110.227454781,52503.8671875,51910.09375,-8081.384765625,10872.357421875,-42730.9921875,-150.33782958984375,44371.4765625,9217.814453125
57110.231461069,52603.625,52009.11328125,-7960.5068359375,10967.419921875,-42629.62890625,-71.90556335449219,44472.41796875,9316.005859375
57110.235495802,52707.8515625,52117.921875,-7850.2900390625,11067.0859375,-42529.4921875,15.89208984375,44565.17578125,9408.720703125
57110.240469931,52664.28515625,52070.1328125,-7917.05517578125,11013.576171875,-42582.0625,-7.73370361328125,44520.96484375,9368.509765625
57110.244467102,52530.46484375,51934.63671875,-8072.57861328125,10885.2099609375,-42714.31640625,-110.66349029541016,44406.92578125,9247.654296875
57110.247540195,52521.97265625,51933.453125,-8071.4609375,10898.3310546875,-42710.765625,-127.58375549316406,44397.62890625,9230.5556640625
57110.251510745,52631.875,52048.36328125,-7939.49609375,11014.7607421875,-42591.96484375,-39.94256591796875,44501.49609375,9331.1376953125
57110.255561888,52713.1484375,52127.80078125,-7844.322265625,11087.001953125,-42508.8828125,31.85123634338379,44582.6328125,9418.578125
57110.259505088,52668.9140625,52075.69921875,-7908.58349609375,11025.802734375,-42563.0859375,2.5480988025665283,44533.52734375,9379.529296875
57110.26450292,52537.41796875,51934.74609375,-8066.74462890625,10882.013671875,-42707.1640625,-109.81411743164062,44397.8515625,9248.1015625
57110.268491704,52514.328125,51902.89453125,-8085.005859375,10849.849609375,-42736.8046875,-148.9520263671875,44368.79296875,9219.71484375
57110.272554152,52608.33984375,51998.2265625,-7966.74267578125,10949.3154296875,-42636.9140625,-83.75198364257812,44453.84375,9308.65234375
57110.275557228,52704.921875,52106.67578125,-7855.25244140625,11057.654296875,-42534.69921875,-6.191433429718018,44536.58984375,9396.427734375
57110.280589704,52666.8359375,52069.21484375,-7912.271484375,11013.93359375,-42581.16796875,-31.1359806060791,44490.453125,9358.3173828125
57110.285425621,52538.9609375,51936.40234375,-8067.72802734375,10878.4150390625,-42722.69921875,-141.21832275390625,44355.18359375,9229.28125
57110.288506007,52506.2578125,51901.35546875,-8091.845703125,10850.765625,-42752.5625,-180.8703155517578,44335.37890625,9202.81640625
57110.29350311,52605.7265625,52005.265625,-7964.37353515625,10956.3779296875,-42641.8984375,-95.48664855957031,44448.07421875,9311.1328125
57110.296552134,52688.8515625,52090.49609375,-7865.44482421875,11037.89453125,-42552.828125,-16.629697799682617,44537.88671875,9403.0439453125
57110.301543402,52648.10546875,52050.484375,-7927.2919921875,10991.73828125,-42602.203125,-41.30602264404297,44495.75,9360.9326171875
57110.305507023,52527.359375,51933.36328125,-8073.3828125,10873.408203125,-42731.3046875,-142.62648010253906,44372.3046875,9233.3046875
57110.308651227,52502.5703125,51905.01953125,-8092.09130859375,10850.564453125,-42755.71484375,-176.39996337890625,44350.9140625,9206.794921875
57110.311610541,52598.01171875,51996.57421875,-7975.97412109375,10942.900390625,-42654.125,-97.49830627441406,44452.703125,9306.685546875
57110.315639439,52677.2265625,52066.51171875,-7883.37109375,11014.58203125,-42565.859375,-17.70258140563965,44544.43359375,9401.3896484375
57110.31965448,52665.046875,52067.44921875,-7918.79833984375,11008.3681640625,-42584.67578125,-21.502378463745117,44515.35546875,9375.5283203125
57110.324616209,52548.59375,51956.875,-8067.54931640625,10893.927734375,-42715.50390625,-123.9180679321289,44390.38671875,9250.068359375
57110.328407706,52520.20703125,51927.4609375,-8088.58203125,10873.0283203125,-42739.15234375,-156.88690185546875,44368.83984375,9225.3251953125
57110.331380878,52622.5546875,52028.984375,-7968.1064453125,10974.6171875,-42634.85546875,-82.209716796875,44464.79296875,9323.3818359375
57110.335456454,52713.70703125,52114.0078125,-7865.7578125,11057.05078125,-42540.109375,0.35762789845466614,44554.73828125,9414.8681640625
57110.339273842,52674.43359375,52077.28515625,-7918.26171875,11017.64453125,-42576.18359375,-12.516977310180664,44517.703125,9379.0380859375
57110.343313681,52535.4296875,51934.8828125,-8078.0546875,10879.287109375,-42717.0234375,-125.52739715576172,44382.00390625,9245.7099609375
57110.347624106,52518.28515625,51913.89453125,-8085.609375,10866.658203125,-42731.6640625,-154.13763427734375,44362.15625,9222.0615234375
57110.351654098,52612.1171875,52007.078125,-7967.21240234375,10960.7587890625,-42632.28515625,-82.34382629394531,44455.8984375,9311.1328125
57110.356598323,52700.18359375,52096.70703125,-7859.78955078125,11051.283203125,-42534.1640625,2.1904709339141846,44546.37890625,9404.697265625
57110.360529489,52665.984375,52063.3359375,-7909.96923828125,11009.28515625,-42575.984375,-18.37313461303711,44500.87109375,9367.68359375
57110.364539789,52533.6640625,51928.19921875,-8067.68310546875,10874.705078125,-42718.02734375,-136.34564208984375,44370.87109375,9234.154296875
57110.36765263,52511.35546875,51899.296875,-8085.47509765625,10852.353515625,-42741.56640625,-170.8567352294922,44348.07421875,9208.8291015625
57110.371648343,52617.97265625,52013.6953125,-7954.76220703125,10967.7548828125,-42626.69921875,-84.73546600341797,44452.94921875,9308.96484375
57110.375607589,52703.35546875,52099.703125,-7856.01220703125,11048.7802734375,-42536.578125,-6.124378204345703,44542.19921875,9399.646484375
57110.381642913,52661.625,52053.2578125,-7915.1328125,10993.28125,-42586.30859375,-28.185550689697266,44503.0390625,9366.744140625
57110.384709077,52526.8671875,51922.38671875,-8065.38134765625,10869.6982421875,-42718.1171875,-133.86459350585938,44373.0390625,9238.892578125
57110.387256677,52518.12890625,51919.37109375,-8068.57763671875,10873.05078125,-42726.6328125,-158.38446044921875,44354.5546875,9213.322265625
57110.391671398,52618.375,52022.92578125,-7950.15771484375,10974.9072265625,-42623.546875,-85.78599548339844,44446.69140625,9302.662109375
57110.395662735,52715.08984375,52124.11328125,-7842.86962890625,11069.74609375,-42526.05078125,-4.380941867828369,44540.12109375,9400.4951171875
57110.399297787,52673.60546875,52079.07421875,-7906.3486328125,11018.0244140625,-42573.94921875,-22.70937156677246,44503.1953125,9367.1015625
57110.403669841,52539.98828125,51941.02734375,-8068.6220703125,10880.60546875,-42715.7265625,-130.46713256835938,44373.46484375,9236.03125
57110.407653155,52509.96875,51904.19140625,-8093.16455078125,10851.16796875,-42742.03515625,-162.92185974121094,44353.171875,9206.7060546875
57110.412653905,52601.8125,51991.07421875,-7976.37646484375,10941.849609375,-42640.64453125,-86.52360534667969,44453.7734375,9307.244140625
57110.415559248,52701.79296875,52104.6875,-7858.359375,11056.6923828125,-42527.5703125,5.1409010887146,44552.34765625,9407.849609375
57110.419629354,52672.64453125,52082.71484375,-7905.05224609375,11028.08203125,-42561.1171875,-5.722046375274658,44521.61328125,9379.0830078125
57110.423663722,52542.8046875,51950.05859375,-8058.31787109375,10898.5537109375,-42693.59765625,-106.84133911132812,44397.046875,9252.3701171875
57110.427668552,52513.92578125,51918.921875,-8078.77001953125,10876.7607421875,-42719.48046875,-144.34756469726562,44370.22265625,9222.3076171875
57110.431704379,52610.8203125,52019.640625,-7959.724609375,10975.578125,-42619.7265625,-73.15725708007812,44459.4296875,9314.8212890625
57110.435666542,52711.8515625,52120.24609375,-7848.3232421875,11071.8916015625,-42516.5703125,14.595688819885254,44556.9296875,9411.0458984375
57110.440606391,52675.10546875,52079.36328125,-7905.23095703125,11025.310546875,-42560.8046875,-6.414950847625732,44524.09375,9377.919921875
57110.444297238,52545.21875,51945.765625,-8062.72119140625,10891.8935546875,-42701.109375,-115.98320007324219,44391.94921875,9245.3525390625
57110.448309726,52522.10546875,51920.421875,-8079.8203125,10872.8046875,-42723.63671875,-148.48263549804688,44369.890625,9217.2333984375
57110.451400687,52612.98828125,52009.3359375,-7964.91015625,10964.1787109375,-42625.46875,-76.64413452148438,44464.94921875,9311.06640625
57110.45546277,52709.234375,52114.65625,-7852.771484375,11067.4658203125,-42524.05859375,4.224479675292969,44555.4765625,9402.57421875
57110.461605308,52680.35546875,52090.65234375,-7898.18994140625,11036.7998046875,-42557.140625,-8.292497634887695,44520.67578125,9372.890625
57110.465754183,52552.1484375,51955.35546875,-8052.4169921875,10902.197265625,-42694.828125,-113.70332336425781,44391.75,9246.1787109375
57110.468782056,52519.71484375,51910.875,-8081.02734375,10861.9638671875,-42732.64453125,-156.17164611816406,44361.75390625,9216.5185546875
57110.473721541,52606.23828125,51994.24609375,-7965.6923828125,10952.66796875,-42630.7890625,-82.90261840820312,44456.4140625,9308.5849609375
57110.476787705,52698.39453125,52095.63671875,-7856.90625,11052.6689453125,-42528.3515625,1.0952354669570923,44549.39453125,9404.697265625
57110.480717776,52665.1796875,52061.70703125,-7912.47265625,11011.3408203125,-42572.1171875,-18.596651077270508,44511.1953125,9375.0595703125
57110.483742732,52529.2578125,51921.46875,-8079.68603515625,10867.775390625,-42721.58203125,-137.95497131347656,44370.26953125,9234.9365234375
57110.487750479,52499.95703125,51888.1875,-8105.63671875,10840.2158203125,-42750.37109375,-176.95875549316406,44341.90625,9204.0908203125
57110.491816574,52595.01953125,51986.3359375,-7990.9052734375,10936.708984375,-42651.95703125,-105.7684555053711,44431.55859375,9295.3525390625
57110.495840731,52691.48828125,52076.546875,-7885.7177734375,11020.728515625,-42557.4296875,-22.75407600402832,44522.9765625,9391.9794921875
57110.500744842,52653.578125,52047.421875,-7935.98681640625,10991.6943359375,-42592.1875,-41.48483657836914,44493.11328125,9360.75390625
57110.503808453,52525.32421875,51921.44921875,-8086.92822265625,10871.5087890625,-42721.94140625,-143.07351684570312,44367.23046875,9232.767578125
57110.507798331,52505.58984375,51897.12890625,-8100.69677734375,10853.8505859375,-42740.42578125,-168.9568328857422,44349.75,9206.7060546875
57110.511790762,52599.21875,51997.33203125,-7976.7119140625,10956.6240234375,-42634.453125,-91.61979675292969,44447.6953125,9301.611328125
57110.515797051,52696.2265625,52090.33984375,-7868.46240234375,11044.82421875,-42537.9609375,-7.823110580444336,44541.640625,9397.5224609375
57110.519823031,52660.1953125,52053.1015625,-7923.3359375,11002.0654296875,-42579.15625,-25.682153701782227,44501.5390625,9361.08984375
57110.523854118,52535.31640625,51930.6796875,-8067.95166015625,10884.1591796875,-42703.3203125,-122.84518432617188,44377.3984375,9237.08203125
57110.528756405,52514.6171875,51906.4296875,-8084.3798828125,10863.7080078125,-42726.54296875,-153.24356079101562,44357.21484375,9211.3330078125
57110.533831913,52608.16015625,51998.046875,-7971.34716796875,10954.388671875,-42631.55078125,-87.57413482666016,44446.421875,9302.1474609375
57110.536794145,52704.9453125,52102.2734375,-7859.25341796875,11057.5869140625,-42528.0625,-3.2410030364990234,44541.05859375,9397.791015625
57110.540811373,52675.37109375,52075.875,-7908.04736328125,11024.2822265625,-42565.74609375,-18.35078239440918,44507.26171875,9366.38671875
57110.544809274,52542.53515625,51932.69140625,-8071.4609375,10880.001953125,-42713.15625,-133.10464477539062,44371.8125,9232.142578125
57110.548836349,52503.6875,51886.6484375,-8101.12158203125,10846.4970703125,-42741.85546875,-169.6497344970703,44345.83984375,9203.15234375
57110.551882091,52597.87890625,51986.24609375,-7980.53369140625,10947.7275390625,-42637.33984375,-94.79374694824219,44441.8828125,9297.521484375
57110.556846008,52693.92578125,52083.9453125,-7872.9775390625,11035.48046875,-42543.640625,-14.103950500488281,44535.359375,9395.287109375
57110.559861847,52661.55859375,52058.0625,-7918.19482421875,11005.73046875,-42575.73828125,-24.408105850219727,44505.140625,9369.001953125
57110.563815258,52536.859375,51931.55078125,-8071.818359375,10878.794921875,-42710.875,-130.35537719726562,44374.8046875,9236.3662109375
57110.567833581,52511.6015625,51898.0234375,-8094.8408203125,10853.11328125,-42737.33984375,-167.86160278320312,44346.21875,9203.755859375
57110.571828929,52603.22265625,51999.56640625,-7971.1015625,10963.5302734375,-42625.1328125,-84.93663024902344,44441.75,9297.587890625
57110.575870955,52698.73046875,52096.375,-7868.373046875,11050.0986328125,-42534.49609375,-8.270145416259766,44538.4453125,9392.560546875
57110.579976434,52668.0625,52065.01171875,-7918.75390625,11013.5087890625,-42569.43359375,-23.961069107055664,44506.4140625,9363.1455078125
57110.583925834,52534.80078125,51928.64453125,-8077.71923828125,10880.001953125,-42706.2265625,-128.5448760986328,44375.65625,9233.416015625
57110.587890185,52503.62109375,51891.07421875,-8105.27880859375,10844.6416015625,-42740.1328125,-166.8781280517578,44348.9453125,9203.576171875
57110.590957807,52611.9375,52004.41796875,-7975.4375,10962.345703125,-42625.58203125,-86.56830596923828,44449.08203125,9303.4443359375
57110.59588307,52700.20703125,52100.15234375,-7869.80322265625,11056.4248046875,-42527.3671875,-5.565584182739258,44538.8671875,9393.521484375
57110.599908321,52658.453125,52057.390625,-7926.55419921875,11008.033203125,-42572.96484375,-26.799741744995117,44499.953125,9359.5693359375
57110.603943054,52534.421875,51925.046875,-8080.2001953125,10875.0625,-42711.03125,-134.6916046142578,44370.15625,9232.4775390625
57110.607900841,52500.24609375,51884.0546875,-8106.95556640625,10842.65234375,-42744.6953125,-176.8470001220703,44336.8515625,9195.6865234375
57110.612486593,52598.1015625,51986.4921875,-7983.21630859375,10945.134765625,-42639.28125,-97.54301452636719,44438.93359375,9295.2861328125
57110.61689475,52689.6796875,52081.26171875,-7874.765625,11038.8115234375,-42538.85546875,-12.829901695251465,44533.48046875,9391.041015625
57110.620561164,52665.515625,52057.68359375,-7920.0947265625,11001.70703125,-42575.0,-25.41393280029297,44502.61328125,9362.2744140625
57110.624970051,52536.2109375,51928.84765625,-8072.1982421875,10877.38671875,-42709.6015625,-133.7081298828125,44370.78125,9232.4775390625
57110.628973787,52500.625,51896.75,-8099.7802734375,10853.6494140625,-42745.140625,-183.37371826171875,44330.81640625,9191.283203125
57110.63286265,52596.5390625,51987.5859375,-7982.56787109375,10950.2314453125,-42639.5078125,-102.9744873046875,44431.71484375,9285.763671875
57110.637900596,52693.58984375,52087.96875,-7870.67529296875,11048.556640625,-42534.87890625,-12.002886772155762,44531.9375,9382.7705078125
57110.641937517,52659.4140625,52049.5234375,-7922.486328125,10999.986328125,-42577.92578125,-29.079620361328125,44497.49609375,9356.5068359375
57110.644959556,52533.19140625,51926.6328125,-8072.8017578125,10875.3525390625,-42712.6640625,-134.6245574951172,44368.32421875,9231.2255859375
57110.648915155,52492.6484375,51880.4765625,-8107.55908203125,10835.4326171875,-42752.6953125,-181.362060546875,44326.21484375,9189.4501953125
57110.651503598,52588.15625,51972.90234375,-7990.32373046875,10929.466796875,-42653.5,-112.54103088378906,44421.65625,9280.01953125
57110.655924518,52702.08203125,52099.81640625,-7861.1083984375,11052.6025390625,-42533.1796875,-15.221537590026855,44533.63671875,9388.0234375
57110.659942476,52676.01953125,52081.890625,-7900.537109375,11033.201171875,-42554.83984375,-17.121437072753906,44509.4296875,9366.8564453125
57110.664035556,52545.2421875,51946.37109375,-8059.48046875,10899.671875,-42693.1953125,-122.80048370361328,44380.03515625,9239.40625
57110.66792515,52505.05078125,51898.47265625,-8095.89111328125,10856.533203125,-42734.546875,-167.3028106689453,44346.30859375,9201.744140625
57110.671959518,52582.32421875,51969.125,-7995.0849609375,10928.572265625,-42649.609375,-103.53327941894531,44433.90625,9286.45703125
57110.675019847,52681.40625,52068.6328125,-7884.39892578125,11021.689453125,-42550.8359375,-20.474197387695312,44528.09375,9381.7197265625
57110.679946932,52659.3671875,52049.65625,-7920.22900390625,11000.232421875,-42572.18359375,-22.932889938354492,44504.58203125,9361.4248046875
57110.68396489,52544.30078125,51946.97265625,-8058.876953125,10899.0234375,-42689.10546875,-115.29029846191406,44384.5078125,9239.7197265625
57110.687967897,52518.08203125,51914.921875,-8084.71533203125,10873.05078125,-42716.62109375,-149.6672821044922,44357.68359375,9206.2587890625
57110.691998618,52608.62890625,52002.25,-7971.01220703125,10962.9267578125,-42620.62109375,-80.44393157958984,44450.46875,9297.2978515625
57110.696015482,52702.8671875,52095.30078125,-7864.908203125,11050.45703125,-42524.6171875,0.7376075387001038,44542.734375,9391.8896484375
57110.700907194,52672.1328125,52065.1015625,-7911.64599609375,11014.7607421875,-42558.66015625,-10.572375297546387,44512.3359375,9365.8505859375
57110.70500064,52544.4375,51943.12890625,-8062.85546875,10897.1455078125,-42689.640625,-116.27377319335938,44381.9375,9233.6396484375
57110.707981834,52504.44921875,51895.85546875,-8099.10986328125,10854.4990234375,-42731.1484375,-162.07249450683594,44346.8671875,9194.5693359375
57110.713028897,52594.79296875,51979.8515625,-7983.72998046875,10940.2626953125,-42632.93359375,-87.32826232910156,44446.890625,9293.9228515625
57110.716070628,52694.86328125,52086.62890625,-7865.62353515625,11045.986328125,-42523.61328125,4.604459285736084,44548.859375,9399.8701171875
57110.71964952,52669.60546875,52067.42578125,-7908.24853515625,11017.64453125,-42558.81640625,-11.779369354248047,44508.15625,9370.3203125
57110.725665517,52537.3046875,51931.328125,-8066.029296875,10882.1484375,-42700.6171875,-123.82866668701172,44380.5078125,9240.166015625
57110.729055145,52508.6953125,51898.78515625,-8090.392578125,10857.2705078125,-42728.0859375,-159.3455810546875,44357.19140625,9209.65625
57110.732006801,52595.75390625,51984.19140625,-7980.8916015625,10944.2861328125,-42635.1484375,-94.43611907958984,44442.0625,9292.8271484375
57110.735976987,52689.5,52076.5234375,-7875.01123046875,11030.8984375,-42539.9296875,-14.327467918395996,44533.32421875,9385.921875
57110.739940244,52662.765625,52046.171875,-7918.552734375,10993.9736328125,-42571.6015625,-22.73172378540039,44508.671875,9366.9228515625
57110.743984823,52538.9375,51924.9140625,-8067.28125,10873.251953125,-42703.4765625,-128.20960998535156,44379.61328125,9239.7421875
57110.747993664,52503.375,51887.83203125,-8101.09912109375,10841.0654296875,-42741.9453125,-174.5000762939453,44342.41796875,9200.3359375
57110.751948534,52590.99609375,51978.64453125,-7992.73779296875,10932.796875,-42647.484375,-108.60712432861328,44430.10546875,9287.1494140625
57110.756089751,52691.95703125,52079.9453125,-7877.42529296875,11033.0888671875,-42541.0703125,-18.97663116455078,44530.12890625,9390.3251953125
57110.759145339,52667.1484375,52060.36328125,-7913.45654296875,11014.671875,-42563.2421875,-21.524730682373047,44507.5078125,9369.8740234375
57110.764035593,52539.4296875,51926.8125,-8066.49853515625,10883.3544921875,-42693.15234375,-114.68679809570312,44388.484375,9248.1240234375
57110.768075431,52506.1015625,51896.01171875,-8097.07568359375,10856.64453125,-42723.28125,-152.17066955566406,44358.2890625,9210.8408203125
57110.772062757,52591.28515625,51975.5859375,-7994.77197265625,10932.3271484375,-42639.7734375,-94.77139282226562,44440.2734375,9291.6875
57110.776102595,52690.52734375,52078.359375,-7882.3203125,11035.3916015625,-42535.81640625,-10.952354431152344,44533.63671875,9386.0791015625
57110.780119459,52671.39453125,52064.5,-7919.20068359375,11011.5419921875,-42563.28515625,-18.484891891479492,44507.64453125,9361.9833984375
57110.785082282,52538.06640625,51925.5390625,-8078.1884765625,10872.5146484375,-42707.09765625,-129.28248596191406,44375.72265625,9234.0419921875
57110.788130577,52502.4375,51883.5625,-8109.458984375,10842.9658203125,-42738.5703125,-170.7002716064453,44341.03125,9196.15625
57110.792005219,52589.02734375,51970.80078125,-7996.78369140625,10934.2275390625,-42640.04296875,-99.01822662353516,44428.359375,9283.283203125
57110.796043963,52684.29296875,52067.44921875,-7885.1591796875,11028.7978515625,-42537.5390625,-9.968877792358398,44525.01171875,9382.6142578125
57110.800837943,52665.29296875,52060.05078125,-7915.17724609375,11016.302734375,-42556.359375,-13.098122596740723,44513.6328125,9368.0859375
57110.806069895,52544.125,51943.0390625,-8062.5869140625,10894.9775390625,-42689.28515625,-118.73246765136719,44385.7578125,9242.669921875
57110.809111261,52512.49609375,51906.0703125,-8090.12451171875,10863.6630859375,-42721.58203125,-157.26687622070312,44355.13671875,9207.3095703125
57110.812084797,52595.44140625,51983.09375,-7984.84765625,10942.408203125,-42633.91796875,-96.55953979492188,44439.76171875,9291.3515625
57110.81514075,52694.59375,52076.546875,-7873.04443359375,11034.2294921875,-42533.9609375,-13.165177345275879,44534.15234375,9387.3076171875
57110.819152144,52674.96875,52063.76171875,-7906.9521484375,11018.1357421875,-42557.18359375,-20.697715759277344,44506.32421875,9364.173828125
57110.824106215,52547.18359375,51936.6015625,-8062.4306640625,10888.2724609375,-42696.45703125,-128.50018310546875,44373.265625,9231.6279296875
57110.828095364,52504.2265625,51880.8359375,-8104.92138671875,10835.7236328125,-42745.56640625,-179.52920532226562,44332.359375,9187.505859375
57110.832187715,52584.1328125,51960.875,-7998.4375,10915.943359375,-42658.6171875,-116.4972915649414,44420.3828125,9275.2138671875
57110.836136021,52682.5234375,52065.1015625,-7880.80029296875,11020.818359375,-42547.08203125,-21.614137649536133,44525.546875,9381.3173828125
57110.839150036,52678.74609375,52068.8125,-7901.3193359375,11023.6796875,-42549.71875,-8.828939437866211,44515.2890625,9374.2548828125
57110.843150125,52554.515625,51943.12890625,-8054.80859375,10896.2744140625,-42683.26953125,-110.88700103759766,44390.07421875,9251.0068359375
57110.848146134,52506.4609375,51886.51171875,-8098.50634765625,10849.40234375,-42727.7734375,-158.96560668945312,44344.7421875,9204.626953125
57110.85191575,52603.0859375,51985.53125,-7980.310546875,10952.8916015625,-42622.8984375,-85.31661224365234,44440.69921875,9290.5693359375
57110.856121514,52701.92578125,52079.02734375,-7881.20263671875,11028.5517578125,-42541.875,-16.674402236938477,44531.8046875,9382.748046875
57110.860149683,52674.25390625,52058.95703125,-7919.02197265625,11004.0771484375,-42567.06640625,-25.61509895324707,44503.57421875,9361.0673828125
57110.864159618,52553.17578125,51946.28125,-8060.53076171875,10895.3798828125,-42686.78125,-119.58183288574219,44382.203125,9237.796875
57110.868069268,52508.58203125,51899.72265625,-8101.1884765625,10857.1591796875,-42729.65234375,-171.41552734375,44339.46875,9194.2333984375
57110.873110496,52597.25390625,51981.77734375,-7994.0791015625,10940.3076171875,-42638.65625,-106.3719482421875,44427.22265625,9283.193359375
