#57091.873332217,52435.984375,51849.05078125,-8281.9921875,10734.8271484375,-43236.09765625,-356.93499755859375,44249.8828125,9127.22265625
57091.877383725,52504.11328125,51908.52734375,-8193.5234375,10798.1728515625,-43170.25,-316.23248291015625,44316.08984375,9191.685546875
57091.879958675,52609.63671875,52011.234375,-8066.2529296875,10899.7392578125,-43058.3125,-219.44943237304688,44430.1953125,9304.337890625
57091.884352974,52637.44140625,52035.3515625,-8043.2080078125,10922.26953125,-43028.6484375,-178.94805908203125,44461.5078125,9339.4306640625
57091.888371297,52518.62109375,51916.015625,-8188.31591796875,10805.1904296875,-43152.859375,-274.27825927734375,44339.06640625,9225.1015625
57091.892376856,52444.01171875,51848.9375,-8274.19140625,10735.341796875,-43238.53515625,-359.9524841308594,44250.0625,9134.1298828125
57091.89727258,52515.4921875,51917.1796875,-8183.66650390625,10806.419921875,-43164.81640625,-313.28204345703125,44318.234375,9199.44140625
57091.901337945,52616.02734375,52021.42578125,-8059.681640625,10908.34375,-43052.4765625,-217.0577850341797,44427.06640625,9310.57421875
57091.905355538,52639.9453125,52044.44921875,-8045.51025390625,10926.203125,-43033.703125,-190.01217651367188,44443.44921875,9330.19921875
57091.909418716,52519.91796875,51916.484375,-8196.02734375,10794.9541015625,-43169.51171875,-293.5231018066406,44327.17578125,9212.875
57091.912407569,52435.24609375,51831.6171875,-8281.90234375,10718.2421875,-43253.12890625,-372.2012634277344,44246.8203125,9135.626953125
57091.918316717,52509.8125,51906.47265625,-8184.5830078125,10797.4794921875,-43170.31640625,-315.293701171875,44324.6484375,9209.3876953125
57091.922376247,52617.99609375,52014.07421875,-8060.73193359375,10903.091796875,-43058.19921875,-225.35028076171875,44428.96484375,9310.7529296875
57091.926353726,52633.12890625,52032.37890625,-8050.89697265625,10910.6240234375,-43047.24609375,-204.42906188964844,44440.921875,9328.58984375
57091.930272858,52509.703125,51918.09375,-8197.033203125,10800.1396484375,-43167.72265625,-296.51824951171875,44320.4453125,9212.673828125
57091.934154793,52433.234375,51845.296875,-8281.09765625,10729.26171875,-43246.0,-368.80377197265625,44245.34375,9128.4296875
57091.939304329,52493.921875,51901.5546875,-8201.1904296875,10785.3427734375,-43182.51953125,-330.73876953125,44307.4140625,9192.736328125
57091.94196753,52611.40234375,52016.109375,-8068.33154296875,10893.4130859375,-43062.24609375,-228.36776733398438,44425.09765625,9314.1064453125
57091.945415505,52640.34765625,52046.6171875,-8042.18017578125,10926.9189453125,-43029.72265625,-190.1909942626953,44446.265625,9339.966796875
57091.948401076,52520.51953125,51928.98046875,-8189.74609375,10809.7734375,-43156.43359375,-286.3034973144531,44328.3828125,9219.6474609375
57091.953365358,52435.875,51833.046875,-8285.076171875,10718.7119140625,-43247.31640625,-366.9932861328125,44252.4296875,9138.845703125
57091.957416501,52495.59765625,51886.37890625,-8208.1416015625,10773.4287109375,-43187.97265625,-334.583251953125,44305.984375,9188.556640625
57091.961418049,52607.265625,51999.5,-8083.70947265625,10883.466796875,-43072.1484375,-239.7671661376953,44415.3515625,9295.4423828125
57091.964472543,52635.98828125,52038.796875,-8055.814453125,10918.0,-43038.484375,-198.86346435546875,44445.7734375,9329.5068359375
57091.967968291,52520.1171875,51919.79296875,-8197.099609375,10796.4287109375,-43161.3515625,-285.70001220703125,44333.94921875,9219.0439453125
57091.971931548,52427.984375,51822.69921875,-8293.7939453125,10709.32421875,-43252.59375,-371.7095031738281,44246.484375,9128.2958984375
57091.977352764,52496.2890625,51894.55859375,-8202.4423828125,10785.23046875,-43177.84765625,-327.0954284667969,44313.65234375,9193.3173828125
57091.981497263,52610.328125,52007.3671875,-8068.93505859375,10902.15234375,-43054.48828125,-223.49508666992188,44430.55078125,9313.435546875
57091.985429158,52640.6171875,52040.3828125,-8050.2041015625,10918.357421875,-43038.375,-197.52236938476562,44448.76953125,9337.5751953125
57091.989468997,52528.9453125,51928.53515625,-8189.52294921875,10801.5703125,-43157.62109375,-282.8166198730469,44330.86328125,9223.4248046875
57091.992470613,52437.19140625,51836.82421875,-8284.5400390625,10723.517578125,-43240.140625,-359.46075439453125,44252.0078125,9130.7099609375
57091.996982337,52500.8046875,51893.3515625,-8206.8896484375,10777.921875,-43182.69921875,-326.7154541015625,44315.93359375,9188.421875
57092.001184455,52612.140625,52006.98828125,-8077.89794921875,10889.009765625,-43066.9375,-236.05677795410156,44420.42578125,9297.923828125
57092.006388691,52646.25,52052.765625,-8043.11865234375,10933.6015625,-43024.3359375,-189.3416290283203,44455.609375,9337.6201171875
57092.010438376,52534.265625,51940.22265625,-8183.95703125,10820.0546875,-43145.39453125,-276.7369384765625,44340.4296875,9223.5146484375
57092.01305891,52437.171875,51833.5625,-8291.9384765625,10715.2919921875,-43251.96484375,-372.7823791503906,44242.4609375,9127.5810546875
57092.018464081,52492.265625,51881.1015625,-8215.3837890625,10765.337890625,-43192.6015625,-336.79608154296875,44303.078125,9188.712890625
57092.02246344,52596.58203125,51984.97265625,-8092.13623046875,10868.8935546875,-43080.4609375,-244.3939666748047,44410.0546875,9296.0009765625
57092.02551757,52631.16015625,52030.27734375,-8064.5986328125,10907.3828125,-43049.48046875,-212.07334899902344,44425.27734375,9315.24609375
57092.028490742,52527.91796875,51933.49609375,-8190.3720703125,10811.60546875,-43156.32421875,-290.9526672363281,44323.59765625,9210.416015625
57092.032131993,52437.4375,51841.875,-8290.2841796875,10721.86328125,-43249.39453125,-377.67742919921875,44241.63671875,9121.3896484375
57092.036539786,52501.09765625,51900.21484375,-8206.197265625,10787.7568359375,-43181.91796875,-337.53369140625,44303.55078125,9180.3974609375
57092.041490575,52588.58203125,51987.38671875,-8094.1923828125,10875.4873046875,-43085.984375,-260.621337890625,44395.390625,9276.7119140625
57092.045580373,52626.87109375,52022.09765625,-8062.09521484375,10903.203125,-43050.44140625,-213.2803497314453,44435.46875,9322.7119140625
57092.048549899,52519.19921875,51909.37890625,-8200.609375,10786.9072265625,-43169.890625,-296.8758850097656,44325.58984375,9213.27734375
57092.052558375,52429.546875,51825.24609375,-8290.1279296875,10714.2197265625,-43251.23046875,-376.9398193359375,44237.2109375,9118.595703125
57092.056598943,52495.59765625,51888.6796875,-8206.46484375,10777.9892578125,-43186.85546875,-337.5783996582031,44300.3984375,9178.654296875
57092.060605231,52604.359375,51993.12890625,-8080.73681640625,10883.1318359375,-43073.7578125,-243.27638244628906,44412.53515625,9291.59765625
57092.064604226,52621.39453125,52009.2890625,-8069.18115234375,10894.888671875,-43056.3671875,-216.49899291992188,44432.47265625,9319.0234375
57092.069544805,52518.6875,51918.65625,-8200.3857421875,10796.8984375,-43166.78515625,-298.84283447265625,44320.26953125,9209.455078125
57092.073539424,52437.90625,51833.5390625,-8293.123046875,10714.7109375,-43251.5859375,-374.92816162109375,44239.15234375,9125.5244140625
57092.077562487,52504.16015625,51895.49609375,-8208.521484375,10779.2177734375,-43177.73828125,-326.00018310546875,44303.75,9188.0869140625
57092.081573881,52608.3828125,52002.62890625,-8079.52978515625,10888.96484375,-43060.65625,-233.9110107421875,44414.1015625,9297.4541015625
57092.085489001,52643.4765625,52050.59765625,-8045.2197265625,10932.9091796875,-43024.89453125,-197.7682342529297,44448.76953125,9329.685546875
57092.088555165,52527.71875,51932.84765625,-8189.0087890625,10810.6220703125,-43150.64453125,-288.89630126953125,44332.31640625,9217.255859375
57092.092630012,52435.203125,51833.58203125,-8286.73046875,10717.3486328125,-43243.29296875,-367.8426513671875,44250.1953125,9132.2080078125
57092.097569131,52508.11328125,51904.6171875,-8193.76953125,10794.3056640625,-43165.1953125,-318.4229431152344,44320.53515625,9196.4462890625
57092.101594018,52608.25,52005.08984375,-8081.16162109375,10890.373046875,-43066.9609375,-242.56112670898438,44413.609375,9293.05078125
57092.104640125,52642.8515625,52044.78515625,-8047.11962890625,10923.7666015625,-43029.09765625,-196.15890502929688,44450.7578125,9331.361328125
57092.108176351,52525.4140625,51926.43359375,-8186.3486328125,10804.453125,-43148.61328125,-280.9390869140625,44340.296875,9216.7197265625
57092.11257138,52433.6171875,51824.73046875,-8289.0771484375,10708.408203125,-43247.96484375,-368.2449951171875,44249.61328125,9126.7314453125
57092.116568186,52496.984375,51890.828125,-8201.32421875,10777.83203125,-43174.8984375,-320.25579833984375,44311.57421875,9189.4951171875
57092.120594167,52610.171875,52004.59765625,-8071.0810546875,10888.25,-43058.2421875,-226.24435424804688,44425.859375,9301.0751953125
57092.125454518,52640.078125,52041.09765625,-8041.21875,10924.19140625,-43022.45703125,-189.38633728027344,44461.62109375,9338.201171875
57092.12956182,52535.96484375,51940.76171875,-8170.92626953125,10825.240234375,-43130.4609375,-270.4114074707031,44351.42578125,9229.68359375
57092.132564531,52437.4375,51837.40625,-8277.833984375,10725.9990234375,-43232.296875,-360.5559997558594,44255.91796875,9130.5087890625
57092.136477828,52497.140625,51884.8359375,-8197.994140625,10779.2626953125,-43168.7734375,-317.10418701171875,44324.22265625,9197.4970703125
57092.140483387,52608.33984375,51996.640625,-8067.34814453125,10891.8037109375,-43052.1875,-224.1656494140625,44433.9921875,9309.3447265625
57092.144489311,52637.80078125,52036.8515625,-8048.55029296875,10914.2001953125,-43033.14453125,-197.3435516357422,44453.328125,9333.2392578125
57092.148670277,52522.33203125,51922.74609375,-8190.84130859375,10803.6708984375,-43146.53515625,-282.74957275390625,44335.22265625,9219.71484375
57092.153595175,52437.28125,51837.78515625,-8286.4619140625,10724.814453125,-43236.09765625,-368.78143310546875,44242.86328125,9129.2119140625
57092.157707947,52495.12890625,51896.4609375,-8206.8232421875,10784.4033203125,-43173.17578125,-326.5813293457031,44309.875,9190.5234375
57092.161673393,52612.1171875,52006.33984375,-8073.986328125,10894.955078125,-43052.453125,-226.1549530029297,44423.109375,9306.953125
57092.164652035,52639.1171875,52029.140625,-8052.8642578125,10910.35546875,-43027.578125,-191.64385986328125,44450.22265625,9338.08984375
57092.169700921,52525.37109375,51928.19921875,-8182.23583984375,10810.845703125,-43137.2109375,-273.9876708984375,44349.21484375,9229.728515625
57092.173697728,52436.92578125,51833.203125,-8278.6171875,10719.7626953125,-43230.6640625,-355.3033447265625,44264.25390625,9143.2041015625
57092.178734944,52499.734375,51894.359375,-8193.6796875,10787.4658203125,-43161.15234375,-313.3267517089844,44326.59375,9201.3857421875
57092.181699729,52612.6328125,52024.421875,-8058.58642578125,10919.5419921875,-43036.02734375,-218.17538452148438,44435.08984375,9310.708984375
57092.186713971,52642.60546875,52051.15625,-8038.603515625,10936.2841796875,-43014.27734375,-187.84405517578125,44458.24609375,9341.21875
57092.189750232,52535.44921875,51938.546875,-8178.212890625,10815.78515625,-43138.44140625,-279.4414978027344,44339.9609375,9225.7275390625
57092.193647119,52440.61328125,51836.9375,-8284.2265625,10720.9697265625,-43236.07421875,-367.5968017578125,44245.48046875,9127.9609375
57092.196730422,52498.16796875,51886.53515625,-8209.482421875,10773.787109375,-43176.3046875,-330.5599365234375,44305.47265625,9184.8232421875
57092.200694044,52601.5234375,51988.83984375,-8085.31884765625,10877.9013671875,-43062.4453125,-238.00137329101562,44414.859375,9294.2802734375
57092.204717107,52640.125,52033.85546875,-8052.08203125,10914.2451171875,-43025.7890625,-194.88485717773438,44447.09375,9333.26171875
57092.209593503,52539.98828125,51934.74609375,-8177.67626953125,10814.466796875,-43132.69921875,-271.32781982421875,44340.71875,9231.001953125
57092.213721227,52445.93359375,51835.99609375,-8280.4052734375,10723.4501953125,-43227.87109375,-356.6667785644531,44259.5390625,9137.572265625
57092.216741078,52494.9921875,51883.11328125,-8212.0751953125,10775.75390625,-43172.9296875,-327.4977722167969,44311.015625,9185.6279296875
57092.220705429,52602.953125,51987.6328125,-8088.58203125,10878.794921875,-43061.53125,-236.7943878173828,44416.60546875,9291.6875
57092.224688378,52621.1015625,51999.96875,-8068.80078125,10887.9375,-43039.51171875,-203.84791564941406,44445.99609375,9330.7353515625
57092.228757755,52521.52734375,51914.00390625,-8194.5966796875,10793.5458984375,-43149.10546875,-283.4648132324219,44339.24609375,9224.408203125
57092.232788841,52444.12109375,51845.38671875,-8289.45703125,10721.595703125,-43239.49609375,-368.80377197265625,44247.1328125,9129.63671875
57092.236752098,52503.53125,51897.5078125,-8209.05859375,10787.599609375,-43169.2421875,-327.0730895996094,44310.65625,9192.244140625
57092.24178895,52605.0078125,51998.16015625,-8085.654296875,10885.880859375,-43061.796875,-238.8730926513672,44416.06640625,9297.5654296875
57092.244756287,52632.90625,52025.98828125,-8060.486328125,10901.794921875,-43036.609375,-205.05490112304688,44444.03125,9329.4169921875
57092.249776364,52535.09375,51933.453125,-8186.013671875,10813.55078125,-43139.78515625,-282.5036926269531,44334.7734375,9219.111328125
57092.2523845,52444.79296875,51844.109375,-8284.1376953125,10731.51953125,-43229.9296875,-363.5287780761719,44246.3046875,9129.123046875
57092.257792223,52505.25390625,51898.8046875,-8204.4541015625,10790.1484375,-43162.0,-319.4511413574219,44311.83984375,9193.1162109375
57092.262710192,52605.32421875,52004.93359375,-8081.29541015625,10894.53125,-43049.90625,-226.8031463623047,44420.8515625,9300.962890625
57092.266699705,52631.40625,52026.390625,-8062.74365234375,10908.8583984375,-43030.73046875,-197.1870880126953,44444.7890625,9331.7412109375
57092.270257082,52519.1328125,51905.0859375,-8206.666015625,10784.3369140625,-43155.3828125,-285.0517883300781,44329.74609375,9226.95703125
57092.273765958,52428.2734375,51822.51953125,-8297.90625,10712.140625,-43239.203125,-366.1662902832031,44249.45703125,9136.2529296875
57092.277657375,52493.9453125,51890.625,-8209.28125,10783.3310546875,-43168.03515625,-323.7873840332031,44312.578125,9192.9150390625
57092.280729738,52606.41796875,51995.296875,-8080.91552734375,10885.7685546875,-43055.40625,-231.76524353027344,44419.7578125,9299.9130859375
57092.284707582,52641.578125,52033.07421875,-8053.10986328125,10914.423828125,-43028.6484375,-202.08212280273438,44443.515625,9328.0537109375
57092.28865297,52536.30078125,51936.828125,-8180.9619140625,10816.3447265625,-43137.61328125,-280.6708679199219,44336.875,9225.5263671875
57092.292712865,52441.9296875,51836.3984375,-8288.6083984375,10721.55078125,-43235.11328125,-366.85919189453125,44243.2890625,9129.5703125
57092.297637398,52493.5859375,51881.796875,-8216.859375,10772.2001953125,-43178.40625,-332.4151306152344,44303.7734375,9187.908203125
57092.300636097,52599.77734375,51983.49609375,-8096.27099609375,10870.0107421875,-43072.7265625,-246.36093139648438,44410.48046875,9297.3203125
57092.304528973,52629.84375,52006.00390625,-8074.03125,10881.65625,-43051.47265625,-215.0684814453125,44439.26953125,9332.45703125
57092.308270509,52514.484375,51893.12890625,-8208.9013671875,10772.5576171875,-43162.22265625,-292.4278869628906,44329.7890625,9225.4814453125
57092.312589686,52424.80859375,51816.84375,-8307.16015625,10698.9755859375,-43254.46875,-382.9077453613281,44225.31640625,9119.712890625
57092.316667086,52507.17578125,51900.99609375,-8210.3544921875,10784.0908203125,-43172.28125,-333.17510986328125,44305.42578125,9188.8916015625
57092.320654046,52607.2890625,51997.95703125,-8094.5947265625,10879.80078125,-43067.20703125,-248.4172821044922,44409.5625,9294.9951171875
57092.325547582,52643.03125,52035.77734375,-8057.28955078125,10909.439453125,-43031.7109375,-204.22789001464844,44448.703125,9340.5927734375
57092.329443375,52531.875,51918.3203125,-8193.8369140625,10789.34375,-43151.5859375,-291.3773498535156,44336.1171875,9231.29296875
57092.332400501,52429.32421875,51804.21484375,-8308.009765625,10683.9775390625,-43258.3359375,-386.70751953125,44234.05859375,9126.5751953125
57092.337441729,52493.80859375,51869.48046875,-8223.654296875,10753.06640625,-43190.5234375,-342.9651794433594,44299.32421875,9186.8798828125
57092.341685419,52614.80078125,52000.57421875,-8082.4580078125,10879.5546875,-43063.85546875,-239.05191040039062,44419.46484375,9309.4345703125
57092.346814169,52651.90234375,52050.375,-8042.96240234375,10929.2880859375,-43020.06640625,-198.14820861816406,44451.98828125,9347.298828125
57092.35063958,52540.078125,51937.9453125,-8180.31396484375,10816.166015625,-43134.84375,-279.9332580566406,44339.7578125,9242.2900390625
57092.353940592,52438.95703125,51825.73828125,-8294.240234375,10706.8876953125,-43242.3125,-371.32952880859375,44240.83203125,9140.4326171875
57092.35691267,52485.2265625,51861.6796875,-8230.7841796875,10748.373046875,-43193.5390625,-344.64154052734375,44300.21875,9185.5615234375
57092.360802264,52601.54296875,51988.1015625,-8096.15966796875,10872.291015625,-43073.53125,-252.2170867919922,44407.640625,9295.263671875
57092.364839549,52647.58984375,52042.73046875,-8044.16943359375,10931.43359375,-43010.45703125,-188.20169067382812,44460.59375,9348.3037109375
57092.368835991,52542.15625,51939.6640625,-8173.04931640625,10826.6484375,-43121.296875,-265.918701171875,44355.00390625,9240.904296875
57092.372881664,52451.1171875,51847.7109375,-8279.845703125,10728.189453125,-43225.14453125,-356.8679504394531,44258.15234375,9138.443359375
57092.376926973,52497.87890625,51886.7578125,-8214.0869140625,10774.4794921875,-43171.9921875,-324.10028076171875,44313.47265625,9189.78515625
57092.381850776,52598.4375,51985.10546875,-8096.96435546875,10873.251953125,-43066.26953125,-239.32012939453125,44416.89453125,9295.6435546875
57092.384884484,52637.5546875,52031.5546875,-8057.31201171875,10914.267578125,-43025.03125,-196.94122314453125,44452.5,9338.0673828125
57092.387904699,52548.48046875,51937.54296875,-8176.8046875,10813.0810546875,-43130.05859375,-268.4891662597656,44355.6953125,9247.498046875
57092.392911283,52451.02734375,51825.8515625,-8292.3408203125,10706.7763671875,-43236.36328125,-359.773681640625,44253.16796875,9148.0322265625
57092.396885116,52497.80859375,51878.46484375,-8216.12109375,10768.400390625,-43173.0859375,-325.9107971191406,44316.4921875,9202.75
57092.400904897,52598.03515625,51983.765625,-8091.93505859375,10875.666015625,-43062.1328125,-241.8905792236328,44419.30859375,9304.181640625
57092.404864872,52638.60546875,52031.44140625,-8052.52880859375,10914.2451171875,-43022.50390625,-194.66134643554688,44460.7265625,9348.6845703125
57092.409918864,52528.6328125,51923.59375,-8188.8076171875,10798.10546875,-43143.29296875,-281.27435302734375,44349.63671875,9244.63671875
57092.412971899,52428.453125,51818.25,-8297.7724609375,10701.6572265625,-43243.1171875,-371.8883361816406,44250.88671875,9144.6123046875
57092.417925606,52490.234375,51881.55078125,-8214.958984375,10773.5859375,-43168.83984375,-325.1731872558594,44315.05859375,9202.0791015625
57092.421914754,52598.08203125,51985.640625,-8091.8232421875,10870.837890625,-43063.36328125,-237.91197204589844,44421.34375,9309.7470703125
57092.425834616,52625.39453125,52016.82421875,-8065.89501953125,10900.119140625,-43033.87890625,-207.04420471191406,44443.046875,9335.876953125
57092.430841929,52526.44140625,51919.59375,-8189.05322265625,10804.6767578125,-43134.0625,-278.32391357421875,44341.34765625,9235.3828125
57092.43395003,52446.51171875,51825.828125,-8288.2275390625,10710.240234375,-43228.65234375,-358.2537536621094,44265.37109375,9151.4072265625
57092.436998325,52504.828125,51895.33984375,-8206.755859375,10789.1201171875,-43157.6640625,-318.4006042480469,44321.25,9201.0732421875
57092.440409468,52617.234375,52010.921875,-8073.875,10902.3759765625,-43038.93359375,-219.87411499023438,44435.35546875,9314.0615234375
57092.444499266,52648.39453125,52036.8515625,-8043.87890625,10922.8505859375,-43008.37890625,-181.60792541503906,44470.3359375,9353.556640625
57092.448522694,52536.90234375,51921.89453125,-8183.46533203125,10805.4140625,-43126.88671875,-265.2928466796875,44360.703125,9245.28515625
57092.453709791,52445.9765625,51839.70703125,-8284.80859375,10724.9033203125,-43221.92578125,-353.29168701171875,44263.11328125,9145.685546875
57092.456626804,52515.4453125,51910.33984375,-8201.525390625,10793.568359375,-43157.39453125,-318.6017761230469,44319.640625,9200.6259765625
57092.460018984,52617.3046875,52013.203125,-8075.70751953125,10896.8779296875,-43045.19140625,-229.08302307128906,44428.40625,9309.099609375
57092.464920178,52660.10546875,52052.20703125,-8033.59716796875,10929.0869140625,-43005.5625,-182.32318115234375,44472.1484375,9359.703125
57092.468926102,52545.10546875,51937.36328125,-8172.26708984375,10815.2939453125,-43123.35546875,-269.3608703613281,44355.5859375,9251.1630859375
57092.473072424,52440.5,51833.09375,-8286.7080078125,10719.2041015625,-43226.5078125,-360.3995361328125,44249.92578125,9147.09375
57092.477020365,52503.84375,51892.5703125,-8206.4873046875,10783.5546875,-43161.59765625,-322.0215759277344,44313.96484375,9201.744140625
57092.481908796,52612.38671875,51995.54296875,-8081.5859375,10882.3046875,-43054.734375,-237.531982421875,44423.375,9304.583984375
57092.484965842,52647.1640625,52025.00390625,-8052.4169921875,10906.5556640625,-43024.2265625,-199.62342834472656,44454.08984375,9342.73828125
57092.489973521,52544.32421875,51934.703125,-8172.37890625,10812.6337890625,-43127.890625,-274.05474853515625,44351.91796875,9244.078125
57092.493021086,52450.2890625,51840.19921875,-8273.1630859375,10723.830078125,-43220.09375,-352.7552185058594,44266.17578125,9153.173828125
57092.498037152,52504.984375,51892.34765625,-8197.9267578125,10780.8271484375,-43161.0859375,-317.4394836425781,44323.10546875,9205.365234375
57092.502031406,52618.48828125,52002.02734375,-8069.8515625,10888.541015625,-43048.0078125,-224.6797332763672,44434.12890625,9318.0849609375
57092.506485876,52661.1328125,52044.78515625,-8034.2451171875,10922.26953125,-43013.05078125,-185.3853759765625,44471.38671875,9362.8994140625
57092.511046102,52546.1796875,51920.93359375,-8179.5537109375,10794.4169921875,-43138.95703125,-276.42401123046875,44354.7578125,9248.8388671875
57092.514105337,52445.75390625,51820.10546875,-8288.451171875,10707.7822265625,-43235.359375,-368.8261413574219,44251.73828125,9139.13671875
57092.518012434,52501.7890625,51886.9140625,-8204.23046875,10783.6884765625,-43162.91796875,-326.6930847167969,44311.37109375,9192.2216796875
57092.521076045,52609.8828125,51994.4921875,-8079.57470703125,10886.4169921875,-43049.81640625,-231.7205352783203,44421.8125,9304.2490234375
57092.525045866,52652.125,52031.1953125,-8045.689453125,10915.4521484375,-43014.45703125,-189.54278564453125,44455.96484375,9346.7392578125
57092.529080599,52555.38671875,51935.41796875,-8168.08740234375,10820.0546875,-43116.08984375,-261.58245849609375,44368.078125,9258.4052734375
57092.533055526,52466.98828125,51852.08984375,-8276.11328125,10731.4970703125,-43215.7578125,-350.7435607910156,44271.0703125,9157.5771484375
57092.537090988,52502.66015625,51874.3515625,-8222.8046875,10763.125,-43173.46875,-326.80487060546875,44316.35546875,9198.6591796875
57092.541044399,52600.78515625,51976.1875,-8104.13916015625,10864.646484375,-43066.828125,-244.25985717773438,44416.06640625,9298.7724609375
57092.544129161,52641.6875,52036.625,-8051.54541015625,10920.7490234375,-43014.859375,-194.39312744140625,44462.8515625,9349.220703125
57092.54904093,52542.1328125,51931.5078125,-8178.92822265625,10809.37109375,-43129.94921875,-276.17816162109375,44355.80859375,9247.9228515625
57092.553026432,52453.15234375,51832.98046875,-8285.724609375,10714.8447265625,-43227.42578125,-359.5054626464844,44260.1875,9150.2001953125
57092.557038191,52508.58203125,51887.80859375,-8214.244140625,10775.1728515625,-43167.85546875,-325.3743591308594,44313.6953125,9198.771484375
57092.561047761,52618.1953125,52002.62890625,-8080.8037109375,10889.009765625,-43048.140625,-228.81480407714844,44428.62890625,9317.123046875
57092.565023782,52650.40625,52040.91796875,-8043.76708984375,10922.2919921875,-43010.65625,-187.5087890625,44467.6328125,9358.83203125
57092.570083608,52548.01171875,51938.83984375,-8172.44580078125,10819.9208984375,-43115.015625,-260.91192626953125,44361.6875,9255.3212890625
57092.57301229,52445.8203125,51831.05859375,-8289.4794921875,10715.1806640625,-43223.6015625,-355.1021728515625,44257.99609375,9151.8994140625
57092.577630498,52492.71484375,51873.32421875,-8220.7705078125,10764.33203125,-43169.5546875,-324.1226501464844,44320.91796875,9202.951171875
57092.581699146,52601.65625,51984.4140625,-8091.0185546875,10877.431640625,-43054.17578125,-233.68748474121094,44427.17578125,9309.6357421875
57092.585853491,52642.046875,52031.26171875,-8053.6015625,10911.7412109375,-43019.3984375,-193.99078369140625,44461.84375,9349.578125
57092.590836371,52543.69921875,51929.11328125,-8182.50439453125,10800.6982421875,-43133.4140625,-273.22772216796875,44357.5078125,9249.107421875
57092.59384674,52434.0859375,51813.734375,-8302.48828125,10695.443359375,-43242.890625,-371.6201171875,44250.8671875,9140.611328125
57092.596618249,52489.16015625,51869.30078125,-8223.36328125,10759.19140625,-43179.12109375,-333.80096435546875,44309.26953125,9195.3515625
57092.600798486,52603.95703125,51986.40234375,-8089.431640625,10876.5380859375,-43060.48046875,-242.0917510986328,44415.890625,9303.3994140625
57092.604767213,52651.58984375,52038.19140625,-8043.38720703125,10921.62109375,-43013.94140625,-196.31536865234375,44454.69140625,9344.34765625
57092.608871963,52523.37890625,51900.7265625,-8190.595703125,10786.8173828125,-43136.7421875,-277.3851623535156,44349.6171875,9241.8427734375
57092.6128571,52440.6796875,51822.38671875,-8285.7470703125,10715.2919921875,-43219.35546875,-350.9000244140625,44267.00390625,9156.5263671875
57092.616912619,52501.921875,51894.1796875,-8205.4814453125,10782.458984375,-43157.21875,-316.0760192871094,44322.5703125,9205.923828125
57092.620926931,52600.71875,51997.5546875,-8080.423828125,10886.2158203125,-43047.40234375,-228.4795379638672,44422.66015625,9308.25
57092.624899669,52666.25390625,52066.734375,-8018.80029296875,10948.64453125,-42989.1328125,-173.2483673095703,44476.12890625,9362.2744140625
57092.628041684,52555.94921875,51958.28515625,-8149.31201171875,10842.7197265625,-43098.90234375,-252.0606231689453,44378.6953125,9261.244140625
57092.63218436,52445.10546875,51838.3203125,-8274.8388671875,10731.51953125,-43211.5546875,-347.0555419921875,44274.1328125,9152.771484375
57092.637031218,52500.24609375,51894.73828125,-8205.34765625,10791.5791015625,-43151.046875,-311.8291931152344,44326.21484375,9200.3134765625
57092.641128674,52595.421875,51990.13671875,-8091.9794921875,10882.70703125,-43051.2265625,-232.03346252441406,44424.046875,9301.4775390625
57092.645000763,52645.04296875,52039.734375,-8045.041015625,10924.83984375,-43003.99609375,-182.3008270263672,44471.03125,9353.310546875
57092.64922622,52561.08984375,51951.04296875,-8158.744140625,10832.638671875,-43102.4765625,-248.97607421875,44378.13671875,9268.7763671875
57092.652284361,52446.625,51835.6640625,-8281.4775390625,10723.2265625,-43217.0546875,-348.2848815917969,44270.37890625,9158.3818359375
57092.65824201,52495.77734375,51883.046875,-8209.9296875,10776.267578125,-43161.21875,-318.04296875,44322.125,9200.7158203125
57092.662233711,52603.890625,51992.6171875,-8077.3837890625,10885.724609375,-43046.01953125,-227.138427734375,44430.73046875,9308.763671875
57092.665163488,52654.78515625,52041.6328125,-8030.0205078125,10929.109375,-42999.546875,-177.45050048828125,44477.82421875,9361.3798828125
57092.670178459,52549.734375,51939.375,-8159.72802734375,10822.22265625,-43110.03125,-254.49696350097656,44374.203125,9265.3349609375
57092.674037055,52450.78125,51831.3046875,-8276.001953125,10715.6943359375,-43218.73046875,-347.7484436035156,44266.87109375,9160.5947265625
57092.679226705,52494.03125,51869.0546875,-8214.466796875,10761.11328125,-43169.51171875,-322.3121643066406,44320.9375,9202.861328125
57092.68219076,52599.93359375,51981.08203125,-8084.08935546875,10878.125,-43049.8828125,-231.60877990722656,44432.09375,9308.697265625
57092.685969129,52647.8125,52037.9453125,-8033.19482421875,10932.1708984375,-42994.83203125,-178.23280334472656,44476.88671875,9358.138671875
57092.689194289,52568.5546875,51967.11328125,-8142.78515625,10849.1123046875,-43089.26953125,-242.44937133789062,44384.953125,9273.42578125
57092.693105763,52467.546875,51859.578125,-8260.9140625,10743.1650390625,-43202.234375,-339.9029846191406,44279.8125,9171.2333984375
57092.697189362,52511.0859375,51894.8515625,-8203.537109375,10778.97265625,-43159.67578125,-317.9759216308594,44323.64453125,9211.8466796875
57092.701221542,52608.80859375,51983.98828125,-8086.1904296875,10867.3291015625,-43055.02734375,-228.7030487060547,44433.66015625,9323.158203125
57092.705176047,52656.70703125,52046.73046875,-8031.56298828125,10932.55078125,-42991.5703125,-170.72262573242188,44485.08984375,9376.6015625
57092.708195532,52563.6796875,51957.546875,-8152.3740234375,10836.1259765625,-43095.01171875,-242.87405395507812,44381.87109375,9275.7724609375
57092.712212032,52453.578125,51839.9765625,-8278.5947265625,10723.830078125,-43215.0859375,-348.88836669921875,44266.98046875,9158.4931640625
57092.716187688,52488.0859375,51873.75,-8224.7939453125,10764.17578125,-43175.1875,-335.5890808105469,44311.05859375,9194.904296875
57092.721150511,52583.6875,51972.07421875,-8111.69384765625,10861.62890625,-43072.4375,-255.1898651123047,44407.10546875,9292.7158203125
57092.725186703,52635.65234375,52032.15625,-8055.255859375,10914.423828125,-43018.234375,-199.4669647216797,44457.84375,9347.90234375
57092.72923894,52553.8671875,51947.734375,-8162.4326171875,10826.201171875,-43113.05078125,-264.622314453125,44367.05078125,9264.708984375
57092.733225171,52448.43359375,51834.0078125,-8283.7578125,10715.76171875,-43227.1796875,-362.9923400878906,44259.47265625,9154.603515625
57092.73716363,52496.73828125,51871.22265625,-8223.6982421875,10754.228515625,-43182.9453125,-338.0030822753906,44305.0703125,9193.294921875
57092.742173861,52613.078125,51985.484375,-8088.0234375,10866.8818359375,-43059.8515625,-236.86143493652344,44422.39453125,9309.568359375
57092.746169574,52665.6953125,52042.4375,-8032.099609375,10924.75,-43001.40234375,-181.8761444091797,44472.91015625,9362.810546875
57092.750201025,52570.25390625,51961.0546875,-8148.7529296875,10843.2333984375,-43100.01953125,-253.7593536376953,44372.52734375,9265.46875
57092.753209206,52458.6484375,51848.87109375,-8271.12890625,10738.11328125,-43209.9453125,-347.59197998046875,44261.19140625,9151.5419921875
57092.7582931,52505.92578125,51891.83203125,-8202.375,10785.7900390625,-43156.2109375,-317.0371398925781,44313.51953125,9199.732421875
57092.762227913,52617.1015625,52000.86328125,-8075.90869140625,10891.2451171875,-43044.4765625,-229.53005981445312,44430.57421875,9313.3681640625
57092.765238646,52660.53125,52045.3203125,-8033.8203125,10925.3310546875,-43001.13671875,-181.69732666015625,44477.15625,9367.0126953125
57092.768250474,52565.58203125,51948.828125,-8154.2294921875,10823.3408203125,-43105.875,-255.525146484375,44377.80078125,9268.6650390625
57092.772313286,52447.09375,51827.390625,-8277.87890625,10715.5830078125,-43217.5234375,-351.280029296875,44270.42578125,9156.2353515625
57092.777229432,52505.27734375,51890.84765625,-8197.390625,10788.8740234375,-43149.796875,-312.8797302246094,44325.96875,9204.2021484375
57092.781307196,52612.69921875,52003.5703125,-8073.47265625,10892.921875,-43044.453125,-231.58642578125,44426.68359375,9307.5791015625
57092.785265348,52666.6796875,52064.25390625,-8018.15185546875,10945.716796875,-42989.33203125,-176.64584350585938,44478.47265625,9364.2412109375
57092.789289505,52575.953125,51972.5234375,-8135.94580078125,10849.73828125,-43090.07421875,-244.57278442382812,44385.0,9276.5107421875
57092.792295862,52461.3984375,51843.6640625,-8269.0498046875,10726.982421875,-43211.66796875,-347.279052734375,44272.61328125,9160.4375
57092.796366698,52498.4140625,51875.13671875,-8215.16015625,10767.3046875,-43169.2421875,-330.7834777832031,44308.890625,9192.19921875
57092.800356576,52609.6796875,52000.39453125,-8077.451171875,10896.609375,-43041.6796875,-233.1510467529297,44416.37890625,9304.875
57092.804378181,52655.43359375,52046.73046875,-8034.6474609375,10933.3330078125,-43002.1640625,-191.755615234375,44457.8203125,9351.880859375
57092.80930636,52556.41796875,51939.6875,-8160.66650390625,10821.619140625,-43112.53515625,-266.1422119140625,44367.49609375,9254.560546875
57092.81330025,52455.34375,51833.8515625,-8273.8115234375,10719.650390625,-43218.28125,-354.58807373046875,44267.78515625,9151.3857421875
57092.817365615,52509.41015625,51890.26953125,-8197.94921875,10781.408203125,-43155.71875,-315.494873046875,44325.74609375,9204.6943359375
57092.82143171,52620.6796875,52006.05078125,-8066.0517578125,10900.0966796875,-43033.65625,-220.34349060058594,44436.36328125,9315.4921875
57092.825379651,52669.31640625,52054.57421875,-8020.34228515625,10941.15625,-42987.34375,-171.1920166015625,44484.41796875,9369.314453125
57092.830334451,52564.62109375,51949.90234375,-8152.44140625,10830.1796875,-43101.18359375,-251.56887817382812,44379.92578125,9269.9833984375
57092.833368888,52463.56640625,51851.64453125,-8264.9375,10736.0791015625,-43203.73046875,-340.3276672363281,44279.56640625,9165.8916015625
57092.838302173,52504.046875,51886.19921875,-8207.046875,10773.4287109375,-43161.80078125,-318.04296875,44323.8671875,9208.44921875
57092.842367903,52609.234375,51986.984375,-8085.09521484375,10879.2197265625,-43051.44921875,-233.93336486816406,44425.4765625,9313.7705078125
57092.845349463,52657.55859375,52042.55078125,-8029.37255859375,10935.501953125,-42990.5390625,-174.85769653320312,44475.03125,9372.220703125
57092.851139728,52569.40234375,51960.8984375,-8144.32763671875,10847.2119140625,-43088.015625,-244.52809143066406,44380.88671875,9279.2822265625
57092.854091749,52462.09375,51850.3046875,-8266.658203125,10735.1181640625,-43204.55859375,-344.0380554199219,44278.91796875,9171.814453125
57092.857301958,52499.6875,51881.41796875,-8210.1533203125,10771.171875,-43162.671875,-324.3238220214844,44319.62109375,9209.611328125
57092.861331221,52592.71484375,51963.69140625,-8099.73583984375,10854.7451171875,-43065.23828125,-243.5893096923828,44421.12109375,9313.6142578125
57092.865337874,52660.84375,52037.96875,-8037.91064453125,10917.888671875,-43007.52734375,-189.78866577148438,44473.15234375,9372.5107421875
57092.869392664,52564.6640625,51951.734375,-8161.24755859375,10825.8212890625,-43113.4765625,-272.5124816894531,44363.71875,9268.4189453125
#57122.876630677,52667.97265625,51986.40234375,-7916.8759765625,10930.875,-42315.6953125,-4.984438896179199,44443.4921875,9315.7373046875
57122.879576498,52666.765625,51988.7265625,-7912.02587890625,10933.6689453125,-42316.48046875,-18.82016944885254,44437.75,9301.25390625
57122.884588917,52758.56640625,52080.37109375,-7793.69580078125,11027.658203125,-42213.39453125,58.695682525634766,44536.25390625,9398.8642578125
57122.887594181,52851.2578125,52172.34765625,-7690.05078125,11115.09765625,-42118.46484375,143.63230895996094,44630.6875,9495.087890625
57122.893586109,52798.21875,52116.48828125,-7760.05615234375,11053.33984375,-42176.69140625,113.90448760986328,44580.66796875,9449.9150390625
57122.897613548,52671.19140625,51986.515625,-7906.3037109375,10924.638671875,-42308.6328125,8.96304988861084,44454.578125,9323.001953125
57122.900628658,52660.9765625,51977.88671875,-7901.81103515625,10929.6455078125,-42310.265625,-13.165177345275879,44442.12890625,9307.244140625
57122.903575209,52753.55859375,52074.01953125,-7788.0185546875,11024.9755859375,-42210.0625,61.377891540527344,44537.7265625,9401.724609375
57122.907570557,52846.98828125,52174.46875,-7684.12744140625,11124.3740234375,-42109.76953125,146.09100341796875,44628.56640625,9493.5908203125
57122.911580857,52801.7265625,52128.4921875,-7751.51806640625,11073.3447265625,-42162.4765625,117.592529296875,44573.6484375,9447.4345703125
57122.915129846,52679.015625,52004.8203125,-7900.939453125,10949.3154296875,-42295.109375,10.818243980407715,44449.37109375,9320.87890625
57122.91909748,52668.35546875,51990.3359375,-7907.3544921875,10937.111328125,-42311.26953125,-17.635526657104492,44443.046875,9305.43359375
57122.923628896,52758.90234375,52078.91796875,-7794.70166015625,11024.841796875,-42216.6328125,52.88422775268555,44536.09765625,9398.8193359375
57122.92665604,52843.6796875,52162.84765625,-7697.4267578125,11103.1845703125,-42130.22265625,129.70716857910156,44622.75390625,9488.2265625
57122.930649929,52802.77734375,52120.71484375,-7759.67626953125,11054.30078125,-42180.0234375,106.05902862548828,44579.05859375,9448.015625
57122.934643819,52673.25,51980.65625,-7920.5419921875,10912.099609375,-42324.125,-3.7550930976867676,44450.421875,9321.1689453125
57122.939215714,52654.18359375,51958.6640625,-7930.64501953125,10896.408203125,-42338.046875,-28.72199249267578,44435.3125,9301.8798828125
57122.943560783,52746.5625,52065.34765625,-7808.47021484375,11012.81640625,-42225.73046875,45.73167037963867,44526.0625,9390.951171875
57122.94759588,52843.4140625,52165.1484375,-7699.6396484375,11110.8955078125,-42123.44921875,132.52349853515625,44620.09375,9487.935546875
57122.951604721,52813.4375,52139.22265625,-7752.92626953125,11072.3388671875,-42166.0078125,113.65862274169922,44580.0859375,9453.6484375
57122.955640183,52687.21875,52009.78125,-7903.01806640625,10943.2802734375,-42301.859375,7.532537937164307,44452.390625,9325.505859375
57122.959617663,52668.890625,51988.6171875,-7910.26025390625,10933.7578125,-42313.91015625,-16.80851173400879,44437.45703125,9304.4951171875
57122.964574651,52753.89453125,52072.03125,-7802.43505859375,11017.912109375,-42223.609375,46.06694412231445,44522.73046875,9390.705078125
57122.967682023,52830.26953125,52144.85546875,-7713.89990234375,11088.677734375,-42140.1015625,116.5419921875,44600.8046875,9473.2724609375
57122.972654693,52799.515625,52120.4453125,-7765.48779296875,11056.55859375,-42175.26171875,104.82968139648438,44564.484375,9441.220703125
57122.976713858,52682.79296875,52003.81640625,-7907.62255859375,10935.9931640625,-42303.13671875,6.616116523742676,44446.2890625,9321.4599609375
57122.981599736,52661.9609375,51978.2890625,-7916.45166015625,10921.419921875,-42318.58203125,-22.15057945251465,44431.40234375,9302.1259765625
57122.984635997,52758.69921875,52076.859375,-7794.6123046875,11023.8583984375,-42212.8359375,55.946414947509766,44528.140625,9397.5673828125
57122.987674445,52848.28515625,52163.5859375,-7694.833984375,11106.044921875,-42119.89453125,137.97732543945312,44615.625,9489.4775390625
57122.990739879,52802.98046875,52118.90234375,-7760.30224609375,11054.0556640625,-42170.90234375,110.84230041503906,44578.56640625,9452.060546875
57122.995564127,52679.70703125,51998.5625,-7908.091796875,10932.39453125,-42304.36328125,3.442168712615967,44450.2890625,9321.951171875
57122.999620376,52660.7109375,51972.25390625,-7921.81591796875,10914.71484375,-42324.34765625,-27.87262535095215,44428.4296875,9294.2578125
57123.003627029,52760.33203125,52071.921875,-7798.322265625,11018.046875,-42213.75,56.34874725341797,44531.24609375,9394.6396484375
57123.007650457,52866.94921875,52191.27734375,-7679.36669921875,11136.890625,-42098.68359375,151.88009643554688,44631.78515625,9494.439453125
57123.011583081,52828.4140625,52153.4140625,-7740.87841796875,11091.0029296875,-42147.25390625,129.2601318359375,44589.0703125,9456.375
57123.01461606,52678.7265625,51993.7578125,-7912.673828125,10932.2607421875,-42304.72265625,6.839633941650391,44448.859375,9321.3701171875
57123.018597915,52649.0859375,51949.74609375,-7940.63623046875,10888.96484375,-42344.62109375,-37.64033889770508,44420.828125,9294.97265625
57123.022679326,52758.03125,52061.68359375,-7813.29833984375,10999.6953125,-42233.44140625,42.55772018432617,44519.109375,9391.8896484375
57123.027602036,52857.875,52174.8515625,-7694.185546875,11115.052734375,-42120.72265625,133.3952178955078,44614.37109375,9486.8623046875
57123.031608689,52813.88671875,52129.3203125,-7757.552734375,11059.5087890625,-42174.0546875,105.0531997680664,44565.265625,9444.751953125
57123.035574863,52687.12890625,51998.5390625,-7906.59423828125,10932.88671875,-42306.84375,1.654029130935669,44440.4296875,9320.587890625
57123.039578964,52670.0546875,51984.32421875,-7913.880859375,10926.203125,-42320.234375,-24.56456756591797,44425.56640625,9300.650390625
57123.044234004,52756.80078125,52073.10546875,-7804.42431640625,11014.73828125,-42224.4140625,48.36917495727539,44519.51171875,9392.60546875
57123.04750876,52855.4609375,52175.4765625,-7691.4365234375,11119.634765625,-42116.02734375,140.01132202148438,44619.24609375,9489.8134765625
57123.052725395,52818.0234375,52138.6171875,-7747.1591796875,11074.328125,-42163.5703125,115.0891342163086,44576.73046875,9451.4130859375
57123.056773256,52688.3125,52005.9140625,-7898.23486328125,10941.5810546875,-42299.24609375,10.9076509475708,44450.66796875,9328.5224609375
57123.060823305,52661.29296875,51974.7109375,-7916.7421875,10915.8544921875,-42323.1640625,-21.167102813720703,44424.515625,9299.2646484375
57123.065253343,52751.97265625,52060.25390625,-7803.01611328125,11003.7861328125,-42221.73046875,54.068870544433594,44530.890625,9395.466796875
57123.068732315,52854.5234375,52172.30078125,-7685.51318359375,11117.712890625,-42111.1796875,142.29119873046875,44628.87890625,9493.9482421875
57123.071821818,52811.65234375,52130.953125,-7748.09814453125,11069.232421875,-42160.171875,118.88893127441406,44584.77734375,9456.21875
57123.07481687,52690.81640625,52008.10546875,-7897.02783203125,10947.1240234375,-42289.90234375,16.83086395263672,44460.1015625,9332.5458984375
57123.07879909,52663.75,51973.1015625,-7917.4794921875,10916.32421875,-42315.13671875,-14.372171401977539,44439.3125,9307.3330078125
57123.083746233,52750.00390625,52058.21875,-7804.7373046875,11005.3505859375,-42218.1328125,55.40997314453125,44530.7109375,9399.8701171875
57123.087718971,52836.91015625,52148.2734375,-7700.376953125,11096.3896484375,-42121.7734375,135.29510498046875,44618.53125,9493.2548828125
57123.091817157,52802.734375,52121.78515625,-7750.04248046875,11065.365234375,-42160.46484375,117.36901092529297,44579.7265625,9460.509765625
57123.09447817,52678.1875,51996.52734375,-7908.76220703125,10928.8408203125,-42308.87890625,-1.7881395816802979,44440.85546875,9321.392578125
57123.098737541,52657.51171875,51969.34765625,-7923.0673828125,10908.7685546875,-42327.23046875,-27.649106979370117,44425.859375,9301.8798828125
57123.102839738,52750.296875,52058.26171875,-7808.3359375,10999.7626953125,-42227.31640625,46.02224349975586,44520.5625,9395.1533203125
57123.106858061,52847.63671875,52160.8125,-7697.76220703125,11104.078125,-42121.4609375,133.93165588378906,44615.98046875,9488.740234375
57123.111767277,52823.56640625,52144.40625,-7740.45361328125,11082.3974609375,-42150.8515625,124.67803192138672,44584.30859375,9458.23046875
57123.11580821,52686.6171875,52002.8984375,-7904.82861328125,10935.9482421875,-42302.7109375,6.2808403968811035,44444.27734375,9319.8505859375
57123.119818145,52659.234375,51972.09765625,-7921.48046875,10916.7041015625,-42325.0625,-27.962032318115234,44420.046875,9295.173828125
57123.12384996,52748.953125,52064.03125,-7803.5302734375,11015.87890625,-42223.046875,44.122344970703125,44513.9453125,9387.9111328125
57123.126848295,52845.55859375,52166.578125,-7697.76220703125,11108.236328125,-42126.84765625,127.02496337890625,44608.0703125,9481.587890625
57123.132766195,52807.046875,52121.765625,-7757.150390625,11053.2724609375,-42174.58984375,110.32820892333984,44573.6484375,9451.6142578125
57123.136827913,52682.234375,51994.203125,-7899.39697265625,10933.7138671875,-42300.38671875,12.71814250946045,44446.30859375,9325.37109375
57123.140842954,52663.94921875,51983.85546875,-7905.83447265625,10932.3271484375,-42314.109375,-17.747285842895508,44431.87109375,9299.48828125
57123.14484596,52760.04296875,52078.671875,-7786.38671875,11028.9765625,-42210.95703125,57.421630859375,44532.8125,9400.80859375
57123.147910665,52846.7421875,52164.8125,-7688.95556640625,11107.7216796875,-42121.83984375,134.37869262695312,44619.3125,9490.7294921875
57123.151798435,52809.125,52126.52734375,-7744.25341796875,11063.6884765625,-42163.79296875,115.80438995361328,44581.875,9458.3642578125
57123.154810992,52685.6328125,52006.1171875,-7890.83642578125,10947.1689453125,-42291.06640625,15.44505500793457,44457.0390625,9334.423828125
57123.158436198,52664.2421875,51981.84375,-7907.9130859375,10928.1923828125,-42313.75390625,-18.641355514526367,44432.765625,9305.34375
57123.162457438,52760.890625,52073.57421875,-7795.5283203125,11017.2861328125,-42219.09375,49.12913513183594,44524.13671875,9397.544921875
57123.167825412,52834.6953125,52143.51171875,-7706.1884765625,11087.6943359375,-42134.9375,123.40398406982422,44609.58984375,9485.923828125
57123.171853216,52796.47265625,52105.89453125,-7761.3525390625,11043.05859375,-42176.19921875,108.11538696289062,44574.36328125,9455.1455078125
57123.175876279,52688.2265625,51998.40625,-7901.85595703125,10930.0703125,-42297.8828125,15.288593292236328,44455.67578125,9336.078125
57123.178976357,52659.45703125,51965.30078125,-7924.83349609375,10907.62890625,-42325.44140625,-23.894014358520508,44426.4375,9300.6953125
57123.182914452,52752.3984375,52052.09375,-7812.42626953125,10993.638671875,-42229.84375,45.03876495361328,44518.7734375,9393.9462890625
57123.186958302,52843.79296875,52156.5,-7705.92041015625,11093.953125,-42127.60546875,131.4506072998047,44605.23046875,9481.185546875
57123.190946357,52816.14453125,52142.953125,-7745.416015625,11081.2568359375,-42151.0546875,123.42633056640625,44579.94921875,9453.201171875
57123.194964315,52701.2578125,52019.171875,-7892.44580078125,10956.9814453125,-42281.23046875,26.0621337890625,44465.734375,9335.67578125
57123.199399822,52656.55078125,51969.9296875,-7927.5380859375,10914.0439453125,-42324.01171875,-23.357572555541992,44427.3984375,9295.978515625
57123.203436014,52747.76953125,52056.765625,-7811.5546875,11001.439453125,-42224.8828125,51.99015808105469,44526.1953125,9393.4990234375
57123.206678314,52844.95703125,52161.73046875,-7696.6220703125,11105.083984375,-42118.375,141.73240661621094,44625.390625,9493.478515625
57123.211773513,52813.015625,52142.015625,-7743.67236328125,11077.7705078125,-42155.81640625,121.45938110351562,44585.3359375,9457.9619140625
57123.215790742,52683.0390625,52007.94921875,-7899.486328125,10944.1513671875,-42294.1484375,14.841558456420898,44456.90625,9332.166015625
57123.219511492,52654.7421875,51970.28515625,-7924.2744140625,10915.2958984375,-42322.2890625,-20.407142639160156,44430.75390625,9300.404296875
57123.224720469,52750.65234375,52063.16015625,-7807.24072265625,11010.8720703125,-42221.328125,53.8006477355957,44526.9765625,9392.4931640625
57123.227754906,52849.94140625,52164.34375,-7699.4609375,11104.4140625,-42122.95703125,137.88790893554688,44621.63671875,9487.443359375
57123.232937262,52818.58203125,52134.16796875,-7746.71240234375,11069.5673828125,-42156.59765625,125.70620727539062,44590.58984375,9463.169921875
57123.236458172,52685.609375,51997.7109375,-7900.2685546875,10939.189453125,-42293.92578125,18.261375427246094,44459.96484375,9335.0947265625
57123.240010444,52662.25390625,51976.703125,-7918.2841796875,10924.52734375,-42317.328125,-17.568471908569336,44425.38671875,9300.0693359375
57123.242945325,52759.8828125,52072.65625,-7800.9150390625,11017.4658203125,-42217.39453125,56.415802001953125,44526.70703125,9391.95703125
57123.246956719,52854.453125,52164.859375,-7692.88916015625,11106.447265625,-42117.5703125,141.86651611328125,44625.703125,9487.1083984375
57123.250957537,52825.15234375,52146.21875,-7733.1669921875,11083.0458984375,-42143.8125,133.88694763183594,44594.66015625,9458.140625
57123.255472544,52696.2734375,52014.8125,-7892.64697265625,10945.26953125,-42289.27734375,19.311906814575195,44458.08984375,9326.2880859375
57123.25990404,52657.87109375,51969.8828125,-7926.8896484375,10905.70703125,-42329.66796875,-30.152503967285156,44419.734375,9289.33984375
57123.26294577,52756.98046875,52072.9921875,-7802.03271484375,11016.1015625,-42217.86328125,48.86091232299805,44517.90234375,9385.453125
57123.266917415,52849.24609375,52161.73046875,-7697.56103515625,11101.060546875,-42124.25390625,127.49434661865234,44607.62109375,9476.267578125
57123.27092188,52814.890625,52125.7421875,-7748.47802734375,11059.486328125,-42161.4921875,112.40692138671875,44572.46484375,9446.1376953125
57123.274971929,52687.48828125,52002.5625,-7895.03857421875,10939.48046875,-42286.86328125,16.78615951538086,44452.32421875,9326.8017578125
57123.279884792,52660.890625,51979.29296875,-7911.7353515625,10927.5,-42303.91796875,-12.226404190063477,44428.76171875,9296.9619140625
57123.283901291,52747.97265625,52065.03515625,-7801.89892578125,11015.9677734375,-42211.5390625,52.14662170410156,44517.58984375,9384.40234375
57123.287958999,52842.33984375,52155.875,-7695.99609375,11100.9716796875,-42118.53125,131.785888671875,44610.3046875,9478.9501953125
57123.29195143,52820.81640625,52136.58203125,-7733.50244140625,11077.501953125,-42143.4765625,127.04731750488281,44585.3828125,9457.537109375
57123.29595006,52700.40625,52013.89453125,-7881.3369140625,10953.0927734375,-42275.59765625,29.236082077026367,44464.48046875,9336.9267578125
57123.299007836,52665.78515625,51976.03125,-7910.662109375,10921.1298828125,-42310.421875,-9.521842956542969,44435.46875,9301.41015625
57123.304923183,52761.875,52070.66796875,-7789.9404296875,11015.431640625,-42208.4296875,66.47409057617188,44536.140625,9400.5625
57123.307990441,52853.71875,52169.39453125,-7679.34423828125,11113.3994140625,-42107.55859375,148.3932342529297,44629.640625,9498.6640625
57123.314011543,52825.2421875,52142.05859375,-7726.46142578125,11077.9267578125,-42145.9140625,131.0706329345703,44596.89453125,9470.970703125
57123.318005797,52698.015625,52013.06640625,-7882.275390625,10945.5595703125,-42283.17578125,29.43724822998047,44471.87890625,9342.224609375
57123.320938491,52664.30859375,51976.859375,-7910.103515625,10919.69921875,-42309.55078125,-5.9679155349731445,44441.52734375,9305.9033203125
57123.323991161,52754.54296875,52068.92578125,-7793.583984375,11019.0751953125,-42203.53515625,68.86572265625,44529.4375,9395.82421875
57123.326963239,52858.25390625,52175.51953125,-7684.57421875,11110.4482421875,-42108.4296875,149.55552673339844,44629.97265625,9494.037109375
57123.330926861,52822.55859375,52133.5,-7743.29248046875,11058.0341796875,-42157.42578125,125.14741516113281,44593.29296875,9465.181640625
57123.334918927,52702.484375,52013.984375,-7894.05517578125,10941.4248046875,-42287.33203125,19.937755584716797,44461.21875,9337.84375
57123.339790948,52682.45703125,51997.66796875,-7911.60107421875,10936.060546875,-42304.34375,-12.60638427734375,44431.421875,9302.5947265625
57123.343866524,52768.9609375,52084.70703125,-7800.64697265625,11024.1708984375,-42212.453125,49.48676300048828,44514.99609375,9385.9892578125
57123.346860482,52854.4765625,52169.55078125,-7696.4208984375,11108.66015625,-42121.953125,122.35344696044922,44599.08203125,9472.9599609375
57123.350841608,52822.3359375,52137.3203125,-7742.68896484375,11068.8740234375,-42159.90625,108.42831420898438,44570.25,9451.0107421875
57123.355096968,52689.1875,52004.375,-7900.08984375,10937.826171875,-42295.4453125,5.632639408111572,44444.1640625,9322.48828125
57123.359093775,52653.9140625,51967.26953125,-7926.35302734375,10909.2158203125,-42323.65234375,-28.92315673828125,44417.921875,9291.9326171875
57123.363119391,52744.28125,52060.9921875,-7807.41943359375,11002.9814453125,-42226.1796875,41.70835494995117,44513.1640625,9387.419921875
57123.367218306,52846.69921875,52164.5,-7691.72705078125,11101.1279296875,-42120.96875,132.0093994140625,44614.59765625,9489.4775390625
57123.37207428,52817.73046875,52134.4609375,-7738.26318359375,11062.90625,-42156.75390625,119.26890563964844,44585.65234375,9464.578125
57123.376080569,52692.671875,52006.7890625,-7889.58447265625,10932.0146484375,-42292.5390625,19.356611251831055,44464.79296875,9346.3369140625
57123.379130322,52654.875,51968.5,-7919.75927734375,10905.7294921875,-42324.4140625,-23.245813369750977,44428.875,9303.66796875
57123.384095334,52745.9375,52058.8671875,-7804.15625,11003.6298828125,-42224.01171875,46.759849548339844,44520.09375,9393.25390625
57123.388007901,52834.78515625,52153.50390625,-7701.6064453125,11094.0205078125,-42129.1953125,125.70620727539062,44607.0859375,9484.76171875
57123.393040742,52816.25390625,52138.6640625,-7740.65478515625,11070.70703125,-42154.4296875,118.8665771484375,44580.8671875,9462.41015625
57123.397081309,52684.91796875,51993.21875,-7903.37548828125,10922.2470703125,-42300.609375,9.097160339355469,44458.19921875,9337.8662109375
57123.401059518,52637.3515625,51937.0703125,-7946.02294921875,10871.44140625,-42347.19140625,-41.06015396118164,44417.6328125,9296.8505859375
57123.40412167,52720.03125,52024.19921875,-7834.66650390625,10969.185546875,-42246.16015625,27.693811416625977,44505.921875,9382.501953125
57123.408105714,52835.3671875,52152.20703125,-7706.90380859375,11090.6669921875,-42128.58984375,123.0687026977539,44609.4765625,9486.3037109375
57123.41107378,52820.92578125,52141.8359375,-7741.50439453125,11065.2978515625,-42158.36328125,110.17174530029297,44578.18359375,9461.962890625
57123.415142792,52690.5703125,52007.0546875,-7892.60205078125,10936.5517578125,-42290.6171875,10.013581275939941,44450.7578125,9334.736328125
57123.419118813,52660.0390625,51973.68359375,-7916.00439453125,10914.9375,-42315.78515625,-22.374095916748047,44422.796875,9299.6220703125
57123.423208976,52750.85546875,52062.98046875,-7803.66455078125,11004.0546875,-42222.82421875,40.92604446411133,44509.02734375,9384.0
57123.428066409,52849.42578125,52163.71875,-7689.5810546875,11102.40234375,-42118.3984375,128.92486572265625,44607.30859375,9481.3642578125
57123.431148618,52823.7421875,52138.83984375,-7731.22265625,11072.25,-42149.625,118.8218765258789,44579.32421875,9457.6494140625
57123.434196913,52704.765625,52024.71484375,-7874.65380859375,10959.708984375,-42273.67578125,21.86000633239746,44454.1328125,9334.021484375
57123.439151714,52661.0234375,51980.1875,-7911.556640625,10923.2978515625,-42313.55078125,-23.60344123840332,44415.62109375,9292.3798828125
57123.4431219,52744.75390625,52057.01171875,-7806.65966796875,10996.1416015625,-42231.2734375,35.919254302978516,44501.47265625,9377.919921875
57123.447147151,52846.69921875,52162.01953125,-7693.6494140625,11096.009765625,-42126.53515625,121.52643585205078,44598.19140625,9475.865234375
57123.451195377,52830.42578125,52154.30859375,-7723.578125,11083.7607421875,-42142.515625,121.6605453491211,44579.16796875,9462.365234375
57123.456071043,52714.04296875,52040.5390625,-7861.935546875,10975.2431640625,-42261.203125,32.790008544921875,44458.71484375,9347.6787109375
57123.45918352,52672.421875,51989.82421875,-7905.18603515625,10928.4384765625,-42307.16015625,-15.646221160888672,44423.6015625,9304.8076171875
57123.464085079,52753.08984375,52070.80078125,-7802.03271484375,11011.765625,-42219.29296875,44.99406051635742,44515.01953125,9389.1630859375
57123.467735447,52852.8671875,52173.8203125,-7685.826171875,11110.7841796875,-42114.890625,134.73631286621094,44617.5,9491.6904296875
57123.472036391,52832.90625,52150.62109375,-7724.51708984375,11078.240234375,-42141.2421875,132.18821716308594,44600.203125,9479.017578125
57123.477210724,52699.9140625,52007.79296875,-7889.5400390625,10934.205078125,-42286.75,20.407142639160156,44467.09765625,9349.8017578125
57123.48021927,52651.79296875,51951.5546875,-7932.96923828125,10884.0927734375,-42335.41015625,-29.57135772705078,44426.8203125,9309.7919921875
57123.485262686,52750.38671875,52058.21875,-7804.513671875,10997.6845703125,-42219.44921875,56.05817413330078,44530.8671875,9408.609375
57123.488271596,52865.96484375,52192.55078125,-7671.6328125,11135.9970703125,-42089.18359375,157.5127410888672,44635.80859375,9510.7568359375
57123.492235947,52849.44921875,52177.12890625,-7705.51806640625,11111.4765625,-42114.12890625,152.23773193359375,44614.0390625,9493.0322265625
57123.495231729,52717.39453125,52034.8828125,-7868.26123046875,10964.4248046875,-42262.54296875,41.82011413574219,44482.96484375,9364.0849609375
57123.499235829,52663.34765625,51969.4375,-7921.03369140625,10907.740234375,-42316.61328125,-13.321640014648438,44436.7890625,9316.095703125
57123.503288066,52751.59375,52062.5546875,-7807.77734375,11011.005859375,-42212.38671875,55.991119384765625,44525.43359375,9402.5517578125
57123.50732207,52870.01171875,52185.9140625,-7684.015625,11122.6748046875,-42100.91796875,147.0521240234375,44627.73828125,9505.548828125
57123.512223263,52839.12109375,52157.90625,-7725.388671875,11088.8349609375,-42131.47265625,135.92095947265625,44598.01171875,9479.330078125
57123.515215034,52710.3984375,52027.6640625,-7877.1572265625,10958.009765625,-42265.8515625,33.728782653808594,44471.140625,9352.39453125
57123.519141094,52666.25390625,51971.671875,-7919.80419921875,10908.9697265625,-42311.60546875,-14.171006202697754,44430.93359375,9306.1708984375
57123.524247963,52752.84375,52051.421875,-7812.60546875,10992.23046875,-42218.22265625,53.53242874145508,44521.5234375,9394.728515625
57123.527285683,52850.3203125,52156.6328125,-7701.67333984375,11090.8466796875,-42118.48828125,132.65760803222656,44613.0546875,9491.7578125
57123.531240917,52845.984375,52163.78515625,-7720.44921875,11092.1201171875,-42125.3046875,138.8713836669922,44597.96484375,9481.341796875
57123.535327433,52717.73046875,52030.90625,-7876.66552734375,10958.814453125,-42267.125,30.241910934448242,44466.3359375,9353.6015625
57123.539308559,52649.48828125,51952.875,-7940.904296875,10888.49609375,-42336.26171875,-38.15442657470703,44402.5,9290.79296875
57123.54426883,52737.21875,52038.21484375,-7829.23486328125,10974.3935546875,-42245.35546875,23.089351654052734,44491.01171875,9380.267578125
57123.547369637,52842.49609375,52150.2421875,-7704.55712890625,11086.107421875,-42130.0,115.29029846191406,44601.140625,9481.341796875
57123.552301828,52833.69140625,52145.5234375,-7724.8076171875,11081.16796875,-42136.8828125,127.0920181274414,44592.87109375,9473.3623046875
57123.556328538,52708.09375,52012.93359375,-7883.37109375,10942.654296875,-42278.4375,24.385753631591797,44466.8515625,9352.7744140625
57123.560297995,52660.0859375,51966.0390625,-7928.36474609375,10903.560546875,-42321.30859375,-25.458637237548828,44419.7578125,9300.806640625
57123.565345787,52752.88671875,52065.6171875,-7812.314453125,11010.4697265625,-42216.96875,42.66947937011719,44506.8828125,9382.837890625
57123.568311666,52854.0078125,52165.10546875,-7699.818359375,11106.3134765625,-42114.5546875,128.7013397216797,44606.28125,9483.9794921875
57123.573337213,52844.93359375,52158.15234375,-7722.572265625,11091.8740234375,-42129.171875,135.00453186035156,44595.375,9475.462890625
57123.577254157,52721.41796875,52041.25390625,-7864.505859375,10975.17578125,-42254.609375,41.216617584228516,44475.234375,9356.6865234375
57123.580348765,52674.48046875,51994.6953125,-7904.62744140625,10935.8369140625,-42297.3671875,-7.264317035675049,44432.40625,9310.9541015625
57123.583328866,52763.50390625,52078.73828125,-7794.09814453125,11021.48828125,-42203.9140625,60.08148956298828,44522.953125,9399.556640625
57123.587315097,52858.14453125,52173.84375,-7682.94287109375,11114.62890625,-42102.4609375,145.6886749267578,44620.5859375,9498.2392578125
57123.591355665,52837.2421875,52152.453125,-7715.35302734375,11087.359375,-42127.71875,141.3971405029297,44601.85546875,9484.3369140625
57123.596247377,52715.25,52021.96484375,-7869.490234375,10948.0859375,-42269.6953125,36.67921447753906,44475.8125,9360.5078125
57123.599290202,52658.31640625,51951.7578125,-7927.5380859375,10880.404296875,-42333.62109375,-25.816265106201172,44421.0078125,9304.94140625
57123.602346154,52764.82421875,52087.38671875,-7785.82763671875,11034.67578125,-42199.8046875,58.427459716796875,44511.91015625,9393.9462890625
57123.607302778,52877.9921875,52213.5859375,-7656.4111328125,11154.4150390625,-42085.65234375,149.8907928466797,44620.7890625,9498.2841796875
57123.611306149,52856.3984375,52182.5390625,-7696.68896484375,11110.6279296875,-42121.21484375,137.8655548095703,44604.359375,9487.8017578125
57123.615377714,52709.5703125,52006.71875,-7882.3203125,10923.140625,-42296.8984375,9.812416076660156,44458.84765625,9351.7236328125
57123.619360664,52654.5390625,51950.796875,-7931.42724609375,10884.5400390625,-42338.5859375,-40.50136184692383,44409.78515625,9295.5986328125
57123.624283008,52772.7578125,52107.19140625,-7773.7578125,11060.4482421875,-42179.796875,72.77728271484375,44530.15234375,9400.5400390625
57123.628374995,52877.85546875,52213.5390625,-7652.92431640625,11160.1591796875,-42073.24609375,163.368896484375,44635.47265625,9509.169921875
57123.632303243,52867.0390625,52198.453125,-7678.47265625,11135.884765625,-42093.6328125,165.08998107910156,44624.7421875,9503.8056640625
57123.636296404,52738.71875,52063.08984375,-7836.56640625,10995.6943359375,-42236.3046875,59.0980110168457,44496.0859375,9376.9140625
57123.64036031,52672.53515625,51984.48046875,-7904.76171875,10922.2021484375,-42305.6171875,-9.231270790100098,44435.73828125,9315.7158203125
57123.645308911,52754.72265625,52054.77734375,-7803.84326171875,10995.5380859375,-42219.359375,54.8958854675293,44525.078125,9405.994140625
57123.648420294,52858.14453125,52160.5,-7694.11865234375,11091.29296875,-42120.921875,133.01522827148438,44614.70703125,9495.646484375
57123.653395152,52852.15234375,52160.92578125,-7711.08349609375,11086.7333984375,-42127.49609375,140.10073852539062,44603.75390625,9490.55078125
57123.656427766,52723.98828125,52048.40625,-7856.41455078125,10981.9931640625,-42247.9921875,43.340030670166016,44477.7578125,9365.783203125
57123.660358567,52669.2265625,51990.89453125,-7909.41064453125,10931.9248046875,-42300.07421875,-10.013581275939941,44428.94140625,9312.4072265625
57123.663421813,52754.56640625,52067.7421875,-7801.09423828125,11012.5927734375,-42209.90625,54.18062973022461,44511.2421875,9399.3330078125
57123.667407315,52850.296875,52152.07421875,-7691.056640625,11093.953125,-42110.6640625,141.01715087890625,44621.3671875,9505.548828125
57123.671480703,52838.96484375,52138.99609375,-7716.7607421875,11074.4619140625,-42128.72265625,141.35243225097656,44612.203125,9496.33984375
57123.675420621,52726.78125,52045.390625,-7855.78857421875,10975.5107421875,-42252.640625,42.155391693115234,44483.81640625,9368.2421875
57123.680365941,52678.79296875,51999.8359375,-7901.900390625,10939.3017578125,-42295.984375,-8.650125503540039,44434.10546875,9313.9267578125
57123.683423352,52765.5859375,52085.53125,-7791.728515625,11027.0986328125,-42203.3359375,54.56060791015625,44519.98046875,9398.9306640625
57123.686530724,52861.40625,52179.8359375,-7681.33349609375,11115.2099609375,-42109.546875,132.09881591796875,44612.3828125,9494.73046875
57123.690073878,52852.01953125,52169.44140625,-7703.4169921875,11100.5244140625,-42119.60546875,141.2406768798828,44604.87109375,9490.6181640625
57123.69543383,52723.2265625,52040.96484375,-7856.548828125,10971.8681640625,-42251.3671875,45.41874313354492,44482.16015625,9365.3583984375
57123.698913167,52658.98828125,51967.91796875,-7918.26171875,10908.0537109375,-42314.84765625,-18.35078239440918,44423.6015625,9301.8349609375
57123.702942794,52754.87890625,52071.36328125,-7798.70263671875,11017.9794921875,-42208.609375,54.33708953857422,44516.49609375,9391.2861328125
57123.707432273,52870.859375,52193.58203125,-7672.95166015625,11131.794921875,-42094.19140625,149.5108184814453,44622.46484375,9498.1953125
57123.712323621,52860.06640625,52179.6796875,-7697.8291015625,11112.013671875,-42113.68359375,147.87913513183594,44607.17578125,9490.2373046875
57123.716406855,52728.90625,52044.5390625,-7854.40283203125,10974.6845703125,-42253.1796875,45.06111526489258,44475.92578125,9367.4599609375
57123.719442022,52669.3359375,51991.1875,-7904.80615234375,10934.1162109375,-42297.6796875,-7.465482711791992,44428.49609375,9313.48046875
57123.725352628,52755.7734375,52075.40625,-7794.90283203125,11019.8349609375,-42204.765625,58.896846771240234,44525.92578125,9400.853515625
57123.728530017,52862.12109375,52173.75390625,-7678.271484375,11113.17578125,-42101.76953125,148.01324462890625,44629.5703125,9504.7666015625
57123.732309479,52849.94140625,52161.125,-7705.80859375,11094.1318359375,-42119.203125,146.09100341796875,44611.0625,9491.2880859375
57123.735376008,52732.125,52040.8515625,-7850.82666015625,10976.94140625,-42243.25390625,52.928932189941406,44490.74609375,9373.13671875
57123.739382296,52671.7734375,51977.953125,-7911.42236328125,10918.1337890625,-42306.30859375,-13.120473861694336,44430.86328125,9311.9375
57123.743470636,52749.51171875,52055.11328125,-7809.5205078125,10996.8125,-42218.69140625,46.78219985961914,44511.3984375,9389.5654296875
57123.747531625,52857.26953125,52168.76953125,-7682.96533203125,11109.0849609375,-42102.171875,143.34173583984375,44618.23828125,9497.904296875
57123.751945617,52849.6484375,52167.140625,-7699.14794921875,11103.7431640625,-42108.765625,151.94715881347656,44611.2890625,9495.1328125
57123.755471632,52726.671875,52040.2265625,-7851.40771484375,10974.05859375,-42243.5,50.62670135498047,44486.33984375,9372.3544921875
57123.758490388,52659.59375,51959.87109375,-7919.6923828125,10896.095703125,-42316.76953125,-16.003849029541016,44427.19921875,9312.98828125
57123.763482021,52739.27734375,52042.3046875,-7815.1083984375,10988.296875,-42225.70703125,41.23896789550781,44505.7421875,9390.1689453125
57123.767496696,52845.8046875,52159.49609375,-7692.978515625,11101.150390625,-42115.8046875,126.62263488769531,44601.921875,9489.4111328125
57123.771445731,52844.5546875,52169.375,-7705.2275390625,11105.0390625,-42116.02734375,140.279541015625,44594.1875,9484.158203125
57123.775452384,52729.53125,52053.3671875,-7845.1494140625,10994.3984375,-42232.078125,56.05817413330078,44493.515625,9375.4619140625
57123.77953416,52680.15625,52009.8046875,-7890.21044921875,10957.09375,-42277.54296875,4.827976703643799,44445.5703125,9323.8740234375
57123.784409097,52766.703125,52097.53515625,-7779.23388671875,11043.125,-42187.5078125,67.9716567993164,44529.79296875,9407.0224609375
57123.788540833,52861.31640625,52188.5078125,-7667.4755859375,11130.4755859375,-42088.3125,153.04238891601562,44627.78515625,9505.3701171875
57123.79251503,52846.25,52167.25,-7697.8515625,11098.4453125,-42113.0546875,148.6614532470703,44612.875,9497.546875
57123.796584407,52722.265625,52030.0546875,-7854.3583984375,10957.9423828125,-42252.9765625,44.16704559326172,44485.26953125,9375.0146484375
57123.800579391,52666.27734375,51982.4921875,-7906.84033203125,10919.36328125,-42303.42578125,-12.852252960205078,44427.734375,9312.6083984375
57123.805494807,52758.453125,52081.890625,-7790.1865234375,11027.3671875,-42200.6953125,54.672367095947266,44514.640625,9395.376953125
57123.808588685,52863.93359375,52184.015625,-7668.92822265625,11129.6484375,-42088.26953125,150.49429321289062,44623.4921875,9506.912109375
57123.811583009,52868.37890625,52188.55078125,-7674.94091796875,11124.1953125,-42088.9140625,168.04042053222656,44628.58984375,9519.4287109375
57123.814631303,52726.40234375,52042.75,-7841.01416015625,10970.884765625,-42241.01953125,55.65584182739258,44496.19921875,9391.3310546875
57123.818609877,52660.84375,51975.00390625,-7907.0859375,10911.0263671875,-42303.515625,-5.096197605133057,44437.3671875,9326.5556640625
57123.823536962,52747.390625,52070.84765625,-7792.734375,11022.494140625,-42196.26953125,64.30596923828125,44523.40234375,9406.6865234375
57123.827553097,52858.43359375,52190.0703125,-7664.435546875,11141.0927734375,-42077.5390625,159.4796905517578,44630.19921875,9513.7294921875
57123.83160971,52858.65625,52185.421875,-7685.6025390625,11124.26171875,-42093.1171875,161.98309326171875,44615.19921875,9506.509765625
57123.83560834,52730.203125,52048.18359375,-7849.46337890625,10983.2900390625,-42239.23046875,50.8502197265625,44477.98046875,9372.935546875
57123.83950705,52662.33984375,51968.96875,-7919.267578125,10909.5068359375,-42310.64453125,-16.026201248168945,44427.3125,9310.529296875
57123.842640678,52734.89453125,52033.296875,-7821.68017578125,10977.2099609375,-42229.30859375,42.51301956176758,44511.30859375,9391.7333984375
57123.846645873,52837.48828125,52143.1328125,-7697.56103515625,11087.60546875,-42115.89453125,133.3952178955078,44614.05859375,9492.2490234375
57123.851559465,52854.296875,52173.734375,-7688.15087890625,11112.1025390625,-42099.01953125,157.6468505859375,44620.453125,9503.42578125
57123.855593833,52735.1171875,52053.16796875,-7836.23095703125,10988.5419921875,-42229.26171875,59.969730377197266,44496.265625,9383.91015625
57123.859665034,52671.37109375,51989.21875,-7901.2744140625,10932.349609375,-42294.70703125,-7.398427486419678,44430.75390625,9315.447265625
57123.86364543,52745.55859375,52066.33203125,-7798.5234375,11017.755859375,-42205.1015625,52.72776412963867,44512.9609375,9396.181640625
57123.867625098,52846.51953125,52169.23828125,-7678.78515625,11116.1484375,-42097.36328125,143.40879821777344,44617.63671875,9504.2080078125
57123.872501129,52849.89453125,52169.77734375,-7690.251953125,11106.8720703125,-42100.29296875,158.65267944335938,44620.96484375,9510.17578125
