#57085.874484581,52617.5703125,51994.11328125,-8067.32568359375,10920.81640625,-43198.12109375,-337.2654724121094,44436.98828125,9302.8857421875
57085.878424864,52692.875,52069.8203125,-7990.61474609375,10988.921875,-43126.6171875,-274.3900146484375,44503.9765625,9374.298828125
57085.882453762,52643.36328125,52027.3046875,-8061.49169921875,10943.66015625,-43182.140625,-303.5590515136719,44449.4609375,9320.8564453125
57085.886468802,52517.0546875,51900.7734375,-8203.7607421875,10817.4169921875,-43314.4609375,-409.998046875,44325.4296875,9197.1171875
57085.891397347,52525.234375,51903.92578125,-8180.11279296875,10824.189453125,-43303.95703125,-413.70843505859375,44340.25,9206.8173828125
57085.894410268,52616.296875,51992.1484375,-8069.73974609375,10908.5673828125,-43209.74609375,-341.04290771484375,44435.73828125,9300.650390625
57085.897435588,52683.53125,52060.296875,-7994.97314453125,10978.4169921875,-43136.4296875,-275.1723327636719,44498.65625,9363.66015625
57085.900405478,52630.33203125,52011.45703125,-8069.248046875,10926.6279296875,-43192.265625,-305.3918762207031,44447.0703125,9315.1787109375
57085.905343504,52514.3515625,51892.68359375,-8212.7236328125,10805.1904296875,-43322.41796875,-413.6637268066406,44325.20703125,9193.09375
57085.909400482,52520.07421875,51883.71875,-8192.7861328125,10806.4873046875,-43314.6875,-419.4528503417969,44337.9921875,9201.9228515625
57085.913385984,52604.8515625,51964.83203125,-8082.10009765625,10889.7470703125,-43220.18359375,-348.2625427246094,44430.84375,9295.62109375
57085.917680364,52694.9296875,52061.078125,-7984.6240234375,10980.8984375,-43130.1953125,-273.3618469238281,44507.84375,9376.400390625
57085.920165604,52642.8046875,52016.5546875,-8059.90478515625,10931.7021484375,-43184.5546875,-302.6202697753906,44451.60546875,9322.7333984375
57085.924117192,52508.5390625,51882.9140625,-8213.908203125,10805.458984375,-43316.36328125,-409.0145568847656,44326.21484375,9192.04296875
57085.92865189,52494.1015625,51869.8828125,-8203.291015625,10804.3642578125,-43307.82421875,-413.6190185546875,44333.96875,9198.994140625
57085.932580504,52601.6796875,51970.6015625,-8083.59765625,10902.353515625,-43204.8046875,-338.7406921386719,44431.69140625,9295.1962890625
57085.937635954,52701.01171875,52068.3671875,-7986.1220703125,10987.2685546875,-43119.84375,-263.7505798339844,44517.76953125,9380.021484375
57085.941652088,52629.328125,52008.015625,-8066.90087890625,10927.90234375,-43182.38671875,-298.64166259765625,44454.9140625,9321.7724609375
57085.945666764,52506.86328125,51880.69921875,-8206.6884765625,10807.224609375,-43308.3828125,-399.29156494140625,44334.953125,9201.05078125
57085.949192779,52515.08984375,51891.7890625,-8189.09814453125,10821.0380859375,-43303.01953125,-416.43536376953125,44333.27734375,9194.009765625
57085.953453244,52620.0078125,51993.375,-8064.7998046875,10919.966796875,-43195.9296875,-332.12457275390625,44438.0859375,9296.2919921875
57085.958607156,52689.58984375,52063.24609375,-7988.13330078125,10986.150390625,-43121.4765625,-261.6495056152344,44513.41015625,9374.4111328125
57085.961613149,52633.91015625,52013.8046875,-8063.77197265625,10933.4228515625,-43180.46484375,-298.21697998046875,44451.31640625,9315.89453125
57085.966575243,52516.3828125,51891.4765625,-8203.3583984375,10812.3876953125,-43307.04296875,-400.655029296875,44324.89453125,9194.5244140625
57085.970681087,52512.83203125,51887.29296875,-8188.91943359375,10815.4501953125,-43304.08984375,-415.83184814453125,44326.9296875,9196.513671875
57085.974727854,52624.25390625,51995.41015625,-8061.6259765625,10918.2236328125,-43196.1328125,-334.3821105957031,44439.24609375,9300.091796875
57085.978655008,52697.0078125,52071.765625,-7983.841796875,10982.5966796875,-43127.19921875,-273.6076965332031,44505.1171875,9370.208984375
57085.981687622,52632.390625,52012.375,-8065.4482421875,10925.353515625,-43191.34765625,-313.7290954589844,44439.828125,9309.255859375
57085.984740657,52498.546875,51880.76953125,-8219.0048828125,10800.1171875,-43323.87109375,-423.7667236328125,44309.29296875,9176.0390625
57085.988739288,52507.17578125,51872.33984375,-8206.4208984375,10795.1103515625,-43320.87890625,-431.8804016113281,44319.28515625,9181.0009765625
57085.993610214,52626.1328125,51997.37890625,-8058.49658203125,10925.1083984375,-43188.62109375,-331.27520751953125,44434.41796875,9300.4267578125
57085.997758724,52703.671875,52080.94921875,-7970.6767578125,11001.193359375,-43107.84375,-259.5260925292969,44504.84765625,9378.92578125
57086.001351475,52631.13671875,52001.19921875,-8070.36572265625,10912.3671875,-43193.13671875,-313.2373352050781,44439.8046875,9314.552734375
57086.004286721,52508.671875,51882.48828125,-8209.86328125,10801.2119140625,-43315.9140625,-415.63067626953125,44322.28125,9191.841796875
57086.008730616,52519.84765625,51898.73828125,-8180.82763671875,10826.1572265625,-43293.7421875,-413.0155334472656,44335.66796875,9195.3740234375
57086.012740916,52613.3671875,51993.2421875,-8060.91064453125,10923.275390625,-43185.87109375,-329.5094299316406,44436.1171875,9294.705078125
57086.016720218,52684.046875,52061.86328125,-7981.80810546875,10982.6640625,-43116.3125,-262.320068359375,44510.79296875,9372.734375
57086.020775373,52650.98828125,52034.03515625,-8041.37548828125,10945.6044921875,-43162.3359375,-285.27532958984375,44463.05078125,9328.58984375
57086.025253912,52522.7109375,51906.76171875,-8190.796875,10824.48046875,-43296.9140625,-397.79400634765625,44331.15234375,9198.2568359375
57086.029523129,52500.828125,51878.12890625,-8194.9541015625,10808.23046875,-43310.171875,-426.4712829589844,44319.59765625,9186.41015625
57086.033394853,52602.21484375,51982.51171875,-8069.31494140625,10913.7529296875,-43197.7421875,-338.5171813964844,44426.171875,9291.486328125
57086.036587558,52708.25390625,52088.52734375,-7962.96533203125,11009.486328125,-43098.69921875,-249.82545471191406,44513.36328125,9382.189453125
57086.042474461,52638.3125,52024.78125,-8050.36083984375,10945.8505859375,-43167.6328125,-294.0819091796875,44456.14453125,9322.5322265625
57086.04674623,52506.57421875,51889.59765625,-8200.3857421875,10817.1044921875,-43303.6875,-404.61126708984375,44329.90234375,9197.2060546875
57086.05077841,52509.7890625,51884.1875,-8191.28857421875,10812.7685546875,-43305.87890625,-421.73272705078125,44328.16015625,9193.33984375
57086.054793451,52608.65234375,51977.640625,-8074.8583984375,10904.3212890625,-43206.078125,-348.88836669921875,44423.2421875,9290.5693359375
57086.057862167,52700.29296875,52067.47265625,-7978.4326171875,10983.267578125,-43121.12109375,-271.30548095703125,44505.51953125,9375.640625
57086.061730245,52630.33203125,51998.31640625,-8067.4599609375,10908.880859375,-43194.27734375,-315.58428955078125,44438.44140625,9310.6865234375
57086.064842722,52498.390625,51875.78515625,-8212.6123046875,10798.3515625,-43317.8828125,-420.68218994140625,44313.31640625,9183.99609375
57086.068847187,52506.75,51883.33984375,-8190.1484375,10815.271484375,-43303.53125,-422.49267578125,44325.140625,9192.3115234375
57086.072873168,52601.54296875,51980.0546875,-8076.37841796875,10910.244140625,-43203.15234375,-346.4967346191406,44417.38671875,9287.57421875
57086.076966977,52682.1015625,52058.95703125,-7987.37353515625,10984.0947265625,-43123.15234375,-274.1217956542969,44506.79296875,9376.7578125
57086.081810918,52624.6796875,51995.69921875,-8071.6171875,10909.349609375,-43198.25390625,-321.7980651855469,44438.9765625,9314.6650390625
57086.085845651,52494.859375,51871.11328125,-8221.5078125,10788.3603515625,-43327.15625,-426.940673828125,44310.09765625,9183.080078125
57086.08883341,52512.875,51894.42578125,-8187.71240234375,10820.412109375,-43297.7421875,-414.53546142578125,44333.45703125,9196.0439453125
57086.092843709,52616.18359375,51992.66015625,-8064.93408203125,10918.0673828125,-43190.36328125,-330.7611083984375,44439.94140625,9301.1865234375
57086.096849633,52705.5234375,52086.0234375,-7973.58251953125,11004.322265625,-43102.859375,-255.07810974121094,44518.05859375,9381.943359375
57086.100843887,52644.70703125,52031.1953125,-8046.8291015625,10949.91796875,-43157.91015625,-284.02362060546875,44464.5703125,9334.4013671875
57086.104830848,52501.4296875,51883.4296875,-8210.130859375,10805.4140625,-43306.86328125,-405.01361083984375,44326.1015625,9200.1787109375
57086.109309752,52499.98046875,51879.5390625,-8197.94921875,10807.0009765625,-43308.046875,-425.0631103515625,44323.015625,9193.4736328125
57086.113833145,52602.125,51983.921875,-8072.623046875,10911.5185546875,-43198.234375,-341.7134704589844,44426.6171875,9296.671875
57086.116804494,52690.21484375,52075.5625,-7980.66796875,10989.8837890625,-43115.015625,-266.9245300292969,44501.453125,9381.09375
57086.12186432,52629.55078125,52010.85546875,-8064.95654296875,10920.302734375,-43181.6015625,-303.5813903808594,44449.86328125,9328.947265625
57086.125895042,52510.8203125,51884.0546875,-8207.8291015625,10800.1845703125,-43309.23046875,-406.3323669433594,44331.7578125,9206.9296875
57086.130781284,52497.67578125,51875.55859375,-8203.8056640625,10804.5205078125,-43306.484375,-421.2856750488281,44327.95703125,9194.904296875
57086.134857225,52595.890625,51972.0078125,-8084.33544921875,10903.560546875,-43203.171875,-345.3121032714844,44427.578125,9294.9287109375
57086.137873428,52695.9375,52079.85546875,-7974.78955078125,10998.376953125,-43110.01171875,-262.2977294921875,44517.9921875,9388.873046875
57086.141866224,52619.875,52001.265625,-8070.74560546875,10914.2451171875,-43194.8125,-316.85833740234375,44442.9140625,9319.2470703125
57086.144910142,52513.92578125,51896.79296875,-8203.783203125,10813.0810546875,-43310.34765625,-411.7638244628906,44323.015625,9193.5634765625
57086.148963474,52507.35546875,51891.07421875,-8195.2451171875,10816.5458984375,-43304.203125,-416.2789001464844,44330.21484375,9193.09375
57086.152841397,52601.45703125,51980.859375,-8076.802734375,10909.9755859375,-43199.91015625,-336.4161071777344,44430.7734375,9294.7275390625
57086.156887435,52688.11328125,52073.26171875,-7977.94091796875,10997.5048828125,-43108.3359375,-256.4415588378906,44516.76171875,9388.4033203125
57086.160942954,52636.2109375,52020.53515625,-8051.8134765625,10938.5634765625,-43167.96875,-289.7232971191406,44462.08984375,9341.0400390625
57086.165840866,52505.12109375,51886.8046875,-8206.9794921875,10808.3203125,-43306.66015625,-405.10302734375,44325.02734375,9200.537109375
57086.169880704,52499.5078125,51880.140625,-8195.7587890625,10813.416015625,-43301.25390625,-414.5130920410156,44324.44921875,9195.41796875
57086.172865181,52593.7890625,51977.08203125,-8083.35205078125,10904.365234375,-43208.71484375,-350.0506591796875,44421.36328125,9286.61328125
57086.176890068,52698.1953125,52083.90234375,-7967.4580078125,11003.40625,-43103.3515625,-254.72047424316406,44524.921875,9394.7060546875
57086.180900732,52646.78515625,52032.0234375,-8037.28515625,10946.7666015625,-43162.71484375,-287.9128112792969,44468.16796875,9344.3251953125
57086.184914679,52503.7109375,51881.99609375,-8204.54296875,10799.55859375,-43311.01953125,-407.0699768066406,44329.7890625,9203.419921875
57086.18897421,52498.99609375,51876.69921875,-8201.123046875,10798.26171875,-43312.65234375,-422.6491394042969,44330.83984375,9200.40234375
57086.192960441,52577.96484375,51961.03515625,-8095.265625,10882.908203125,-43218.88671875,-353.1799011230469,44419.890625,9290.5029296875
57086.197903207,52688.9609375,52057.79296875,-7983.61865234375,10977.5009765625,-43116.625,-261.33660888671875,44515.6015625,9388.1572265625
57086.20193794,52623.91796875,52007.90625,-8057.91552734375,10929.310546875,-43171.859375,-296.406494140625,44454.89453125,9332.2109375
57086.204928981,52494.5234375,51877.88671875,-8207.650390625,10799.9384765625,-43308.3359375,-404.7230224609375,44327.64453125,9201.4306640625
57086.208876193,52506.68359375,51888.48046875,-8185.67822265625,10816.9033203125,-43294.078125,-406.73468017578125,44339.1796875,9204.2919921875
57086.212982402,52628.76953125,52014.921875,-8044.52685546875,10941.044921875,-43170.6953125,-313.2373352050781,44448.0078125,9315.3349609375
57086.216999265,52701.390625,52090.49609375,-7956.77392578125,11017.5322265625,-43087.4140625,-241.44354248046875,44527.53515625,9400.31640625
57086.221887696,52637.21875,52029.18359375,-8039.72119140625,10951.21484375,-43156.76953125,-284.35888671875,44471.65625,9340.7265625
57086.22691689,52500.15625,51877.81640625,-8205.34765625,10796.8984375,-43308.046875,-400.8114929199219,44338.10546875,9205.521484375
57086.230060728,52509.34375,51892.16796875,-8181.90087890625,10820.2109375,-43293.51953125,-407.852294921875,44341.81640625,9201.140625
57086.233891245,52605.96875,52001.46875,-8061.4248046875,10923.0517578125,-43194.43359375,-337.2654724121094,44429.74609375,9291.888671875
57086.236945009,52699.35546875,52092.05859375,-7961.646484375,11012.01171875,-43099.796875,-254.02757263183594,44517.1640625,9383.3515625
57086.240957133,52640.1015625,52030.14453125,-8037.6875,10952.712890625,-43157.93359375,-287.5328369140625,44462.40234375,9332.7919921875
57086.245024321,52525.9296875,51918.8125,-8174.65869140625,10838.9423828125,-43283.3046875,-388.9427185058594,44341.2578125,9211.51171875
57086.248987943,52521.546875,51907.0546875,-8174.72607421875,10829.1298828125,-43290.72265625,-407.36053466796875,44337.61328125,9204.626953125
57086.253912111,52609.43359375,51990.3828125,-8068.6669921875,10911.40625,-43199.08203125,-340.41705322265625,44427.2421875,9295.7109375
57086.256980098,52676.22265625,52056.09375,-7987.865234375,10977.7021484375,-43123.6015625,-274.1888427734375,44500.55859375,9375.953125
57086.260968518,52630.33203125,52016.5546875,-8052.439453125,10928.7509765625,-43178.80859375,-306.46478271484375,44449.05859375,9330.087890625
57086.265002521,52514.8203125,51898.55859375,-8188.78515625,10814.958984375,-43300.89453125,-403.7842712402344,44331.3984375,9210.5947265625
57086.269060958,52520.4296875,51900.59375,-8175.798828125,10822.759765625,-43294.32421875,-408.5898742675781,44329.5234375,9207.041015625
57086.272764933,52614.91015625,51994.31640625,-8063.72705078125,10915.5634765625,-43192.64453125,-331.49871826171875,44431.98046875,9300.29296875
57086.276788361,52686.4609375,52073.75390625,-7975.52734375,10995.9404296875,-43106.45703125,-258.7438049316406,44515.5546875,9383.6865234375
57086.281507219,52635.80859375,52038.234375,-8032.72509765625,10959.3505859375,-43147.49609375,-276.3346252441406,44474.7421875,9346.896484375
57086.285075171,52517.8828125,51912.28515625,-8180.0234375,10834.60546875,-43279.03515625,-381.09722900390625,44352.03125,9222.486328125
57086.289039522,52500.11328125,51880.5,-8194.9541015625,10805.458984375,-43304.55859375,-416.5247497558594,44329.6796875,9197.318359375
57086.294065069,52587.12890625,51969.23828125,-8080.2451171875,10892.8544921875,-43208.24609375,-345.580322265625,44422.7734375,9292.3349609375
57086.297563005,52679.41796875,52063.42578125,-7977.896484375,10983.4462890625,-43113.3203125,-266.2763366699219,44507.9765625,9379.775390625
57086.302499207,52628.8359375,52020.2890625,-8046.806640625,10941.4248046875,-43164.953125,-299.5580749511719,44449.03515625,9322.80078125
57086.306964983,52522.26171875,51913.1796875,-8186.416015625,10828.705078125,-43286.3671875,-391.5131530761719,44335.4453125,9210.4609375
57086.311036183,52511.19921875,51897.375,-8191.3330078125,10816.5458984375,-43296.3125,-411.4508972167969,44327.0625,9202.81640625
57086.31406989,52601.7890625,51987.54296875,-8073.47265625,10915.921875,-43193.11328125,-335.0079345703125,44422.66015625,9295.017578125
57086.318001056,52693.41015625,52070.1328125,-7971.8388671875,10993.6611328125,-43105.65234375,-254.31814575195312,44524.94140625,9390.8623046875
57086.321019813,52631.609375,52009.828125,-8051.74658203125,10925.64453125,-43172.171875,-295.9594421386719,44465.59765625,9337.91015625
57086.325049075,52508.40625,51882.66796875,-8199.9833984375,10797.7919921875,-43301.7421875,-397.9504699707031,44341.19140625,9214.193359375
57086.329049529,52508.8515625,51902.78515625,-8177.5419921875,10829.21875,-43280.51171875,-397.61517333984375,44345.52734375,9209.34375
57086.333038678,52614.30859375,52020.0625,-8043.87890625,10945.8505859375,-43167.25390625,-313.6173400878906,44449.23828125,9312.474609375
57086.337974515,52695.7578125,52094.60546875,-7950.9404296875,11019.6787109375,-43084.953125,-241.6670684814453,44531.9375,9400.451171875
57086.340984884,52647.3203125,52035.44140625,-8028.0537109375,10952.8916015625,-43151.1171875,-279.5309143066406,44474.51953125,9352.5283203125
57086.3449496,52521.30078125,51907.58984375,-8176.40234375,10826.134765625,-43287.19140625,-391.24493408203125,44340.69921875,9217.6806640625
57086.349011683,52498.37109375,51880.54296875,-8187.3544921875,10807.873046875,-43303.8671875,-420.7939453125,44321.25,9192.6240234375
57086.353083248,52586.2578125,51971.671875,-8068.10791015625,10903.1806640625,-43200.3359375,-345.5356140136719,44418.03515625,9289.67578125
57086.357075314,52683.95703125,52075.38671875,-7957.5341796875,11001.2607421875,-43099.90625,-260.4425354003906,44509.72265625,9384.24609375
57086.361066651,52643.921875,52037.74609375,-8022.0185546875,10952.98046875,-43152.45703125,-288.806884765625,44456.1875,9339.9892578125
57086.366013064,52510.28125,51902.26953125,-8182.66064453125,10819.607421875,-43291.6640625,-401.0797119140625,44332.515625,9209.41015625
57086.369081416,52498.703125,51883.4296875,-8189.8134765625,10806.30859375,-43303.578125,-423.43145751953125,44323.6875,9196.111328125
57086.372073551,52602.6640625,51990.13671875,-8066.677734375,10909.328125,-43196.3984375,-344.1721496582031,44421.20703125,9293.5205078125
57086.377086699,52690.796875,52084.05859375,-7965.93798828125,10997.37109375,-43104.64453125,-265.918701171875,44507.26171875,9381.2734375
57086.382079791,52643.140625,52028.22265625,-8036.2119140625,10940.150390625,-43158.4921875,-292.07025146484375,44461.95703125,9341.7099609375
57086.386136404,52514.5078125,51898.71484375,-8186.90771484375,10813.3720703125,-43290.0546875,-395.3352966308594,44339.46875,9218.75390625
57086.391083546,52498.0546875,51877.34765625,-8195.2001953125,10802.9560546875,-43303.3515625,-423.2749938964844,44323.890625,9196.669921875
57086.395106974,52599.9140625,51978.37890625,-8072.01953125,10908.9033203125,-43193.8984375,-343.7251281738281,44420.60546875,9293.6767578125
57086.398162198,52688.13671875,52078.42578125,-7973.8955078125,10996.119140625,-43106.390625,-269.4949951171875,44502.79296875,9375.39453125
57086.402118526,52644.97265625,52037.6328125,-8035.2060546875,10946.1630859375,-43158.1328125,-294.6853942871094,44458.55859375,9335.4521484375
57086.405121966,52505.6796875,51893.73046875,-8196.6533203125,10808.1416015625,-43299.59765625,-406.5335388183594,44321.72265625,9204.314453125
57086.409099445,52499.93359375,51891.8984375,-8192.1826171875,10811.9638671875,-43300.9375,-423.7220153808594,44326.4375,9197.4970703125
57086.413095523,52597.1640625,51981.62109375,-8075.8193359375,10898.375,-43206.0546875,-352.3976135253906,44423.04296875,9295.509765625
57086.417089048,52692.875,52077.95703125,-7968.93310546875,10992.9228515625,-43106.16796875,-265.58343505859375,44514.3046875,9394.4609375
57086.421106276,52636.4375,52031.328125,-8036.033203125,10944.8896484375,-43154.71484375,-287.9351806640625,44468.16796875,9350.673828125
57086.424959402,52501.4765625,51893.64453125,-8190.3720703125,10812.74609375,-43290.79296875,-394.552978515625,44341.078125,9217.2109375
57086.428037235,52498.2109375,51888.1875,-8186.9296875,10815.4951171875,-43293.609375,-415.7871398925781,44327.33203125,9191.7529296875
57086.432984378,52598.125,51996.39453125,-8059.6142578125,10923.07421875,-43182.54296875,-332.2810363769531,44428.921875,9295.263671875
57086.436971339,52676.2890625,52075.18359375,-7965.513671875,11000.142578125,-43097.42578125,-256.1286315917969,44514.68359375,9388.873046875
57086.441008989,52651.30078125,52044.671875,-8018.263671875,10958.5458984375,-43138.5546875,-273.63006591796875,44474.40625,9354.451171875
57086.445041899,52529.39453125,51922.9921875,-8163.21484375,10837.265625,-43266.49609375,-372.6482849121094,44347.29296875,9226.46484375
57086.44907262,52504.91796875,51890.71484375,-8181.11865234375,10818.333984375,-43290.2109375,-411.4062194824219,44332.25,9197.7431640625
57086.452964401,52602.73046875,51987.83203125,-8065.15771484375,10915.8095703125,-43189.6953125,-341.2887878417969,44426.171875,9294.5478515625
57086.456226758,52695.22265625,52084.078125,-7963.61376953125,11005.3505859375,-43096.375,-262.1412658691406,44510.6171875,9383.240234375
57086.462224157,52642.6953125,52035.8671875,-8033.95458984375,10951.013671875,-43154.4453125,-296.6747131347656,44455.62890625,9332.5908203125
57086.466254878,52508.71875,51894.3359375,-8193.6796875,10808.7451171875,-43299.84375,-409.8415832519531,44322.546875,9201.5205078125
57086.469245919,52492.04296875,51867.3125,-8205.1240234375,10787.0859375,-43317.92578125,-435.0320129394531,44309.16015625,9182.185546875
57086.474726942,52581.71875,51960.1171875,-8086.9951171875,10886.8642578125,-43213.92578125,-360.6677551269531,44401.78515625,9275.68359375
57086.478151578,52673.875,52062.98046875,-7977.02490234375,10988.7431640625,-43110.4140625,-273.2947692871094,44497.2734375,9378.4345703125
57086.481224671,52623.91796875,52010.8984375,-8053.37841796875,10926.8515625,-43175.0078125,-312.1644592285156,44439.0234375,9326.3544921875
57086.484236498,52491.91015625,51878.890625,-8212.0087890625,10794.3505859375,-43315.40234375,-424.9960632324219,44297.04296875,9181.068359375
57086.489124564,52486.41015625,51868.140625,-8209.9970703125,10787.9580078125,-43323.76171875,-446.632568359375,44292.57421875,9166.1376953125
57086.493153097,52588.26953125,51975.359375,-8081.92138671875,10901.4150390625,-43204.6484375,-355.3480224609375,44410.2578125,9281.3603515625
57086.497139329,52681.7421875,52078.6015625,-7973.8955078125,11001.2158203125,-43102.34375,-268.3774108886719,44506.4140625,9375.9306640625
57086.501183178,52629.08203125,52027.12890625,-8045.30908203125,10946.431640625,-43157.0390625,-297.4346618652344,44452.9921875,9324.4775390625
57086.505175974,52493.00390625,51887.83203125,-8205.4150390625,10807.6044921875,-43299.171875,-407.4722900390625,44322.16796875,9196.22265625
57086.509092918,52493.2734375,51882.84765625,-8200.1845703125,10803.1796875,-43307.2421875,-428.0359191894531,44313.25,9180.666015625
57086.512105839,52592.515625,51983.80859375,-8084.2685546875,10899.6943359375,-43209.4296875,-359.43841552734375,44405.2265625,9280.2431640625
57086.516139843,52691.0859375,52073.6640625,-7978.701171875,10992.1181640625,-43110.75,-275.55230712890625,44497.4296875,9379.73046875
57086.521080421,52638.4921875,52022.58984375,-8049.8017578125,10935.61328125,-43164.81640625,-305.01190185546875,44442.6875,9325.169921875
57086.525093274,52498.50390625,51888.58984375,-8203.2021484375,10807.1806640625,-43297.65234375,-409.46160888671875,44312.9140625,9193.7646484375
57086.529342434,52480.98046875,51865.5234375,-8211.5615234375,10792.1376953125,-43314.10546875,-435.6802062988281,44294.85546875,9175.5029296875
57086.533234944,52587.10546875,51974.30859375,-8079.50732421875,10901.2587890625,-43202.7265625,-353.8057556152344,44408.22265625,9282.0537109375
57086.537297028,52678.9921875,52066.62109375,-7980.2880859375,10989.5927734375,-43109.67578125,-276.17816162109375,44494.859375,9370.4775390625
57086.542324763,52639.0078125,52029.875,-8039.6318359375,10943.1015625,-43153.86328125,-296.6076354980469,44452.45703125,9334.0888671875
57086.546308441,52509.5234375,51899.51953125,-8184.3369140625,10815.427734375,-43283.34765625,-396.2740783691406,44332.0703125,9211.8916015625
57086.549261192,52482.3203125,51868.7421875,-8203.58203125,10794.640625,-43307.421875,-433.7132568359375,44306.3671875,9184.1083984375
57086.554404163,52583.0390625,51980.5234375,-8078.52392578125,10903.203125,-43200.06640625,-355.1692199707031,44405.8984375,9281.3603515625
57086.558331683,52688.91796875,52081.8203125,-7963.97119140625,11002.2666015625,-43096.98046875,-265.7398986816406,44503.015625,9380.333984375
57086.563341914,52644.03515625,52031.7109375,-8027.4501953125,10946.8564453125,-43151.29296875,-294.75244140625,44455.85546875,9340.1455078125
57086.566415735,52498.4140625,51881.26171875,-8196.541015625,10797.8818359375,-43303.59765625,-415.7871398925781,44315.6875,9200.2685546875
57086.569399483,52499.5078125,51876.03125,-8191.9365234375,10799.0888671875,-43303.17578125,-427.25360107421875,44313.29296875,9190.478515625
57086.573360552,52601.12109375,51982.1796875,-8071.1923828125,10902.041015625,-43202.390625,-355.03509521484375,44402.6796875,9283.7744140625
57086.577363558,52677.00390625,52063.828125,-7980.8916015625,10979.4228515625,-43119.51171875,-283.80010986328125,44484.91015625,9368.9345703125
57086.580826485,52640.16796875,52031.6875,-8036.79345703125,10944.732421875,-43156.32421875,-299.3792724609375,44456.5234375,9337.4638671875
57086.585210574,52524.65625,51926.5234375,-8173.07177734375,10842.6748046875,-43265.84765625,-380.0467224121094,44348.05078125,9225.0791015625
57086.589370754,52502.03515625,51899.8125,-8186.90771484375,10824.234375,-43287.88671875,-411.78619384765625,44324.6953125,9201.005859375
57086.593220963,52576.19921875,51970.01953125,-8086.66015625,10896.0732421875,-43206.01171875,-350.16241455078125,44406.5,9281.8076171875
57086.596252482,52672.35546875,52056.38671875,-7984.19970703125,10976.47265625,-43112.55859375,-262.3424377441406,44503.8671875,9379.6865234375
57086.600433814,52643.6328125,52033.18359375,-8028.8359375,10953.583984375,-43141.078125,-275.77581787109375,44465.3515625,9346.3369140625
57086.604860934,52513.41015625,51901.33203125,-8183.1298828125,10824.4130859375,-43278.51953125,-383.2653503417969,44335.17578125,9218.4853515625
57086.60936427,52487.73046875,51872.1171875,-8204.7890625,10799.22265625,-43304.828125,-417.3517761230469,44312.01953125,9193.3623046875
57086.613438388,52575.01171875,51955.0,-8100.33935546875,10880.29296875,-43214.99609375,-350.4082946777344,44401.78515625,9284.3779296875
57086.61746218,52678.3671875,52062.265625,-7981.71875,10984.4072265625,-43106.41015625,-254.51931762695312,44505.140625,9388.984375
57086.622306121,52636.3671875,52029.02734375,-8039.11767578125,10942.4306640625,-43149.57421875,-274.412353515625,44458.6484375,9347.2763671875
57086.625413127,52488.9140625,51869.5703125,-8212.2099609375,10785.365234375,-43306.90625,-400.6773681640625,44322.45703125,9206.794921875
57086.628426414,52477.60546875,51856.31640625,-8220.5244140625,10776.759765625,-43324.09765625,-428.7064514160156,44306.9453125,9185.0693359375
57086.634346502,52587.953125,51978.2890625,-8090.48193359375,10893.48046875,-43213.5234375,-351.8611755371094,44402.12109375,9283.73046875
57086.637371822,52674.3671875,52065.50390625,-7979.05859375,10983.78125,-43115.28515625,-266.25396728515625,44497.31640625,9384.7822265625
57086.642452434,52639.140625,52023.28125,-8036.77099609375,10937.916015625,-43156.90625,-283.5318908691406,44456.6796875,9347.2763671875
57086.647294916,52502.68359375,51882.80078125,-8203.58203125,10793.0537109375,-43305.43359375,-400.0738830566406,44317.4296875,9207.4658203125
57086.651394925,52479.34765625,51868.296875,-8212.2099609375,10791.958984375,-43316.765625,-428.0135498046875,44297.984375,9185.5830078125
57086.65448151,52577.80859375,51969.48046875,-8092.87353515625,10892.3623046875,-43215.30859375,-352.5540771484375,44395.6171875,9283.529296875
57086.658411582,52656.44140625,52043.4453125,-8000.896484375,10960.267578125,-43135.2890625,-281.67669677734375,44477.19921875,9366.029296875
57086.661427786,52636.90625,52025.609375,-8038.40234375,10940.3291015625,-43161.7109375,-287.9128112792969,44448.5,9339.7880859375
57086.665464342,52517.6796875,51910.453125,-8181.31982421875,10828.1689453125,-43286.09765625,-388.2274475097656,44318.1015625,9212.2939453125
57086.669468807,52478.51953125,51860.60546875,-8216.1884765625,10784.9404296875,-43327.828125,-440.530517578125,44287.94921875,9175.16796875
57086.673456133,52565.7578125,51944.58203125,-8108.31884765625,10871.0166015625,-43233.7265625,-372.4471130371094,44380.796875,9264.9990234375
57086.678397076,52661.26953125,52046.5078125,-7992.2236328125,10964.9833984375,-43130.73046875,-278.10040283203125,44483.75,9368.353515625
57086.681462875,52621.1484375,52004.23828125,-8040.92822265625,10921.2412109375,-43165.64453125,-285.70001220703125,44455.85546875,9346.248046875
57086.684489654,52487.171875,51882.95703125,-8191.82470703125,10814.310546875,-43288.578125,-389.0321044921875,44325.9921875,9214.037109375
57086.688534962,52481.13671875,51882.51171875,-8202.8447265625,10804.609375,-43314.015625,-429.82403564453125,44296.6875,9184.17578125
57086.693464965,52565.1328125,51952.60546875,-8107.9833984375,10870.0556640625,-43235.76171875,-372.6259460449219,44378.26953125,9267.94921875
57086.697454843,52650.046875,52037.41015625,-8004.36083984375,10957.6748046875,-43136.07421875,-284.0012512207031,44473.17578125,9363.3916015625
57086.701477906,52626.19921875,52031.75390625,-8034.0888671875,10951.572265625,-43150.734375,-285.27532958984375,44441.70703125,9331.3388671875
57086.705535614,52504.24609375,51913.625,-8180.380859375,10833.33203125,-43282.96875,-390.0826416015625,44310.12109375,9200.9619140625
57086.710360226,52469.3359375,51866.23828125,-8215.25,10789.142578125,-43322.62109375,-433.08740234375,44291.7265625,9172.552734375
57086.714463153,52561.46875,51950.90625,-8101.70263671875,10872.3134765625,-43226.9765625,-359.43841552734375,44390.921875,9271.302734375
57086.717507071,52663.4375,52057.45703125,-7982.9033203125,10980.361328125,-43117.41015625,-269.4502868652344,44489.0234375,9371.4833984375
57086.720491913,52626.2890625,52021.5625,-8037.97802734375,10936.3505859375,-43165.12890625,-294.01483154296875,44447.47265625,9336.94921875
57086.724548526,52500.15625,51892.94921875,-8189.9921875,10807.716796875,-43296.55859375,-392.6977844238281,44324.22265625,9211.17578125
57086.728502667,52476.26171875,51877.21484375,-8208.1865234375,10797.099609375,-43315.66796875,-423.85614013671875,44301.26953125,9181.2919921875
57086.733434858,52562.62890625,51962.64453125,-8096.67333984375,10888.451171875,-43219.19921875,-356.8232421875,44390.25,9274.4091796875
57086.73744224,52649.3984375,52051.08984375,-7995.53173828125,10973.96875,-43127.6015625,-277.9886474609375,44478.36328125,9361.71484375
57086.741526933,52634.69140625,52042.75,-8029.4619140625,10963.240234375,-43142.15234375,-272.9371643066406,44459.765625,9340.861328125
57086.745453723,52497.67578125,51900.86328125,-8193.27734375,10824.3466796875,-43286.65625,-387.3557434082031,44321.96875,9199.5087890625
57086.748570576,52454.1796875,51849.65625,-8230.314453125,10779.732421875,-43329.52734375,-436.2389831542969,44282.6953125,9160.884765625
57086.752528363,52558.96484375,51946.99609375,-8111.49267578125,10866.6357421875,-43233.6171875,-362.7911682128906,44382.2734375,9267.189453125
57086.756566013,52658.67578125,52048.60546875,-7992.6708984375,10971.9794921875,-43123.69140625,-269.7632141113281,44482.609375,9367.080078125
57086.761489087,52642.0703125,52050.0390625,-8019.626953125,10973.7900390625,-43130.05859375,-260.8895568847656,44458.7578125,9344.34765625
57086.765522361,52496.1796875,51900.81640625,-8191.9365234375,10822.06640625,-43287.34765625,-388.7638854980469,44319.328125,9204.2021484375
57086.769097972,52462.0703125,51855.109375,-8222.2900390625,10779.2177734375,-43329.90625,-437.22247314453125,44285.95703125,9168.1494140625
57086.77333838,52564.640625,51955.53515625,-8093.0302734375,10882.5283203125,-43216.96484375,-346.2508850097656,44399.4375,9281.2041015625
57086.776388498,52656.44140625,52049.078125,-7982.94775390625,10975.2880859375,-43113.49609375,-257.223876953125,44497.5859375,9378.322265625
57086.780322217,52626.3125,52024.625,-8028.8359375,10950.6787109375,-43145.19140625,-274.1217956542969,44460.32421875,9344.1025390625
57086.786295182,52510.4609375,51912.12890625,-8173.5859375,10836.9970703125,-43271.01171875,-368.0438232421875,44338.44140625,9215.4228515625
57086.789379579,52478.90234375,51878.8671875,-8206.6884765625,10805.6376953125,-43309.30078125,-417.9105529785156,44297.8046875,9167.568359375
57086.79459512,52566.05078125,51953.5234375,-8097.34423828125,10882.169921875,-43219.71484375,-351.9505615234375,44391.79296875,9266.720703125
57086.797609865,52647.61328125,52041.5234375,-7993.1181640625,10967.173828125,-43124.44921875,-266.3433837890625,44485.29296875,9362.3408203125
57086.803498227,52636.61328125,52049.48046875,-8017.6826171875,10967.62109375,-43139.0234375,-269.6737976074219,44457.1953125,9340.1904296875
57086.806562567,52495.77734375,51898.4921875,-8182.392578125,10820.5693359375,-43288.19921875,-384.04766845703125,44322.52734375,9211.6005859375
57086.809108708,52472.30859375,51863.66796875,-8207.9404296875,10786.9072265625,-43320.7890625,-420.9504089355469,44297.37890625,9184.578125
57086.812619407,52573.671875,51973.41796875,-8082.30126953125,10903.806640625,-43203.77734375,-338.49481201171875,44395.16796875,9269.08984375
57086.816650493,52660.73046875,52076.7265625,-7974.14111328125,11004.5908203125,-43104.265625,-259.25787353515625,44482.1171875,9350.740234375
57086.821532359,52630.84765625,52046.05859375,-8020.4990234375,10964.3349609375,-43142.12890625,-272.2218933105469,44446.9140625,9328.5673828125
57086.825136779,52497.2734375,51899.0078125,-8184.31494140625,10815.361328125,-43290.96875,-385.3887634277344,44320.0234375,9204.873046875
57086.829088731,52471.3671875,51865.5234375,-8209.8408203125,10785.2529296875,-43321.078125,-418.8493347167969,44305.046875,9184.4208984375
57086.832661789,52547.02734375,51943.17578125,-8111.53759765625,10871.0166015625,-43234.46484375,-365.16046142578125,44379.23046875,9258.025390625
57086.836666254,52646.3828125,52048.36328125,-7997.2978515625,10979.2890625,-43124.94140625,-276.06640625,44476.75390625,9352.88671875
57086.840166013,52615.24609375,52019.484375,-8046.13623046875,10941.9169921875,-43164.6171875,-293.79132080078125,44440.90234375,9322.7333984375
57086.844510717,52501.8125,51893.3984375,-8189.4111328125,10812.208984375,-43293.65234375,-387.959228515625,44325.609375,9212.986328125
57086.849588777,52460.4140625,51843.328125,-8219.228515625,10768.9140625,-43326.12890625,-421.3750915527344,44300.80078125,9182.72265625
57086.853580843,52556.08203125,51958.3046875,-8096.181640625,10887.1328125,-43218.37109375,-351.3023681640625,44387.3671875,9266.6083984375
57086.857620681,52661.11328125,52068.76953125,-7978.4775390625,10992.87890625,-43112.69140625,-263.1247253417969,44484.48828125,9363.0341796875
57086.861650673,52625.484375,52030.0546875,-8032.92626953125,10948.041015625,-43153.77734375,-278.212158203125,44453.1953125,9334.1552734375
57086.865644198,52484.7578125,51885.953125,-8198.75390625,10803.24609375,-43301.18359375,-392.6083984375,44318.703125,9203.3310546875
57086.870654429,52464.05859375,51857.5234375,-8213.1484375,10782.3251953125,-43318.84375,-414.446044921875,44303.48046875,9185.740234375
#57118.875945093,52613.4140625,51964.8125,-7924.60986328125,10935.1884765625,-42413.796875,-21.770599365234375,44419.6875,9304.2041015625
57118.879957581,52698.1953125,52043.33203125,-7818.26025390625,11015.1181640625,-42321.10546875,48.86091232299805,44510.66015625,9395.3994140625
57118.883968975,52772.2890625,52126.4140625,-7735.13427734375,11092.142578125,-42245.3125,112.87631225585938,44580.30859375,9468.3330078125
57118.887982921,52736.4609375,52096.1953125,-7804.759765625,11049.4287109375,-42300.18359375,81.04742431640625,44523.421875,9416.0078125
57118.892013643,52607.24609375,51960.23046875,-7954.58349609375,10917.75390625,-42433.0,-22.12822723388672,44403.796875,9295.822265625
57118.89499739,52599.30859375,51947.93359375,-7943.83251953125,10916.7265625,-42428.640625,-31.33714485168457,44405.98828125,9293.296875
57118.898938038,52707.89453125,52061.4140625,-7811.5546875,11032.3515625,-42309.9296875,57.13105773925781,44512.3359375,9397.9921875
57118.902919893,52781.05078125,52135.04296875,-7733.8154296875,11099.3623046875,-42238.31640625,119.55947875976562,44593.49609375,9476.357421875
57118.908957041,52713.3046875,52065.953125,-7827.06689453125,11021.869140625,-42316.97265625,71.48088073730469,44525.078125,9412.4541015625
57118.911993666,52600.203125,51943.890625,-7969.5146484375,10896.162109375,-42448.109375,-28.856101989746094,44408.51171875,9293.900390625
57118.915878883,52595.0859375,51937.83203125,-7960.7080078125,10901.146484375,-42446.1640625,-45.172874450683594,44407.59765625,9288.669921875
57118.919919451,52701.1875,52046.10546875,-7830.3076171875,11012.9951171875,-42328.7265625,45.172874450683594,44517.34375,9397.634765625
57118.922930549,52784.60546875,52134.9296875,-7735.2236328125,11101.59765625,-42235.85546875,125.50504302978516,44600.87109375,9482.392578125
57118.929108095,52720.58984375,52072.546875,-7818.39453125,11037.134765625,-42302.890625,86.47889709472656,44536.23046875,9421.3046875
57118.93320154,52603.33203125,51957.81640625,-7955.455078125,10922.984375,-42429.64453125,-16.227367401123047,44414.2109375,9300.0244140625
57118.936220661,52605.74609375,51961.66015625,-7937.75244140625,10931.8134765625,-42423.07421875,-27.693811416625977,44416.9609375,9296.5595703125
57118.941222869,52699.24609375,52051.01953125,-7821.68017578125,11021.7119140625,-42321.95703125,48.27976989746094,44514.484375,9392.4267578125
57118.945209465,52773.1171875,52120.22265625,-7741.12451171875,11085.59375,-42246.7421875,116.69845581054688,44588.53515625,9468.8916015625
57118.95014895,52715.828125,52066.64453125,-7818.1259765625,11027.880859375,-42307.0234375,82.8802719116211,44530.44140625,9414.80078125
57118.95315166,52601.3671875,51950.125,-7953.890625,10915.6982421875,-42427.8359375,-14.774502754211426,44412.55859375,9296.6943359375
57118.956299146,52599.0859375,51946.7265625,-7941.26171875,10915.384765625,-42427.1640625,-26.866796493530273,44414.68359375,9295.509765625
57118.959239498,52705.546875,52061.83984375,-7815.08642578125,11026.96484375,-42317.75390625,49.28559494018555,44507.93359375,9386.9052734375
57118.963222082,52782.37109375,52140.203125,-7726.46142578125,11102.8046875,-42236.1484375,121.01234436035156,44585.875,9466.052734375
57118.968143333,52724.43359375,52081.0625,-7805.9892578125,11036.822265625,-42298.3515625,89.25051879882812,44530.80078125,9416.1640625
57118.972150716,52599.30859375,51955.265625,-7954.9189453125,10913.5517578125,-42431.0078125,-20.653011322021484,44396.35546875,9285.3837890625
57118.975782486,52595.48828125,51942.4140625,-7947.81103515625,10907.0703125,-42433.4921875,-38.310890197753906,44396.46484375,9282.6572265625
57118.979180501,52703.58203125,52054.9765625,-7817.67919921875,11020.28125,-42318.4921875,45.195228576660156,44508.26953125,9387.888671875
57118.983081764,52791.3125,52148.80859375,-7719.443359375,11109.353515625,-42231.09375,121.07939910888672,44588.9375,9472.0654296875
57118.987170833,52732.703125,52093.17578125,-7795.41650390625,11049.16015625,-42290.39453125,93.43029022216797,44536.140625,9423.5625
57118.991101999,52608.83203125,51966.8671875,-7939.78662109375,10925.3984375,-42418.3359375,-8.694828987121582,44415.5078125,9302.908203125
57118.995175387,52606.8203125,51960.85546875,-7929.37060546875,10926.9853515625,-42414.24609375,-20.5412540435791,44418.70703125,9300.1142578125
57119.000134564,52705.76953125,52057.5703125,-7809.9677734375,11020.9970703125,-42311.49609375,57.64514923095703,44517.12109375,9398.2158203125
57119.003734607,52781.36328125,52140.31640625,-7721.49951171875,11100.5693359375,-42230.3125,126.5332260131836,44590.8359375,9475.8876953125
57119.008218251,52728.94921875,52091.07421875,-7796.31103515625,11047.6845703125,-42290.4375,90.59162139892578,44531.9375,9423.31640625
57119.012228187,52599.77734375,51963.40234375,-7944.279296875,10926.3818359375,-42422.984375,-19.066038131713867,44402.30078125,9292.24609375
57119.017159648,52604.78515625,51960.453125,-7930.19775390625,10928.974609375,-42420.68359375,-30.845407485961914,44407.0390625,9291.5751953125
57119.021277891,52710.734375,52060.7890625,-7808.7158203125,11027.5458984375,-42314.64453125,52.88422775268555,44513.453125,9395.064453125
57119.025204681,52784.16015625,52136.40625,-7726.9755859375,11094.4892578125,-42243.1640625,117.92780303955078,44590.14453125,9477.8994140625
57119.029262753,52725.77734375,52082.828125,-7805.564453125,11037.984375,-42306.1953125,77.2923355102539,44527.0,9422.35546875
57119.032301931,52597.85546875,51960.609375,-7952.1025390625,10921.0400390625,-42435.03125,-28.185550689697266,44399.4375,9291.9111328125
57119.036118225,52597.38671875,51955.19921875,-7939.09375,10925.353515625,-42427.8359375,-36.83567428588867,44404.71484375,9290.033203125
57119.039258781,52698.88671875,52052.8984375,-7822.7978515625,11016.4599609375,-42331.9453125,32.1865119934082,44495.4609375,9380.423828125
57119.043259235,52773.875,52120.4921875,-7745.3935546875,11071.958984375,-42263.640625,97.52066040039062,44568.6640625,9459.146484375
57119.047262971,52728.34765625,52072.61328125,-7816.9189453125,11016.5263671875,-42318.24609375,74.1183853149414,44515.77734375,9415.359375
57119.051770683,52601.859375,51960.16015625,-7954.091796875,10916.4580078125,-42432.86328125,-24.341049194335938,44398.7890625,9290.345703125
57119.056242294,52591.6640625,51947.21875,-7949.263671875,10914.0439453125,-42435.2109375,-42.64712905883789,44402.61328125,9286.8369140625
57119.060273744,52689.96875,52045.9921875,-7827.80419921875,11012.5478515625,-42329.7578125,36.388641357421875,44502.16796875,9386.525390625
57119.063290312,52778.5703125,52132.984375,-7731.3564453125,11093.037109375,-42241.69140625,115.31265258789062,44588.2890625,9472.7587890625
57119.067295507,52717.484375,52070.46875,-7813.96875,11024.796875,-42311.3828125,73.5595932006836,44523.1328125,9410.5087890625
57119.071318206,52599.109375,51953.94921875,-7952.14697265625,10910.958984375,-42433.01953125,-23.715200424194336,44403.03515625,9288.916015625
57119.07530079,52592.8515625,51940.58203125,-7946.40283203125,10906.8466796875,-42434.47265625,-40.21078872680664,44398.8359375,9281.78515625
57119.07933844,52689.96875,52040.40625,-7825.3681640625,11009.9775390625,-42328.97265625,34.66755676269531,44491.953125,9376.7353515625
57119.084297982,52784.1796875,52138.83984375,-7725.90283203125,11100.703125,-42237.64453125,112.69749450683594,44574.54296875,9462.87890625
57119.088300624,52734.9609375,52090.42578125,-7801.18359375,11043.9072265625,-42298.015625,78.1417007446289,44515.890625,9408.5419921875
57119.092100872,52600.5625,51957.45703125,-7954.29296875,10913.8203125,-42433.578125,-28.856101989746094,44388.328125,9278.56640625
57119.096237349,52598.16796875,51950.171875,-7946.80517578125,10912.2109375,-42432.59765625,-43.45178985595703,44389.58203125,9274.833984375
57119.101171728,52692.6953125,52039.6875,-7829.3466796875,11003.0263671875,-42329.8671875,36.03101348876953,44492.0625,9377.5849609375
57119.104168968,52770.078125,52116.625,-7742.2197265625,11075.1103515625,-42249.35546875,108.83064270019531,44568.796875,9460.80078125
57119.109173364,52723.18359375,52083.67578125,-7806.1904296875,11040.7109375,-42293.9921875,83.93080139160156,44520.67578125,9415.91796875
57119.113163242,52600.828125,51962.75390625,-7947.69921875,10925.2646484375,-42416.28125,-11.48879623413086,44413.54296875,9299.197265625
57119.11717026,52591.33203125,51942.7734375,-7948.97314453125,10909.0595703125,-42429.578125,-35.04753494262695,44406.8359375,9287.015625
57119.1201799,52687.5546875,52034.19140625,-7831.89501953125,11000.388671875,-42331.38671875,38.40029525756836,44502.90625,9384.3349609375
57119.124154462,52764.4453125,52108.0859375,-7743.6279296875,11070.037109375,-42250.51953125,115.33499908447266,44590.1875,9475.1728515625
57119.127145138,52726.89453125,52088.68359375,-7802.30126953125,11044.9130859375,-42290.1484375,93.63145446777344,44542.82421875,9430.1787109375
57119.131208315,52607.1328125,51970.35546875,-7950.15771484375,10923.9677734375,-42421.421875,-10.4829683303833,44418.55078125,9304.78515625
57119.135196735,52584.4453125,51936.6484375,-7962.36181640625,10899.3583984375,-42439.01171875,-39.674346923828125,44406.56640625,9289.138671875
57119.140306156,52687.890625,52042.34765625,-7833.1689453125,11011.654296875,-42323.1171875,45.84342956542969,44510.94921875,9391.30859375
57119.144366052,52781.90234375,52141.8359375,-7729.5908203125,11102.9833984375,-42230.08984375,126.77909088134766,44596.984375,9480.1572265625
57119.14737642,52733.6875,52093.1328125,-7799.01513671875,11048.3779296875,-42285.9453125,96.04544830322266,44543.5390625,9429.2841796875
57119.151360828,52601.61328125,51958.796875,-7955.0751953125,10915.8994140625,-42424.75,-15.333296775817871,44412.46875,9297.0068359375
57119.155394103,52592.42578125,51948.78515625,-7949.6884765625,10914.6474609375,-42426.78515625,-34.01935577392578,44406.30078125,9288.06640625
57119.159361371,52691.4453125,52046.23828125,-7826.150390625,11012.7939453125,-42322.671875,42.89299774169922,44504.515625,9386.123046875
57119.163390998,52775.328125,52126.79296875,-7732.4072265625,11088.2978515625,-42239.0078125,118.03956604003906,44587.57421875,9472.9599609375
57119.167948306,52724.5,52081.93359375,-7801.63037109375,11039.99609375,-42291.82421875,89.18346405029297,44528.296875,9421.1259765625
57119.171934173,52595.80078125,51951.625,-7953.689453125,10910.0205078125,-42428.68359375,-21.457674026489258,44400.53515625,9288.267578125
57119.175121773,52591.59765625,51941.85546875,-7945.888671875,10907.0927734375,-42432.73046875,-40.43430709838867,44402.9921875,9282.5234375
57119.180420095,52695.265625,52048.67578125,-7817.03076171875,11015.69921875,-42318.625,44.14469528198242,44506.59375,9385.51953125
57119.183454532,52781.609375,52136.96484375,-7721.4326171875,11097.7080078125,-42229.57421875,123.82866668701172,44593.67578125,9473.1162109375
57119.18889617,52729.1953125,52079.85546875,-7797.71875,11037.693359375,-42290.52734375,90.21163940429688,44539.16015625,9420.3212890625
57119.193425398,52613.45703125,51970.12890625,-7940.03271484375,10926.560546875,-42417.9765625,-13.50045394897461,44415.5546875,9296.537109375
57119.197397772,52599.8671875,51954.88671875,-7942.15576171875,10916.033203125,-42429.06640625,-38.087371826171875,44404.33203125,9280.421875
57119.20144381,52697.72265625,52043.0625,-7824.18359375,11003.80859375,-42326.73828125,42.51301956176758,44506.01171875,9381.943359375
57119.204044651,52788.515625,52137.5234375,-7722.169921875,11095.3388671875,-42230.828125,126.04148864746094,44597.296875,9475.060546875
57119.207856205,52741.7578125,52094.47265625,-7788.1748046875,11051.1044921875,-42277.33984375,102.21453094482422,44550.19921875,9433.8447265625
57119.211368727,52612.80859375,51965.2578125,-7940.14453125,10927.611328125,-42409.7734375,-3.688037872314453,44423.77734375,9307.3115234375
57119.215389238,52594.90625,51945.43359375,-7945.97802734375,10917.4189453125,-42423.69921875,-31.38184928894043,44411.10546875,9290.591796875
57119.219435275,52693.56640625,52047.01953125,-7830.06201171875,11012.16796875,-42327.90234375,36.343936920166016,44500.33203125,9378.9033203125
57119.224312766,52786.83984375,52141.63671875,-7725.232421875,11103.5869140625,-42230.69140625,120.16297912597656,44590.58984375,9470.8583984375
57119.228377402,52743.12109375,52098.96484375,-7788.30908203125,11053.697265625,-42281.1640625,98.5711898803711,44547.83203125,9435.23046875
57119.23144393,52608.609375,51956.5390625,-7950.9404296875,10913.0380859375,-42426.58203125,-17.099084854125977,44407.21484375,9298.34765625
57119.235351027,52593.6328125,51936.71484375,-7955.96923828125,10905.21484375,-42435.45703125,-42.17774200439453,44398.74609375,9278.96875
57119.239472188,52687.48828125,52035.91015625,-7835.7392578125,11005.1943359375,-42332.1484375,33.259395599365234,44501.13671875,9375.640625
57119.243438362,52780.42578125,52130.21484375,-7731.177734375,11091.29296875,-42238.71875,116.3184814453125,44592.46875,9470.970703125
57119.247553323,52740.75,52094.3828125,-7787.146484375,11050.658203125,-42282.796875,95.28548431396484,44547.29296875,9427.8095703125
57119.251505275,52599.421875,51954.8203125,-7945.79931640625,10914.669921875,-42426.44921875,-22.351743698120117,44407.70703125,9287.10546875
57119.256483415,52598.6171875,51945.41015625,-7939.65234375,10908.947265625,-42429.84765625,-38.601463317871094,44405.44921875,9283.685546875
57119.260492985,52704.5859375,52055.9375,-7811.3984375,11019.3203125,-42317.26171875,44.09999084472656,44507.62109375,9387.93359375
57119.263546021,52786.7734375,52144.5625,-7716.09033203125,11105.7099609375,-42227.51953125,119.35831451416016,44589.046875,9470.4560546875
57119.268524525,52739.34375,52101.46875,-7782.9892578125,11056.5810546875,-42281.51953125,90.16693878173828,44538.6015625,9423.5625
57119.272536283,52611.22265625,51972.8359375,-7932.09765625,10928.3486328125,-42417.21875,-16.78615951538086,44411.6875,9298.548828125
57119.277464463,52598.86328125,51954.3046875,-7932.947265625,10917.552734375,-42425.375,-35.24869918823242,44406.09765625,9287.2392578125
57119.281447048,52692.76171875,52046.21484375,-7818.953125,11009.8876953125,-42326.671875,36.6345100402832,44500.19921875,9383.7763671875
57119.284515035,52775.77734375,52125.7890625,-7726.4169921875,11085.056640625,-42240.1484375,114.61974334716797,44587.39453125,9474.2119140625
57119.287576093,52725.484375,52073.93359375,-7799.43994140625,11024.3271484375,-42299.1796875,82.83556365966797,44534.7109375,9424.8369140625
57119.291513823,52604.83203125,51960.02734375,-7945.9111328125,10911.1826171875,-42426.875,-22.508207321166992,44405.3828125,9291.84375
57119.295502972,52600.94140625,51955.0,-7940.54638671875,10920.97265625,-42419.72265625,-33.88524627685547,44401.76171875,9278.767578125
57119.299524576,52688.71484375,52037.4296875,-7828.63134765625,11008.837890625,-42320.27734375,38.64616775512695,44494.65625,9370.4990234375
57119.303511902,52777.67578125,52133.74609375,-7721.9912109375,11096.4560546875,-42227.33984375,121.28056335449219,44587.1015625,9467.1484375
57119.307493028,52744.84375,52112.5546875,-7770.89697265625,11067.7119140625,-42258.453125,115.0891342163086,44551.1171875,9435.587890625
57119.312537538,52614.57421875,51981.5078125,-7921.8603515625,10944.7548828125,-42389.81640625,7.845462322235107,44425.65625,9307.1103515625
57119.315585833,52602.37109375,51964.2734375,-7929.728515625,10929.466796875,-42409.6171875,-24.609270095825195,44416.984375,9288.37890625
57119.31949913,52708.83203125,52076.8359375,-7799.5966796875,11044.689453125,-42296.453125,58.18159103393555,44519.4453125,9388.4033203125
57119.323602785,52802.0390625,52169.62109375,-7696.73388671875,11132.2197265625,-42203.4921875,140.83834838867188,44611.35546875,9482.2802734375
57119.327594487,52747.2578125,52111.01171875,-7775.3671875,11063.509765625,-42270.30078125,104.76262664794922,44558.0703125,9433.2626953125
57119.331524194,52609.92578125,51968.4765625,-7940.0771484375,10921.4873046875,-42416.79296875,-12.472273826599121,44423.265625,9299.8681640625
57119.335597947,52601.74609375,51962.8203125,-7936.92578125,10926.7177734375,-42418.40234375,-30.89011001586914,44416.55859375,9290.123046875
57119.340543996,52695.80078125,52052.18359375,-7820.16015625,11015.4765625,-42319.609375,47.02806854248047,44516.60546875,9388.3583984375
57119.343570775,52780.24609375,52137.03125,-7722.05810546875,11096.5908203125,-42232.14453125,122.4652099609375,44600.359375,9477.3408203125
57119.348590122,52745.2890625,52102.921875,-7777.31201171875,11057.36328125,-42274.30078125,102.99684143066406,44558.62890625,9439.0078125
57119.352585835,52618.5546875,51978.82421875,-7923.4697265625,10936.4404296875,-42403.0703125,2.481043577194214,44436.2734375,9317.3466796875
57119.356619474,52592.828125,51955.17578125,-7936.18798828125,10920.2578125,-42421.17578125,-28.69964027404785,44417.18359375,9293.1396484375
57119.36068411,52692.13671875,52055.0234375,-7816.62841796875,11019.6787109375,-42318.24609375,46.44692611694336,44514.3046875,9390.2587890625
57119.365594421,52782.16796875,52142.953125,-7717.990234375,11101.2841796875,-42228.8359375,126.26500701904297,44602.546875,9480.89453125
57119.369635353,52732.30078125,52094.5625,-7786.47607421875,11045.94140625,-42284.3359375,95.68782043457031,44550.04296875,9430.40234375
57119.372657756,52603.48828125,51967.984375,-7936.92578125,10924.7724609375,-42417.84375,-14.215709686279297,44418.1015625,9299.7333984375
57119.375670677,52591.0859375,51942.83984375,-7945.93359375,10906.66796875,-42431.92578125,-37.81915283203125,44403.9296875,9286.568359375
57119.379617159,52689.7890625,52045.1640625,-7820.27197265625,11013.5087890625,-42314.19921875,51.587825775146484,44509.56640625,9388.6044921875
57119.383634753,52774.45703125,52143.37890625,-7718.7724609375,11108.1689453125,-42220.9921875,126.51087188720703,44601.7421875,9476.3349609375
57119.387644323,52725.26171875,52085.95703125,-7792.26513671875,11041.359375,-42282.52734375,93.16207122802734,44550.0,9431.3408203125
57119.391649882,52596.8046875,51948.359375,-7947.54248046875,10904.767578125,-42422.875,-18.12726402282715,44417.7890625,9301.7451171875
57119.39661854,52594.75,51954.26171875,-7944.59228515625,10912.7470703125,-42428.4375,-43.56354904174805,44401.31640625,9280.8916015625
57119.399661365,52693.43359375,52053.32421875,-7823.04345703125,11015.140625,-42318.3125,39.13790512084961,44501.18359375,9374.7236328125
57119.402709295,52787.9140625,52151.671875,-7713.162109375,11111.4541015625,-42214.890625,130.57888793945312,44599.46484375,9472.7587890625
57119.407663366,52751.34765625,52123.12890625,-7764.88427734375,11080.609375,-42252.0390625,115.15618896484375,44562.1796875,9440.0576171875
57119.411583957,52622.2421875,51990.62890625,-7919.669921875,10950.0302734375,-42388.5625,8.583069801330566,44434.46484375,9313.591796875
57119.415645675,52605.390625,51969.70703125,-7928.4765625,10934.451171875,-42405.37109375,-19.356611251831055,44420.91796875,9295.107421875
57119.41965087,52696.11328125,52056.72265625,-7818.28271484375,11019.0302734375,-42313.83984375,47.51980972290039,44512.3359375,9385.609375
57119.423725716,52788.00390625,52149.234375,-7713.1845703125,11110.1806640625,-42216.3203125,133.52932739257812,44607.95703125,9481.2080078125
57119.428710785,52738.71875,52107.86328125,-7775.65771484375,11066.5947265625,-42264.21875,107.53424072265625,44560.125,9437.0849609375
57119.43269337,52614.28515625,51981.171875,-7925.57080078125,10938.9208984375,-42398.95703125,2.5704505443573,44436.20703125,9315.7158203125
57119.435682223,52591.84375,51949.74609375,-7948.1015625,10909.73046875,-42427.0546875,-33.88524627685547,44414.19140625,9291.798828125
57119.44022932,52687.2421875,52042.2578125,-7833.548828125,11001.953125,-42326.55859375,40.45665740966797,44510.05859375,9387.0400390625
57119.444685614,52780.2265625,52134.21484375,-7729.0322265625,11092.0751953125,-42230.42578125,121.05704498291016,44598.79296875,9478.212890625
57119.449584984,52739.6796875,52099.2578125,-7790.365234375,11048.3779296875,-42278.01171875,96.11250305175781,44545.6640625,9431.1845703125
57119.453680982,52614.21875,51976.58984375,-7942.2900390625,10923.3203125,-42412.58984375,-10.706485748291016,44423.0625,9303.779296875
57119.456709584,52605.1875,51963.08984375,-7948.0791015625,10917.798828125,-42423.09765625,-34.46638870239258,44413.72265625,9289.2958984375
57119.459734175,52694.640625,52052.8984375,-7833.75,11010.513671875,-42324.0546875,35.89690017700195,44503.640625,9377.6748046875
57119.463643096,52776.78125,52135.84765625,-7736.14013671875,11090.7568359375,-42235.90234375,110.99876403808594,44588.5546875,9464.9130859375
57119.467668348,52734.94140625,52090.203125,-7798.9931640625,11035.48046875,-42289.4765625,85.8530502319336,44545.52734375,9428.2568359375
57119.471654944,52594.97265625,51938.30078125,-7963.30078125,10881.74609375,-42439.078125,-27.738513946533203,44412.84765625,9294.6826171875
57119.475455192,52583.84375,51934.3671875,-7961.1328125,10893.927734375,-42434.31640625,-45.1505241394043,44400.0859375,9273.1357421875
57119.479731338,52693.4765625,52060.8125,-7827.67041015625,11023.5224609375,-42312.23046875,39.33906936645508,44502.0546875,9368.3984375
57119.482762493,52785.7890625,52156.12109375,-7721.11962890625,11115.544921875,-42212.58984375,124.94625091552734,44598.1015625,9464.6005859375
57119.486738149,52745.265625,52112.98046875,-7776.9541015625,11067.533203125,-42254.96875,110.73054504394531,44564.1015625,9433.7548828125
57119.491728323,52610.84375,51967.78515625,-7939.65234375,10918.5146484375,-42403.96484375,-3.1515960693359375,44430.9765625,9301.25390625
57119.49569705,52589.72265625,51941.96875,-7954.73974609375,10899.6943359375,-42425.77734375,-38.26618576049805,44406.8359375,9274.3203125
57119.49968547,52691.48828125,52050.28515625,-7829.68212890625,11011.8779296875,-42317.08203125,36.94743347167969,44502.2578125,9370.6787109375
57119.503768704,52790.23828125,52156.85546875,-7713.87744140625,11118.1826171875,-42210.28515625,123.62749481201172,44596.671875,9467.841796875
57119.50776077,52742.02734375,52102.85546875,-7783.88330078125,11055.9775390625,-42269.40625,92.91619873046875,44543.8515625,9422.9365234375
57119.512697337,52615.6953125,51972.296875,-7938.15478515625,10924.1689453125,-42408.12109375,-15.5791654586792,44411.88671875,9292.9609375
57119.51569166,52589.98828125,51944.24609375,-7952.79541015625,10904.65625,-42427.27734375,-45.68696594238281,44400.98046875,9271.302734375
57119.520749299,52689.85546875,52045.1640625,-7826.150390625,11010.5361328125,-42317.171875,37.55093002319336,44505.4296875,9373.8076171875
57119.52377316,52774.4375,52128.8046875,-7729.30029296875,11088.2978515625,-42232.6171875,109.63530731201172,44589.00390625,9459.34765625
57119.528737807,52736.796875,52091.8125,-7786.341796875,11043.259765625,-42277.23046875,88.75877380371094,44548.09765625,9423.048828125
57119.532798796,52605.0546875,51952.25,-7946.8720703125,10901.3701171875,-42422.984375,-23.379924774169922,44415.46484375,9293.5869140625
57119.537756514,52592.55859375,51942.16796875,-7954.56103515625,10897.1455078125,-42435.58984375,-50.783164978027344,44396.2421875,9270.6767578125
57119.540828513,52692.40625,52045.03125,-7829.65966796875,11002.6015625,-42325.8671875,30.554834365844727,44497.47265625,9367.75
57119.543838152,52791.48828125,52149.81640625,-7718.4150390625,11103.20703125,-42224.25390625,115.91614532470703,44591.10546875,9461.203125
57119.547784999,52764.66796875,52125.72265625,-7767.27587890625,11066.974609375,-42262.1640625,101.3204574584961,44555.4296875,9428.4580078125
57119.551772324,52631.00390625,51991.6328125,-7922.28515625,10940.240234375,-42395.0234375,-2.257526159286499,44428.8515625,9299.80078125
57119.555767308,52603.1328125,51960.5625,-7945.35205078125,10916.6142578125,-42420.83984375,-37.81915283203125,44403.9296875,9269.55859375
57119.559737129,52698.4609375,52050.640625,-7830.3076171875,11004.0771484375,-42324.5703125,34.30992889404297,44499.21484375,9366.54296875
57119.563881264,52790.3515625,52143.109375,-7723.578125,11097.283203125,-42222.69140625,121.191162109375,44595.12890625,9466.052734375
57119.566821615,52745.9375,52094.18359375,-7787.59375,11045.427734375,-42270.34375,97.81123352050781,44550.69140625,9428.837890625
57119.570788884,52621.50390625,51979.33984375,-7932.79052734375,10934.607421875,-42396.05078125,-4.671514511108398,44418.19140625,9299.0859375
57119.574766728,52601.5,51966.59765625,-7942.669921875,10926.8291015625,-42410.1328125,-31.940643310546875,44409.31640625,9279.0810546875
57119.579635831,52694.8203125,52058.8203125,-7826.26220703125,11021.3994140625,-42306.98046875,43.74236297607422,44508.78125,9374.791015625
57119.583704113,52780.13671875,52137.9921875,-7733.92724609375,11094.6240234375,-42224.32421875,114.50798797607422,44587.953125,9457.3134765625
57119.58771186,52746.765625,52102.18359375,-7789.44873046875,11050.12109375,-42269.36328125,92.73738861083984,44547.83203125,9426.2451171875
57119.591709761,52632.97265625,51990.11328125,-7928.6552734375,10942.296875,-42391.89453125,-5.342066764831543,44426.83984375,9305.12109375
57119.595457497,52600.671875,51952.49609375,-7954.650390625,10910.087890625,-42425.109375,-46.20105743408203,44397.44921875,9273.6494140625
57119.600675226,52688.58203125,52044.671875,-7836.7900390625,11004.1884765625,-42322.55859375,29.660764694213867,44493.09375,9367.951171875
57119.603698359,52779.0625,52142.171875,-7726.86376953125,11099.7197265625,-42221.39453125,115.02207946777344,44584.265625,9458.3642578125
57119.608628362,52753.8046875,52116.22265625,-7772.68505859375,11064.44921875,-42259.34765625,98.951171875,44548.81640625,9427.1611328125
57119.612736758,52631.85546875,51989.62109375,-7922.5537109375,10937.0439453125,-42393.3671875,-5.722046375274658,44425.03125,9304.115234375
57119.616907879,52599.9140625,51951.109375,-7949.57666015625,10905.6396484375,-42424.34765625,-43.51884460449219,44400.21875,9273.716796875
57119.621887477,52688.0,52029.5625,-7838.24267578125,10988.453125,-42327.96875,31.046573638916016,44499.73046875,9371.05859375
57119.624851897,52779.7109375,52122.12109375,-7733.25634765625,11078.75390625,-42227.71875,118.97833251953125,44597.65234375,9471.1044921875
57119.627902744,52753.42578125,52108.64453125,-7780.0166015625,11051.775390625,-42264.7578125,99.55467224121094,44558.78515625,9438.404296875
57119.631792702,52624.4765625,51983.33984375,-7932.2763671875,10927.767578125,-42400.43359375,-8.091331481933594,44424.515625,9306.8193359375
57119.635789874,52601.38671875,51964.49609375,-7942.9384765625,10926.046875,-42410.35546875,-33.77348709106445,44403.10546875,9281.427734375
57119.63984357,52692.8515625,52055.26953125,-7828.3857421875,11019.25390625,-42312.14453125,36.90272903442383,44508.3359375,9379.1943359375
57119.643398394,52785.41015625,52149.3671875,-7724.2490234375,11108.4375,-42217.39453125,116.85491943359375,44598.30078125,9468.66796875
57119.647900272,52748.015625,52109.0234375,-7780.68701171875,11060.9169921875,-42261.31640625,100.00170135498047,44563.3671875,9435.4091796875
57119.650974458,52618.890625,51975.5390625,-7936.6796875,10926.2255859375,-42398.734375,-5.29736328125,44433.9921875,9306.8642578125
57119.654873168,52586.32421875,51934.90234375,-7966.63134765625,10887.556640625,-42433.40234375,-43.78706741333008,44405.02734375,9272.8671875
57119.658993599,52685.23046875,52035.93359375,-7843.24951171875,10993.4375,-42323.8984375,36.03101348876953,44505.80859375,9371.0361328125
57119.66383134,52781.20703125,52141.43359375,-7730.5966796875,11102.0,-42215.42578125,121.6158447265625,44597.54296875,9465.337890625
57119.667847839,52750.20703125,52112.8671875,-7780.798828125,11066.1474609375,-42253.3359375,104.6285171508789,44560.01171875,9433.6435546875
57119.671902994,52626.98046875,51990.3125,-7928.9013671875,10943.16796875,-42384.875,3.1515960693359375,44432.49609375,9306.685546875
57119.675908553,52596.6953125,51953.58984375,-7950.78369140625,10915.720703125,-42411.83203125,-32.23121643066406,44400.421875,9274.87890625
57119.679436391,52690.70703125,52044.16015625,-7834.7783203125,11007.294921875,-42314.109375,37.0591926574707,44501.875,9370.1416015625
57119.682993768,52784.6953125,52142.3046875,-7724.427734375,11104.078125,-42208.98828125,123.87336730957031,44599.84375,9467.439453125
57119.688890882,52760.48828125,52123.5078125,-7762.0009765625,11078.708984375,-42235.72265625,118.08426666259766,44571.90234375,9442.8525390625
57119.69293619,52627.31640625,51989.59765625,-7919.5361328125,10943.8837890625,-42378.66015625,6.549061298370361,44437.9296875,9310.5517578125
57119.695939995,52595.82421875,51949.0078125,-7947.2744140625,10908.478515625,-42412.92578125,-34.22052001953125,44408.69140625,9280.7568359375
57119.700996539,52685.8125,52031.6875,-7840.85791015625,10989.9951171875,-42323.33984375,29.54900550842285,44496.80078125,9368.30859375
57119.703938349,52778.03515625,52122.703125,-7739.783203125,11077.7255859375,-42228.61328125,111.15522766113281,44588.625,9459.1015625
57119.709917514,52755.28125,52106.02734375,-7779.32373046875,11055.955078125,-42255.28125,102.86272430419922,44560.7265625,9434.537109375
57119.712951587,52634.4453125,51989.59765625,-7923.89453125,10939.63671875,-42384.09375,0.5811453461647034,44435.0234375,9310.5966796875
57119.715989671,52597.453125,51942.7265625,-7959.03173828125,10898.30859375,-42425.4453125,-44.547027587890625,44397.96484375,9272.3525390625
57119.719919013,52684.69140625,52030.32421875,-7844.81396484375,10995.7841796875,-42323.98828125,27.13501739501953,44493.44921875,9362.05078125
57119.723928584,52780.046875,52131.265625,-7731.4013671875,11093.505859375,-42220.34375,116.20671844482422,44600.08984375,9466.701171875
57119.727976809,52751.6796875,52107.37109375,-7774.0263671875,11066.6396484375,-42248.73046875,108.04833221435547,44571.859375,9444.0810546875
57119.731972887,52633.28515625,51991.23046875,-7925.2802734375,10942.8330078125,-42384.5625,1.2069941759109497,44440.765625,9315.1787109375
57119.735009877,52604.67578125,51955.4453125,-7954.78466796875,10907.7626953125,-42420.50390625,-40.523712158203125,44409.2734375,9280.9580078125
57119.738955265,52692.29296875,52034.83984375,-7844.47900390625,10989.1455078125,-42325.0859375,32.47708511352539,44504.87109375,9376.51171875
57119.743008231,52791.48828125,52136.0234375,-7730.8203125,11088.5439453125,-42218.578125,122.4652099609375,44602.7734375,9477.9892578125
57119.747026554,52754.9453125,52111.59375,-7776.931640625,11064.7841796875,-42249.6015625,106.77428436279297,44564.99609375,9444.3046875
57119.751952545,52617.5703125,51972.3671875,-7938.2666015625,10926.806640625,-42393.4375,-4.515052318572998,44431.19921875,9310.775390625
57119.75599129,52586.703125,51930.0546875,-7966.318359375,10888.2724609375,-42427.45703125,-42.24479675292969,44400.30859375,9277.337890625
57119.76000633,52688.94140625,52028.71484375,-7844.03173828125,10988.564453125,-42321.7109375,33.0358772277832,44499.1484375,9370.455078125
57119.7640283,52786.6171875,52130.52734375,-7734.08349609375,11087.26953125,-42223.20703125,112.8986587524414,44595.70703125,9460.5771484375
57119.768166235,52762.296875,52118.25390625,-7767.05224609375,11070.1259765625,-42243.1875,111.84812927246094,44571.90234375,9439.96875
57119.772765115,52636.50390625,51996.50390625,-7913.724609375,10950.052734375,-42372.29296875,12.405218124389648,44447.359375,9315.9609375
57119.777002606,52601.56640625,51953.56640625,-7945.732421875,10912.1435546875,-42409.91015625,-31.314794540405273,44414.4140625,9280.779296875
57119.781009988,52692.5625,52042.81640625,-7826.7314453125,11006.69140625,-42306.64453125,43.78706741333008,44510.50390625,9375.9755859375
57119.784038955,52777.296875,52134.1015625,-7721.54443359375,11100.45703125,-42206.08203125,126.84615325927734,44599.80078125,9466.052734375
57119.788999955,52759.70703125,52125.87890625,-7757.3740234375,11081.3017578125,-42230.76171875,121.45938110351562,44573.53515625,9443.4111328125
57119.793943816,52637.15234375,51996.05859375,-7911.154296875,10950.09765625,-42369.4296875,13.545157432556152,44444.09765625,9316.05078125
57119.797023472,52600.44921875,51952.2265625,-7945.37451171875,10914.111328125,-42406.734375,-32.790008544921875,44404.890625,9274.7001953125
57119.799963824,52685.2734375,52036.671875,-7836.9013671875,11001.2158203125,-42315.0703125,30.04074478149414,44484.73046875,9355.9033203125
57119.802974922,52792.83203125,52144.18359375,-7718.12451171875,11103.1845703125,-42207.26953125,121.03469848632812,44597.2734375,9463.2373046875
57119.807961449,52771.05859375,52122.4140625,-7759.9443359375,11071.0869140625,-42238.29296875,112.20575714111328,44575.01171875,9445.9814453125
57119.813041333,52643.07421875,51990.3359375,-7916.4736328125,10938.474609375,-42377.58984375,4.09036922454834,44442.82421875,9317.50390625
57119.815967097,52602.86328125,51941.56640625,-7955.90234375,10898.419921875,-42417.8203125,-40.21078872680664,44406.96875,9279.169921875
57119.82001824,52680.8046875,52013.08984375,-7858.27001953125,10974.662109375,-42333.2421875,20.407142639160156,44491.55078125,9362.6767578125
57119.823069452,52785.27734375,52129.1640625,-7743.91845703125,11079.8271484375,-42229.5546875,104.9190902709961,44586.65625,9460.599609375
57119.82705386,52769.51953125,52115.68359375,-7778.3623046875,11056.87109375,-42255.19140625,100.53814697265625,44564.75,9444.3720703125
57119.831041551,52634.08984375,51977.39453125,-7933.3271484375,10924.4150390625,-42388.0703125,2.8833749294281006,44437.99609375,9317.4140625
57119.835081024,52601.6328125,51948.62890625,-7955.61181640625,10907.1591796875,-42411.33984375,-33.59467315673828,44403.08203125,9276.041015625
57119.839975289,52692.40625,52040.42578125,-7838.24267578125,11001.2158203125,-42311.11328125,38.132076263427734,44504.6484375,9368.30859375
57119.844036643,52790.70703125,52140.40625,-7721.87939453125,11098.6025390625,-42206.015625,127.3825912475586,44605.140625,9469.0703125
57119.848158533,52770.546875,52119.59765625,-7755.8095703125,11070.2822265625,-42230.515625,124.74508666992188,44586.12109375,9454.20703125
57119.852059796,52636.2109375,51977.6171875,-7915.5126953125,10929.51171875,-42374.125,13.433398246765137,44453.5078125,9324.208984375
57119.855983668,52600.00390625,51945.140625,-7947.38623046875,10899.9619140625,-42410.3125,-30.778352737426758,44415.53125,9280.5556640625
57119.861017238,52698.44140625,52055.359375,-7818.64013671875,11017.5322265625,-42293.703125,50.0232048034668,44514.97265625,9374.947265625
57119.86411841,52803.2265625,52165.86328125,-7697.87353515625,11132.0625,-42180.265625,140.3913116455078,44614.59765625,9475.5751953125
57119.869073575,52785.0078125,52148.85546875,-7734.75390625,11105.017578125,-42208.54296875,133.26109313964844,44588.78125,9456.576171875
57119.873091169,52652.88671875,52008.5546875,-7896.84912109375,10963.708984375,-42350.6328125,23.983421325683594,44455.18359375,9324.9462890625
