#57081.87280563,52704.40625,52108.0390625,-8009.56884765625,11028.1494140625,-43185.8046875,-248.97607421875,44545.86328125,9410.12890625
57081.877704272,52601.03125,51995.6328125,-8137.3759765625,10914.7587890625,-43296.19921875,-325.8437194824219,44441.86328125,9316.1845703125
57081.881997192,52493.05078125,51900.59375,-8257.6064453125,10823.0498046875,-43403.48828125,-421.643310546875,44331.0625,9200.447265625
57081.885064085,52536.03125,51950.015625,-8199.2900390625,10874.4140625,-43356.7734375,-402.6443176269531,44378.13671875,9235.9638671875
57081.889050317,52636.703125,52042.08203125,-8080.91552734375,10968.6943359375,-43253.91015625,-319.7864074707031,44480.8203125,9339.921875
57081.892602588,52703.78125,52115.6171875,-8010.216796875,11038.9453125,-43180.6875,-246.0032958984375,44547.13671875,9402.216796875
57081.896834609,52622.01953125,52037.1640625,-8113.95166015625,10958.45703125,-43264.796875,-299.3569030761719,44467.140625,9324.5439453125
57081.900801512,52509.61328125,51917.828125,-8241.0654296875,10843.814453125,-43384.265625,-400.36444091796875,44356.1640625,9212.5400390625
57081.905964906,52533.83984375,51935.6640625,-8196.98828125,10869.51953125,-43355.92578125,-394.10595703125,44383.76953125,9241.6865234375
57081.910047411,52638.22265625,52042.9296875,-8070.11962890625,10974.6845703125,-43244.65625,-306.6435852050781,44489.60546875,9349.8916015625
57081.913756856,52701.48046875,52108.64453125,-8007.4228515625,11031.1669921875,-43182.25,-246.2938690185547,44541.86328125,9409.8828125
57081.918050141,52615.3125,52017.0703125,-8124.814453125,10931.4560546875,-43282.609375,-314.5784606933594,44454.82421875,9327.0703125
57081.920829672,52498.32421875,51905.87109375,-8253.8291015625,10827.05078125,-43397.67578125,-415.9883117675781,44342.57421875,9206.6162109375
57081.927045145,52537.5078125,51944.6953125,-8195.892578125,10876.3583984375,-43350.73828125,-394.4859313964844,44381.109375,9240.099609375
57081.93005989,52648.7734375,52058.46484375,-8063.6376953125,10987.1787109375,-43232.72265625,-299.8710021972656,44493.671875,9356.060546875
57081.933150122,52708.8984375,52123.171875,-8000.0693359375,11042.8125,-43171.14453125,-239.11895751953125,44555.36328125,9422.5341796875
57081.939125275,52616.765625,52019.19140625,-8120.85791015625,10939.3232421875,-43276.62109375,-312.61151123046875,44457.53125,9328.2998046875
57081.943058994,52488.01953125,51882.66796875,-8270.123046875,10804.20703125,-43418.01953125,-434.67437744140625,44324.3359375,9192.177734375
57081.946124428,52531.40625,51926.12109375,-8210.0419921875,10851.458984375,-43371.75,-411.0932922363281,44366.76171875,9231.5830078125
57081.949135891,52638.37890625,52036.984375,-8079.2392578125,10964.7822265625,-43251.1171875,-315.9642639160156,44475.74609375,9342.783203125
57081.953133792,52695.53515625,52094.5390625,-8018.8896484375,11014.7158203125,-43195.39453125,-259.5931701660156,44528.49609375,9405.79296875
57081.957149561,52610.55078125,52011.078125,-8128.25634765625,10926.9189453125,-43286.76953125,-321.0604553222656,44450.22265625,9321.884765625
57081.96202924,52503.21875,51908.52734375,-8253.5380859375,10825.1064453125,-43398.953125,-418.245849609375,44342.53125,9203.263671875
57081.966150035,52533.05859375,51934.5703125,-8208.1640625,10856.64453125,-43368.77734375,-411.249755859375,44368.61328125,9228.3427734375
57081.969096222,52637.64453125,52040.47265625,-8082.033203125,10961.9658203125,-43258.71875,-324.6590881347656,44473.04296875,9334.37890625
57081.972621143,52699.24609375,52101.06640625,-8020.9013671875,11014.9619140625,-43197.7421875,-264.95758056640625,44533.28125,9397.4560546875
57081.977027112,52615.78125,52019.05859375,-8131.2294921875,10927.56640625,-43290.43359375,-326.6930847167969,44445.953125,9313.48046875
57081.981040694,52501.2734375,51907.0546875,-8261.4951171875,10821.5078125,-43405.4765625,-424.10198974609375,44333.90234375,9198.6142578125
57081.985098401,52533.55078125,51941.07421875,-8207.60546875,10867.619140625,-43358.7421875,-400.9455871582031,44373.01953125,9230.845703125
57081.989157202,52639.65625,52047.4453125,-8074.9921875,10978.796875,-43240.3203125,-309.9516296386719,44478.05078125,9344.0126953125
57081.994166339,52699.24609375,52106.41015625,-8011.2451171875,11031.79296875,-43183.75,-255.72630310058594,44542.578125,9409.3017578125
57081.997220104,52610.21875,52018.09765625,-8129.8212890625,10929.2880859375,-43290.61328125,-326.40252685546875,44452.9921875,9323.1357421875
57082.002200796,52487.05859375,51895.8125,-8269.6318359375,10812.052734375,-43414.9765625,-431.8133544921875,44331.53515625,9199.2626953125
57082.006137432,52523.08984375,51924.21875,-8216.2109375,10854.0966796875,-43372.2421875,-412.1438293457031,44372.03515625,9233.818359375
57082.010206809,52628.03125,52026.27734375,-8086.92822265625,10956.400390625,-43259.09765625,-321.2839660644531,44485.42578125,9348.2373046875
57082.014175901,52684.8515625,52079.65234375,-8027.673828125,11005.9091796875,-43202.48046875,-265.38226318359375,44544.96875,9412.1181640625
57082.018734303,52609.14453125,52014.23046875,-8127.787109375,10933.087890625,-43286.0546875,-321.1498718261719,44461.734375,9334.0439453125
57082.023186585,52504.828125,51914.765625,-8246.7431640625,10838.4052734375,-43389.20703125,-408.70166015625,44355.78515625,9226.375
57082.026225763,52536.94921875,51945.25390625,-8195.9599609375,10875.2861328125,-43350.24609375,-391.3119812011719,44391.1015625,9257.9140625
57082.029266035,52633.75390625,52035.98046875,-8082.2568359375,10962.6591796875,-43252.97265625,-317.6629943847656,44484.015625,9354.25
57082.032767252,52698.91015625,52097.84765625,-8018.39794921875,11015.498046875,-43196.35546875,-264.95758056640625,44539.0234375,9414.353515625
57082.036731968,52612.36328125,52014.05078125,-8132.2353515625,10926.2705078125,-43293.5859375,-332.0798645019531,44443.11328125,9323.44921875
57082.040936638,52495.0625,51894.46875,-8269.9892578125,10809.37109375,-43417.52734375,-437.20013427734375,44319.77734375,9201.1181640625
57082.045136203,52521.7734375,51920.8671875,-8221.060546875,10846.7431640625,-43371.4140625,-411.38385009765625,44370.40234375,9236.3447265625
57082.050157374,52630.40234375,52031.5546875,-8088.626953125,10958.3447265625,-43255.23046875,-318.6017761230469,44481.8046875,9342.873046875
57082.053134557,52692.515625,52090.11328125,-8025.662109375,11008.48046875,-43196.51171875,-259.45904541015625,44543.5390625,9407.1337890625
57082.057129541,52607.9140625,52003.9921875,-8136.951171875,10918.3349609375,-43286.859375,-317.4618225097656,44462.3125,9328.478515625
57082.061109938,52494.92578125,51905.0859375,-8266.2119140625,10822.1337890625,-43399.6875,-418.2011413574219,44343.69140625,9204.984375
57082.064752648,52527.359375,51935.328125,-8220.591796875,10857.4267578125,-43366.875,-410.0203857421875,44368.81640625,9227.8505859375
57082.068947472,52635.9453125,52033.296875,-8094.0361328125,10958.45703125,-43255.765625,-322.5580139160156,44468.55078125,9332.724609375
57082.073015025,52693.9453125,52093.55859375,-8031.58544921875,11014.42578125,-43198.078125,-269.4949951171875,44524.67578125,9390.7275390625
57082.077957792,52602.7734375,52003.76953125,-8146.24951171875,10917.9775390625,-43296.51171875,-336.6396179199219,44440.3203125,9305.0087890625
57082.081252969,52482.43359375,51877.59375,-8282.05859375,10798.8876953125,-43418.93359375,-437.87066650390625,44326.21484375,9188.869140625
57082.085199087,52518.73046875,51910.33984375,-8233.220703125,10835.8798828125,-43381.49609375,-420.0116271972656,44363.140625,9220.1171875
57082.089213398,52629.4609375,52022.87890625,-8102.73095703125,10947.2587890625,-43266.4296875,-329.5317687988281,44472.91015625,9330.19921875
57082.093241202,52686.4375,52074.109375,-8038.78271484375,10992.5654296875,-43209.921875,-270.813720703125,44539.0234375,9402.5517578125
57082.096782898,52606.171875,51990.60546875,-8151.79296875,10892.876953125,-43312.5625,-340.5735168457031,44445.4140625,9315.3798828125
57082.101338747,52503.80078125,51904.3046875,-8268.46875,10816.2548828125,-43410.75390625,-434.0932312011719,44328.40234375,9195.0830078125
57082.107273422,52531.828125,51936.37890625,-8219.2060546875,10859.3271484375,-43370.51953125,-418.5140686035156,44361.28515625,9220.36328125
57082.111305602,52639.7890625,52041.43359375,-8088.33642578125,10962.4130859375,-43255.5859375,-326.82720947265625,44474.96484375,9331.607421875
57082.114441783,52708.09375,52108.21875,-8013.92724609375,11023.1650390625,-43186.1640625,-259.03436279296875,44543.40625,9406.642578125
57082.118231821,52617.70703125,52013.359375,-8129.4189453125,10921.263671875,-43284.2890625,-320.6581115722656,44453.37109375,9322.80078125
57082.121312207,52502.2578125,51896.32421875,-8261.8974609375,10814.064453125,-43401.07421875,-422.0232849121094,44343.42578125,9204.58203125
57082.125281298,52533.328125,51932.22265625,-8213.1708984375,10859.8408203125,-43360.328125,-409.23809814453125,44371.921875,9225.8837890625
57082.129337182,52636.92578125,52040.29296875,-8083.0615234375,10969.029296875,-43245.73046875,-318.6017761230469,44480.91015625,9335.18359375
57082.133268713,52709.125,52117.33984375,-8006.12646484375,11039.4599609375,-43171.92578125,-249.71368408203125,44550.51171875,9405.033203125
57082.13782201,52636.28125,52045.0078125,-8106.0166015625,10961.1162109375,-43250.37890625,-297.4570007324219,44476.796875,9331.697265625
57082.140843318,52520.4296875,51926.6796875,-8240.529296875,10846.83203125,-43367.8828125,-392.6083984375,44366.9375,9222.6650390625
57082.145265333,52546.06640625,51950.08203125,-8200.67578125,10872.9169921875,-43340.12109375,-383.60064697265625,44394.3203125,9247.9892578125
57082.148858813,52644.81640625,52047.17578125,-8079.6416015625,10966.9951171875,-43237.4140625,-303.3578796386719,44496.4453125,9353.6689453125
57082.153337716,52708.02734375,52109.08984375,-8010.95458984375,11026.7412109375,-43175.41015625,-248.8419647216797,44553.7109375,9414.353515625
57082.157353121,52631.33984375,52037.87890625,-8110.1962890625,10950.923828125,-43258.60546875,-305.3248291015625,44470.65234375,9330.5791015625
57082.161359774,52506.125,51907.1875,-8251.7275390625,10828.5712890625,-43386.8828125,-413.9990234375,44344.40625,9206.884765625
57082.166293789,52524.90234375,51921.73828125,-8215.5849609375,10850.5205078125,-43362.13671875,-409.1710205078125,44364.14453125,9226.5322265625
57082.170369365,52626.17578125,52022.859375,-8095.82421875,10949.91796875,-43258.8046875,-331.9457702636719,44471.38671875,9327.47265625
57082.173410731,52688.5390625,52086.24609375,-8025.416015625,11010.15625,-43190.6328125,-267.95269775390625,44538.7109375,9398.193359375
57082.177351743,52599.98046875,51997.5546875,-8137.46533203125,10916.7265625,-43285.8515625,-331.27520751953125,44450.734375,9313.435546875
57082.181379912,52497.67578125,51892.01171875,-8268.2236328125,10805.4140625,-43404.31640625,-426.65008544921875,44337.90234375,9197.0498046875
57082.187296353,52521.52734375,51913.109375,-8230.2255859375,10832.8623046875,-43375.9296875,-417.9999694824219,44363.25,9215.9814453125
57082.191484248,52624.30078125,52025.3828125,-8101.47900390625,10949.6953125,-43256.28125,-328.2577209472656,44469.53125,9317.81640625
57082.195354878,52693.72265625,52098.00390625,-8023.4267578125,11023.8583984375,-43176.84375,-256.28509521484375,44541.21484375,9392.6279296875
57082.198397703,52621.19140625,52024.3125,-8122.28857421875,10946.2978515625,-43255.05078125,-304.58721923828125,44466.875,9324.701171875
57082.201381451,52495.91015625,51893.88671875,-8272.2685546875,10813.4833984375,-43394.390625,-420.7939453125,44338.86328125,9196.4912109375
57082.20539722,52505.3671875,51880.12109375,-8257.9638671875,10795.802734375,-43397.74609375,-430.42755126953125,44353.19140625,9209.7236328125
57082.209333127,52626.46875,52016.0625,-8111.0458984375,10939.5029296875,-43262.671875,-332.97393798828125,44466.3359375,9323.046875
57082.213457934,52702.75390625,52111.7734375,-8022.2646484375,11037.73828125,-43174.00390625,-261.8506774902344,44536.54296875,9394.52734375
57082.217608997,52619.6484375,52028.46875,-8130.5810546875,10947.99609375,-43261.93359375,-317.28302001953125,44454.19921875,9312.6533203125
57082.222427775,52501.4765625,51905.80078125,-8270.5029296875,10822.9384765625,-43389.96484375,-418.9163818359375,44337.61328125,9194.61328125
57082.225431945,52519.15625,51922.5,-8236.86328125,10840.3720703125,-43371.125,-416.01068115234375,44362.08984375,9216.7421875
57082.229383167,52626.35546875,52026.8359375,-8108.3857421875,10947.7060546875,-43256.94921875,-327.4306945800781,44473.2890625,9329.9091796875
57082.233446345,52692.40625,52097.15625,-8032.2333984375,11018.8740234375,-43181.0,-257.7156066894531,44543.7421875,9402.1943359375
57082.237384804,52618.44140625,52029.921875,-8126.66943359375,10945.2470703125,-43259.5,-305.23541259765625,44470.16015625,9330.4677734375
57082.241410785,52496.625,51899.921875,-8269.7431640625,10819.2275390625,-43391.41796875,-414.5130920410156,44345.75,9203.576171875
57082.245466304,52512.13671875,51908.59765625,-8241.1103515625,10833.48828125,-43376.12890625,-419.542236328125,44360.41015625,9215.04296875
57082.249409139,52610.6640625,52005.53515625,-8124.50146484375,10926.8515625,-43276.59765625,-345.6026611328125,44456.234375,9311.916015625
57082.253226528,52676.9375,52071.2734375,-8055.4794921875,10989.5927734375,-43208.76171875,-284.0906677246094,44519.2421875,9378.61328125
57082.256496543,52604.62890625,51996.125,-8155.16796875,10909.8193359375,-43290.65625,-333.0633544921875,44445.34765625,9311.6923828125
57082.260993315,52475.8828125,51862.9765625,-8300.1416015625,10783.7783203125,-43417.8828125,-436.1272277832031,44324.71484375,9189.96484375
57082.264960584,52496.55859375,51887.6953125,-8261.607421875,10811.4716796875,-43390.92578125,-429.6228942871094,44347.9609375,9208.5390625
57082.269291795,52608.47265625,51997.22265625,-8128.47998046875,10918.693359375,-43275.7265625,-338.9642028808594,44461.62109375,9322.3310546875
57082.275401513,52685.41015625,52084.2578125,-8042.2919921875,11007.072265625,-43189.91796875,-264.4658508300781,44535.13671875,9391.7109375
57082.279505169,52608.94140625,52014.20703125,-8144.88623046875,10931.0537109375,-43275.45703125,-322.78155517578125,44451.2265625,9307.958984375
57082.282487093,52490.2109375,51901.04296875,-8282.05859375,10819.7646484375,-43401.03125,-430.539306640625,44327.93359375,9182.4990234375
57082.285020835,52506.86328125,51911.859375,-8249.224609375,10839.03125,-43374.74609375,-422.2467956542969,44351.6953125,9199.7548828125
57082.289449778,52603.17578125,52007.01171875,-8128.994140625,10934.8310546875,-43266.3828125,-336.37139892578125,44458.71484375,9305.791015625
57082.293501651,52675.10546875,52080.37109375,-8052.595703125,11000.6572265625,-43196.890625,-273.1606750488281,44526.55078125,9376.244140625
57082.297506845,52600.42578125,52003.65625,-8154.11767578125,10915.0947265625,-43284.421875,-327.87774658203125,44447.0703125,9301.1865234375
57082.301570387,52475.16796875,51874.1953125,-8300.7001953125,10786.37109375,-43417.390625,-438.2506408691406,44320.91796875,9173.7373046875
57082.306332276,52494.61328125,51894.359375,-8264.8037109375,10815.8974609375,-43388.1328125,-433.6685485839844,44342.12890625,9191.3056640625
57082.309470645,52597.65625,51994.359375,-8138.53857421875,10919.095703125,-43279.37109375,-348.0613708496094,44448.30078125,9297.72265625
57082.312578381,52669.16015625,52066.1328125,-8060.15087890625,10985.9267578125,-43208.0234375,-282.4366455078125,44519.22265625,9371.21484375
57082.317544487,52598.953125,51999.1875,-8151.92724609375,10916.94921875,-43282.90234375,-332.7057189941406,44442.15234375,9300.6953125
57082.321526707,52474.36328125,51871.9375,-8294.3076171875,10793.76953125,-43410.93359375,-436.39544677734375,44318.1015625,9174.8544921875
57082.325565451,52486.09765625,51876.27734375,-8267.552734375,10802.93359375,-43396.89453125,-434.89788818359375,44335.87109375,9192.892578125
57082.329597631,52588.0234375,51972.8359375,-8144.193359375,10900.38671875,-43288.71484375,-348.3072204589844,44454.66796875,9305.9033203125
57082.333612307,52662.69921875,52054.77734375,-8061.98388671875,10978.640625,-43211.109375,-283.5542297363281,44523.37890625,9374.0537109375
57082.338498549,52595.734375,51995.87890625,-8158.29736328125,10904.65625,-43295.30859375,-341.04290771484375,44441.16796875,9293.966796875
57082.34253,52476.64453125,51880.9921875,-8296.654296875,10795.19921875,-43418.64453125,-443.59271240234375,44319.6640625,9170.787109375
57082.346555616,52502.86328125,51910.3828125,-8250.38671875,10840.2158203125,-43378.0546875,-427.4100646972656,44347.359375,9193.5849609375
57082.350596548,52611.671875,52022.65625,-8117.52783203125,10952.623046875,-43260.9296875,-339.43359375,44455.16015625,9300.203125
57082.354595179,52681.33984375,52087.41015625,-8042.6943359375,11010.5361328125,-43192.51171875,-274.2335510253906,44522.86328125,9372.6904296875
57082.359503301,52612.921875,52021.62890625,-8131.4306640625,10939.345703125,-43265.0859375,-317.4171142578125,44453.73046875,9306.439453125
57082.363528553,52502.68359375,51908.6640625,-8260.958984375,10830.9404296875,-43379.05859375,-409.5733642578125,44345.52734375,9196.37890625
57082.366564813,52507.64453125,51912.6640625,-8238.3388671875,10844.0830078125,-43364.77734375,-415.6530456542969,44356.34375,9201.9228515625
57082.369586122,52603.15234375,52006.31640625,-8122.556640625,10935.8369140625,-43267.03125,-341.02056884765625,44452.56640625,9298.0576171875
57082.373562507,52672.98046875,52080.28125,-8044.92919921875,11001.0146484375,-43194.76953125,-271.7077941894531,44526.3046875,9372.1083984375
57082.377557126,52595.28515625,52002.046875,-8148.06005859375,10918.693359375,-43275.63671875,-322.4686279296875,44449.21484375,9300.3369140625
57082.381605717,52477.6953125,51878.421875,-8289.2333984375,10799.4462890625,-43400.5390625,-424.2584533691406,44325.41015625,9178.7880859375
57082.385617111,52498.234375,51896.1015625,-8257.986328125,10821.9990234375,-43380.66796875,-423.990234375,44351.08984375,9194.6357421875
57082.389602248,52601.38671875,51997.265625,-8134.828125,10922.0908203125,-43273.671875,-342.1381530761719,44458.9375,9299.8681640625
57082.392698679,52672.51171875,52065.83984375,-8059.0107421875,10983.177734375,-43204.9375,-276.5804748535156,44532.25390625,9376.4892578125
57082.396694757,52600.16015625,51993.265625,-8156.64306640625,10905.5498046875,-43287.171875,-330.1799621582031,44453.953125,9305.5234375
57082.400597114,52480.12890625,51879.6953125,-8291.2900390625,10797.6357421875,-43404.29296875,-428.97467041015625,44334.1953125,9188.421875
57082.405499766,52486.0078125,51874.95703125,-8271.3076171875,10799.5361328125,-43395.578125,-434.89788818359375,44346.33203125,9195.7978515625
57082.40961181,52585.453125,51970.2421875,-8150.11669921875,10894.28515625,-43291.23828125,-353.8057556152344,44450.3125,9297.2529296875
57082.413677904,52673.4296875,52072.6796875,-8055.255859375,10992.990234375,-43197.13671875,-277.1392822265625,44523.01953125,9372.4443359375
57082.417708261,52608.69921875,52019.484375,-8136.4150390625,10938.1171875,-43259.85546875,-315.5172119140625,44452.32421875,9311.916015625
57082.422610914,52493.40625,51896.4375,-8276.671875,10816.568359375,-43386.01171875,-415.8988952636719,44343.4453125,9194.61328125
57082.42564061,52510.796875,51915.6796875,-8244.6640625,10846.0498046875,-43363.2578125,-415.38482666015625,44362.4921875,9207.443359375
57082.430672357,52606.05859375,52010.296875,-8127.34033203125,10937.513671875,-43263.9453125,-340.61822509765625,44458.8046875,9304.4951171875
57082.43467354,52677.18359375,52085.7109375,-8046.44921875,11006.53515625,-43188.421875,-274.0323791503906,44529.390625,9376.6689453125
57082.438707543,52609.61328125,52018.7890625,-8133.73291015625,10937.06640625,-43259.03125,-314.5113830566406,44462.8515625,9312.2509765625
57082.44269268,52493.65234375,51897.28515625,-8274.0791015625,10816.5009765625,-43386.01171875,-414.2225341796875,44347.06640625,9195.6865234375
57082.448614227,52498.48046875,51896.34765625,-8254.4765625,10827.251953125,-43372.28515625,-418.4693603515625,44359.60546875,9201.2294921875
57082.451656687,52601.03125,51995.69921875,-8130.1787109375,10929.5556640625,-43261.734375,-332.4375,44467.43359375,9309.255859375
57082.455634166,52675.8203125,52070.7578125,-8049.98095703125,10996.923828125,-43188.1953125,-264.8458251953125,44541.08203125,9390.1240234375
57082.458665321,52604.5390625,51995.9921875,-8147.70263671875,10913.2392578125,-43273.06640625,-320.5240173339844,44461.0390625,9315.2685546875
57082.461682619,52486.90234375,51878.17578125,-8285.92578125,10796.98828125,-43396.73828125,-422.6491394042969,44333.30078125,9189.3828125
57082.465684896,52500.9609375,51895.20703125,-8254.1865234375,10821.462890625,-43374.2734375,-420.6374816894531,44356.87890625,9200.3359375
57082.469703948,52600.80859375,51987.453125,-8133.46435546875,10910.7578125,-43273.3359375,-341.3782043457031,44463.90234375,9304.1591796875
57082.473687991,52675.8203125,52066.3984375,-8047.6787109375,10991.828125,-43191.7734375,-272.3336486816406,44534.1953125,9377.4736328125
57082.476762177,52613.4375,52013.73828125,-8134.9619140625,10929.265625,-43262.828125,-318.2217712402344,44463.36328125,9310.865234375
57082.480765184,52496.4921875,51898.29296875,-8272.134765625,10817.08203125,-43384.55859375,-418.4023132324219,44344.69921875,9192.087890625
57082.484770014,52505.9921875,51902.515625,-8245.5361328125,10830.0009765625,-43369.2890625,-419.00579833984375,44362.73828125,9204.26953125
57082.48962927,52599.35546875,51989.77734375,-8127.630859375,10917.6650390625,-43268.3046875,-337.6678161621094,44466.08984375,9308.853515625
57082.493709952,52688.203125,52090.31640625,-8026.66796875,11015.341796875,-43174.1171875,-258.2967529296875,44546.78125,9391.5322265625
57082.497741402,52630.421875,52044.40625,-8107.91650390625,10959.7529296875,-43238.51171875,-298.5075378417969,44472.953125,9324.41015625
57082.501787075,52499.1953125,51904.125,-8265.6748046875,10818.802734375,-43380.33203125,-410.8027038574219,44351.984375,9194.9931640625
57082.505780965,52504.5390625,51906.6953125,-8242.853515625,10838.115234375,-43360.484375,-412.8143615722656,44368.16796875,9199.375
57082.510670854,52613.14453125,52011.63671875,-8116.8125,10941.603515625,-43249.88671875,-328.8835754394531,44469.109375,9305.43359375
57082.513672471,52694.41796875,52090.44921875,-8029.88671875,11015.1181640625,-43173.69140625,-262.2977294921875,44539.16015625,9382.5693359375
57082.518751989,52632.74609375,52030.859375,-8112.09619140625,10947.6611328125,-43246.71484375,-306.598876953125,44471.07421875,9318.5986328125
57082.52275609,52498.125,51896.34765625,-8265.2060546875,10811.13671875,-43389.80859375,-422.4256286621094,44338.3515625,9186.25390625
57082.526774412,52510.08203125,51905.0859375,-8241.1103515625,10826.3134765625,-43376.9140625,-425.7113342285156,44351.11328125,9196.580078125
57082.531713897,52611.71484375,52003.14453125,-8119.9638671875,10925.2421875,-43271.76953125,-343.9039306640625,44454.55859375,9294.705078125
57082.534707855,52682.97265625,52074.55859375,-8036.8154296875,10998.5107421875,-43194.546875,-276.60284423828125,44528.20703125,9374.7236328125
57082.537814497,52628.41015625,52027.28515625,-8119.3603515625,10937.580078125,-43265.71484375,-322.78155517578125,44459.65234375,9311.53515625
57082.541708467,52519.84765625,51921.94140625,-8253.962890625,10831.4091796875,-43384.9375,-421.10687255859375,44343.22265625,9195.015625
57082.545739553,52513.92578125,51912.23828125,-8248.93359375,10828.66015625,-43386.94921875,-439.435302734375,44342.10546875,9188.7802734375
57082.549771368,52614.15234375,52008.57421875,-8129.70947265625,10925.9345703125,-43280.44140625,-355.32568359375,44448.3203125,9295.77734375
57082.553820688,52688.2265625,52084.7265625,-8045.93505859375,10997.52734375,-43202.63671875,-284.3365478515625,44526.93359375,9372.890625
57082.557829894,52636.81640625,52030.59375,-8120.634765625,10937.916015625,-43261.734375,-314.4890441894531,44473.98046875,9323.8291015625
57082.560849744,52501.453125,51888.74609375,-8275.599609375,10797.8818359375,-43401.76953125,-426.22540283203125,44344.87890625,9196.759765625
57082.564845457,52499.77734375,51884.1875,-8261.5625,10796.7646484375,-43397.453125,-436.59661865234375,44352.1640625,9201.6318359375
57082.568860133,52604.40625,51988.19140625,-8136.236328125,10899.0009765625,-43287.99609375,-353.8951721191406,44455.65234375,9307.2216796875
57082.572869339,52684.1796875,52070.578125,-8045.197265625,10987.5361328125,-43199.75390625,-282.7048645019531,44528.54296875,9380.4462890625
57082.577822316,52619.4921875,52012.48828125,-8130.91650390625,10923.4765625,-43271.1015625,-332.3704528808594,44452.63671875,9305.27734375
57082.581334838,52499.8671875,51893.484375,-8271.28515625,10801.2119140625,-43401.1875,-439.12237548828125,44329.96875,9185.494140625
57082.585399109,52500.40234375,51884.8359375,-8259.3271484375,10804.140625,-43394.59375,-446.4984436035156,44338.28515625,9187.86328125
57082.589622013,52596.0234375,51978.2421875,-8141.7568359375,10901.548828125,-43288.4453125,-365.3169250488281,44438.375,9285.3173828125
57082.593643253,52678.27734375,52066.5546875,-8047.455078125,10987.5361328125,-43196.2421875,-286.0129089355469,44518.1484375,9365.7607421875
57082.598781484,52614.8203125,52002.13671875,-8129.59765625,10921.30859375,-43258.13671875,-316.9030456542969,44461.77734375,9311.53515625
57082.602535419,52488.55859375,51875.671875,-8276.716796875,10799.8486328125,-43388.4453125,-423.8337707519531,44337.61328125,9186.5
57082.606827246,52496.71484375,51887.85546875,-8256.890625,10820.412109375,-43378.6328125,-436.4401550292969,44341.75,9187.5283203125
57082.610747107,52613.5703125,52000.91015625,-8124.568359375,10929.8017578125,-43266.4296875,-348.5978088378906,44452.8359375,9299.845703125
57082.613880006,52671.796875,52054.46484375,-8052.14892578125,10983.4013671875,-43196.1328125,-281.4531555175781,44524.47265625,9370.611328125
57082.617792938,52604.25,51988.19140625,-8144.28271484375,10906.7568359375,-43275.2578125,-331.2304992675781,44450.04296875,9301.96875
57082.620919637,52483.81640625,51875.13671875,-8289.2333984375,10789.9921875,-43405.34375,-438.8541564941406,44320.84765625,9168.640625
57082.624918997,52489.18359375,51886.46875,-8266.435546875,10814.310546875,-43390.234375,-447.41485595703125,44327.33203125,9169.5126953125
57082.628940237,52605.92578125,52000.3515625,-8130.201171875,10925.2421875,-43273.42578125,-356.7785339355469,44438.80078125,9283.2607421875
57082.633924211,52690.70703125,52085.15234375,-8034.6923828125,11005.015625,-43187.37109375,-277.1392822265625,44518.9765625,9367.0126953125
57082.637918465,52615.76171875,52016.28515625,-8126.78125,10929.01953125,-43264.83984375,-325.0837707519531,44458.4921875,9298.83984375
57082.641932047,52486.61328125,51882.265625,-8276.0458984375,10799.22265625,-43398.078125,-431.70159912109375,44336.8515625,9177.1572265625
57082.64499347,52494.48046875,51883.83203125,-8256.779296875,10808.521484375,-43388.89453125,-439.4800109863281,44343.71484375,9182.990234375
57082.648942505,52588.24609375,51974.37890625,-8141.7568359375,10899.1357421875,-43289.5625,-364.31109619140625,44440.02734375,9278.5888671875
57082.652958275,52668.66796875,52061.1484375,-8053.244140625,10979.0205078125,-43206.2109375,-291.1761779785156,44518.6640625,9360.1953125
57082.657013429,52611.6015625,52008.26171875,-8133.7548828125,10924.52734375,-43265.80078125,-327.45306396484375,44459.140625,9306.640625
57082.661845335,52494.43359375,51887.609375,-8274.75,10808.4990234375,-43384.37890625,-420.1904296875,44346.1953125,9184.9580078125
57082.665888456,52484.15234375,51872.72265625,-8271.642578125,10803.603515625,-43385.18359375,-437.2895202636719,44341.12109375,9174.2509765625
57082.669887815,52586.45703125,51973.6171875,-8145.71337890625,10907.181640625,-43275.59375,-354.36456298828125,44439.89453125,9281.8525390625
57082.673500258,52677.453125,52072.61328125,-8044.12451171875,10996.7451171875,-43184.9765625,-272.4230651855469,44522.1953125,9368.30859375
57082.677964575,52624.6328125,52030.75,-8115.71728515625,10948.4658203125,-43240.2109375,-304.4754638671875,44473.66796875,9311.9599609375
57082.682824196,52492.15625,51895.69921875,-8271.5087890625,10813.9755859375,-43381.203125,-417.2176513671875,44343.1328125,9176.8662109375
57082.686862575,52491.015625,51884.61328125,-8262.2333984375,10812.2763671875,-43381.33984375,-430.0699157714844,44345.0546875,9177.0673828125
57082.690972066,52600.3828125,51997.01953125,-8137.1748046875,10917.888671875,-43277.8046875,-359.7289733886719,44436.65234375,9275.5048828125
57082.694926206,52692.96484375,52083.87890625,-8037.642578125,11001.0595703125,-43182.453125,-272.7583312988281,44530.41796875,9374.634765625
57082.698924107,52625.26171875,52018.3203125,-8123.4287109375,10930.13671875,-43250.37890625,-312.0750427246094,44466.9609375,9314.396484375
57082.702967228,52501.3203125,51900.953125,-8264.4453125,10817.23828125,-43374.74609375,-417.4635314941406,44340.40625,9185.13671875
57082.705926177,52507.33203125,51903.5,-8245.4912109375,10832.0576171875,-43364.28515625,-426.5159912109375,44347.11328125,9187.416015625
57082.708966814,52606.3515625,52001.625,-8128.05517578125,10925.890625,-43263.74609375,-349.7824401855469,44445.3046875,9285.205078125
57082.712960704,52695.33203125,52093.04296875,-8026.95849609375,11014.2470703125,-43171.30078125,-266.5221862792969,44529.92578125,9371.37109375
57082.71702461,52631.85546875,52028.4453125,-8108.005859375,10948.2421875,-43236.03125,-305.01190185546875,44468.86328125,9314.888671875
57082.721905382,52500.359375,51893.77734375,-8263.126953125,10814.1767578125,-43374.65625,-416.5024108886719,44348.67578125,9193.5185546875
57082.726034565,52494.8359375,51880.87890625,-8260.802734375,10805.90625,-43382.546875,-437.4683532714844,44341.63671875,9184.7119140625
57082.728971635,52596.40234375,51976.3203125,-8138.31494140625,10900.0068359375,-43280.8671875,-358.5666809082031,44441.19140625,9283.8193359375
57082.732977194,52681.36328125,52058.17578125,-8043.431640625,10974.572265625,-43196.71484375,-279.6426696777344,44527.78125,9373.1591796875
57082.736983118,52621.90625,52006.7890625,-8120.29931640625,10918.849609375,-43258.046875,-320.05462646484375,44462.6484375,9312.6982421875
57082.741030979,52503.30859375,51903.92578125,-8253.314453125,10829.7109375,-43370.20703125,-422.9173583984375,44336.3828125,9185.1142578125
57082.745012834,52508.1796875,51913.73828125,-8234.5390625,10844.41796875,-43357.265625,-423.2749938964844,44346.75390625,9186.857421875
57082.749915487,52614.6640625,52017.89453125,-8105.6591796875,10952.220703125,-43239.13671875,-325.12847900390625,44457.8671875,9294.5263671875
57082.754064727,52689.05078125,52086.91796875,-8022.6220703125,11015.7890625,-43163.90234375,-257.35797119140625,44541.484375,9376.4677734375
57082.758081591,52629.91015625,52019.21484375,-8106.50830078125,10937.6923828125,-43234.0625,-296.71942138671875,44489.3359375,9326.6904296875
57082.761884392,52514.1953125,51904.88671875,-8246.4306640625,10824.123046875,-43356.52734375,-396.2964172363281,44366.26953125,9202.615234375
57082.765045006,52502.9296875,51898.3359375,-8246.5869140625,10827.4306640625,-43362.09375,-425.0184326171875,44347.87109375,9181.1357421875
57082.771004113,52618.734375,52012.80078125,-8114.15283203125,10940.5087890625,-43245.57421875,-336.4161071777344,44456.43359375,9294.2578125
57082.775061821,52703.87109375,52098.69921875,-8019.93994140625,11025.35546875,-43155.8984375,-257.9167785644531,44541.50390625,9379.865234375
57082.779080143,52643.58984375,52038.75,-8100.47314453125,10959.6416015625,-43221.43359375,-293.54547119140625,44483.79296875,9323.560546875
57082.783103571,52514.4609375,51902.515625,-8258.5224609375,10820.7705078125,-43367.12109375,-407.9416809082031,44354.01953125,9200.5595703125
57082.786130715,52504.29296875,51886.19921875,-8262.76953125,10806.509765625,-43383.73046875,-431.1204528808594,44348.38671875,9193.6298828125
57082.79010163,52599.734375,51982.2890625,-8145.400390625,10903.3154296875,-43282.34375,-355.2809753417969,44443.671875,9291.486328125
57082.792667463,52685.765625,52067.62890625,-8049.13134765625,10993.2587890625,-43190.96875,-279.5309143066406,44534.64453125,9375.953125
57082.797070515,52647.92578125,52035.17578125,-8108.11767578125,10952.130859375,-43241.23828125,-304.6542663574219,44487.52734375,9332.658203125
57082.800659983,52516.0703125,51908.37109375,-8256.689453125,10823.765625,-43379.640625,-417.5752868652344,44352.90234375,9198.7041015625
57082.805973257,52502.32421875,51893.8671875,-8254.7001953125,10814.0869140625,-43389.765625,-442.7657165527344,44342.1953125,9186.1201171875
57082.810044092,52594.5703125,51982.625,-8139.74560546875,10903.5830078125,-43293.36328125,-371.7989196777344,44436.2734375,9280.3994140625
57082.813079988,52690.4140625,52074.9140625,-8034.625,10989.4814453125,-43199.640625,-286.4599609375,44530.15234375,9372.5556640625
57082.816746037,52639.7890625,52021.96484375,-8106.1728515625,10931.5234375,-43254.08984375,-313.3714599609375,44472.6640625,9327.0478515625
57082.820855528,52515.15625,51897.10546875,-8253.3818359375,10811.2255859375,-43380.578125,-418.9387512207031,44347.828125,9200.3583984375
57082.824849417,52507.35546875,51894.1796875,-8248.5087890625,10816.634765625,-43378.7890625,-434.7861328125,44348.6328125,9184.98046875
57082.828858623,52612.7890625,51997.82421875,-8123.33935546875,10920.1015625,-43268.28515625,-351.078857421875,44453.44140625,9287.7314453125
57082.832758062,52695.87109375,52073.26171875,-8029.75244140625,10998.3095703125,-43181.84765625,-273.8982849121094,44539.3828125,9377.1826171875
57082.837876236,52647.1640625,52028.89453125,-8100.74169921875,10944.0625,-43241.171875,-309.2140197753906,44479.43359375,9321.4150390625
57082.841902217,52521.48046875,51901.265625,-8255.52734375,10809.482421875,-43384.35546875,-427.4324035644531,44340.7421875,9185.203125
57082.845894283,52513.0078125,51883.60546875,-8253.5380859375,10799.826171875,-43388.9609375,-442.2516174316406,44340.453125,9185.203125
57082.849651136,52604.3828125,51970.51171875,-8136.951171875,10890.5517578125,-43286.6796875,-361.58416748046875,44443.11328125,9287.8427734375
57082.85383976,52700.765625,52075.2265625,-8029.4619140625,10993.3251953125,-43183.52734375,-273.45123291015625,44529.83984375,9379.373046875
57082.858874789,52649.98046875,52034.48046875,-8102.5966796875,10943.8837890625,-43239.91796875,-306.48712158203125,44482.40625,9331.607421875
57082.862902593,52522.33203125,51893.84375,-8263.9765625,10800.3408203125,-43383.953125,-415.943603515625,44358.7578125,9206.03515625
57082.867108357,52512.0703125,51877.68359375,-8265.138671875,10796.697265625,-43386.9921875,-434.6520080566406,44349.953125,9195.015625
57082.870240162,52609.48046875,51998.203125,-8132.70458984375,10926.158203125,-43264.015625,-348.3742980957031,44452.09765625,9294.8837890625
#57107.87598156,52717.26171875,52149.32421875,-7788.3310546875,11108.056640625,-42545.00390625,62.450775146484375,44615.46875,9508.119140625
57107.880020304,52617.75,52052.47265625,-7912.115234375,11010.8271484375,-42646.97265625,-10.728837013244629,44511.109375,9406.75390625
57107.884040086,52518.640625,51952.2265625,-8025.75146484375,10914.7587890625,-42750.50390625,-101.11929321289062,44402.90234375,9298.6611328125
57107.88805695,52561.625,51992.3046875,-7958.31640625,10962.8603515625,-42697.6640625,-75.12421417236328,44459.1171875,9348.3486328125
57107.89210007,52662.4765625,52098.83203125,-7826.48583984375,11077.033203125,-42575.84765625,19.468368530273438,44570.33984375,9459.4150390625
57107.896445139,52725.77734375,52173.21875,-7766.09130859375,11139.5732421875,-42518.42578125,72.5090560913086,44617.16796875,9509.728515625
57107.900045182,52636.99609375,52087.12109375,-7886.2763671875,11042.56640625,-42621.3359375,1.0728837251663208,44518.7734375,9413.0576171875
57107.903488417,52522.93359375,51962.75390625,-8015.20166015625,10923.185546875,-42738.14453125,-96.5818862915039,44412.515625,9305.0087890625
57107.907945075,52566.140625,51995.3203125,-7957.77978515625,10961.2509765625,-42692.7265625,-73.62664794921875,44456.58984375,9347.65625
57107.912049825,52672.46875,52101.15625,-7833.5263671875,11065.3203125,-42582.01953125,11.332334518432617,44559.5,9452.060546875
57107.916022199,52718.15234375,52157.66015625,-7781.2236328125,11119.322265625,-42527.92578125,62.24960708618164,44605.36328125,9501.123046875
57107.920051462,52619.6484375,52066.6015625,-7905.119140625,11022.875,-42631.5703125,-8.851290702819824,44508.046875,9405.0107421875
57107.924984018,52511.51171875,51950.125,-8033.14990234375,10908.34375,-42749.54296875,-106.997802734375,44402.87890625,9299.2421875
57107.929019845,52558.16015625,51996.7734375,-7967.4580078125,10961.2509765625,-42696.66015625,-78.20875549316406,44452.61328125,9346.1357421875
57107.933042179,52664.734375,52102.38671875,-7842.82470703125,11066.7734375,-42587.76171875,7.443130970001221,44556.52734375,9451.3681640625
57107.936067864,52717.59375,52161.015625,-7789.67236328125,11119.5234375,-42538.9921875,56.639320373535156,44597.40625,9500.3408203125
57107.941116385,52623.3359375,52067.40625,-7912.85302734375,11017.3759765625,-42649.18359375,-20.094219207763672,44500.33203125,9401.658203125
57107.944107061,52514.53125,51945.1171875,-8042.78369140625,10892.51953125,-42773.66015625,-120.85588073730469,44398.9453125,9299.5771484375
57107.949717907,52551.27734375,51976.703125,-7988.111328125,10932.3271484375,-42730.58984375,-102.25923156738281,44438.015625,9335.7421875
57107.95375884,52654.875,52090.671875,-7856.34765625,11053.943359375,-42609.95703125,-11.667610168457031,44543.09375,9437.5546875
57107.957828581,52697.34375,52131.84375,-7813.5888671875,11085.83984375,-42570.23828125,33.66172790527344,44587.484375,9487.82421875
57107.961040978,52599.7578125,52032.359375,-7935.6962890625,10984.8095703125,-42669.7265625,-32.879417419433594,44494.07421875,9398.439453125
57107.96506003,52495.5546875,51930.27734375,-8049.623046875,10893.6591796875,-42774.2890625,-128.72369384765625,44387.34765625,9288.8486328125
57107.968078786,52549.578125,51991.69921875,-7975.125,10959.1494140625,-42712.08203125,-92.9832534790039,44440.87890625,9335.228515625
57107.972108049,52654.3828125,52095.2109375,-7848.85986328125,11063.041015625,-42597.59765625,0.08940697461366653,44551.31640625,9442.8076171875
57107.97609501,52708.921875,52148.67578125,-7794.74609375,11108.66015625,-42544.06640625,55.365272521972656,44604.6484375,9500.67578125
57107.980099475,52617.546875,52056.5859375,-7912.00341796875,11014.0458984375,-42641.78515625,-11.086464881896973,44512.29296875,9413.0576171875
57107.9846659,52495.5546875,51934.234375,-8042.0234375,10899.470703125,-42760.18359375,-113.3233413696289,44399.90625,9301.3212890625
57107.988020519,52542.22265625,51979.1171875,-7980.109375,10946.9228515625,-42710.18359375,-84.7578125,44445.39453125,9340.9951171875
57107.991989975,52659.90625,52097.01953125,-7845.06005859375,11062.7275390625,-42590.9140625,8.20309066772461,44552.078125,9449.1328125
57107.996013403,52706.64453125,52145.390625,-7798.03173828125,11101.5302734375,-42549.25,48.346824645996094,44601.09375,9497.1669921875
57108.000022974,52607.1328125,52042.1015625,-7923.7158203125,10992.2529296875,-42659.62109375,-27.85027313232422,44499.75390625,9399.4228515625
57108.003695587,52504.984375,51940.3125,-8034.98291015625,10899.1796875,-42759.82421875,-114.88796997070312,44399.3046875,9294.6376953125
57108.008048679,52552.37109375,51994.44921875,-7963.904296875,10960.736328125,-42700.97265625,-85.47306823730469,44446.30859375,9335.67578125
57108.012192084,52665.046875,52106.921875,-7831.380859375,11074.0380859375,-42579.06640625,12.114645957946777,44559.87890625,9448.5517578125
57108.016168105,52713.2578125,52155.42578125,-7781.24560546875,11117.556640625,-42528.08203125,65.13298034667969,44611.15234375,9503.9619140625
57108.021187452,52616.36328125,52057.234375,-7904.7392578125,11014.783203125,-42632.9140625,-4.895031929016113,44515.80078125,9414.4208984375
57108.025174048,52506.75,51942.50390625,-8032.2333984375,10903.0244140625,-42750.9765625,-103.7791519165039,44407.08203125,9303.6455078125
57108.029248895,52540.03125,51973.1015625,-7979.4609375,10940.2177734375,-42710.40625,-85.07073974609375,44448.74609375,9339.7431640625
57108.03320887,52651.3203125,52087.87890625,-7849.79833984375,11056.044921875,-42594.9140625,4.69386625289917,44556.94921875,9447.3896484375
57108.03770856,52699.35546875,52135.578125,-7802.10009765625,11100.859375,-42548.35546875,51.14079284667969,44602.79296875,9498.798828125
57108.042272068,52616.20703125,52060.41015625,-7914.126953125,11020.1474609375,-42642.5703125,-13.589860916137695,44507.890625,9409.0341796875
57108.044898801,52527.2265625,51966.75390625,-8031.49609375,10921.0849609375,-42753.09765625,-107.53424072265625,44399.55078125,9298.125
57108.049077579,52556.796875,51990.6484375,-7981.60693359375,10952.8466796875,-42716.57421875,-93.0503158569336,44445.86328125,9331.96484375
57108.052226524,52644.03515625,52078.515625,-7869.53515625,11040.912109375,-42617.421875,-15.109779357910156,44544.14453125,9432.2353515625
57108.056141279,52697.45703125,52131.28515625,-7817.7236328125,11085.1240234375,-42568.203125,36.45569610595703,44594.30078125,9486.21484375
57108.060211385,52611.78125,52046.10546875,-7929.03564453125,10996.455078125,-42661.07421875,-24.609270095825195,44506.234375,9400.3837890625
57108.064194699,52501.3203125,51933.0703125,-8051.8583984375,10890.8876953125,-42769.99609375,-117.88310241699219,44399.05859375,9290.3681640625
57108.068238549,52541.0390625,51971.515625,-7993.94482421875,10932.1044921875,-42728.30859375,-100.29227447509766,44437.8828125,9326.9580078125
57108.072221498,52654.09375,52091.859375,-7861.0859375,11051.865234375,-42609.84765625,-13.187529563903809,44541.796875,9432.7041015625
57108.075162579,52721.8203125,52164.14453125,-7796.154296875,11116.8857421875,-42543.37109375,50.0232048034668,44599.57421875,9491.3779296875
57108.080115557,52617.28125,52055.3359375,-7924.16259765625,11004.0546875,-42652.76171875,-21.591785430908203,44502.48046875,9397.1201171875
57108.084207908,52509.0546875,51943.82421875,-8044.6162109375,10900.5654296875,-42761.45703125,-114.55268859863281,44397.62890625,9288.22265625
57108.0877868,52548.79296875,51984.546875,-7983.685546875,10950.2763671875,-42713.0,-91.48568725585938,44438.48828125,9324.3876953125
57108.091796736,52646.96484375,52078.22265625,-7862.1591796875,11043.05859375,-42605.93359375,-5.677342891693115,44545.26171875,9432.3916015625
57108.096047719,52703.42578125,52139.15625,-7799.30615234375,11100.9267578125,-42543.328125,53.219505310058594,44601.69921875,9492.919921875
57108.100995226,52616.5859375,52064.05078125,-7911.04248046875,11020.8408203125,-42638.12109375,-15.042723655700684,44505.38671875,9401.6796875
57108.105004797,52505.0078125,51950.50390625,-8036.63671875,10911.40625,-42753.546875,-113.47980499267578,44394.56640625,9287.8876953125
57108.109362994,52543.05078125,51977.88671875,-7981.78564453125,10945.9619140625,-42709.33203125,-90.54691314697266,44437.03515625,9326.1982421875
57108.113079733,52648.328125,52084.16796875,-7856.68310546875,11052.333984375,-42598.78125,-5.74439811706543,44533.90625,9426.3115234375
57108.116958386,52717.57421875,52154.21875,-7792.62255859375,11109.353515625,-42540.21875,50.58199691772461,44596.0234375,9488.830078125
57108.122012742,52620.140625,52056.72265625,-7913.0986328125,11008.48046875,-42643.1484375,-20.027162551879883,44507.77734375,9399.4892578125
57108.124837128,52509.5234375,51945.69921875,-8035.51904296875,10906.064453125,-42750.55078125,-109.1659164428711,44406.34375,9296.3583984375
57108.128097297,52545.5546875,51980.63671875,-7979.95263671875,10946.275390625,-42708.6640625,-89.1611099243164,44445.5703125,9329.9091796875
57108.131290731,52654.47265625,52089.109375,-7850.1787109375,11055.708984375,-42594.55859375,0.9387732744216919,44553.84375,9437.64453125
57108.136005942,52693.8359375,52130.34765625,-7803.955078125,11097.5068359375,-42548.40234375,48.01154708862305,44599.8203125,9487.779296875
57108.140039946,52607.578125,52048.7421875,-7914.685546875,11012.81640625,-42640.2421875,-13.656915664672852,44509.98828125,9401.5009765625
57108.144064103,52507.62109375,51952.8984375,-8037.32958984375,10911.3173828125,-42756.7421875,-115.71498107910156,44394.9453125,9286.904296875
57108.148045958,52544.4375,51981.88671875,-7984.40087890625,10945.939453125,-42717.11328125,-97.54301452636719,44435.91796875,9325.05859375
57108.152032555,52645.6015625,52083.67578125,-7862.5390625,11046.4775390625,-42609.33203125,-14.70744800567627,44539.0703125,9428.837890625
57108.155996906,52701.0546875,52140.60546875,-7804.1337890625,11095.6513671875,-42553.54296875,42.82594299316406,44595.5078125,9487.890625
57108.159068539,52616.20703125,52050.75390625,-7918.01611328125,10998.8916015625,-42652.58203125,-20.11656951904297,44504.1796875,9404.5859375
57108.16403428,52502.34765625,51932.24609375,-8045.10791015625,10889.009765625,-42769.1015625,-121.30291748046875,44387.27734375,9287.3505859375
57108.167836352,52545.6640625,51982.55859375,-7979.0810546875,10950.5,-42710.96484375,-94.57022857666016,44438.375,9324.8349609375
57108.171818937,52651.09765625,52091.96875,-7854.04541015625,11054.4794921875,-42602.203125,-10.952354431152344,44541.55078125,9429.2177734375
57108.17580918,52707.0,52140.67578125,-7803.3740234375,11095.80859375,-42553.85546875,37.12624740600586,44589.62890625,9481.8115234375
57108.180150602,52609.03125,52043.33203125,-7921.59228515625,11001.1708984375,-42649.38671875,-27.783218383789062,44494.87890625,9388.224609375
57108.185294667,52504.89453125,51945.54296875,-8032.77001953125,10906.712890625,-42750.52734375,-110.73054504394531,44398.96875,9290.123046875
57108.189373526,52545.62109375,51977.55078125,-7974.431640625,10941.0,-42706.3828125,-85.09309387207031,44448.03125,9337.1279296875
57108.1934068,52643.20703125,52076.32421875,-7857.1748046875,11041.0244140625,-42601.328125,-6.638468265533447,44545.8203125,9435.5205078125
57108.197409441,52714.80078125,52168.8359375,-7781.24560546875,11129.4697265625,-42524.9765625,58.047481536865234,44604.1796875,9494.216796875
57108.201401508,52627.3828125,52087.90234375,-7891.9541015625,11050.255859375,-42611.8359375,-1.609325647354126,44512.91796875,9405.234375
57108.205330121,52516.765625,51972.34375,-8019.626953125,10937.87109375,-42726.9921875,-94.97256469726562,44407.5078125,9295.93359375
57108.210384842,52554.046875,52000.23828125,-7964.99951171875,10971.30859375,-42683.91796875,-72.79962921142578,44451.94140625,9337.3515625
57108.213410891,52655.5703125,52095.12109375,-7845.48486328125,11067.623046875,-42578.328125,8.895994186401367,44554.69140625,9442.181640625
57108.216423813,52711.5390625,52156.09765625,-7792.98046875,11117.8251953125,-42527.79296875,58.695682525634766,44604.06640625,9492.8974609375
57108.220324711,52617.9296875,52058.30859375,-7914.79736328125,11012.6376953125,-42635.125,-12.829901695251465,44508.44921875,9403.736328125
57108.224381324,52506.88671875,51946.39453125,-8039.52001953125,10905.974609375,-42749.34375,-108.78594207763672,44399.34765625,9292.9169921875
57108.228404752,52541.375,51977.1484375,-7989.60888671875,10941.693359375,-42712.1953125,-92.29035186767578,44431.6484375,9324.3203125
57108.232419063,52644.52734375,52080.59375,-7866.83056640625,11042.6337890625,-42606.58203125,-11.421741485595703,44534.93359375,9425.126953125
57108.236491722,52703.9609375,52143.6484375,-7805.27392578125,11098.78125,-42548.46875,44.18939971923828,44597.00390625,9486.7734375
57108.239938603,52607.66796875,52041.25390625,-7931.35986328125,10989.32421875,-42658.08203125,-29.86193084716797,44498.25390625,9395.9580078125
57108.243030294,52491.91015625,51919.03515625,-8067.19140625,10868.580078125,-42786.42578125,-138.89373779296875,44378.58203125,9277.1806640625
57108.247449756,52530.21875,51960.8984375,-8010.6416015625,10913.1943359375,-42742.7734375,-120.43119812011719,44416.4921875,9311.87109375
57108.252415132,52641.30859375,52070.578125,-7879.548828125,11023.58984375,-42623.1015625,-27.1126651763916,44527.37890625,9421.1484375
57108.256477215,52706.41796875,52138.171875,-7811.7333984375,11091.2265625,-42554.01171875,35.449867248535156,44586.54296875,9484.2255859375
57108.260441566,52618.93359375,52056.40625,-7926.30859375,11006.5126953125,-42651.0390625,-35.740440368652344,44486.69921875,9388.873046875
57108.264416128,52504.875,51940.42578125,-8056.060546875,10892.921875,-42770.33203125,-135.384521484375,44374.5625,9274.923828125
57108.268530724,52533.10546875,51958.640625,-8011.22265625,10915.228515625,-42741.921875,-128.5448760986328,44403.28125,9302.8408203125
57108.273412591,52641.21875,52059.24609375,-7885.38232421875,11014.8505859375,-42630.51953125,-36.589805603027344,44515.62109375,9414.8681640625
57108.276373364,52687.375,52110.96875,-7832.9453125,11064.2919921875,-42576.765625,14.99802017211914,44565.37890625,9463.8623046875
57108.281434649,52594.8828125,52026.5,-7943.78759765625,10980.6298828125,-42666.41796875,-44.61408233642578,44476.41796875,9372.66796875
57108.285423068,52483.50390625,51916.8671875,-8062.54248046875,10884.427734375,-42765.97265625,-126.7120361328125,44376.4609375,9264.708984375
57108.289378667,52547.34375,51983.65234375,-7982.634765625,10955.3271484375,-42699.8125,-87.6858901977539,44433.76953125,9315.291015625
57108.294399474,52653.9375,52090.875,-7854.1123046875,11060.0234375,-42587.60546875,0.849366307258606,44538.33203125,9423.673828125
57108.297337637,52696.3828125,52133.85546875,-7806.83837890625,11094.802734375,-42544.2890625,44.971710205078125,44584.30859375,9476.603515625
57108.300218912,52607.6484375,52045.76953125,-7921.21240234375,11001.685546875,-42640.64453125,-19.22249984741211,44503.015625,9390.5263671875
57108.30319646,52504.203125,51944.91796875,-8040.79443359375,10907.5615234375,-42747.44140625,-111.6693115234375,44394.65625,9279.37109375
57108.308131204,52545.171875,51990.3359375,-7981.74072265625,10957.4736328125,-42704.81640625,-94.4584732055664,44430.86328125,9311.267578125
57108.311968285,52650.5859375,52091.859375,-7856.25830078125,11055.5751953125,-42596.43359375,-7.8007588386535645,44537.05859375,9419.6728515625
57108.316280168,52706.30859375,52148.05078125,-7797.607421875,11105.1513671875,-42542.38671875,45.910484313964844,44591.26171875,9478.123046875
57108.320313078,52622.51171875,52059.89453125,-7908.96337890625,11010.7822265625,-42639.28125,-16.428531646728516,44504.1328125,9395.6005859375
57108.323451447,52504.71875,51937.8984375,-8042.58251953125,10890.41796875,-42763.78125,-121.83935546875,44386.96484375,9278.0751953125
57108.327537233,52535.65234375,51973.88671875,-7990.56982421875,10935.322265625,-42723.05859375,-108.58477783203125,44419.30859375,9306.1484375
57108.331506325,52649.04296875,52087.6796875,-7860.68408203125,11046.4111328125,-42608.5703125,-19.535425186157227,44526.75390625,9413.236328125
57108.336447633,52719.02734375,52158.6015625,-7790.119140625,11112.21484375,-42541.71875,43.49649429321289,44588.421875,9478.615234375
57108.34052248,52627.65234375,52072.546875,-7903.263671875,11023.7236328125,-42637.71875,-23.737552642822266,44487.99609375,9384.1787109375
57108.344534603,52512.65234375,51950.59375,-8037.6650390625,10903.248046875,-42760.69921875,-126.51087188720703,44381.80078125,9272.9560546875
57108.348548914,52540.1875,51971.44921875,-7997.2529296875,10929.533203125,-42731.41796875,-118.97833251953125,44413.9453125,9301.298828125
57108.352505243,52645.64453125,52066.734375,-7877.24658203125,11021.623046875,-42626.9453125,-34.01935577392578,44520.47265625,9410.93359375
57108.356473605,52703.89453125,52130.68359375,-7814.86279296875,11085.236328125,-42562.66015625,24.676326751708984,44576.08203125,9471.8427734375
57108.36150134,52624.5234375,52069.1484375,-7912.04833984375,11021.3994140625,-42639.171875,-25.61509895324707,44495.26171875,9392.158203125
57108.364492017,52505.76953125,51943.10546875,-8043.54345703125,10902.0859375,-42757.14453125,-119.62653350830078,44388.3515625,9281.337890625
57108.369504071,52538.17578125,51974.64453125,-7994.458984375,10935.166015625,-42718.98828125,-102.48274993896484,44424.40625,9311.6474609375
57108.373544638,52648.91015625,52088.99609375,-7865.5341796875,11045.740234375,-42606.42578125,-18.239023208618164,44527.53515625,9415.9853515625
57108.377508625,52708.33984375,52150.77734375,-7804.603515625,11100.6142578125,-42547.1953125,38.53440856933594,44585.3359375,9478.212890625
57108.381416817,52610.5078125,52049.03125,-7927.8955078125,10996.365234375,-42649.56640625,-31.627717971801758,44488.98046875,9385.453125
57108.384418433,52497.85546875,51938.48046875,-8055.2783203125,10892.4521484375,-42763.3359375,-132.2999725341797,44370.87109375,9263.8818359375
57108.387551332,52529.81640625,51967.76171875,-8005.03125,10928.416015625,-42723.75,-113.25628662109375,44409.47265625,9297.9013671875
57108.391084276,52640.94921875,52076.4140625,-7876.173828125,11035.2578125,-42609.265625,-19.87070083618164,44517.72265625,9411.068359375
57108.396516432,52689.7890625,52120.6484375,-7825.47998046875,11070.7294921875,-42561.38671875,31.180683135986328,44571.79296875,9469.0703125
57108.400610971,52606.6171875,52040.26953125,-7930.4658203125,10990.77734375,-42645.02734375,-23.62579345703125,44497.8515625,9390.99609375
57108.404595015,52506.6171875,51951.4453125,-8043.54345703125,10912.1884765625,-42743.015625,-110.19409942626953,44393.22265625,9281.181640625
57108.407657896,52539.78515625,51982.7578125,-7993.0283203125,10947.1025390625,-42708.9765625,-98.68295288085938,44424.7421875,9307.154296875
57108.411570829,52637.171875,52083.765625,-7872.4853515625,11048.400390625,-42602.8515625,-19.177797317504883,44522.41796875,9403.69140625
57108.415573835,52706.44140625,52150.10546875,-7801.45166015625,11106.380859375,-42536.10546875,47.96684265136719,44590.3671875,9474.703125
57108.419629719,52606.57421875,52036.22265625,-7931.2705078125,10982.1044921875,-42652.91796875,-28.587881088256836,44490.765625,9383.3291015625
57108.424590354,52480.5546875,51903.0546875,-8071.52783203125,10855.4375,-42782.4453125,-136.81503295898438,44370.625,9264.26171875
57108.428618888,52537.44140625,51979.1171875,-7993.16259765625,10942.7431640625,-42710.0703125,-101.58867645263672,44419.51171875,9305.12109375
57108.43265982,52657.04296875,52109.24609375,-7851.65380859375,11076.138671875,-42579.2890625,-4.403293609619141,44532.69921875,9414.1298828125
57108.435670918,52708.23046875,52158.7578125,-7794.67919921875,11118.1826171875,-42526.51953125,50.067909240722656,44589.11328125,9470.166015625
57108.440693548,52611.58203125,52057.90625,-7914.283203125,11014.1572265625,-42629.87109375,-19.110740661621094,44495.41796875,9379.1943359375
57108.445603858,52507.2421875,51950.484375,-8041.10693359375,10906.3544921875,-42745.56640625,-115.04442596435547,44385.55859375,9266.98828125
57108.449616346,52531.0234375,51964.4296875,-8002.01416015625,10925.7333984375,-42714.140625,-100.40403747558594,44417.2734375,9296.6044921875
57108.453628834,52640.5703125,52083.8125,-7866.22705078125,11050.814453125,-42588.9453125,-4.939735412597656,44525.9921875,9410.375
57108.457677424,52710.46484375,52164.0078125,-7793.22607421875,11122.7421875,-42521.82421875,55.298213958740234,44596.73828125,9481.453125
57108.461687724,52619.29296875,52071.80859375,-7911.66796875,11023.791015625,-42623.81640625,-12.58403205871582,44506.4140625,9392.515625
57108.465604303,52504.828125,51946.8828125,-8045.4658203125,10900.8115234375,-42749.12109375,-114.91031646728516,44392.2421875,9279.3935546875
57108.468599356,52523.9609375,51956.921875,-8013.74853515625,10917.3740234375,-42729.98828125,-117.30195617675781,44410.2578125,9296.134765625
57108.471576539,52629.28515625,52060.41015625,-7889.673828125,11021.287109375,-42619.27734375,-30.5101318359375,44515.66796875,9403.2451171875
57108.475649927,52691.04296875,52126.390625,-7822.171875,11082.7998046875,-42553.5625,31.3594970703125,44578.25390625,9469.6962890625
57108.480593788,52606.5078125,52044.8984375,-7929.1025390625,10997.1025390625,-42641.7421875,-24.51986312866211,44496.5546875,9390.9287109375
57108.484784965,52480.48828125,51906.33984375,-8075.6181640625,10861.1376953125,-42775.40625,-132.5011444091797,44374.60546875,9267.123046875
57108.488663254,52509.38671875,51924.2421875,-8037.0390625,10877.72265625,-42753.38671875,-124.27569580078125,44404.2890625,9294.4365234375
57108.491741451,52620.65625,52045.09765625,-7899.6875,11008.94921875,-42623.32421875,-29.928985595703125,44516.11328125,9404.474609375
57108.495679911,52708.67578125,52160.6328125,-7801.9208984375,11124.8212890625,-42523.546875,50.917274475097656,44591.55078125,9478.01171875
57108.499655567,52632.76953125,52088.52734375,-7904.20263671875,11046.0751953125,-42608.7734375,-2.436340093612671,44504.58203125,9397.298828125
57108.503732237,52516.36328125,51959.71484375,-8042.2021484375,10916.7705078125,-42739.28515625,-109.7917709350586,44389.78125,9278.8125
57108.508680473,52538.87109375,51966.12890625,-8009.97119140625,10921.93359375,-42726.609375,-114.21741485595703,44415.5546875,9297.521484375
57108.512663787,52634.53515625,52058.95703125,-7889.7412109375,11015.900390625,-42622.18359375,-32.07475280761719,44518.28125,9402.7978515625
57108.516746657,52720.63671875,52156.6796875,-7795.55078125,11112.6611328125,-42527.30078125,52.5489501953125,44599.64453125,9484.5830078125
57108.520662507,52641.44140625,52083.56640625,-7894.56884765625,11037.9169921875,-42607.921875,0.849366307258606,44520.18359375,9407.0
57108.523703143,52513.79296875,51942.34765625,-8037.59765625,10904.9462890625,-42738.234375,-104.9190902709961,44400.98046875,9286.7255859375
57108.528727961,52541.375,51968.0078125,-8000.71728515625,10927.298828125,-42718.83203125,-109.03180694580078,44418.48046875,9301.65625
57108.533597793,52654.51953125,52092.39453125,-7866.22705078125,11049.0927734375,-42604.14453125,-26.308002471923828,44520.046875,9405.1220703125
57108.537712024,52714.33203125,52152.56640625,-7801.8095703125,11101.5078125,-42544.3984375,34.421688079833984,44581.55859375,9470.724609375
57108.541726336,52626.9140625,52050.26171875,-7918.57470703125,10990.330078125,-42641.0703125,-17.590822219848633,44505.6328125,9396.3154296875
57108.545781125,52523.515625,51952.11328125,-8037.2626953125,10912.2333984375,-42736.69140625,-109.45648956298828,44387.30078125,9280.01953125
57108.549677283,52552.484375,51993.62109375,-7985.74169921875,10959.91015625,-42697.3984375,-96.51483154296875,44422.90625,9305.2998046875
57108.55275074,52652.328125,52090.5859375,-7862.1591796875,11052.4462890625,-42591.13671875,-10.997057914733887,44536.25390625,9417.818359375
57108.555719171,52719.80859375,52157.86328125,-7792.130859375,11113.7568359375,-42522.76171875,54.58295822143555,44601.87890625,9487.220703125
57108.559705767,52628.8359375,52065.83984375,-7908.22607421875,11015.7216796875,-42622.8984375,-11.533499717712402,44509.921875,9398.037109375
57108.563793013,52508.09375,51942.14453125,-8043.31982421875,10895.1123046875,-42748.2265625,-116.3631820678711,44390.7421875,9279.1474609375
57108.568720099,52536.65625,51969.70703125,-7996.58251953125,10932.08203125,-42713.78125,-105.41082763671875,44419.33203125,9302.662109375
57108.572742068,52647.6328125,52079.2734375,-7865.1767578125,11039.8623046875,-42599.40625,-15.13213062286377,44528.98828125,9411.828125
57108.575728733,52702.93359375,52133.23046875,-7805.83251953125,11087.5830078125,-42543.70703125,39.249664306640625,44585.5625,9470.970703125
57108.579736845,52615.3125,52046.125,-7921.6591796875,10996.65625,-42639.91015625,-27.40323829650879,44493.80859375,9384.8046875
57108.583664729,52500.44921875,51924.421875,-8056.8203125,10875.978515625,-42763.0234375,-127.31553649902344,44380.19140625,9272.4873046875
57108.587809228,52514.21484375,51926.92578125,-8024.14208984375,10883.3330078125,-42744.3359375,-124.74508666992188,44405.0703125,9293.654296875
57108.591761545,52642.671875,52075.8984375,-7873.9384765625,11031.703125,-42607.51953125,-27.894977569580078,44517.3671875,9403.5576171875
57108.596328334,52722.1328125,52171.40625,-7789.91845703125,11124.306640625,-42524.015625,43.809417724609375,44586.9453125,9472.3115234375
57108.600797392,52634.11328125,52084.7734375,-7899.6875,11034.921875,-42615.92578125,-12.226404190063477,44501.0703125,9388.7607421875
57108.604817538,52517.32421875,51958.84375,-8033.57470703125,10911.697265625,-42740.04296875,-112.4739761352539,44386.18359375,9272.1298828125
57108.608776783,52543.4765625,51979.18359375,-7992.58154296875,10936.1494140625,-42714.4296875,-110.05998992919922,44419.0390625,9295.576171875
57108.612842149,52642.47265625,52076.4140625,-7869.42333984375,11036.419921875,-42602.24609375,-21.770599365234375,44525.81640625,9402.126953125
57108.617692288,52701.66015625,52133.41015625,-7802.23388671875,11091.29296875,-42535.94921875,43.94353103637695,44591.484375,9468.51171875
57108.62174489,52625.9765625,52068.74609375,-7897.2734375,11023.4111328125,-42614.71875,-10.080636978149414,44509.98828125,9386.9052734375
57108.625801139,52514.3046875,51960.609375,-8021.57177734375,10920.4814453125,-42726.453125,-104.69557189941406,44398.3671875,9273.068359375
57108.62983733,52543.4765625,51983.7421875,-7977.38232421875,10949.001953125,-42695.4296875,-92.96090698242188,44429.0546875,9302.21484375
57108.63290714,52653.53515625,52090.60546875,-7851.921875,11054.994140625,-42584.58984375,-8.06898021697998,44536.03125,9410.375
57108.636766831,52718.5546875,52158.15234375,-7786.47607421875,11116.8193359375,-42521.15234375,52.37013626098633,44598.01171875,9474.63671875
57108.639826795,52626.84765625,52064.27734375,-7901.25244140625,11017.2861328125,-42615.58984375,-4.425645351409912,44515.77734375,9395.064453125
57108.643837824,52507.8671875,51939.5078125,-8037.6201171875,10898.419921875,-42737.78515625,-106.48371124267578,44400.30859375,9276.935546875
57108.647861617,52532.4765625,51957.94921875,-8000.8515625,10919.7880859375,-42711.703125,-97.40890502929688,44429.48046875,9300.896484375
57108.65187374,52637.890625,52058.8671875,-7878.744140625,11022.29296875,-42601.15234375,-9.521842956542969,44533.078125,9406.9775390625
57108.656823435,52709.01171875,52142.640625,-7804.9384765625,11093.1484375,-42532.93359375,53.57713317871094,44606.55078125,9478.123046875
57108.659808277,52635.49609375,52075.96484375,-7903.5546875,11023.791015625,-42613.30859375,-4.5821075439453125,44522.91015625,9398.1708984375
57108.663783933,52515.6015625,51949.12109375,-8042.96240234375,10903.046875,-42739.59765625,-112.45162963867188,44397.828125,9274.4541015625
57108.667760318,52543.8984375,51978.37890625,-8002.0810546875,10935.8369140625,-42712.70703125,-108.85299682617188,44419.7109375,9292.0
57108.671838082,52651.79296875,52086.24609375,-7873.759765625,11043.1025390625,-42599.23046875,-20.5636043548584,44526.6640625,9398.908203125
57108.675839265,52719.33984375,52161.05859375,-7798.27783203125,11115.7236328125,-42525.625,42.445960998535156,44589.33984375,9466.9697265625
57108.679823309,52627.09375,52066.17578125,-7912.56201171875,11016.4375,-42624.12890625,-22.30704116821289,44499.1953125,9381.072265625
57108.68484448,52516.609375,51951.734375,-8043.36474609375,10902.80078125,-42746.125,-122.73342895507812,44381.04296875,9260.88671875
57108.688796797,52544.1015625,51975.16015625,-8000.6953125,10930.6513671875,-42716.15234375,-112.56338500976562,44403.86328125,9282.43359375
57108.692904464,52648.6171875,52075.38671875,-7877.85009765625,11030.228515625,-42609.109375,-32.164161682128906,44512.515625,9387.486328125
57108.696930809,52717.23828125,52146.62109375,-7803.1728515625,11096.3671875,-42540.33203125,29.928985595703125,44582.69921875,9459.8837890625
57108.700914853,52631.94140625,52056.07421875,-7916.0712890625,10996.1865234375,-42641.6953125,-38.06502151489258,44491.5703125,9377.763671875
57108.705838656,52498.703125,51909.48828125,-8069.09130859375,10854.3203125,-42780.25390625,-152.1259765625,44361.91015625,9250.11328125
57108.709843851,52537.91015625,51950.68359375,-8011.37939453125,10906.4443359375,-42730.61328125,-126.19795227050781,44404.9609375,9285.49609375
57108.713903746,52651.5,52079.98828125,-7870.07177734375,11037.58203125,-42598.984375,-24.09518051147461,44521.234375,9395.3544921875
57108.716945476,52717.328125,52151.71484375,-7796.46728515625,11108.19140625,-42520.50390625,51.543121337890625,44594.5,9467.1708984375
57108.720885759,52642.71484375,52087.8359375,-7893.65283203125,11037.8720703125,-42601.26171875,-1.3858081102371216,44516.11328125,9393.052734375
57108.723892846,52526.0625,51961.8828125,-8031.54052734375,10912.970703125,-42728.1328125,-102.01335906982422,44403.7734375,9278.1201171875
57108.727917732,52538.01953125,51956.20703125,-8005.52294921875,10914.6923828125,-42715.1015625,-101.94630432128906,44426.6640625,9299.689453125
57108.731948454,52640.63671875,52062.421875,-7874.85498046875,11025.04296875,-42598.84765625,-10.550023078918457,44536.85546875,9409.9951171875
57108.735938332,52723.96484375,52165.9765625,-7784.93359375,11118.7861328125,-42513.75390625,61.73551940917969,44603.0625,9479.77734375
57108.740903344,52638.203125,52079.4296875,-7895.552734375,11027.814453125,-42605.3515625,-0.6705523133277893,44515.0625,9393.96875
57108.743898761,52515.84765625,51957.09765625,-8033.6865234375,10914.267578125,-42729.3828125,-108.00363159179688,44401.2265625,9275.5712890625
57108.748896957,52539.02734375,51982.19921875,-7993.56494140625,10944.978515625,-42702.08984375,-103.24270629882812,44423.19921875,9296.8955078125
57108.751951816,52643.90234375,52082.42578125,-7870.40673828125,11042.7451171875,-42595.5625,-19.155445098876953,44527.78125,9401.322265625
57108.755908874,52705.48046875,52137.8125,-7806.83837890625,11092.3662109375,-42536.28515625,38.66851806640625,44589.8515625,9464.3544921875
57108.759965852,52625.1484375,52058.8203125,-7910.103515625,11008.189453125,-42622.7421875,-17.076732635498047,44510.16796875,9389.87890625
57108.763941508,52512.921875,51947.890625,-8041.419921875,10897.1240234375,-42743.015625,-117.54782104492188,44395.2578125,9275.0576171875
57108.768902508,52538.55859375,51971.94140625,-8001.92431640625,10926.29296875,-42716.0390625,-112.94336700439453,44416.625,9291.3740234375
57108.77285993,52636.4140625,52059.6953125,-7887.0810546875,11013.3974609375,-42616.26171875,-34.68990707397461,44514.5703125,9388.9169921875
57108.776890651,52716.1640625,52140.60546875,-7803.30712890625,11093.193359375,-42534.25390625,37.036842346191406,44586.54296875,9464.01953125
57108.780987014,52632.92578125,52064.38671875,-7909.20947265625,11014.4482421875,-42621.22265625,-25.61509895324707,44497.47265625,9381.384765625
57108.784930579,52508.2265625,51937.9453125,-8051.74658203125,10888.8984375,-42752.26953125,-133.4175567626953,44375.7890625,9259.2548828125
57108.789012719,52519.625,51939.95703125,-8027.427734375,10896.20703125,-42741.36328125,-139.9666290283203,44392.59765625,9272.46484375
57108.793952933,52614.0859375,52026.9921875,-7912.85302734375,10984.9658203125,-42637.76171875,-58.628623962402344,44493.8515625,9372.9580078125
57108.797984748,52690.4375,52116.734375,-7829.01123046875,11072.361328125,-42548.46875,25.928024291992188,44574.33984375,9451.6142578125
57108.800949898,52633.44140625,52068.41015625,-7912.40576171875,11019.56640625,-42611.6796875,-11.332334518432617,44502.43359375,9383.59765625
57108.803942033,52517.8359375,51949.25390625,-8047.18701171875,10902.845703125,-42733.94140625,-112.11634826660156,44389.3125,9267.546875
57108.807920241,52525.390625,51948.76171875,-8025.17041015625,10906.2880859375,-42726.12109375,-121.12409973144531,44411.41796875,9281.875
57108.811944399,52622.7578125,52042.66015625,-7906.16943359375,11003.517578125,-42618.8984375,-38.40029525756836,44512.875,9384.4248046875
57108.815910573,52697.90234375,52130.32421875,-7825.47998046875,11087.046875,-42537.8515625,32.141807556152344,44581.0234375,9452.91015625
57108.81995734,52628.703125,52061.99609375,-7922.732421875,11010.0,-42619.8359375,-16.98732566833496,44506.8828125,9382.9716796875
57108.824517566,52499.1953125,51914.54296875,-8074.58984375,10860.1982421875,-42764.3203125,-128.88015747070312,44385.15625,9263.2109375
57108.827950954,52500.76171875,51904.52734375,-8057.22265625,10854.7666015625,-42759.98046875,-140.07838439941406,44393.671875,9271.97265625
57108.830574406,52630.4453125,52060.1640625,-7898.3466796875,11021.66796875,-42610.2265625,-35.85219955444336,44507.12890625,9384.6923828125
57108.835893149,52709.4609375,52151.625,-7809.4091796875,11112.572265625,-42524.88671875,35.606327056884766,44578.41015625,9456.0615234375
57108.839927517,52630.78125,52067.96484375,-7911.8916015625,11021.9580078125,-42614.40625,-20.36244010925293,44500.19921875,9377.2939453125
57108.843931982,52499.64453125,51932.01953125,-8060.4189453125,10887.892578125,-42752.60546875,-134.15516662597656,44372.2578125,9250.4033203125
57108.847939729,52514.0390625,51942.4140625,-8031.94287109375,10899.984375,-42738.8828125,-138.93844604492188,44387.859375,9262.9873046875
57108.851912103,52617.50390625,52033.5859375,-7911.466796875,10986.552734375,-42638.03125,-56.885189056396484,44492.5546875,9370.767578125
57108.85686034,52685.2734375,52100.21875,-7841.1484375,11044.3095703125,-42574.28515625,2.995133638381958,44549.93359375,9436.302734375
57108.860829796,52615.40234375,52051.01953125,-7924.69921875,11002.04296875,-42634.23046875,-40.993099212646484,44481.6015625,9361.603515625
57108.864892244,52510.9765625,51950.68359375,-8047.6787109375,10906.712890625,-42742.8828125,-133.64108276367188,44374.3359375,9251.677734375
57108.86891312,52527.828125,51961.19140625,-8016.31884765625,10921.21875,-42722.9453125,-129.99774169921875,44395.7265625,9268.84375
57108.87302808,52621.4609375,52051.4921875,-7902.19091796875,11010.849609375,-42622.7890625,-52.750118255615234,44491.88671875,9362.4970703125
